1738724777179 169.23073810489007 0
1738724777183 171.71200530311992 1
1738724777186 168.53294143179437 2
1738724777189 165.90049042062827 3
1738724777192 167.59311452129685 4
1738724777195 170.62413041564602 5
1738724777198 169.77030091201433 6
1738724777201 170.70179784462127 7
1738724777205 168.72161402769913 8
1738724777208 166.75639461148978 9
1738724777211 168.69068034704583 10
1738724777214 167.6049406558059 11
1738724777217 168.6076688828765 12
1738724777221 170.43909414510253 13
1738724777224 168.9003158062086 14
1738724777227 166.77564345877312 15
1738724777230 168.78348893909174 16
1738724777233 168.93409139039716 17
1738724777237 166.97923450106447 18
1738724777240 168.52700957107962 19
1738724777243 167.36426822623395 20
1738724777246 167.86876801704744 21
1738724777250 170.24096311755287 22
1738724777253 169.71693761067786 23
1738724777257 171.17202421793584 24
1738724777261 168.74474436117126 25
1738724777265 168.64049925423063 26
1738724777268 169.27118844720522 27
1738724777271 170.54152786386427 28
1738724777275 169.76721642533914 29
