1738726714673 168.24206606467763 0
1738726714677 166.97973877687463 1
1738726714681 169.40538807196853 2
1738726714685 169.03221088768362 3
1738726714689 171.00172205124366 4
1738726714693 169.0500179605898 5
1738726714697 166.49283631515078 6
1738726714701 170.38281474521588 7
1738726714706 169.4074303560603 8
1738726714710 167.50860640035532 9
1738726714714 166.8785890753647 10
1738726714718 168.49221214963785 11
1738726714722 169.1082460564828 12
1738726714727 171.0811304524743 13
1738726714730 169.30706138933704 14
1738726714734 169.11832344494817 15
1738726714738 168.96580291463832 16
