1738726647561 190.9090416193571 0
1738726647598 167.62432201645862 1
1738726647635 162.1003112420534 2
1738726647670 178.7779196386563 3
1738726647706 124.40248523565542 4
1738726647749 172.87776939600838 5
1738726647789 161.3279581932245 6
1738726647829 176.22645729287825 7
1738726647865 188.5597240275512 8
1738726647901 170.8173726921901 9
1738726647938 179.51935400999108 10
1738726647977 155.27752655459855 11
1738726648013 177.30394828248419 12
1738726648048 161.1417192443623 13
1738726648083 159.33458709335275 14
1738726648118 156.4192815533567 15
1738726648153 143.49491174612774 16
1738726648190 159.22387252766273 17
1738726648230 200.33985148526833 18
1738726648267 145.76495863784118 19
1738726648328 168.64763808434316 20
1738726648370 159.98105270692446 21
1738726648405 142.326125762642 22
1738726648441 170.46528977879788 23
1738726648476 165.3979566805235 24
1738726648511 146.6997644528164 25
1738726648546 161.5269915983799 26
1738726648581 180.6172006920233 27
1738726648615 163.7788219809533 28
1738726648650 164.2094256923539 29
1738726648684 153.1766120906948 30
1738726648719 178.6921991910327 31
1738726648753 157.23769050132645 32
1738726648788 189.7810354470828 33
1738726648822 169.90022641671447 34
1738726648856 189.46696963660276 35
1738726648891 175.70966392456765 36
1738726648925 194.2593741551931 37
1738726648960 180.68576199229915 38
1738726648994 146.3951299016721 39
1738726649028 174.268770505279 40
1738726649062 182.05529253623638 41
1738726649096 162.55457533667663 42
1738726649130 170.62145184517487 43
1738726649167 179.10526903581558 44
1738726649203 155.06405770082023 45
1738726649238 144.6489140951442 46
1738726649273 173.38359012500996 47
1738726649308 181.30420445167678 48
1738726649344 191.60376552650402 49
1738726649380 174.63956966190335 50
1738726649416 174.1823129727339 51
1738726649451 154.04971725585463 52
1738726649485 192.5465037746935 53
1738726649520 154.22749859351885 54
1738726649554 168.2919593751509 55
1738726649589 167.6941135397526 56
1738726649623 178.59877589114262 57
1738726649658 181.40115596867702 58
1738726649693 162.65269712830676 59
1738726649728 192.0679876976619 60
1738726649765 171.3777687033346 61
1738726649801 160.5873814842025 62
1738726649837 195.5459700772956 63
1738726649873 174.02473303801918 64
1738726649909 164.8555994569197 65
1738726649944 185.27096824046157 66
1738726649979 170.181375045728 67
1738726650015 173.76778815406158 68
1738726650050 151.696212891168 69
1738726650085 189.85616361302687 70
1738726650120 187.1851409263643 71
1738726650154 164.22050414197963 72
1738726650189 165.4997862282817 73
1738726650224 134.73446967731272 74
1738726650258 160.4527274553342 75
1738726650293 150.087891072372 76
1738726650327 176.2823263142034 77
1738726650362 168.83516009940683 78
1738726650396 179.37289295265828 79
1738726650431 186.35186545114072 80
1738726650465 184.7561806222019 81
1738726650499 235.80271736254872 82
1738726650533 160.3576606754311 83
1738726650568 177.42435253847066 84
1738726650602 158.19562778133664 85
1738726650637 164.17260213577606 86
1738726650672 185.44544216524872 87
1738726650707 179.08686385274092 88
1738726650741 177.72034242919844 89
1738726650775 167.8599480491631 90
1738726650810 191.0471421772182 91
1738726650844 192.780994305244 92
1738726650878 135.71953725325895 93
1738726650912 160.3924076611258 94
1738726650947 177.34522794127284 95
1738726650981 172.99052082387712 96
1738726651016 176.94000661835295 97
1738726651050 160.46385096836815 98
1738726651084 209.12321528927316 99
1738726651118 190.67517226198777 100
1738726651152 189.55561526547444 101
1738726651187 176.54701561602982 102
1738726651222 214.9165890580596 103
1738726651257 154.0361542345384 104
1738726651293 184.38763944254913 105
1738726651329 141.678131774597 106
1738726651366 157.4586357691608 107
1738726651401 179.2003883707284 108
1738726651436 174.02478851806387 109
1738726651471 181.4063647710065 110
1738726651506 175.18571042309404 111
1738726651541 180.3999974811545 112
1738726651576 163.8251083329901 113
1738726651611 145.28420173712007 114
1738726651646 163.09816045616256 115
1738726651681 136.03916373121885 116
1738726651715 177.4368029179119 117
1738726651750 169.8399417614801 118
1738726651784 156.39488441638474 119
1738726651818 193.1561340115334 120
1738726651852 171.15755502000465 121
1738726651887 150.48241307963863 122
1738726651921 151.82899491401113 123
1738726651955 157.95445047223606 124
1738726651989 176.93762795214312 125
1738726652023 204.59907607525713 126
1738726652058 176.77482416689713 127
1738726652092 179.5515889847195 128
1738726652126 166.5387948666409 129
1738726652160 174.53841224169858 130
1738726652194 129.67491340515542 131
1738726652228 169.8741047296757 132
1738726652263 149.77882020979254 133
1738726652297 154.15536632909323 134
1738726652331 154.43414424392017 135
1738726652366 169.8869982966405 136
1738726652402 160.88950104350516 137
1738726652436 163.82942401390252 138
1738726652471 210.34851790438802 139
1738726652505 182.63487269519172 140
1738726652540 167.8215095042115 141
1738726652574 140.85287783736115 142
1738726652608 166.21587486229456 143
1738726652642 171.7038125451904 144
1738726652676 162.26848374457524 145
1738726652710 154.95948000110883 146
1738726652745 162.83978996447317 147
1738726652779 170.44548617536896 148
1738726652813 147.88935823033748 149
1738726652847 172.95203809503653 150
1738726652881 226.43973161300084 151
1738726652915 188.26627185800115 152
1738726652949 150.18047461546774 153
1738726652985 163.70371798919146 154
1738726653022 160.01596477260173 155
1738726653057 152.8271978815181 156
1738726653091 148.26884023333702 157
1738726653126 167.4044199617521 158
1738726653160 180.82329456854706 159
1738726653195 158.82789340454153 160
1738726653229 166.10401911198997 161
1738726653263 180.90324954945646 162
1738726653298 183.3471553728726 163
1738726653332 159.28117874624638 164
1738726653367 186.78617390087493 165
1738726653403 159.75674480632773 166
1738726653437 148.60190954063003 167
1738726653472 124.11697429922995 168
1738726653506 158.84041112151175 169
1738726653541 193.93557459529617 170
1738726653575 163.75268510492177 171
1738726653609 160.41278194628828 172
1738726653644 160.13085492618137 173
1738726653678 159.78651137820987 174
1738726653712 158.73209181174366 175
1738726653747 162.1046813136267 176
1738726653781 162.28091820340327 177
1738726653827 176.68741532587782 178
1738726653866 177.29816476269343 179
1738726653906 175.2839722388342 180
1738726653942 162.8633062421772 181
1738726653978 181.77099816368468 182
1738726654013 183.48963493488617 183
1738726654049 186.85073204274445 184
1738726654084 175.47547992313145 185
1738726654118 157.4041365186274 186
1738726654154 178.31984464157173 187
1738726654189 178.87432153805685 188
1738726654224 163.03349163702276 189
1738726654259 187.77192689141856 190
1738726654294 149.76522957304326 191
1738726654329 170.14164304516726 192
1738726654364 159.2414788681429 193
1738726654399 173.5947118717806 194
1738726654434 144.78185297261987 195
1738726654468 150.07003762943322 196
1738726654503 168.93050476830803 197
1738726654538 180.64849790833114 198
1738726654572 177.63524718828322 199
1738726654607 228.4437529963286 200
1738726654641 201.23008964456807 201
1738726654676 173.9855163218927 202
1738726654710 177.06714032124415 203
1738726654745 197.18632703368831 204
1738726654792 181.37278823612442 205
1738726654830 153.95563881285452 206
1738726654867 172.50787822048108 207
1738726654906 172.47766055222283 208
1738726654943 156.530214661169 209
1738726654979 190.07259900603592 210
1738726655014 164.76041207732618 211
1738726655051 157.0490968117511 212
1738726655086 166.47206427418877 213
1738726655122 175.5859093869176 214
1738726655157 168.51304967771546 215
1738726655192 183.97637243613954 216
1738726655228 170.7398476883522 217
1738726655263 225.12346798577548 218
1738726655298 179.5611498262061 219
1738726655333 171.64836683518732 220
1738726655368 181.0334392284472 221
1738726655404 137.42242202266593 222
1738726655440 175.60626497022537 223
1738726655475 170.8643345013595 224
1738726655510 172.78899650341685 225
1738726655545 165.6395855346144 226
1738726655581 162.59574213794534 227
1738726655616 151.59962358322326 228
1738726655650 151.93875530966736 229
1738726655685 139.1174070979233 230
1738726655720 186.53336150754916 231
1738726655755 177.98033993502787 232
1738726655790 190.7535094538518 233
1738726655824 209.31979032083416 234
1738726655859 168.58833842730925 235
1738726655895 170.16735925243123 236
1738726655930 157.4525971070229 237
1738726655964 174.25584524942403 238
1738726655999 164.8132752236708 239
1738726656033 150.87456388565445 240
1738726656068 182.45960587500917 241
1738726656102 160.08083136106433 242
1738726656137 182.97286634734087 243
1738726656172 153.84900929231637 244
1738726656206 175.3972449027704 245
1738726656240 178.378756459376 246
1738726656275 214.8839314336921 247
1738726656311 160.89798110374667 248
1738726656346 163.93601004357697 249
1738726656381 164.01076832800905 250
1738726656415 151.1406426278968 251
1738726656449 129.48900414237482 252
1738726656484 155.66264061938472 253
1738726656518 169.84590771121955 254
1738726656552 167.27249002082027 255
1738726656586 156.4149919171645 256
1738726656621 199.15004405563982 257
1738726656657 188.4493164465219 258
1738726656697 174.14621233598447 259
1738726656734 184.5914696067099 260
1738726656770 160.04913463285322 261
1738726656805 165.3430668362768 262
1738726656840 158.35160566891892 263
1738726656875 189.06703021092312 264
1738726656910 168.78181900531527 265
1738726656945 166.32930266257688 266
1738726656980 162.55265993577706 267
1738726657020 160.16318931916615 268
1738726657059 182.33679566844776 269
1738726657094 159.3751757664252 270
1738726657130 157.14655062623757 271
1738726657164 166.8036026208831 272
1738726657199 168.52555018082924 273
1738726657234 174.4566278722557 274
1738726657269 185.94969740533784 275
1738726657305 175.8896629851617 276
1738726657341 196.43487328354286 277
1738726657376 183.33735609315812 278
1738726657411 157.1977860214343 279
1738726657446 140.74172736587323 280
1738726657481 165.22019803315123 281
1738726657516 176.81247966071487 282
1738726657552 149.17817445525256 283
1738726657586 191.2706811613838 284
1738726657623 151.56930202243507 285
1738726657664 165.6397007917682 286
1738726657705 155.89614812704224 287
1738726657745 164.3269382920756 288
1738726657782 180.7058492457597 289
1738726657821 150.56374595537253 290
1738726657863 158.20940504431215 291
1738726657909 184.26694274117804 292
1738726657946 154.51909399893557 293
1738726657982 184.6035909741469 294
1738726658018 155.6564734909997 295
1738726658054 164.65321070249902 296
1738726658089 179.77559358691636 297
1738726658127 187.9814075285001 298
1738726658163 151.31310065213458 299
1738726658198 161.78156314413974 300
1738726658233 158.94990034109043 301
1738726658268 153.85977172462532 302
1738726658303 137.34844931359376 303
1738726658339 171.74387629940952 304
1738726658376 169.53252025823295 305
1738726658412 186.16210621671325 306
1738726658448 157.70866686130654 307
1738726658483 137.4954613644825 308
1738726658518 155.75258284465437 309
1738726658555 169.7397796724212 310
1738726658591 169.79389641427022 311
1738726658627 163.58753139187203 312
1738726658668 157.2008172376626 313
1738726658708 165.06606941464057 314
1738726658743 173.8503347084178 315
1738726658780 171.1342849923171 316
1738726658816 184.66032041168467 317
1738726658852 149.7862025194664 318
1738726658907 214.82166393042806 319
1738726658945 185.8640862774815 320
1738726658983 152.6526864554649 321
1738726659044 156.69223273354194 322
1738726659079 171.09895110165422 323
1738726659114 175.95591206928128 324
1738726659149 172.1670419063601 325
1738726659184 185.43039667445944 326
1738726659219 142.6832587701512 327
1738726659253 173.7509943506154 328
1738726659288 181.378659550266 329
1738726659323 166.38339705688605 330
1738726659357 141.19176446768802 331
1738726659392 155.7284686838782 332
1738726659426 169.10492739322456 333
1738726659461 180.63545589187223 334
1738726659495 154.12030972087155 335
1738726659531 164.59510193859134 336
1738726659567 177.07395744223325 337
1738726659603 166.0162665652468 338
1738726659640 161.99649931601348 339
1738726659678 181.60836576054172 340
1738726659716 180.2922894814106 341
1738726659757 191.69206454246228 342
1738726659795 168.03396842112434 343
1738726659834 158.6095629970228 344
1738726659871 175.0876642956583 345
1738726659909 193.41124510669277 346
1738726659945 157.87233278023922 347
1738726659982 179.95337763807356 348
1738726660019 179.28803351669086 349
1738726660055 155.8697189071365 350
1738726660123 170.33729549042766 351
1738726660160 156.57908819465283 352
1738726660197 174.57877104438296 353
1738726660234 162.3250374911558 354
1738726660270 169.9441867378246 355
1738726660306 144.02917921406717 356
1738726660342 179.45399634792523 357
1738726660378 175.35234277244592 358
1738726660415 154.2938617057855 359
1738726660455 184.07927615538753 360
1738726660490 167.17612031150045 361
1738726660526 170.13088135602175 362
1738726660562 140.4394116301858 363
1738726660598 181.26346624022764 364
1738726660634 169.42252087965522 365
1738726660670 186.01638806009137 366
1738726660705 189.0539875244423 367
1738726660740 178.38878117956463 368
1738726660775 149.71028076121192 369
1738726660810 134.1022791938087 370
1738726660844 173.53214979424013 371
1738726660879 167.33954612918345 372
1738726660914 177.21402071260854 373
1738726660948 171.58204854801338 374
1738726660983 150.75000201307742 375
1738726661018 178.06996229114142 376
1738726661052 138.84828103010108 377
1738726661086 169.3619871850037 378
1738726661121 176.59028897126927 379
1738726661155 163.96060804321075 380
1738726661191 151.93778371306882 381
1738726661226 166.96679618068572 382
1738726661261 189.3133769535867 383
1738726661296 194.00628579814713 384
1738726661331 175.0351873083902 385
1738726661368 195.67374751418907 386
1738726661404 184.69249354678118 387
1738726661440 172.88592409680749 388
1738726661476 174.47822666411145 389
1738726661513 179.32347097497976 390
1738726661549 165.36963382285091 391
1738726661585 154.6436469681126 392
1738726661621 180.4584934482702 393
1738726661656 167.7426218854178 394
1738726661693 176.47355673479555 395
1738726661729 171.28595575582634 396
1738726661765 158.13678595155423 397
1738726661801 164.79917138142528 398
1738726661837 155.37655675276744 399
1738726661874 200.14218644267442 400
1738726661910 174.69323193079845 401
1738726661946 175.14371601927317 402
1738726661982 178.20007943064027 403
1738726662018 201.6612541531977 404
1738726662054 178.0900288641502 405
1738726662091 156.78993627819935 406
1738726662126 183.7566666467149 407
1738726662162 172.6896118894872 408
1738726662199 171.36489697692113 409
1738726662236 186.972702739972 410
1738726662272 175.0033392140158 411
1738726662309 168.9446959657783 412
1738726662346 151.37774542694206 413
1738726662383 181.2203408656076 414
1738726662419 139.3187862528126 415
1738726662455 166.6576543670825 416
1738726662491 171.04829004740012 417
1738726662527 176.42534181697698 418
1738726662562 167.02969299994928 419
1738726662597 163.5023553667589 420
1738726662631 164.41283936174605 421
1738726662666 170.27601744382264 422
1738726662701 154.31365456190105 423
1738726662736 167.85707400757525 424
1738726662771 173.82887786765767 425
1738726662806 170.7137926399957 426
1738726662840 179.36158282064983 427
1738726662877 165.20869762458847 428
1738726662913 159.316065380002 429
1738726662948 174.25998047026434 430
1738726662983 200.86631605860438 431
1738726663018 173.5653202596204 432
1738726663053 192.0347112280823 433
1738726663088 223.20078318629132 434
1738726663123 170.01066693185842 435
1738726663158 176.8227143808472 436
1738726663193 178.9761915027279 437
1738726663228 176.7677103918656 438
1738726663263 148.08798615308447 439
1738726663298 140.20816628347595 440
1738726663333 170.87660723688325 441
1738726663368 182.2002290799865 442
1738726663404 183.36652174403406 443
1738726663439 169.19353172209372 444
1738726663475 150.23912984390688 445
1738726663510 177.9363791918232 446
1738726663545 234.20338709861196 447
1738726663580 182.87920534509703 448
1738726663615 177.03681166411258 449
1738726663650 161.3001667476474 450
1738726663685 194.93056286831896 451
1738726663720 189.9817796793973 452
1738726663754 157.6218742762475 453
1738726663789 162.88952117692315 454
1738726663824 150.95590577738218 455
1738726663859 176.20703027604605 456
1738726663894 232.79941799177055 457
1738726663928 183.392043205155 458
1738726663963 187.004631613329 459
1738726663998 149.8737854535932 460
1738726664033 138.05959590815445 461
1738726664068 143.59920756417233 462
1738726664104 167.55828457009628 463
1738726664139 183.1170375543652 464
1738726664174 161.16677667906905 465
1738726664209 169.99523306773764 466
1738726664244 178.69058027603367 467
1738726664279 175.53941001664185 468
1738726664313 173.49204261478522 469
1738726664348 185.15983244053572 470
1738726664383 185.3045001657992 471
1738726664418 186.80162114391578 472
1738726664453 172.08527606301953 473
1738726664488 158.67929226088478 474
1738726664523 207.86512346983778 475
1738726664561 189.75569294058695 476
1738726664596 156.22771247550472 477
1738726664631 143.97700255321902 478
1738726664666 173.2436914249632 479
1738726664701 152.98216403181743 480
1738726664736 167.27361971460257 481
1738726664771 163.18650286049655 482
1738726664805 173.08847893417513 483
1738726664840 186.29280696592 484
1738726664875 153.18025631663338 485
1738726664909 164.14334791782724 486
1738726664944 171.53072958585705 487
1738726664978 159.82342448641933 488
1738726665013 157.7386860648726 489
1738726665048 175.26935798947687 490
1738726665083 156.89756477636334 491
1738726665118 162.07673227701727 492
1738726665153 168.7842856985407 493
1738726665187 148.09221092405338 494
1738726665221 185.04632044309145 495
1738726665255 166.39128752588667 496
1738726665290 150.0173290762093 497
1738726665324 180.5078465399144 498
1738726665358 193.62052417237814 499
