1738726146654 169.87480814523087 0
1738726146657 169.21737469680204 1
1738726146661 172.57540420068412 2
1738726146664 169.24755761710986 3
1738726146668 169.29264127541927 4
1738726146671 166.35262044797201 5
1738726146675 168.2311125843492 6
1738726146678 170.61129211455727 7
1738726146682 168.25112498236294 8
1738726146685 171.44850962984765 9
1738726146689 171.04051227223448 10
1738726146692 168.28022500142595 11
1738726146696 168.76402338686503 12
1738726146699 168.92761362794587 13
1738726146703 167.76907343544113 14
1738726146707 168.7271265360729 15
1738726146710 168.9892196951634 16
1738726146714 169.20480865494142 17
1738726146718 168.17853685358682 18
1738726146722 167.99922158236316 19
1738726146725 170.84416800464516 20
1738726146729 169.40876016008698 21
1738726146733 168.40763694514973 22
1738726146737 167.43858214924674 23
1738726146741 168.6509584419863 24
1738726146744 167.76220998812653 25
1738726146748 167.5031180186961 26
1738726146752 166.74260248539147 27
1738726146755 169.0247174109239 28
1738726146759 168.14880076720758 29
1738726146762 167.33262331963064 30
1738726146766 168.1390795164732 31
1738726146769 170.47803656107112 32
1738726146773 169.45456912466636 33
1738726146777 168.90280951613508 34
1738726146780 170.43247960040787 35
1738726146784 168.52962889440778 36
1738726146787 169.3586503113334 37
1738726146791 169.09755429678916 38
1738726146795 166.74278825514088 39
1738726146798 167.62615552779877 40
1738726146802 166.75746687556594 41
1738726146805 170.36007757239818 42
1738726146809 167.14499825707736 43
1738726146812 168.74835924889948 44
1738726146816 169.5270283090416 45
1738726146819 166.228577677754 46
1738726146823 171.88119867692876 47
1738726146826 169.82747423140927 48
1738726146830 169.53408289364694 49
1738726146833 170.40715458267846 50
1738726146837 167.95359610561385 51
1738726146840 166.65544317096683 52
1738726146843 168.4258172850454 53
1738726146847 168.3354516772126 54
1738726146850 165.97133996166028 55
1738726146854 169.61551892898797 56
1738726146857 169.96361667855496 57
1738726146861 170.7502014778773 58
1738726146864 166.1639879384491 59
1738726146868 169.280573927684 60
1738726146871 168.97825646367184 61
1738726146875 170.29992425826322 62
1738726146878 169.13489519086636 63
1738726146882 166.66059609817486 64
1738726146885 170.7575847283486 65
1738726146888 170.39339899913358 66
1738726146892 168.0635150723935 67
1738726146895 168.8633132830927 68
1738726146899 168.20633440486264 69
1738726146902 168.80038019152698 70
1738726146906 168.8245203812795 71
1738726146909 169.02389250026246 72
1738726146913 168.74702146823853 73
1738726146916 167.59868093834822 74
1738726146919 169.6020975990753 75
1738726146923 170.26870050611498 76
1738726146926 168.49350544779145 77
1738726146930 171.34362540716353 78
1738726146933 170.4539093757625 79
1738726146937 168.83129106025183 80
1738726146940 168.411360902936 81
1738726146943 168.68920429733078 82
1738726146947 168.77035334528722 83
1738726146950 167.81332999485778 84
1738726146954 168.41543525349493 85
1738726146957 169.10683088004964 86
1738726146961 171.9047630993104 87
1738726146964 167.91272843538025 88
1738726146968 168.47610780100806 89
1738726146971 167.0291408948719 90
1738726146975 168.58086207424688 91
1738726146978 167.20964255174653 92
1738726146981 170.46075660784652 93
1738726146985 165.35127858612594 94
1738726146988 167.99949406336935 95
1738726146992 168.22785115920394 96
1738726146995 168.61469547436513 97
1738726146999 170.98724636285476 98
1738726147002 169.4640425070184 99
1738726147006 169.6479438035989 100
1738726147009 167.06911016392533 101
1738726147012 169.5037379066264 102
1738726147016 170.1394412493498 103
1738726147019 167.85157827275148 104
1738726147023 167.98600745516922 105
1738726147026 168.205302080378 106
1738726147030 168.22376950858197 107
1738726147033 168.9549882623204 108
1738726147037 170.82300064223514 109
1738726147040 166.50084736973784 110
1738726147044 167.76078474764523 111
1738726147047 166.98125163930683 112
1738726147051 172.84028052559688 113
1738726147054 169.10810655618778 114
1738726147058 168.90593464555832 115
1738726147061 168.0479967157253 116
1738726147065 170.40599438555037 117
1738726147068 170.07207816211533 118
1738726147072 164.59535116297278 119
1738726147075 168.92359120585593 120
1738726147079 168.15290441722377 121
1738726147082 165.681726852342 122
1738726147086 169.6403121144013 123
1738726147089 169.95126449654808 124
1738726147093 167.12321927549226 125
1738726147096 166.66588253101492 126
1738726147100 168.29109144166745 127
1738726147103 166.00852367677183 128
1738726147106 168.59075341867123 129
1738726147110 168.52370175064559 130
1738726147113 168.5119154930931 131
1738726147117 169.38617206411337 132
1738726147120 170.34411351584527 133
1738726147124 168.0696128246527 134
1738726147127 168.63305622542222 135
1738726147131 168.691404105317 136
1738726147134 168.9705793340998 137
1738726147138 169.85390831249245 138
1738726147141 168.165969358916 139
1738726147145 169.05380843223043 140
1738726147148 167.11972866478962 141
1738726147152 168.47704526692144 142
1738726147155 168.55858157483942 143
1738726147159 173.02759199434874 144
1738726147162 167.05319705337453 145
1738726147165 169.06989732054353 146
1738726147169 171.7046049865139 147
1738726147172 166.95834125011723 148
1738726147176 167.2402771209524 149
1738726147179 167.8707490684206 150
1738726147183 167.30775249503415 151
1738726147186 168.4516467740009 152
1738726147190 168.18608607490435 153
1738726147193 168.99066303293213 154
1738726147197 168.5572799306472 155
1738726147200 167.11018955376383 156
1738726147203 168.88700515446044 157
1738726147207 169.4198978401899 158
1738726147210 171.22540429407715 159
1738726147214 168.7692645140948 160
1738726147217 169.65052003851693 161
1738726147221 168.55029032762988 162
1738726147224 169.057727639236 163
1738726147228 166.7927699930768 164
1738726147231 167.2353467100276 165
1738726147235 169.59461312438648 166
1738726147238 168.659325203596 167
1738726147241 169.53889001211445 168
1738726147245 169.45526705882662 169
1738726147248 169.41777756027048 170
1738726147252 167.9119235980337 171
1738726147255 169.93703244827245 172
1738726147259 168.13743274861537 173
1738726147262 170.59143345369478 174
1738726147266 168.75536634683803 175
1738726147269 167.18819066205745 176
1738726147273 168.2489816055369 177
1738726147276 169.8775391374763 178
1738726147280 168.8412224290428 179
1738726147283 171.12849641220572 180
1738726147286 168.66806673593663 181
1738726147290 169.78262938968106 182
1738726147293 169.4309945096832 183
1738726147297 165.60684903318875 184
1738726147300 168.84896193921898 185
1738726147304 167.5601516090781 186
1738726147307 169.85049204526547 187
1738726147311 167.55653251490003 188
1738726147314 167.19522988096892 189
1738726147318 171.58426346910494 190
1738726147321 170.07811111520974 191
1738726147324 169.31937740965336 192
1738726147328 167.15254527008304 193
1738726147331 171.47706990323016 194
1738726147335 165.589884836293 195
1738726147338 168.01452658916278 196
1738726147342 170.65411705208305 197
1738726147345 167.52014367882666 198
1738726147349 166.52320710327012 199
1738726147352 167.40771938676338 200
1738726147356 169.14037437230343 201
1738726147359 169.27927762551369 202
1738726147363 168.66677381369738 203
1738726147366 167.70987738370818 204
1738726147369 169.0987514739114 205
1738726147373 169.13204550467205 206
1738726147376 168.58660259899025 207
1738726147380 169.94509788764742 208
1738726147383 168.1774355484665 209
1738726147387 170.71306440093798 210
1738726147390 170.28493827859205 211
1738726147394 166.24536593757188 212
1738726147397 167.96334022872426 213
1738726147401 167.44680611301496 214
1738726147404 166.07280149045988 215
1738726147407 169.94607154334608 216
1738726147411 168.89190602227256 217
1738726147414 167.0292217267042 218
1738726147418 169.14195599927163 219
1738726147421 169.02757169621708 220
1738726147425 168.96775353681508 221
1738726147428 169.71705749774003 222
1738726147432 169.7129899749099 223
1738726147435 169.2408916069275 224
1738726147438 169.16686234547646 225
1738726147442 168.65907586386047 226
1738726147445 169.7522990775112 227
1738726147449 167.85887700494337 228
1738726147452 170.14379129175165 229
1738726147456 167.61779865901443 230
1738726147459 170.27955441883145 231
1738726147463 170.92401646174136 232
1738726147466 168.45618269280078 233
1738726147470 169.40459573088435 234
1738726147473 169.1483969483677 235
1738726147476 166.6294359759166 236
1738726147480 167.96630817303569 237
1738726147483 169.3303742602539 238
1738726147487 169.73251087886092 239
1738726147490 169.6591713912041 240
1738726147494 170.91925394186563 241
1738726147497 167.53886065282398 242
1738726147501 170.69491251825139 243
1738726147504 168.12581242658518 244
1738726147508 169.25620349106214 245
1738726147511 167.53397174121304 246
1738726147514 168.09729577672312 247
1738726147518 168.73434856472824 248
1738726147521 167.71773957579748 249
1738726147525 169.13178063119838 250
1738726147528 167.94875742370647 251
1738726147532 167.76081116434764 252
1738726147535 168.9331679962957 253
1738726147539 168.13461896892417 254
1738726147542 169.907811835909 255
1738726147545 168.6819946626337 256
1738726147549 168.34237946879264 257
1738726147553 168.9217988648388 258
1738726147556 167.8809869444349 259
1738726147560 168.29630691733863 260
1738726147564 164.16607464828297 261
1738726147567 171.18615486116025 262
1738726147571 168.33104279456722 263
1738726147574 167.90391825559905 264
1738726147578 171.0808338535815 265
1738726147581 169.43616946900156 266
1738726147585 166.79514906991113 267
1738726147588 168.7777414467166 268
1738726147592 169.89834896273726 269
1738726147595 170.1751869241943 270
1738726147599 167.86705565143498 271
1738726147602 167.87572795378614 272
1738726147606 166.79694595106918 273
1738726147609 169.7816951014507 274
1738726147613 168.03141065443896 275
1738726147616 169.03217919438418 276
1738726147625 167.94524113257495 277
1738726147631 167.4905859150173 278
1738726147634 165.7605578727256 279
1738726147638 167.44957982413183 280
1738726147642 167.55119501193542 281
1738726147645 171.19225769313383 282
1738726147649 169.58973630776026 283
1738726147652 169.9546852404877 284
1738726147656 169.23343020688313 285
1738726147659 167.52491766076193 286
1738726147663 169.681219945471 287
1738726147666 168.73718291339645 288
1738726147670 168.32222755175513 289
1738726147673 168.68605417732022 290
1738726147677 166.6387504251073 291
1738726147681 167.04858183773578 292
1738726147684 167.74738399498966 293
1738726147688 169.40425081169093 294
1738726147691 168.44304902116096 295
1738726147695 170.61398993816064 296
1738726147698 167.73028274379575 297
1738726147702 170.13403634989 298
1738726147705 168.42837108370912 299
1738726147709 168.752613733028 300
1738726147712 170.92968724477217 301
1738726147716 168.22039758625002 302
1738726147719 170.58965885741839 303
1738726147723 171.3498766172302 304
1738726147726 170.1143290643956 305
1738726147730 168.08757074586848 306
1738726147733 167.86015360321215 307
1738726147737 171.46197100042752 308
1738726147740 169.26300413527173 309
1738726147744 168.17718868279545 310
1738726147747 167.72491762517737 311
1738726147751 168.3847946265813 312
1738726147755 168.55304647195578 313
1738726147760 167.5404022543232 314
1738726147763 170.19178068468338 315
1738726147767 169.3494871503985 316
1738726147770 169.4056166893091 317
1738726147774 168.68666529827544 318
1738726147777 167.50988903555253 319
