1738722854929 173.57603890591295 0
1738722854931 169.3869150650748 1
1738722854933 166.07406273627996 2
1738722854936 168.9404590099751 3
1738722854938 166.81530410900268 4
1738722854943 170.91289784630047 5
1738722854945 164.3154739115735 6
1738722854947 169.10321401801946 7
1738722854949 167.3334950444881 8
1738722854952 169.15772505516335 9
1738722854954 167.00733576724954 10
1738722854956 166.48613166261813 11
1738722854958 177.68143949145707 12
1738722854960 167.2155504425982 13
1738722854962 171.9751650381169 14
1738722854964 163.98276775318104 15
1738722854967 165.53554044284192 16
1738722854969 166.73480987752902 17
1738722854971 171.54843560383438 18
1738722854973 167.94212265389413 19
1738722854975 169.79818200239822 20
1738722854977 168.26530476236462 21
1738722854980 167.3792223003556 22
1738722854982 173.70143750404748 23
1738722854984 172.71531564429247 24
1738722854986 165.1973003370635 25
