1738726276729 169.16148552166555 0
1738726276734 169.1491538829734 1
1738726276737 169.13729079844833 2
1738726276741 169.12587682619298 3
1738726276746 169.11489336837678 4
1738726276749 169.104322633731 5
1738726276753 169.09414760173073 6
1738726276756 169.08435198838637 7
1738726276759 169.0749202135735 8
1738726276762 169.06583736982955 9
1738726276767 169.05708919255244 10
1738726276771 169.04866203153753 11
1738726276774 169.0405428237914 12
1738726276778 169.03271906756623 13
1738726276782 169.02517879755843 14
1738726276785 169.01791056121922 15
1738726276789 169.0109033961276 16
1738726276793 169.00414680837642 17
1738726276796 168.99763075192737 18
1738726276800 168.99134560888936 19
1738726276803 168.98528217068025 20
1738726276807 168.97943162003116 21
1738726276810 168.97378551379543 22
1738726276814 168.9683357665262 23
1738726276818 168.96307463478738 24
1738726276821 168.95799470216605 25
1738726276825 168.953088864953 26
1738726276828 168.94835031846324 27
1738726276832 168.9437725439657 28
1738726276836 168.93934929619627 29
1738726276839 168.93507459142683 30
1738726276842 168.93094269606593 31
1738726276846 168.9269481157669 32
1738726276850 168.9230855850201 33
1738726276853 168.91935005720853 34
1738726276857 168.91573669510515 35
1738726276860 168.91224086179238 36
1738726276863 168.90885811198459 37
1738726276867 168.90558418373553 38
1738726276870 168.90241499051396 39
1738726276873 168.89934661362992 40
1738726276876 168.89637529499652 41
1738726276879 168.89349743021245 42
1738726276882 168.89070956195 43
1738726276885 168.88800837363573 44
1738726276888 168.88539068341004 45
1738726276891 168.88285343835355 46
1738726276894 168.880393708968 47
1738726276897 168.8780086839008 48
1738726276901 168.87569566490134 49
1738726276904 168.8734520620001 50
1738726276908 168.87127538889908 51
1738726276911 168.86916325856524 52
1738726276914 168.8671133790174 53
1738726276917 168.86512354929786 54
1738726276921 168.8631916556209 55
1738726276924 168.86131566768952 56
1738726276928 168.8594936351742 57
1738726276931 168.85772368434465 58
1738726276934 168.85600401484962 59
1738726276938 168.85433289663675 60
1738726276941 168.85270866700697 61
1738726276944 168.85112972779706 62
1738726276947 168.84959454268505 63
1738726276951 168.84810163461282 64
1738726276955 168.84664958332027 65
1738726276958 168.84523702298713 66
1738726276962 168.8438626399763 67
1738726276965 168.84252517067557 68
1738726276968 168.84122339943238 69
1738726276971 168.8399561565775 70
1738726276974 168.83872231653487 71
1738726276978 168.8375207960119 72
1738726276981 168.83635055226864 73
1738726276984 168.83521058146067 74
1738726276987 168.8340999170535 75
1738726276990 168.83301762830496 76
1738726276994 168.8319628188127 77
1738726276997 168.83093462512358 78
1738726277000 168.8299322154027 79
1738726277003 168.82895478815914 80
1738726277006 168.82800157102628 81
1738726277010 168.8270718195933 82
1738726277013 168.8261648162873 83
