1738726699843 167.83441804835599 0
1738726699888 173.87934925185735 1
1738726699927 173.7367782127805 2
1738726699966 170.97614527223843 3
1738726700004 174.30439887717716 4
1738726700042 166.69225190055076 5
1738726700080 159.1947687671786 6
1738726700118 157.2089672753572 7
1738726700158 177.621584378164 8
1738726700196 182.55754853794096 9
1738726700233 175.0173714812887 10
1738726700271 140.22054525864374 11
1738726700308 177.24635383212862 12
1738726700346 169.8725084612335 13
1738726700383 166.15332742717405 14
1738726700422 169.23079080067347 15
1738726700470 165.38920945830702 16
1738726700528 152.42534810112122 17
1738726700605 164.2890777746675 18
1738726700677 180.964415868089 19
1738726700719 164.23360313516818 20
1738726700762 165.88942441742384 21
1738726700803 175.4992204277815 22
1738726700843 154.77806721019778 23
