1738726277193 169.23139198618793 0
1738726277198 169.21438703980215 1
1738726277202 169.198078978875 2
1738726277206 169.18243738561853 3
1738726277209 169.1674332020731 4
1738726277213 169.15303866878472 5
1738726277218 169.13922726625935 6
1738726277221 169.12597365906785 7
1738726277226 169.11325364248077 8
1738726277229 169.10104409151927 9
1738726277234 169.0893229123112 10
1738726277248 169.07806899564898 11
1738726277259 169.06726217264864 12
1738726277271 169.05688317241487 13
1738726277279 169.0469135816215 14
1738726277286 169.03733580591975 15
1738726277293 169.02813303309208 16
1738726277297 169.01928919787218 17
1738726277301 169.01078894835564 18
1738726277304 169.00261761392878 19
1738726277308 168.99476117464752 20
1738726277311 168.98720623200003 21
1738726277315 168.97993998099048 22
1738726277319 168.97295018348436 23
1738726277323 168.96622514275762 24
1738726277327 168.9597536791957 25
1738726277330 168.9535251070898 26
1738726277333 168.94752921248113 27
1738726277336 168.9417562320053 28
1738726277339 168.93619683269168 29
1738726277342 168.93084209267454 30
1738726277345 168.92568348277462 31
1738726277348 168.9217513313104 32
1738726277351 168.91793960629101 33
1738726277354 168.9142439345634 34
1738726277357 168.91066012242163 35
1738726277360 168.90718414783632 36
