1738726600317 171.11794701925143 0
1738726600367 171.03893165906845 1
1738726600408 165.98989206002508 2
1738726600448 176.97407200034493 3
1738726600488 163.25071143242928 4
1738726600527 171.04672454483375 5
1738726600566 167.17166495708494 6
1738726600605 165.9358879522097 7
1738726600643 166.84431540039435 8
1738726600682 169.5867031272996 9
1738726600721 165.52318737193204 10
1738726600760 160.0664999628304 11
1738726600798 173.97171691021802 12
1738726600836 167.81611775729144 13
1738726600875 171.2756128187374 14
1738726600914 163.78598436611264 15
1738726600953 155.93201906934598 16
1738726600991 186.56383684830848 17
1738726601029 172.70523258914838 18
1738726601067 159.5795879314868 19
1738726601106 165.26291433492406 20
1738726601144 161.0435833262823 21
1738726601182 172.09289267733072 22
1738726601220 156.31004396618397 23
1738726601258 153.2321497556813 24
1738726601297 176.68988476943423 25
1738726601336 142.39600991471892 26
1738726601375 173.92347996014766 27
1738726601419 192.24073721103764 28
1738726601457 177.68351812674905 29
1738726601496 148.28680815083797 30
1738726601534 152.85610486513755 31
1738726601572 175.06873461917138 32
1738726601610 165.34643553727497 33
1738726601649 166.03846673592713 34
