1738724993942 167.64773651340224 0
1738724993973 168.64420028760986 1
1738724994005 188.8920130890564 2
1738724994035 168.54069297746875 3
1738724994067 167.103063915387 4
1738724994099 167.6070825233151 5
1738724994130 175.79251776538155 6
1738724994159 167.44284879528703 7
1738724994190 172.37703372073875 8
1738724994230 181.0417826615631 9
1738724994280 176.80931612999393 10
1738724994310 179.79773120071033 11
1738724994339 173.87845728962245 12
1738724994369 176.60810784144033 13
1738724994399 171.07641429674342 14
1738724994430 161.17567687791666 15
1738724994460 145.43804704557172 16
1738724994491 176.49387939793698 17
1738724994521 155.84589581980464 18
1738724994551 171.9755424952191 19
1738724994581 169.63296138293592 20
1738724994610 167.8313235370002 21
1738724994640 171.57386328592952 22
1738724994671 176.3930287602787 23
1738724994703 176.39807234063804 24
1738724994734 180.71347555806088 25
1738724994765 155.17139582574472 26
1738724994795 169.91659274046978 27
1738724994826 169.7814508995997 28
1738724994856 180.44766574693944 29
1738724994886 168.46170777298715 30
