1738722956283 174.15091860757244 0
1738722956315 171.8412116256794 1
1738722956347 163.3722713487655 2
1738722956379 167.0322406961231 3
1738722956411 169.33713637159502 4
1738722956443 160.29125608690288 5
1738722956476 144.74104544123398 6
1738722956508 169.56679426592484 7
1738722956541 187.44239017364518 8
1738722956573 163.38903015872165 9
1738722956605 129.9464194389131 10
1738722956637 152.58029964650814 11
1738722956669 193.5381975672015 12
1738722956701 163.28264301079983 13
1738722956733 189.38451463916584 14
1738722956766 166.22238251101055 15
1738722956803 181.19578202817516 16
1738722956835 150.44087977425218 17
1738722956867 114.57934404733487 18
1738722956899 169.48483990606218 19
1738722956931 179.65734587736256 20
1738722956963 170.18127950106808 21
1738722956995 178.03956796290052 22
1738722957027 152.95075735888534 23
1738722957059 200.27482111407113 24
1738722957091 93.6840828850307 25
1738722957123 180.9067807069859 26
1738722957155 183.40977079274677 27
1738722957188 160.97884179550826 28
1738722957222 172.35118908464253 29
1738722957257 151.24362689307634 30
1738722957294 151.89124402174414 31
1738722957359 186.85800100302797 32
1738722957398 181.88958823280308 33
1738722957431 179.49291831737003 34
1738722957465 157.46545373487507 35
1738722957503 222.56456148407656 36
1738722957537 151.79381188864687 37
1738722957571 152.25515254510674 38
1738722957604 175.83670573195667 39
1738722957637 189.67940875485402 40
1738722957671 176.37174205688333 41
1738722957704 167.00182156945598 42
1738722957738 157.2043178292617 43
1738722957771 145.130437267235 44
1738722957805 182.39093448069764 45
1738722957839 159.68185043833327 46
1738722957874 178.27282949426245 47
1738722957908 158.37853596851343 48
1738722957941 114.9627524489643 49
1738722957974 157.2406960297324 50
1738722958008 233.51976907068357 51
1738722958041 166.47633007162798 52
1738722958074 167.86122883906063 53
1738722958108 172.40198999309868 54
1738722958141 174.89484736254352 55
1738722958175 171.49223626701982 56
1738722958208 169.9210797967104 57
1738722958241 199.66848475637644 58
1738722958275 215.75467339091736 59
1738722958309 166.80421969523144 60
1738722958342 163.8599433874208 61
1738722958375 198.47757008341028 62
1738722958409 157.12142396300808 63
1738722958442 152.525629718389 64
1738722958476 173.11975248264235 65
1738722958509 165.60507654248966 66
1738722958543 178.6719553781774 67
1738722958577 171.24296162200287 68
1738722958609 175.32136605932808 69
1738722958642 144.97299962498428 70
1738722958675 158.61165855577673 71
1738722958710 170.90874371534892 72
1738722958747 157.7514564288984 73
1738722958783 166.22643321436223 74
1738722958815 179.17225915025205 75
1738722958848 164.13378107692887 76
1738722958881 185.53157116764524 77
1738722958913 165.54239436298457 78
1738722958945 209.2422691484587 79
1738722958978 161.93664922729837 80
1738722959010 193.01058680673992 81
1738722959042 164.49397331281583 82
1738722959074 169.49733701258262 83
1738722959107 170.31674103527533 84
1738722959138 149.29294724139913 85
1738722959170 175.00443734272224 86
1738722959202 211.5134659518637 87
1738722959234 166.5508673537176 88
1738722959266 166.9698723472538 89
1738722959298 165.300786946051 90
1738722959330 163.43904776564227 91
1738722959362 155.87588889866552 92
1738722959394 166.28843112486132 93
1738722959425 161.20595076520138 94
1738722959457 164.00744326433883 95
1738722959489 173.28082825806973 96
1738722959521 176.0037956247932 97
1738722959553 173.02469499757734 98
1738722959585 162.84141077483417 99
1738722959617 175.22408720667116 100
1738722959648 178.12651988110903 101
1738722959680 171.23367306497113 102
1738722959712 165.67755987503182 103
1738722959743 170.47571028580046 104
1738722959774 156.2879724870421 105
1738722959806 175.70918883798987 106
1738722959839 163.53537403713892 107
1738722959871 167.26289662107703 108
1738722959904 168.13339949322517 109
1738722959936 172.88742086882644 110
1738722959968 186.47524522420997 111
1738722960000 156.99917114354216 112
1738722960032 186.0021679069428 113
1738722960064 216.77727774567992 114
1738722960097 197.75479830862147 115
1738722960129 177.84700211807166 116
1738722960161 153.66212853361307 117
1738722960194 169.02949994864068 118
1738722960226 169.1673227120445 119
1738722960259 162.25304185021199 120
1738722960291 169.78410508809338 121
1738722960324 142.98871356189423 122
1738722960356 199.14662760620027 123
1738722960388 168.97959137236958 124
1738722960420 169.83518793735956 125
1738722960452 177.45095415697708 126
1738722960484 171.3228007191612 127
1738722960517 168.4245032151403 128
1738722960549 120.6544347530951 129
1738722960581 131.80348261059058 130
1738722960614 175.7463448399734 131
1738722960647 164.11031422467013 132
1738722960679 151.90588519671857 133
1738722960712 175.97933678153387 134
1738722960745 156.28489409153863 135
1738722960778 99.63354135665632 136
1738722960812 165.23861945284554 137
1738722960844 174.8302026564655 138
1738722960877 196.7763002005507 139
1738722960910 167.58514572581512 140
1738722960942 167.3552169870863 141
1738722960975 170.49049127693505 142
1738722961008 129.92722958167025 143
1738722961040 190.05657677039252 144
1738722961073 155.05777219210805 145
1738722961106 174.96002976051065 146
1738722961138 158.91615641363845 147
1738722961171 200.117455260382 148
1738722961204 155.1897500454125 149
1738722961237 180.49953089290867 150
1738722961269 173.77440060323053 151
1738722961302 170.48809631865845 152
1738722961334 173.69675137826673 153
1738722961367 179.3150307956559 154
1738722961400 171.41310683124303 155
1738722961433 157.07549995271856 156
1738722961466 167.74194818721836 157
1738722961499 177.86805420964956 158
1738722961532 161.1653204913256 159
1738722961564 179.35541860608964 160
1738722961597 161.70454743931708 161
1738722961629 167.67374832451694 162
1738722961661 194.54174386290612 163
1738722961693 179.81379091552793 164
1738722961725 176.99464599693994 165
1738722961758 156.25623853234924 166
1738722961790 156.92881564724186 167
1738722961822 184.1626626655264 168
1738722961854 171.25186939771746 169
1738722961887 196.85608269699785 170
1738722961920 161.948851841825 171
1738722961953 166.49570485668042 172
1738722961986 185.76160541372576 173
1738722962020 150.06891134494418 174
1738722962053 168.12185176487984 175
1738722962086 166.02829049625888 176
1738722962120 170.3133989027187 177
1738722962153 166.86840007908992 178
1738722962186 162.5080447641359 179
1738722962220 189.41261753353115 180
1738722962253 183.7343629208059 181
1738722962287 148.55591803439395 182
1738722962321 170.6623704278577 183
1738722962355 141.92117569071954 184
1738722962389 168.32505546430895 185
1738722962423 145.5164930631818 186
1738722962457 162.21439315686035 187
1738722962490 158.74416706870795 188
1738722962524 164.7097717972356 189
1738722962557 172.43575987604493 190
1738722962590 173.9178709751434 191
1738722962624 184.35817779217817 192
1738722962659 172.40444266661186 193
1738722962693 165.93486364806878 194
1738722962727 174.5486738039163 195
1738722962761 141.33314173528657 196
1738722962796 167.98838849424723 197
1738722962830 171.2920023012331 198
1738722962863 174.2963959262087 199
1738722962897 171.22059880824082 200
1738722962959 204.4380467366172 201
1738722962993 178.48154362880152 202
1738722963027 154.55275197243094 203
1738722963060 176.75626777951797 204
1738722963093 175.89402705780864 205
1738722963127 174.9226810783756 206
1738722963160 168.71547131264433 207
1738722963193 167.6532746155811 208
1738722963227 156.74975001390098 209
1738722963261 242.8661920114385 210
1738722963294 174.4359830715172 211
1738722963326 180.29543529765672 212
1738722963359 162.9397268316835 213
1738722963391 171.10312864463123 214
1738722963423 181.38690727407612 215
1738722963455 143.1663478919785 216
1738722963487 134.40077244969268 217
1738722963519 184.68642991709171 218
1738722963550 147.09181909417262 219
1738722963582 165.7779012848583 220
1738722963614 172.02587592843022 221
1738722963646 176.0348247273103 222
1738722963678 145.14892021338224 223
1738722963711 140.1680220964934 224
1738722963744 154.95846407157293 225
1738722963776 159.68145399823854 226
1738722963808 168.3709057556841 227
1738722963840 178.08119443272483 228
1738722963872 187.60943082600542 229
1738722963904 164.92123020425726 230
1738722963936 156.2967098489862 231
1738722963967 188.4853292753697 232
1738722963999 160.1201458160082 233
1738722964030 172.85677344296607 234
1738722964062 158.20464784795473 235
1738722964094 171.63997654661324 236
1738722964125 167.517419744827 237
1738722964156 125.02084101202952 238
1738722964188 160.6375549353796 239
1738722964221 160.06573805751802 240
1738722964254 199.03104511656508 241
1738722964288 168.26206601641107 242
1738722964322 189.90341050678336 243
1738722964355 210.34562326337772 244
1738722964389 139.69929821500557 245
1738722964422 168.66911567673156 246
1738722964456 168.95932771852196 247
1738722964490 169.94360540794412 248
1738722964524 172.49155703247993 249
1738722964557 154.2424420440425 250
1738722964591 175.5165478813007 251
1738722964625 164.99966654203732 252
1738722964659 147.08780638074256 253
1738722964693 161.57101694385275 254
1738722964727 158.19955139145006 255
1738722964761 184.82565486891102 256
1738722964794 157.71832113972164 257
1738722964826 143.83305375077612 258
1738722964859 182.48529680277915 259
1738722964891 163.4082560986846 260
1738722964923 173.8806516728817 261
1738722964955 158.03055199285762 262
1738722964987 182.89644486730876 263
1738722965019 155.9201931098383 264
1738722965051 145.76178617534825 265
1738722965083 153.879269718226 266
1738722965115 180.22086569559045 267
1738722965146 173.1218222468117 268
1738722965178 183.12281670585662 269
1738722965210 171.11665039163935 270
1738722965242 124.26641595216786 271
1738722965274 159.95562113787497 272
1738722965305 159.89288041949382 273
1738722965337 164.55847868506743 274
1738722965369 155.53623801825532 275
1738722965400 175.8828833562901 276
1738722965432 176.19974900913238 277
1738722965463 165.09006650148075 278
1738722965495 176.6097492860037 279
1738722965526 193.52514150246623 280
1738722965557 189.6808655031671 281
1738722965588 175.90135773251404 282
1738722965620 166.741743188296 283
1738722965651 162.3913942270002 284
1738722965682 153.80548298526034 285
1738722965714 174.44861977235024 286
1738722965745 164.49483147956514 287
1738722965777 146.12293038652126 288
1738722965809 176.8756746238163 289
1738722965842 181.908142881574 290
1738722965875 156.07404847628422 291
1738722965907 182.12885527802288 292
1738722965939 181.62003867245798 293
1738722965972 162.3115753166495 294
1738722966004 236.6630546929646 295
1738722966037 172.80152153095432 296
1738722966070 152.37261894221888 297
1738722966103 169.7352135004083 298
1738722966135 151.10334437454148 299
1738722966167 164.76651210677184 300
1738722966199 171.96916827816548 301
1738722966231 217.41562095077535 302
1738722966262 193.71387857672198 303
1738722966295 167.9389597674888 304
1738722966327 168.02854225049538 305
