1738724544220 163.83700713904537 0
1738724544253 173.15847735997767 1
1738724544287 166.1649909481547 2
1738724544320 175.49360784233588 3
1738724544353 159.51117291714687 4
1738724544386 179.73151276635716 5
1738724544420 166.90118493030053 6
1738724544453 161.5284227738579 7
1738724544486 173.18498197114155 8
1738724544519 163.549395040052 9
1738724544552 183.39978252359438 10
1738724544585 149.56591852016552 11
1738724544618 158.13304717607014 12
1738724544651 168.88981946556927 13
1738724544685 160.79470238817433 14
1738724544718 177.90509902011954 15
1738724544751 178.31487861111086 16
1738724544783 178.9370392757095 17
1738724544816 162.2214887386681 18
1738724544849 163.0929191021943 19
1738724544882 180.60712480064603 20
1738724544915 173.46426832384935 21
1738724544947 182.38430794728325 22
1738724544980 172.65564515520248 23
1738724545013 171.8086944938256 24
1738724545047 174.07258528056173 25
1738724545080 163.03419020259105 26
1738724545112 170.09887725011777 27
1738724545145 161.0660994304486 28
1738724545177 147.82785555798603 29
1738724545210 190.14201611134337 30
1738724545242 179.34605481877614 31
1738724545275 169.89089742546926 32
1738724545307 177.88323686325327 33
1738724545341 166.1489205146495 34
1738724545374 163.56411595696 35
1738724545407 179.35560309250403 36
1738724545444 175.26945216619 37
1738724545478 190.8581840264376 38
1738724545512 175.14486850918163 39
1738724545546 171.7668483557499 40
1738724545581 175.01741479588173 41
1738724545615 142.91038336467133 42
1738724545650 163.7644365716239 43
1738724545685 172.24805918757895 44
1738724545720 160.33612861779946 45
1738724545755 176.78493313542486 46
1738724545790 161.36471061101636 47
1738724545824 170.68560595885137 48
1738724545859 173.09055750967775 49
1738724545894 163.55704113591048 50
1738724545929 164.36307943212066 51
1738724545964 168.37935269750486 52
1738724545999 157.47381765318457 53
1738724546034 179.76826289444807 54
1738724546068 171.0280249981162 55
1738724546104 178.4133414689036 56
