1738726279256 167.2885127094192 0
1738726279260 167.20305500411533 1
1738726279263 172.82888939690827 2
1738726279267 169.6018308069887 3
1738726279270 168.57310396921798 4
1738726279274 165.2616137793436 5
1738726279278 168.79969122269466 6
1738726279281 169.07423139687248 7
1738726279285 169.31471757324982 8
1738726279289 168.86273144738868 9
1738726279292 168.15657227663306 10
1738726279296 169.26854163823833 11
1738726279300 169.3971516332568 12
1738726279303 170.24057022308452 13
1738726279307 168.42766557953703 14
1738726279310 169.74113221723894 15
1738726279314 167.53370637804693 16
1738726279318 168.59475390000992 17
1738726279321 169.85456676189355 18
1738726279325 167.3791215170284 19
1738726279328 170.85030551976934 20
