1738724751692 230.89509944727826 0
1738724751722 210.6729740229674 1
1738724751750 187.44560874740782 2
1738724751779 158.72810510890346 3
1738724751808 198.00525865477312 4
1738724751837 182.48552683493963 5
1738724751866 199.89635600517263 6
1738724751896 111.08737579918291 7
1738724751925 213.05468481364073 8
1738724751956 178.18773452418029 9
1738724751985 92.81502633742421 10
1738724752014 166.37629936838658 11
1738724752043 75.12009647983876 12
1738724752072 227.6181858664576 13
1738724752101 267.22282211973226 14
1738724752130 143.37140458092932 15
1738724752159 158.22054853199816 16
1738724752188 161.08929942720223 17
1738724752217 115.25181929886226 18
1738724752246 58.160465524844696 19
1738724752275 149.9810757645967 20
1738724752304 173.31677822145699 21
1738724752333 272.91732733792975 22
1738724752361 287.75672905558156 23
1738724752390 184.64544763341843 24
1738724752419 123.76039720438666 25
1738724752448 128.9598497671529 26
1738724752477 201.10847428857608 27
1738724752505 255.79169966038685 28
1738724752534 212.83366289460594 29
1738724752563 143.67251508045544 30
1738724752592 132.64671519784534 31
1738724752621 125.86149055031407 32
1738724752649 175.1666273837148 33
1738724752678 192.598664902379 34
1738724752707 111.97195995715344 35
1738724752735 116.98275435497776 36
1738724752764 559.6041024145483 37
1738724752792 190.59036977711904 38
1738724752821 106.14679358252931 39
1738724752850 287.073331504291 40
1738724752878 89.09556376077312 41
1738724752907 153.94002963509183 42
1738724752935 187.70256897656324 43
1738724752964 153.89348404496437 44
1738724752993 228.15117921401415 45
1738724753021 223.37469044647312 46
1738724753050 100.44124462743238 47
1738724753078 110.41310592264682 48
1738724753107 173.81060921965818 49
1738724753135 86.18152884000722 50
1738724753164 162.33801162029172 51
1738724753192 100.9668286176095 52
1738724753221 200.96147012282023 53
1738724753249 206.60973317961296 54
1738724753278 146.95528125836742 55
1738724753306 258.71746117084905 56
1738724753340 227.89605060735212 57
1738724753370 174.03378347639784 58
1738724753400 83.1484931235279 59
1738724753429 172.56017544962003 60
1738724753458 119.41644829927074 61
1738724753487 144.70107414239172 62
1738724753516 162.35317130363885 63
1738724753545 212.23773066601262 64
1738724753574 146.8206879071404 65
1738724753603 75.6305306363312 66
1738724753632 190.10587850916167 67
1738724753661 231.68858718971967 68
1738724753690 78.25508023701224 69
1738724753719 251.83882382046926 70
1738724753748 153.0056233587566 71
1738724753776 200.72425519446716 72
1738724753805 76.13643861574414 73
1738724753834 182.89894075504085 74
1738724753863 219.04514681255873 75
1738724753892 115.97557442248541 76
1738724753920 173.13848350403057 77
1738724753949 174.01855205151682 78
1738724753978 67.79661880355467 79
1738724754007 168.69130201873992 80
1738724754035 146.3616593307213 81
1738724754064 176.92523275296207 82
1738724754093 190.48418452754993 83
1738724754122 249.13729196565333 84
1738724754150 104.61365026094511 85
1738724754179 143.5546713377309 86
1738724754208 52.68282751735418 87
1738724754237 90.49851114568459 88
1738724754266 242.0574571841494 89
1738724754294 125.29083088826805 90
1738724754323 128.14157761032953 91
1738724754352 192.646101489201 92
1738724754381 194.96592569117624 93
1738724754410 145.1683692588132 94
1738724754438 115.64604929516989 95
1738724754467 122.96791362258764 96
1738724754496 161.12841130802153 97
1738724754525 213.64300042751563 98
1738724754553 169.4363304949055 99
1738724754582 172.9637337528162 100
1738724754611 176.49116682193346 101
1738724754639 162.4124492927724 102
1738724754668 151.120793688499 103
1738724754697 248.20729903325847 104
1738724754725 139.37914760314715 105
1738724754754 174.3424902429706 106
1738724754782 78.07794145247405 107
1738724754811 185.7381900575732 108
1738724754839 236.4112715967988 109
1738724754868 123.74458748289072 110
1738724754898 169.03552816727324 111
1738724754927 198.29370090919946 112
1738724754956 195.1922147331437 113
1738724754985 163.37980782221717 114
1738724755014 202.9895963909287 115
1738724755043 233.27253307340084 116
1738724755072 180.2290386861256 117
1738724755100 183.2591034350808 118
1738724755129 147.7918858869415 119
1738724755158 188.74245136647912 120
1738724755187 152.7399179256765 121
1738724755215 231.4910359724114 122
1738724755244 140.91387724406607 123
1738724755273 167.55591029662747 124
1738724755301 251.27917925871355 125
1738724755330 132.19740555137108 126
1738724755359 112.27856876250769 127
1738724755387 142.60309866553723 128
1738724755416 192.4704554426754 129
1738724755445 192.75520029276004 130
1738724755473 199.7660735117393 131
1738724755502 194.6185774502218 132
1738724755531 152.500008578356 133
1738724755559 204.40483608054 134
1738724755588 187.56952400081818 135
1738724755616 141.19746987895402 136
1738724755645 168.53846261585286 137
1738724755674 195.54815019435068 138
1738724755702 176.65489522244062 139
1738724755731 214.7208946195633 140
1738724755759 171.2739513556444 141
1738724755788 208.576180014939 142
1738724755816 125.57305783399318 143
1738724755845 130.36376963936073 144
1738724755874 194.71163869403418 145
1738724755902 164.08915436530816 146
1738724755931 165.0608225558734 147
1738724755959 232.37255156365705 148
1738724755988 235.18725126717504 149
1738724756016 144.56075646882448 150
1738724756045 191.17081623873472 151
1738724756073 235.92056801963813 152
1738724756102 186.13084001528824 153
1738724756130 285.51932949076564 154
1738724756158 169.50420600953078 155
1738724756187 178.18575177058815 156
1738724756215 151.63147244133157 157
1738724756244 205.20133680420813 158
1738724756272 135.1992745009701 159
1738724756300 168.92004009669813 160
1738724756329 273.0073503743983 161
1738724756358 270.1477398856222 162
1738724756386 279.55806701276475 163
1738724756415 166.81604160532578 164
1738724756444 218.20761017097553 165
1738724756472 256.0550322848785 166
1738724756501 176.13419800776964 167
1738724756529 131.99755417559197 168
1738724756558 95.69723897533571 169
1738724756586 358.91836817533334 170
1738724756614 154.79545870771426 171
1738724756643 188.363787428223 172
1738724756672 139.50867372511786 173
1738724756700 382.8593767250868 174
1738724756729 101.64979834140188 175
1738724756757 91.71491104233777 176
1738724756785 223.24730998895487 177
1738724756814 137.36471061763612 178
1738724756842 167.11252086586586 179
1738724756870 285.2908739530304 180
1738724756899 86.17460043905243 181
1738724756927 165.8003762383943 182
1738724756956 169.4413649825293 183
1738724756984 83.98251519022293 184
1738724757012 144.25631949802218 185
1738724757041 184.9889023547257 186
1738724757069 185.58253942111 187
1738724757097 224.03423833557102 188
1738724757126 165.110339242688 189
1738724757154 220.59030671627752 190
1738724757183 182.60688474306218 191
1738724757211 180.67462402676304 192
1738724757239 124.2570986981889 193
1738724757267 168.37728764736812 194
1738724757296 92.84662851197648 195
1738724757325 152.57658150984386 196
1738724757354 170.14106892431374 197
1738724757382 178.69746523572172 198
1738724757411 133.80513687085642 199
1738724757439 381.48703224118134 200
1738724757468 89.09994668754756 201
1738724757497 168.7291549536078 202
1738724757525 161.80270997110813 203
1738724757554 180.49790263676474 204
1738724757582 135.85139308188272 205
1738724757611 246.55698894196047 206
1738724757639 131.4804938660375 207
1738724757668 107.83751885734397 208
1738724757697 96.31503900573848 209
1738724757725 175.91422357722516 210
1738724757754 17.72566060359272 211
1738724757782 179.2169275596255 212
1738724757811 141.11906699132524 213
1738724757840 156.91352108236933 214
1738724757868 186.00384874561976 215
1738724757897 196.51479195637216 216
1738724757925 153.51348595256076 217
1738724757954 189.01078782392423 218
1738724757983 40.29072746372706 219
1738724758011 306.8619770658901 220
1738724758040 182.33804381869027 221
1738724758068 139.06799243725098 222
1738724758097 132.94476308090418 223
1738724758125 111.87906311771374 224
1738724758154 183.8044841524027 225
1738724758182 149.1919675195278 226
1738724758212 64.79206833034284 227
1738724758242 129.578423633354 228
1738724758271 123.6469529278628 229
1738724758300 184.68043165962052 230
1738724758329 113.6484334373111 231
1738724758359 182.83782762165464 232
1738724758388 162.05602332102006 233
1738724758417 130.49535895779005 234
1738724758446 221.15530250950238 235
1738724758475 155.3528696812315 236
1738724758504 136.52241624804935 237
1738724758533 257.2332159166415 238
1738724758562 128.07630738201232 239
1738724758590 204.36736975425416 240
1738724758619 189.8839419431717 241
1738724758648 195.44174711441312 242
1738724758677 213.47396436181197 243
1738724758705 227.9248226298174 244
1738724758734 199.60183438483392 245
1738724758763 97.97102109926168 246
1738724758791 152.47458223794825 247
1738724758820 130.4228127558297 248
1738724758849 154.34368657464503 249
1738724758877 166.11097566594506 250
1738724758906 286.1926023707154 251
1738724758935 153.97738142716995 252
1738724758963 136.00714706611032 253
1738724758992 152.57032827052805 254
1738724759021 130.10230074860254 255
1738724759049 197.79086512015115 256
1738724759078 211.03323786278227 257
1738724759107 140.2018877304286 258
1738724759135 134.62956724022237 259
1738724759164 155.69066827198114 260
1738724759192 112.75324723005059 261
1738724759221 196.17797047098134 262
1738724759249 135.14873650963295 263
1738724759278 198.50713813634042 264
1738724759306 145.30793918695696 265
1738724759335 108.5103293390085 266
1738724759363 197.21144481694364 267
1738724759392 212.49705383466912 268
1738724759421 212.0923129754764 269
1738724759449 168.4586243884168 270
1738724759478 100.90042251651928 271
1738724759506 203.19952394978438 272
1738724759535 140.13465543008553 273
1738724759564 141.63878295822985 274
1738724759592 255.61072906649622 275
1738724759620 145.59070200738395 276
1738724759649 223.2302587790348 277
1738724759678 196.07607516523146 278
1738724759706 174.5309260559646 279
1738724759734 135.15160272577674 280
1738724759763 80.28719929659003 281
1738724759792 150.18867559172145 282
1738724759820 203.20280949542288 283
1738724759848 374.2400235290021 284
1738724759877 170.2627698590123 285
1738724759906 90.05715634387725 286
1738724759934 199.5983643474757 287
1738724759963 113.51016003608996 288
1738724759991 127.08674451359576 289
1738724760020 216.56004842584278 290
1738724760049 201.46981873543245 291
1738724760077 223.4805395039279 292
1738724760106 155.79287938300286 293
1738724760135 184.91860010962614 294
1738724760163 216.81208994490046 295
