1738726719412 167.84663315680987 0
1738726719416 169.17378647235893 1
1738726719420 169.88534380589797 2
1738726719424 169.96519772715996 3
1738726719428 171.2204348707795 4
1738726719432 169.63677896731787 5
1738726719436 169.0051518052491 6
1738726719440 167.96736427121826 7
1738726719444 169.7942765887481 8
1738726719448 167.0214449022503 9
1738726719452 168.50764689397118 10
1738726719456 169.02567178844865 11
1738726719460 170.6527476786531 12
1738726719464 171.14150581244675 13
1738726719469 169.14219247063852 14
1738726719473 170.38296282509702 15
1738726719477 170.07979869860097 16
1738726719481 169.5911441447791 17
1738726719485 167.4033045721096 18
1738726719489 169.20669719714576 19
1738726719492 169.00996497969 20
1738726719496 168.52555203660177 21
1738726719500 168.46300292598184 22
1738726719504 167.2397060886771 23
1738726719508 166.8013640567313 24
1738726719512 169.73430383342063 25
1738726719516 170.4275716107647 26
1738726719520 168.32220137064772 27
1738726719524 168.51102771509065 28
1738726719528 172.00980216927888 29
1738726719532 168.10720307409042 30
1738726719536 169.36517221450075 31
1738726719540 171.02640116463377 32
1738726719544 168.7465271941809 33
1738726719548 169.24043808164495 34
1738726719552 170.14418353885222 35
1738726719555 167.9544125246679 36
1738726719559 172.76138259076387 37
1738726719563 169.21026901646346 38
1738726719567 170.80916732969948 39
1738726719571 170.2777516590474 40
1738726719575 169.5181052414596 41
1738726719579 170.3904881944595 42
1738726719583 167.7116957414359 43
1738726719587 169.25181203778556 44
1738726719591 168.9648747992254 45
1738726719595 169.0239993408498 46
1738726719599 169.27529581321684 47
1738726719603 168.06631607607235 48
1738726719607 167.7822593444278 49
1738726719611 171.31843811285296 50
1738726719615 166.52459748753228 51
1738726719619 169.05421844686862 52
1738726719623 170.67211554398645 53
1738726719627 172.1469424106804 54
1738726719630 167.86543868093796 55
1738726719634 170.40507677760644 56
1738726719638 172.2023925234166 57
1738726719642 168.23828693638924 58
1738726719646 170.56482355755287 59
1738726719650 169.73013285788105 60
1738726719654 169.11744339879382 61
1738726719658 168.06444979647205 62
1738726719662 167.7305997928791 63
1738726719666 170.75609836817074 64
1738726719669 170.80197985292355 65
1738726719673 169.605354563378 66
1738726719677 169.8999595855566 67
1738726719681 168.35585764949744 68
1738726719685 170.89852382394068 69
1738726719689 168.8849659485385 70
1738726719693 170.94219150090564 71
1738726719697 168.74042755457435 72
1738726719701 168.3734790560373 73
1738726719705 170.00846310662953 74
1738726719709 168.96362403188127 75
1738726719713 166.95828852116426 76
1738726719716 167.21475756534196 77
1738726719720 168.93022623364246 78
1738726719724 170.30090616608734 79
1738726719728 167.79579792269442 80
1738726719732 168.58200718368943 81
1738726719736 171.1973463488953 82
1738726719740 169.51889443270122 83
1738726719744 167.67330615966094 84
1738726719748 167.2712774733324 85
1738726719752 169.0623244268953 86
1738726719755 170.1699415633659 87
1738726719759 168.71771031843798 88
1738726719763 168.2213128517289 89
1738726719767 169.35234961352504 90
1738726719771 168.78395803105664 91
1738726719775 168.49294778939557 92
1738726719779 170.71414968252842 93
1738726719783 169.40563249946004 94
1738726719787 167.93011729219165 95
1738726719791 170.2358613641452 96
1738726719795 169.52105533258154 97
1738726719798 167.75949207656691 98
1738726719802 167.82503956602577 99
1738726719806 168.49239249108342 100
1738726719810 169.887273052915 101
1738726719814 167.67450869364825 102
1738726719818 169.58457410646912 103
1738726719822 168.18869266199448 104
1738726719826 167.2404268703874 105
1738726719830 170.13989117421102 106
1738726719834 170.01273298872323 107
1738726719837 172.8313747277593 108
1738726719841 171.32347195631593 109
1738726719845 168.7876722186031 110
1738726719849 167.92976616407373 111
1738726719853 166.86837762230823 112
1738726719857 168.19588079260058 113
1738726719861 170.88976190449748 114
1738726719865 169.30914758023238 115
1738726719868 166.65927565195514 116
1738726719872 170.7504145054455 117
1738726719876 169.216365341871 118
1738726719880 169.3159420525008 119
1738726719884 170.4644452331079 120
1738726719888 168.8282698203502 121
1738726719892 170.87813331217532 122
1738726719896 168.97655087114478 123
1738726719900 168.53724556867766 124
1738726719903 166.37843974356747 125
1738726719907 169.76373395979405 126
1738726719911 170.77140643270042 127
1738726719915 167.92400620357083 128
1738726719919 169.39610528271857 129
1738726719923 169.3680366949247 130
1738726719927 171.17476804074693 131
1738726719931 171.56106808065894 132
1738726719935 168.78766125576212 133
1738726719938 169.0784779792241 134
1738726719942 165.92606424279376 135
1738726719946 168.39281831971334 136
1738726719950 170.47002305463656 137
1738726719954 167.93697093747704 138
1738726719958 168.42513664607705 139
1738726719962 170.10322150958922 140
1738726719966 168.26806772320924 141
1738726719970 167.91165617274882 142
1738726719973 168.33958038599178 143
1738726719977 167.4162269570153 144
1738726719981 169.2093316783926 145
1738726719985 170.17731342204533 146
1738726719989 168.40361786414098 147
1738726719993 168.1981331721183 148
1738726719997 167.90119945744155 149
1738726720001 168.02841736337058 150
1738726720005 168.6880725681529 151
1738726720009 168.65714525311617 152
1738726720012 167.60026126525173 153
1738726720016 169.68429851736468 154
1738726720020 169.5897926508094 155
1738726720024 169.91299130164995 156
1738726720028 166.94601139504036 157
1738726720032 168.86623297822308 158
1738726720036 168.0101206933597 159
1738726720040 169.16025382312196 160
1738726720043 168.37458678270923 161
1738726720047 169.84906401241736 162
1738726720051 170.50920551171814 163
1738726720055 169.5186469382636 164
1738726720059 167.78211900412936 165
1738726720063 167.33958978265684 166
1738726720067 171.19024505848623 167
1738726720071 168.07269259010084 168
1738726720075 170.13094034792996 169
1738726720079 169.16305656947105 170
1738726720082 170.07809361230073 171
1738726720086 169.9829225865244 172
1738726720090 168.39404022256562 173
1738726720094 168.5336947844666 174
1738726720098 168.25179579594587 175
1738726720102 165.58861665740102 176
1738726720106 167.54180010299214 177
1738726720110 170.49922086014865 178
1738726720114 167.27700818024087 179
1738726720117 166.5232394824164 180
1738726720121 169.64684916186775 181
1738726720125 169.12253227058477 182
1738726720129 167.58339178285007 183
1738726720133 168.45816041251584 184
1738726720137 170.5978968690404 185
1738726720141 170.59712705643975 186
1738726720145 166.51715396071117 187
1738726720148 167.7888872438966 188
1738726720152 169.953013974493 189
1738726720156 168.92378367995678 190
1738726720160 168.46444395598937 191
1738726720164 168.97057050966743 192
1738726720168 168.43835707286448 193
1738726720172 166.39284095273538 194
