1738726717087 166.4703408569118 0
1738726717091 169.14001655986792 1
1738726717095 171.1538989803528 2
1738726717099 168.78053107105484 3
1738726717103 170.0355918930065 4
1738726717107 170.07175464390144 5
1738726717111 169.01182898212753 6
1738726717115 169.20689272104357 7
1738726717119 168.2072911744682 8
1738726717123 167.98653017393778 9
1738726717127 169.20553761394075 10
1738726717130 168.58410742802616 11
1738726717134 169.17192824302157 12
1738726717138 168.25770889359222 13
1738726717142 169.80843288857758 14
1738726717146 170.45842210609618 15
1738726717150 171.73013549265644 16
1738726717154 169.08695580675186 17
1738726717158 168.13034907371565 18
1738726717161 167.25822929493137 19
1738726717165 167.15684624092822 20
1738726717169 168.08531098634296 21
1738726717173 167.09153443812968 22
1738726717177 168.9737237789888 23
1738726717181 169.56862707268306 24
1738726717185 170.80210908431914 25
1738726717189 169.60181187814854 26
1738726717192 168.24696599096524 27
1738726717196 169.8522866395731 28
1738726717200 168.70432762478123 29
1738726717204 168.783472476457 30
1738726717208 169.05172668413596 31
1738726717212 171.41724588238688 32
1738726717216 168.3607037090989 33
1738726717220 168.29103953725587 34
1738726717223 167.58298294744526 35
1738726717227 168.85512273603584 36
1738726717231 169.6578983813292 37
1738726717235 167.22692516476224 38
1738726717239 167.22546786335224 39
1738726717243 169.62923815980875 40
1738726717247 171.31285731847635 41
1738726717251 170.68777061252678 42
1738726717254 169.95184959949202 43
1738726717258 169.59650783076552 44
1738726717262 169.09639428058767 45
1738726717266 168.8939901089697 46
1738726717270 170.83531912879727 47
1738726717274 168.5524053601727 48
1738726717278 168.30592651134742 49
1738726717282 169.51599935363512 50
1738726717297 167.03995480924684 51
1738726717308 169.47110362404456 52
1738726717313 168.36041464664964 53
1738726717321 170.14855073934686 54
1738726717326 169.1454400565058 55
1738726717330 171.38540337240434 56
1738726717335 168.43234556616923 57
1738726717339 167.15219870224257 58
1738726717343 169.39410433370642 59
1738726717347 169.231839436154 60
1738726717351 170.67653225736464 61
1738726717354 169.42997548011306 62
1738726717358 169.34731569415757 63
1738726717362 166.75656174140303 64
1738726717366 168.5929843429186 65
1738726717370 169.3534414851548 66
1738726717374 169.17272481250365 67
1738726717378 170.13769621935384 68
1738726717382 171.31751223300967 69
1738726717386 169.44240481281818 70
1738726717390 168.0692992943968 71
1738726717394 167.77245152578246 72
1738726717398 171.8187366137826 73
1738726717402 166.4027666387167 74
1738726717406 166.9514113196624 75
1738726717410 170.02200603462865 76
1738726717413 167.54213313596182 77
1738726717417 168.68299496473838 78
1738726717421 167.33222763037114 79
1738726717425 170.0629999645826 80
1738726717429 167.92914335111394 81
1738726717433 168.44331888218207 82
1738726717437 168.25527008950118 83
1738726717441 166.1146731582235 84
1738726717445 168.65837147444682 85
1738726717449 165.40099953205262 86
1738726717452 167.2978593796806 87
1738726717456 167.29933876667866 88
1738726717460 164.86067003433018 89
1738726717464 171.8071412623191 90
1738726717468 169.39561715704986 91
1738726717472 168.03260878801765 92
1738726717476 169.75015632800697 93
1738726717480 169.14513954499444 94
1738726717484 168.82521082602426 95
1738726717487 169.33242848286253 96
1738726717491 169.18053598478383 97
1738726717495 165.59125629086543 98
1738726717499 169.23762148530741 99
1738726717503 169.66413057730585 100
1738726717507 167.39820092133664 101
1738726717511 169.82192096575523 102
1738726717515 169.3822567209895 103
1738726717519 170.08577105360743 104
1738726717523 170.3021019570465 105
1738726717526 166.5714987505921 106
1738726717530 169.45168606200554 107
1738726717534 169.37341146042837 108
1738726717538 170.1651243865265 109
1738726717542 168.69377130788052 110
1738726717546 168.7809267500711 111
1738726717550 168.5762911449237 112
1738726717554 167.22057843172797 113
1738726717557 169.80497368209336 114
1738726717561 170.96480987298912 115
1738726717565 169.80081297402177 116
1738726717569 169.17249375015462 117
1738726717573 169.28300322325612 118
1738726717577 168.3106995564489 119
1738726717581 170.04977957796612 120
1738726717585 164.95686837853447 121
1738726717589 169.29252292527863 122
1738726717593 168.19668519991473 123
1738726717597 171.38687016630894 124
1738726717601 169.61204900054523 125
1738726717605 168.21786463587028 126
1738726717609 170.87181025496258 127
1738726717613 169.8112297343873 128
1738726717617 168.99697443515993 129
1738726717621 168.47097520979648 130
1738726717625 168.00128723925982 131
1738726717629 170.29937432980677 132
1738726717633 168.29481257320464 133
1738726717637 168.6928051527647 134
1738726717641 168.77560235444307 135
1738726717645 170.2172402626601 136
1738726717649 169.13411267551618 137
1738726717653 167.79438512763565 138
1738726717657 170.6907869548929 139
1738726717661 169.25899491503273 140
1738726717665 169.0835415737177 141
1738726717669 168.1692524743856 142
1738726717673 169.25755446626198 143
1738726717677 166.9123470804718 144
1738726717681 167.69722816645816 145
