1738723830705 156.88244182771535 0
1738723830739 142.04742624618845 1
1738723830773 166.86403436106394 2
1738723830806 197.469957112771 3
1738723830840 166.66564144985836 4
1738723830873 162.93302866588402 5
1738723830907 166.71417904619605 6
1738723830941 167.00822226893695 7
1738723830974 89.37504432710497 8
1738723831008 216.58835669497734 9
1738723831041 166.8469014811678 10
1738723831074 359.8017226884841 11
1738723831108 109.8563377398824 12
1738723831141 103.45631560859803 13
1738723831174 123.32357464719577 14
1738723831207 109.27075286684705 15
1738723831241 180.52515389934925 16
1738723831274 163.11830865660443 17
1738723831309 260.45640499805336 18
1738723831348 165.27695470508152 19
1738723831382 154.87177367875518 20
1738723831416 131.49610840922583 21
1738723831450 114.56398329489498 22
1738723831483 197.2136821310614 23
1738723831517 161.24427363729316 24
1738723831551 147.445816752324 25
1738723831584 207.03994452367652 26
1738723831618 152.9303500807728 27
1738723831651 105.32430639595235 28
1738723831684 178.33433107452453 29
1738723831718 200.21629397596485 30
1738723831751 141.36491918358863 31
1738723831785 210.51160912783143 32
1738723831818 181.21347606579937 33
1738723831851 158.28734858343662 34
1738723831885 242.68636850553435 35
1738723831918 188.83482533727542 36
1738723831952 121.39071103206575 37
1738723831985 166.85557646946114 38
1738723832018 153.38129645789553 39
1738723832052 131.13909751551464 40
1738723832085 206.45746477041152 41
1738723832118 179.13352290015487 42
1738723832152 180.15199220162165 43
1738723832185 179.36542298257132 44
1738723832218 181.1867935752862 45
1738723832251 99.59485275818433 46
1738723832284 182.3486109523596 47
1738723832318 167.97300063092433 48
1738723832351 114.77507768235097 49
1738723832384 159.0932932448729 50
1738723832418 108.4387513906529 51
1738723832451 120.70008398165098 52
1738723832484 878.3493097387357 53
1738723832517 237.27363071644032 54
1738723832550 199.50668608959583 55
1738723832583 178.24489149724283 56
1738723832616 155.48660441840184 57
1738723832649 320.27991041480567 58
1738723832682 171.82735609580618 59
1738723832715 164.13511298724913 60
1738723832748 139.43501844921585 61
1738723832781 97.55911721607548 62
1738723832815 121.36970617734647 63
1738723832848 134.6838801555369 64
1738723832881 270.7909640160995 65
1738723832914 163.15716332098535 66
1738723832947 122.66434943388023 67
1738723832980 210.73075214388263 68
1738723833013 240.85960846077742 69
1738723833047 211.6294397057411 70
1738723833080 201.31527506156297 71
1738723833113 156.27006449053368 72
1738723833146 171.23956882348816 73
1738723833179 205.3055588145701 74
1738723833212 219.26983631761527 75
1738723833245 143.84617086538228 76
1738723833278 235.93181585258625 77
1738723833311 264.95202275783373 78
1738723833344 131.112719139834 79
1738723833377 132.05276163866878 80
1738723833410 168.2382795267699 81
1738723833443 202.22169721170275 82
1738723833476 183.0960811088352 83
1738723833509 138.74196827007646 84
1738723833542 97.31137338409441 85
1738723833574 230.44374143786206 86
1738723833607 120.34208600738836 87
1738723833640 147.2694170226918 88
1738723833673 188.0766972612871 89
1738723833706 149.53812277597189 90
1738723833739 792.05589868914 91
1738723833772 227.84355767198224 92
1738723833805 101.1123211621443 93
1738723833838 145.28237940632295 94
1738723833870 94.17114236316839 95
1738723833903 137.9697220237375 96
1738723833936 181.20059772063942 97
1738723833969 422.77389002900895 98
1738723834001 140.22877436309787 99
1738723834034 177.82642039674752 100
1738723834067 184.88647738164678 101
1738723834100 119.05850082554251 102
1738723834133 152.52796398722631 103
1738723834166 262.88244209020235 104
1738723834198 128.39778650159116 105
1738723834231 189.64754059232686 106
1738723834264 104.34979026300505 107
1738723834297 158.76867416865534 108
1738723834330 207.95583362219992 109
1738723834362 175.31710919753917 110
1738723834395 104.82169907782657 111
1738723834428 110.32055162869972 112
1738723834461 193.6169356357147 113
1738723834494 125.30816557763228 114
1738723834527 190.745609776903 115
1738723834559 161.55715914905738 116
1738723834592 146.59505642037337 117
1738723834625 278.43366488575407 118
1738723834658 177.11565789510465 119
1738723834690 70.35654019951448 120
1738723834723 128.84178651853512 121
1738723834756 193.58933511718428 122
1738723834789 182.93177164096477 123
1738723834822 178.2090155614338 124
1738723834855 164.52938064049368 125
1738723834888 101.31799213695909 126
1738723834921 141.98059631107853 127
1738723834953 140.40453062569486 128
1738723834986 195.5156371026622 129
1738723835019 216.17342807411265 130
1738723835052 165.4146166811325 131
1738723835085 157.0369756755378 132
1738723835118 358.2884205877862 133
1738723835150 147.92803151116186 134
1738723835183 178.16470189227365 135
1738723835216 236.99601795666754 136
1738723835249 197.37697797226514 137
1738723835282 195.65025465462813 138
1738723835315 182.14602528238052 139
1738723835347 230.1333125301345 140
1738723835380 173.11963684871415 141
1738723835413 165.77256322144416 142
1738723835445 208.29856738270044 143
1738723835478 107.44084454783828 144
1738723835511 210.46884639379397 145
1738723835543 117.3223376457526 146
1738723835576 169.64038459717818 147
1738723835609 163.0037873571318 148
1738723835642 119.41411917615277 149
1738723835674 127.06902259498243 150
1738723835707 185.31455979016314 151
1738723835740 162.49072052142247 152
1738723835773 205.3435775003457 153
1738723835805 176.078531916736 154
1738723835838 132.8801491873395 155
1738723835871 211.8078944294092 156
1738723835904 149.33752596486767 157
1738723835936 190.8784380364731 158
1738723835969 141.00538415387902 159
1738723836002 18.97741920787883 160
1738723836034 166.34150091140768 161
1738723836067 136.81261810134583 162
1738723836100 199.93671993467106 163
1738723836133 158.83301905471933 164
1738723836166 181.98491106867786 165
1738723836198 183.7874370056064 166
1738723836231 129.67022711158845 167
1738723836264 122.74655172850974 168
1738723836298 195.97780816779732 169
1738723836332 210.2066858204632 170
1738723836368 127.3138704702079 171
1738723836401 146.61498909754 172
1738723836435 144.21443672737675 173
1738723836468 135.66583026688133 174
1738723836501 210.0077043340867 175
1738723836535 192.00018775591553 176
1738723836568 210.04795098664385 177
1738723836602 121.24633866281685 178
1738723836635 142.9706360216187 179
1738723836668 126.73309877160612 180
1738723836701 302.8546145086953 181
1738723836734 238.432912563646 182
1738723836767 167.9379735209679 183
1738723836800 159.8636364485555 184
1738723836833 154.5424060342744 185
1738723836866 160.83454248557075 186
1738723836900 39.24335446098868 187
1738723836933 103.08525780443112 188
1738723836967 137.1872794456318 189
1738723837000 50.60511777594269 190
1738723837033 131.5692996866903 191
1738723837066 191.9617804605433 192
1738723837099 185.88728225043067 193
1738723837132 112.47537899156568 194
1738723837165 280.3632217460115 195
1738723837199 189.7783648888566 196
1738723837232 204.11951149559124 197
1738723837265 121.04399028821008 198
1738723837298 131.0542386891649 199
1738723837332 183.50857607567255 200
1738723837365 203.16535060590272 201
1738723837399 189.9459215072714 202
1738723837433 160.23807250893202 203
1738723837466 237.9979951413079 204
1738723837500 132.15924210339335 205
1738723837533 213.43661065145295 206
1738723837567 165.54087336555995 207
1738723837601 223.6138528500291 208
1738723837634 185.89312528963316 209
1738723837668 177.87749086818147 210
1738723837702 156.51363823217775 211
1738723837735 256.0251553313546 212
1738723837768 221.92852704277362 213
1738723837802 104.72458547272385 214
1738723837835 118.48952786850427 215
1738723837869 176.99938885510966 216
1738723837902 98.25902536449517 217
1738723837935 87.5469624202404 218
1738723837969 208.1016520269666 219
1738723838002 216.50089247548024 220
1738723838035 119.76690061459112 221
1738723838069 190.22372081663187 222
1738723838102 180.42746868550825 223
1738723838135 150.37810803086407 224
1738723838168 197.48270042683419 225
1738723838202 217.4844047703859 226
1738723838235 255.4636403279836 227
1738723838268 203.96329611536842 228
1738723838302 213.02974847329128 229
1738723838335 39.050422459214055 230
1738723838370 144.6895963238827 231
1738723838403 179.33295796797066 232
1738723838437 203.8239460325532 233
1738723838471 138.26191771066868 234
1738723838504 254.80647663890645 235
1738723838538 92.64058438571165 236
1738723838571 168.34226348559994 237
1738723838605 152.32203688293484 238
1738723838638 214.89850355896434 239
1738723838672 78.71625641151292 240
1738723838705 133.82378047979154 241
1738723838738 180.49207374778433 242
1738723838772 183.878610418388 243
1738723838805 204.51895236557434 244
1738723838839 193.15126186799262 245
1738723838872 171.0289136467476 246
1738723838905 168.4567355861393 247
1738723838939 150.36513349782103 248
1738723838973 115.63833407520173 249
1738723839006 124.92728225225915 250
1738723839039 117.04702046371192 251
1738723839072 182.63218537737114 252
1738723839106 213.8869430532844 253
1738723839139 201.65241055976063 254
1738723839172 221.16726997102037 255
1738723839205 219.47060585335933 256
1738723839238 131.06301471404538 257
1738723839271 146.36336600292864 258
1738723839304 136.85256447485384 259
1738723839337 183.14126006821914 260
1738723839371 205.23400467289744 261
1738723839404 161.0537035713762 262
1738723839437 151.35825146247825 263
1738723839470 182.99464280777212 264
1738723839503 107.05133792500003 265
1738723839536 230.90220376612083 266
1738723839570 152.92319264072734 267
1738723839603 163.72209835895444 268
1738723839635 99.23825957627153 269
1738723839668 177.07306386256468 270
1738723839701 199.30876619829695 271
1738723839734 203.95240435734124 272
1738723839767 189.56407921266606 273
1738723839801 138.12172318088463 274
1738723839834 121.35782809924933 275
1738723839867 195.38214362596347 276
1738723839900 236.20263772335278 277
1738723839932 146.71950653968034 278
1738723839965 194.95638125572148 279
1738723839998 89.10430610310286 280
1738723840031 209.42865106888357 281
1738723840064 168.1573872727941 282
1738723840097 142.00495827542926 283
1738723840130 104.64372774832424 284
1738723840163 149.91157188863528 285
1738723840196 258.8214930391285 286
1738723840229 254.49435045625793 287
1738723840261 183.9326765072765 288
1738723840294 108.57833730929603 289
1738723840327 144.99952869584718 290
1738723840360 162.28679299979103 291
1738723840393 153.8417359018086 292
1738723840426 207.74136215796878 293
1738723840459 165.26472376157164 294
1738723840492 313.0840045333698 295
1738723840524 217.55147065652622 296
1738723840558 142.0344470910722 297
1738723840591 232.63169038429996 298
1738723840624 53.87690243459968 299
1738723840657 152.69641747101227 300
1738723840690 151.06885335030756 301
1738723840722 235.19613046902626 302
1738723840756 122.53572363363988 303
1738723840788 148.05269641939375 304
1738723840821 259.9029633737885 305
1738723840854 145.5639208165565 306
1738723840887 175.68820814833657 307
1738723840920 109.3650348415054 308
1738723840953 171.45424048953944 309
1738723840986 179.24431415878007 310
1738723841019 377.124289465298 311
1738723841052 126.29214852931455 312
1738723841085 200.11873120057155 313
1738723841118 185.6131935381923 314
1738723841151 161.63942169708395 315
1738723841184 239.89138759969703 316
1738723841217 150.57371995877708 317
1738723841250 126.12529064631514 318
1738723841283 159.7207514442364 319
1738723841316 33.02584877590532 320
1738723841349 163.71293243444524 321
1738723841382 184.75214687438267 322
1738723841414 210.42719779964668 323
1738723841447 121.3819470855793 324
1738723841480 174.43933772942594 325
1738723841513 144.1187838629321 326
1738723841546 176.85273742373732 327
1738723841579 223.99445416908424 328
1738723841611 185.35148978791668 329
1738723841644 207.63645699512617 330
1738723841677 119.42170004858541 331
1738723841710 166.54176836438344 332
1738723841742 205.97396944639337 333
1738723841775 150.95750389108477 334
1738723841808 123.32055874480206 335
1738723841840 149.02303468132882 336
1738723841873 259.21678758666565 337
1738723841906 121.23273940436003 338
1738723841939 163.16432388249854 339
1738723841971 203.42828218657544 340
1738723842004 294.0499217081077 341
1738723842036 207.75286088757875 342
1738723842069 190.177464024023 343
1738723842102 148.90798725788545 344
1738723842135 205.02323052802237 345
1738723842167 102.56007242597924 346
1738723842200 138.16474340975861 347
1738723842232 229.52605188084934 348
1738723842265 160.67475707810067 349
1738723842298 199.97817775712872 350
1738723842332 200.4330546474801 351
1738723842366 129.05149934066145 352
1738723842399 163.71294449750283 353
1738723842433 162.23246546791648 354
1738723842467 170.1744368248018 355
1738723842500 144.93231348921603 356
1738723842533 230.66242601761223 357
1738723842567 147.60231754757402 358
1738723842600 167.20176891734067 359
1738723842633 141.11310887721234 360
1738723842666 177.6283276480252 361
1738723842699 157.4203314403483 362
1738723842733 133.63659126902314 363
1738723842766 194.1526582482537 364
1738723842799 31.020334335758097 365
1738723842832 150.82187967432935 366
1738723842865 240.19690444648194 367
1738723842898 161.94432390465772 368
1738723842932 170.86966426066022 369
1738723842965 141.5892870858155 370
1738723842998 176.8826798342728 371
1738723843031 139.3756233154403 372
1738723843065 91.48194217882408 373
1738723843098 145.307936975743 374
1738723843131 155.08581942891522 375
1738723843164 140.3941462351696 376
1738723843197 89.52565707600525 377
1738723843230 139.8600020633315 378
1738723843263 83.01090788817648 379
1738723843296 85.36591034345278 380
1738723843330 156.25773642243138 381
1738723843363 184.9151362271282 382
1738723843396 169.8584587823715 383
1738723843429 126.09592579283256 384
1738723843462 119.64418776066711 385
1738723843495 159.30293868234145 386
1738723843528 125.63563345928577 387
1738723843561 119.88046968104723 388
1738723843594 268.2728004966358 389
1738723843627 151.6061369327183 390
1738723843660 171.2302761944881 391
1738723843693 218.82983038716793 392
1738723843725 171.38152206953 393
1738723843758 141.62396731267572 394
1738723843791 170.12188900465148 395
1738723843824 101.57269527041046 396
1738723843857 177.77858168887246 397
1738723843890 252.5481122975218 398
1738723843923 183.0825287918463 399
1738723843956 211.0475791052245 400
1738723843989 231.929909452332 401
1738723844022 182.3899947744525 402
1738723844055 195.75512490306218 403
1738723844088 166.28146940311805 404
1738723844121 152.7854094293572 405
1738723844154 111.67083519565207 406
1738723844187 210.51467076640185 407
1738723844220 166.80976733324223 408
1738723844254 252.12960122042108 409
1738723844287 170.55890435801834 410
1738723844321 269.9243576088787 411
1738723844355 167.28434870597837 412
1738723844389 141.38009805575402 413
1738723844423 162.329493031848 414
1738723844456 135.93783705192615 415
1738723844489 48.94801520462415 416
1738723844523 122.66134655490735 417
1738723844557 118.99344714672532 418
1738723844590 187.59361117165204 419
1738723844623 325.9106198204913 420
1738723844657 149.5315676917005 421
1738723844690 84.39246349794104 422
1738723844724 156.22169494239606 423
1738723844757 172.87486468636294 424
1738723844790 234.73257578947587 425
1738723844824 206.69294621559712 426
1738723844857 106.88622996117137 427
1738723844891 191.38529486668958 428
1738723844924 103.33928161496873 429
1738723844957 176.7860892136487 430
1738723844991 210.25269142636986 431
1738723845024 128.79673579312325 432
1738723845058 217.9869008573149 433
1738723845092 184.0735731264822 434
1738723845125 138.56341640405125 435
1738723845159 166.48693530220288 436
1738723845192 162.5911628290923 437
1738723845226 162.7089292687933 438
1738723845259 181.26119555473235 439
1738723845292 186.53335517202416 440
1738723845326 163.85994147552387 441
1738723845359 143.1098372969849 442
1738723845392 130.14834031501886 443
1738723845425 165.2393752681905 444
1738723845459 147.84411212520956 445
1738723845492 168.13333578288248 446
1738723845525 147.03662531905718 447
1738723845558 413.0779358067265 448
1738723845591 124.56869425731763 449
1738723845625 147.40167101138337 450
1738723845658 246.210235247474 451
1738723845691 169.90552371771355 452
1738723845724 141.01616176564636 453
1738723845757 177.36510014770087 454
1738723845790 107.34769800952525 455
1738723845824 87.2741570286208 456
1738723845857 41.83803895278424 457
1738723845890 165.73437791315698 458
1738723845923 178.25013781447817 459
1738723845956 256.39216545430213 460
1738723845989 157.83726767975213 461
1738723846022 173.89155407411724 462
1738723846055 142.51633621288423 463
1738723846088 173.82614758861064 464
1738723846121 253.13120144393812 465
1738723846154 90.8624960886904 466
1738723846187 172.3930195774989 467
1738723846220 163.88747223650896 468
1738723846254 161.84351263732648 469
1738723846286 225.21993910495024 470
1738723846320 105.90345893309986 471
1738723846353 184.54462857362202 472
1738723846386 147.66318419559252 473
1738723846419 225.5710628860754 474
1738723846452 145.3484708336209 475
1738723846485 141.56837403788228 476
1738723846518 151.89701478589373 477
1738723846552 196.82793463695597 478
1738723846584 38.27568058433138 479
1738723846618 193.55147690173314 480
1738723846651 137.37916010258542 481
1738723846684 62.796881709208925 482
1738723846716 97.97575120653168 483
1738723846749 176.20623571517396 484
1738723846782 105.04044974230597 485
1738723846815 166.50053825573806 486
1738723846848 172.38485059642693 487
1738723846881 165.021996887036 488
1738723846914 178.25277561570132 489
1738723846947 152.6305959351138 490
1738723846980 164.8375450223519 491
1738723847013 236.78909648126094 492
1738723847046 203.91131088363161 493
1738723847078 124.01862613089237 494
1738723847112 186.22990381435406 495
1738723847145 181.48812510580154 496
1738723847178 145.96585917935042 497
1738723847211 243.04090899558432 498
1738723847244 210.51022382332903 499
