1738724261245 147.12492823532142 0
1738724261281 169.53600788355837 1
1738724261317 175.76651619329485 2
1738724261352 165.26600303319728 3
1738724261388 147.99858657766376 4
1738724261424 147.3205212606276 5
1738724261462 178.2365641900349 6
1738724261499 163.96077624142993 7
1738724261537 157.07288491285357 8
1738724261573 159.83975550875206 9
1738724261610 155.56732779859567 10
1738724261646 181.06980920913728 11
1738724261682 190.39730801752063 12
1738724261718 176.0312596632669 13
1738724261753 182.7088569873016 14
1738724261789 167.80315276909542 15
1738724261825 168.86141941020097 16
1738724261861 154.97583903557742 17
1738724261899 174.41477627111803 18
1738724261937 168.97673391644017 19
1738724261974 168.09269927456538 20
1738724262011 160.97226445290508 21
1738724262048 183.64842452929557 22
1738724262084 138.31732947297564 23
1738724262120 189.44511772034676 24
1738724262156 209.84784557799478 25
1738724262192 168.20278111227432 26
1738724262228 176.157237045872 27
1738724262264 195.79733298330328 28
1738724262300 155.12672559759324 29
1738724262336 206.41699858276664 30
1738724262371 176.84439549817486 31
1738724262407 175.8946421579078 32
1738724262443 196.09543992463665 33
1738724262479 170.0753269881843 34
1738724262515 177.4379325389384 35
1738724262550 171.93227661529147 36
1738724262586 215.37675718521126 37
1738724262622 193.91115430337172 38
1738724262657 169.54662600531228 39
1738724262693 193.59787932057523 40
1738724262728 163.4900376836489 41
1738724262764 209.22010170973675 42
1738724262800 153.26085212731837 43
1738724262835 140.83556686641063 44
1738724262871 173.2654341267862 45
1738724262907 157.33526489164586 46
1738724262942 199.01257622508123 47
1738724262978 192.26647293285328 48
1738724263013 143.14250910531936 49
1738724263049 159.01975844717774 50
1738724263084 162.1864496415662 51
1738724263120 156.7481138424347 52
1738724263155 200.99555381795128 53
1738724263191 166.88177048586044 54
1738724263226 175.48114665733138 55
1738724263262 158.27542154484564 56
1738724263297 141.39578212613642 57
1738724263333 169.60533029856276 58
1738724263369 166.94629019293015 59
1738724263405 173.26243368236592 60
1738724263441 168.82874279513962 61
1738724263476 144.94502912892204 62
1738724263511 170.46565512914776 63
1738724263547 209.46889041214206 64
1738724263582 167.79393429666416 65
1738724263617 143.7426904688645 66
1738724263653 166.50065920577558 67
1738724263689 171.4202247093055 68
1738724263725 162.65474668302144 69
1738724263760 167.97818204667536 70
1738724263796 174.62585905332278 71
1738724263831 157.51768794373683 72
1738724263867 158.49160273075395 73
1738724263902 188.68888796146908 74
1738724263938 197.85357114170694 75
1738724263973 159.40064940006312 76
1738724264008 180.25803626523052 77
1738724264044 183.40067339104604 78
1738724264079 173.85612346241274 79
1738724264115 167.27338080647735 80
1738724264150 185.86374019117466 81
1738724264185 188.95339570504277 82
1738724264221 172.10832832205736 83
1738724264256 160.19230800457646 84
1738724264292 169.21866640516373 85
1738724264327 199.13642367069025 86
1738724264362 154.35809303022762 87
1738724264397 179.95140212518186 88
1738724264433 171.88165609899286 89
1738724264469 185.81978657859744 90
1738724264504 193.383785416164 91
1738724264540 189.55368878025763 92
1738724264577 157.35777965040876 93
1738724264613 192.97874611891388 94
1738724264649 177.3331153457361 95
1738724264685 168.5797953126381 96
1738724264721 191.87208793272143 97
1738724264756 168.52122926475093 98
1738724264792 162.12181744251598 99
1738724264827 152.53400644041483 100
1738724264863 121.63512187642851 101
1738724264899 173.96699818745012 102
1738724264934 191.57104708328114 103
1738724264970 163.95056159133736 104
1738724265005 168.15061746221352 105
1738724265040 163.3196469137957 106
1738724265076 191.97340695694513 107
1738724265111 169.53442730492773 108
1738724265150 171.24986620332263 109
1738724265185 156.16836685597053 110
1738724265221 146.4794462254361 111
1738724265256 166.00426467849996 112
1738724265291 163.39067898611637 113
1738724265327 157.86209076833043 114
1738724265362 206.8953604200201 115
1738724265397 150.77619917054173 116
1738724265433 184.10256728535776 117
1738724265468 164.6477853139967 118
1738724265503 175.50679700486657 119
1738724265538 130.81578466166613 120
1738724265573 166.5874818967453 121
1738724265608 170.0397297202261 122
1738724265645 194.5714047463156 123
1738724265681 176.9369044631669 124
1738724265717 159.71420033708392 125
1738724265753 158.66907652720107 126
1738724265789 174.3746733738499 127
1738724265825 163.7285783261459 128
1738724265861 159.92567833524717 129
1738724265896 192.9835121053896 130
1738724265932 169.72254689100978 131
1738724265967 211.66979676369738 132
1738724266003 183.98313782895443 133
1738724266039 160.4310477147854 134
1738724266074 240.02764157046684 135
1738724266109 179.5011912563087 136
1738724266144 134.9135169661197 137
1738724266180 170.85543728233012 138
1738724266215 151.40739882041544 139
1738724266250 173.38231747964 140
1738724266286 151.73514759697795 141
1738724266321 177.6279343758306 142
1738724266356 195.45996437096082 143
1738724266392 170.341706760285 144
1738724266427 160.88389587341305 145
1738724266462 163.59818533435916 146
1738724266498 193.18225624496947 147
1738724266533 172.8760959906912 148
1738724266568 153.12941896418377 149
1738724266603 207.2650915398024 150
1738724266640 166.91683261271882 151
1738724266676 188.08039776286518 152
1738724266712 144.76468514361025 153
1738724266748 175.9623565554648 154
1738724266784 185.19695873286807 155
1738724266819 169.77841585104957 156
1738724266855 194.22026216668505 157
1738724266890 181.27111755999996 158
1738724266926 133.05633486437637 159
1738724266962 154.042022782656 160
1738724266998 178.40084319313505 161
1738724267033 169.98630660522008 162
1738724267069 158.10953805425007 163
1738724267105 204.5668035039374 164
1738724267140 166.48802699346305 165
1738724267176 161.5880679196958 166
1738724267212 167.67478949935912 167
1738724267247 167.3003935725333 168
1738724267282 202.73824628185736 169
1738724267318 179.07254852132675 170
1738724267353 127.16033250186204 171
1738724267389 174.56270904107706 172
1738724267424 176.96556212708097 173
1738724267460 173.91501017713006 174
1738724267495 156.07214891342474 175
1738724267531 158.614504843801 176
1738724267566 165.53866868545745 177
1738724267601 158.49231052114274 178
1738724267636 175.31296190226672 179
1738724267672 163.93485029345544 180
1738724267707 159.35673905916815 181
1738724267742 198.09155383983392 182
1738724267779 156.02243173347856 183
1738724267814 153.78034777502884 184
1738724267850 112.22603700828411 185
1738724267886 160.9950862370211 186
1738724267921 156.92935470208067 187
1738724267957 193.87663848133678 188
1738724267992 143.27523494775963 189
1738724268028 198.60075662247823 190
1738724268063 273.3631065760538 191
1738724268099 170.42176657043416 192
1738724268134 166.82568513469218 193
1738724268169 146.23515486688999 194
1738724268204 155.8385074694328 195
1738724268240 171.2756038975816 196
1738724268275 166.82775293196144 197
1738724268310 176.6706089553657 198
1738724268345 154.07988534240943 199
1738724268380 158.7318754431253 200
1738724268415 161.5855060073867 201
1738724268450 176.28111776106158 202
1738724268485 199.80175619387146 203
1738724268520 166.63537328161857 204
1738724268555 177.70179485697523 205
1738724268590 169.57724005810854 206
1738724268625 146.53547091775337 207
1738724268660 127.12801158020284 208
1738724268695 180.34821769726312 209
1738724268730 135.92839079897288 210
1738724268765 163.29252110468826 211
1738724268800 178.49078254132297 212
1738724268836 150.59931502946503 213
1738724268873 163.28582689237143 214
1738724268909 167.0834280222765 215
1738724268945 143.07746504159232 216
1738724268983 196.8709236539894 217
1738724269019 142.12220642176837 218
1738724269056 157.38850716187397 219
1738724269093 125.76780976300378 220
1738724269130 164.45146124529245 221
1738724269166 149.02442881175423 222
1738724269202 173.35063514886653 223
1738724269239 180.02546218913866 224
1738724269275 173.71082621702826 225
1738724269311 166.25926847340187 226
1738724269347 129.2250981977722 227
1738724269383 169.8505831720456 228
1738724269419 169.707460269143 229
1738724269455 139.45425747678667 230
1738724269490 168.32837577694576 231
1738724269526 160.5457533087398 232
1738724269562 166.7509531890872 233
1738724269597 155.93284190599485 234
1738724269632 181.05376363339462 235
1738724269668 141.18870962109239 236
1738724269704 134.86341221505054 237
1738724269739 161.30137708042395 238
1738724269774 183.088392104914 239
1738724269810 150.25669306495405 240
1738724269845 191.82448578414738 241
1738724269881 150.17889023215153 242
1738724269916 192.43656025711113 243
1738724269951 156.5279110977042 244
1738724269987 134.65495699068214 245
1738724270022 164.27199940050488 246
1738724270058 151.52922293387016 247
1738724270093 152.17049880883408 248
1738724270128 169.43491294286162 249
1738724270164 170.59719503660543 250
1738724270199 180.52248584607855 251
1738724270235 166.14360135922723 252
1738724270270 191.94267903081922 253
1738724270306 170.02255603332566 254
1738724270342 122.4691032791469 255
1738724270379 184.37320651263218 256
1738724270415 173.48004841809643 257
1738724270453 137.52789985416672 258
1738724270490 177.73378725142075 259
1738724270526 191.33761759293165 260
1738724270562 162.00746440660183 261
1738724270598 183.92326345478838 262
1738724270634 171.96542731827816 263
1738724270670 183.06632188981865 264
1738724270706 150.14541919237632 265
1738724270742 193.91138809929907 266
1738724270778 178.91130645637458 267
1738724270814 169.76687675712756 268
1738724270850 135.21482976774683 269
1738724270885 164.90497734399335 270
1738724270921 194.0796810068398 271
1738724270957 146.69844828325128 272
1738724270992 166.9197444383351 273
1738724271028 169.323569204428 274
1738724271064 158.52176557489247 275
1738724271099 193.11007815563877 276
1738724271135 156.78751367877604 277
1738724271171 211.37905928730717 278
1738724271207 171.458177757225 279
1738724271243 154.87377351087218 280
1738724271279 131.8332339156578 281
1738724271315 159.06826325530668 282
1738724271351 172.16229431973628 283
1738724271386 155.68128276824464 284
1738724271422 169.0045273455121 285
1738724271457 183.74878335476177 286
1738724271493 181.0000132169717 287
1738724271528 190.19926023723212 288
1738724271564 165.74010389127227 289
1738724271599 172.02419066819573 290
1738724271634 138.373983381597 291
1738724271670 193.82616644964443 292
1738724271705 182.0014773816063 293
1738724271740 168.98678337665044 294
1738724271775 161.58503403034874 295
1738724271810 165.48856863778138 296
1738724271845 192.15987554787554 297
1738724271880 173.71136855968135 298
1738724271917 170.8283553585171 299
1738724271953 163.54351193982947 300
1738724271990 194.6786005004899 301
1738724272027 173.79515912734593 302
1738724272064 176.49256170297463 303
1738724272100 173.2084255135279 304
1738724272137 162.8417280039576 305
1738724272173 165.13900667552167 306
1738724272210 165.24069601525395 307
1738724272246 194.6124424122065 308
1738724272283 169.15871409032007 309
1738724272319 151.76982271842684 310
1738724272356 153.08351219578293 311
1738724272393 154.97654872419446 312
1738724272429 182.83279260466685 313
1738724272466 147.10315903479707 314
1738724272502 165.72316145437196 315
1738724272538 174.31956041347593 316
1738724272574 172.887440891326 317
1738724272610 170.89967674063982 318
1738724272646 193.6782265359043 319
1738724272683 182.57390144041588 320
1738724272719 159.0039491906958 321
1738724272757 152.17155464580492 322
1738724272794 151.1694014103465 323
1738724272831 156.22943216074674 324
1738724272868 173.8219302873458 325
1738724272905 142.5987520021206 326
1738724272942 178.31660619809116 327
1738724272979 144.36612462672247 328
1738724273016 178.99530504650937 329
1738724273091 171.6476671723187 330
1738724273143 184.57492789732893 331
1738724273179 174.11624289476185 332
1738724273217 175.0789969140361 333
1738724273253 153.6603973759032 334
1738724273290 161.35107960363047 335
1738724273326 192.88445779832986 336
1738724273363 171.44807306206945 337
1738724273399 152.85908926409581 338
1738724273436 176.82438038387687 339
1738724273472 162.43775183416602 340
1738724273507 173.01821375204318 341
1738724273543 176.23632934949123 342
1738724273578 176.76274694464138 343
1738724273614 182.163633009314 344
1738724273651 155.1615747919409 345
1738724273688 182.091180468644 346
1738724273724 142.75007283629378 347
1738724273760 151.850733543205 348
1738724273798 162.95086616123643 349
1738724273836 156.3864334178609 350
1738724273874 133.17915826050336 351
1738724273911 167.276637086051 352
1738724273948 220.3999972084287 353
1738724273986 111.3697616695128 354
1738724274024 191.22993268047222 355
1738724274065 142.57312849572736 356
1738724274102 157.59095665873804 357
1738724274139 149.09762844282253 358
1738724274176 158.11070827479145 359
1738724274213 148.61041984839488 360
1738724274252 142.61923695250425 361
1738724274288 182.579942775203 362
1738724274324 188.85587949316417 363
1738724274361 125.43347059463315 364
1738724274397 168.2763028901321 365
1738724274432 173.7815533707634 366
1738724274468 163.27565186133887 367
1738724274504 159.62870814598725 368
1738724274539 170.67161192275574 369
1738724274574 196.5044230257116 370
1738724274610 164.06392951925525 371
1738724274645 159.05138423186511 372
1738724274680 166.65258391542153 373
1738724274715 174.3505252132149 374
1738724274751 337.17701057260984 375
1738724274794 151.4612216829166 376
1738724274833 191.477506561443 377
1738724274873 179.13966038255094 378
1738724274910 176.59222635780984 379
1738724274945 158.20329082827666 380
1738724274981 176.56105104707788 381
1738724275017 141.87362084840342 382
1738724275053 162.25845467430406 383
1738724275089 182.61730170050384 384
1738724275125 172.54113901421226 385
1738724275161 179.12307631501355 386
1738724275197 174.1958553266706 387
1738724275233 167.12013377642884 388
1738724275268 162.54760449385984 389
1738724275304 205.19677838159748 390
1738724275339 172.17393624112796 391
1738724275375 160.1849193960721 392
1738724275411 178.6768563346075 393
1738724275446 141.96984848536135 394
1738724275482 164.74216519891948 395
1738724275517 153.64647328345143 396
1738724275553 178.92968437467476 397
1738724275588 170.9160679339556 398
1738724275624 156.7310704260354 399
1738724275659 188.67165678933415 400
1738724275695 166.24274832893602 401
1738724275730 159.202631492649 402
1738724275767 164.5875709616277 403
1738724275802 155.9014289092489 404
1738724275837 161.94324559598462 405
1738724275873 184.8980929105157 406
1738724275909 171.425243607924 407
1738724275944 173.99343449752976 408
1738724275980 183.24974492918014 409
1738724276015 202.260403587566 410
1738724276050 175.9047337430512 411
1738724276085 175.45771505128897 412
1738724276120 188.1924884805198 413
1738724276155 175.7947504098963 414
1738724276190 141.43427613661518 415
1738724276225 156.66490898966228 416
1738724276259 173.56610521358044 417
1738724276294 165.34861646810035 418
1738724276329 159.28990201927573 419
1738724276364 170.03535328785298 420
1738724276399 152.76375349545097 421
1738724276434 177.04013720069185 422
1738724276469 153.44890761660744 423
1738724276504 174.1509077348498 424
1738724276539 143.82908435307087 425
1738724276575 195.86948759771704 426
1738724276611 217.15706000596535 427
1738724276648 170.34370265901475 428
1738724276683 156.59657653699543 429
1738724276719 135.93882340664746 430
1738724276755 183.12689532188648 431
1738724276790 170.39870219763537 432
1738724276825 142.99938800522105 433
1738724276860 151.7651644993208 434
1738724276896 152.56094265861512 435
1738724276931 216.6971852249435 436
1738724276966 187.5298278616122 437
1738724277001 181.6854169465105 438
1738724277036 168.0479290858894 439
1738724277071 191.4003506783236 440
1738724277105 165.10996454812974 441
1738724277140 182.31029037410903 442
1738724277175 172.4674404563162 443
1738724277210 172.76042427034324 444
1738724277245 158.5452819715267 445
1738724277281 153.67224821996632 446
1738724277316 206.23488634552297 447
1738724277351 169.51572819134282 448
1738724277386 206.8068577200717 449
1738724277421 162.70709627255633 450
1738724277456 171.8792558513057 451
1738724277491 166.16807204340427 452
1738724277526 179.91582267769584 453
1738724277561 184.1783250734074 454
1738724277595 160.11326601705863 455
1738724277630 174.98687808499062 456
1738724277665 184.22554229817223 457
1738724277700 139.95332907354273 458
1738724277734 197.8026421222411 459
1738724277770 147.94228176625555 460
1738724277806 173.63527510024306 461
1738724277842 176.34872687563558 462
1738724277877 169.4903655580992 463
1738724277913 166.0533843782453 464
1738724277948 167.64284065797963 465
1738724277984 187.0189466231279 466
1738724278019 147.3850730567222 467
1738724278055 159.2198241565973 468
1738724278090 149.29218974181387 469
1738724278126 181.102810754213 470
1738724278161 182.4488469666902 471
1738724278196 191.5751282544423 472
1738724278232 187.56151730238798 473
1738724278267 169.07444874066877 474
1738724278303 181.28947191065808 475
1738724278339 100.8248372979767 476
1738724278374 124.48806749489462 477
1738724278409 186.44967866115982 478
1738724278444 163.76390080859554 479
1738724278480 168.70453880162478 480
1738724278515 175.31631934145454 481
1738724278550 172.859781351032 482
1738724278585 173.0658889165646 483
1738724278620 154.91570636726362 484
1738724278656 183.2671713853832 485
1738724278691 158.11450994388596 486
1738724278726 176.29745948702413 487
1738724278761 167.93476791410367 488
1738724278796 170.67962353751727 489
1738724278831 163.85774526740076 490
1738724278866 150.8903163127485 491
1738724278901 137.5984930493641 492
1738724278936 193.09446267476278 493
1738724278971 162.57035959688776 494
1738724279006 179.32664918676153 495
1738724279041 167.7966959981658 496
1738724279076 148.02317186115155 497
1738724279111 156.5313354096825 498
1738724279146 162.10810897516149 499
