1738724147217 170.36932178719454 0
1738724147220 168.38302255954147 1
1738724147223 170.81155411205157 2
1738724147226 169.57374008449278 3
1738724147229 167.02374029185003 4
1738724147231 171.06521954322568 5
1738724147234 168.35163537036877 6
1738724147237 168.37468040330873 7
1738724147240 172.4877291733971 8
1738724147242 171.45437763512885 9
1738724147245 170.94730845952404 10
1738724147248 166.85577436032668 11
1738724147251 168.6142499626367 12
1738724147253 168.2696937452803 13
1738724147256 169.87608143962933 14
1738724147259 168.56146392371494 15
1738724147262 170.488921550835 16
1738724147265 170.02491273677765 17
1738724147268 167.1828489260346 18
1738724147271 167.05036470289753 19
1738724147273 168.99776329140087 20
1738724147276 168.0537280669897 21
1738724147279 170.38344721501915 22
1738724147281 167.608586666843 23
1738724147284 168.8506629297482 24
1738724147287 170.24334824071244 25
1738724147290 168.3239668380207 26
1738724147292 170.5784879651351 27
1738724147295 171.35567771376031 28
1738724147298 168.13554909730013 29
1738724147301 166.52341276611978 30
1738724147303 167.47941633107138 31
1738724147306 167.06492412687768 32
1738724147309 169.50061896656226 33
1738724147312 166.26601476537513 34
1738724147314 168.1354713068941 35
1738724147317 167.0554833385934 36
1738724147320 169.25602637920656 37
1738724147323 169.61628467057594 38
1738724147325 169.32707563779152 39
1738724147328 167.66677468877893 40
1738724147331 167.9172571084843 41
1738724147334 167.34864781961238 42
1738724147336 168.44630214788447 43
1738724147339 168.95385985906515 44
1738724147342 167.9670598143852 45
1738724147345 169.21035661652053 46
1738724147347 169.64724404377608 47
1738724147350 169.3514712768975 48
1738724147353 167.04555145634723 49
1738724147356 168.34000827893223 50
1738724147358 167.0269626327751 51
1738724147361 169.5050702163617 52
1738724147364 168.9822869751116 53
1738724147367 167.86852853068814 54
1738724147369 167.90833780118197 55
1738724147372 168.7683023339278 56
1738724147375 166.99943158858665 57
1738724147378 169.25808715903656 58
1738724147380 168.6292244114822 59
1738724147383 169.86428933495216 60
1738724147386 169.71973458633437 61
1738724147388 169.68046497466784 62
1738724147391 172.19579785835282 63
1738724147394 168.2198383457615 64
1738724147397 169.33236288245755 65
1738724147399 166.37324234841594 66
1738724147402 168.84131953534802 67
1738724147405 169.90340379039128 68
1738724147408 171.0399231831917 69
1738724147410 169.59160175999313 70
1738724147413 168.62947845568178 71
1738724147416 170.1568266522698 72
1738724147419 169.22389789077965 73
1738724147421 168.46635658615676 74
1738724147424 168.7670141948039 75
1738724147427 167.38581202031634 76
1738724147429 168.8330035069469 77
1738724147432 168.4295546078481 78
1738724147435 169.4228682861383 79
1738724147438 169.00957853514902 80
1738724147441 165.95749650397093 81
1738724147443 169.79773827182137 82
1738724147446 167.6430578711775 83
1738724147449 169.198924125124 84
1738724147451 169.3690667256721 85
1738724147454 167.93965174276423 86
1738724147457 170.53030717841318 87
1738724147460 167.07242548928133 88
1738724147462 169.3352955202638 89
1738724147465 169.0290084790535 90
1738724147468 168.5992890071255 91
1738724147471 169.55800176836553 92
1738724147473 169.02869269126086 93
1738724147476 170.20396042697175 94
1738724147479 168.60410410968464 95
1738724147482 169.23577218596884 96
1738724147484 170.47085980958812 97
1738724147487 170.445134375053 98
1738724147490 169.0100336158972 99
1738724147493 170.22019895451373 100
1738724147495 169.6348820559974 101
1738724147498 167.98588150508002 102
1738724147501 168.0579787665303 103
1738724147504 169.16690851175673 104
1738724147506 170.0108776136818 105
1738724147509 168.02407283070917 106
1738724147512 167.4093181151381 107
1738724147514 167.63653644787323 108
1738724147517 171.35038256075921 109
1738724147520 169.19719032224478 110
1738724147523 168.30241620093867 111
1738724147525 168.33873441981686 112
1738724147528 170.38523326128444 113
1738724147531 171.7171624378458 114
1738724147534 167.1797917349266 115
1738724147536 168.74685808274432 116
1738724147539 170.7134928052206 117
1738724147542 171.48537160132577 118
1738724147545 167.6392631764013 119
1738724147547 171.50689172049448 120
1738724147550 170.42029706557116 121
1738724147553 169.46218502486133 122
1738724147556 168.03780399396896 123
1738724147558 168.2227863652246 124
1738724147561 170.669653968909 125
1738724147564 169.2492216468004 126
1738724147566 167.42569651341222 127
1738724147569 169.0664781122889 128
1738724147572 170.37039705085843 129
1738724147575 167.34721370944632 130
1738724147577 169.14929859198205 131
1738724147580 168.473157467517 132
1738724147583 170.7706183036615 133
1738724147585 169.16113420971 134
1738724147588 170.18598181146024 135
1738724147591 170.06266762673357 136
1738724147594 170.2579221596931 137
1738724147596 170.15504508546977 138
1738724147599 170.29395418201742 139
1738724147602 168.96502988351185 140
1738724147605 168.82770263947626 141
1738724147607 169.4675876689649 142
1738724147610 167.91684975307777 143
1738724147613 169.65451456287587 144
1738724147616 169.05121428022264 145
1738724147618 170.01283840775636 146
1738724147621 170.2345830372311 147
