1738724557365 172.57069800388172 0
1738724557369 170.6690766111315 1
1738724557372 169.18346518604906 2
1738724557375 170.3443534080449 3
1738724557378 168.09936322338982 4
1738724557381 168.46627332336493 5
1738724557384 167.56126610698297 6
1738724557387 166.56498920158876 7
1738724557390 168.97548322012096 8
1738724557393 167.7794135799262 9
1738724557397 168.0160590948797 10
1738724557400 169.46868181356749 11
1738724557403 171.4475630768553 12
1738724557406 170.4176698375667 13
1738724557409 167.74518025684958 14
1738724557412 169.45086644690628 15
1738724557415 168.08797224241474 16
1738724557418 169.27375964228307 17
1738724557421 168.91633138851893 18
1738724557424 167.67652444101643 19
1738724557427 169.25916464335506 20
1738724557430 167.7836559200486 21
1738724557433 167.27348729092904 22
1738724557436 169.36064798683978 23
1738724557440 168.74882961190568 24
1738724557443 169.24796874996807 25
1738724557446 170.0941704297279 26
1738724557450 167.217837159865 27
1738724557453 166.11873809581584 28
1738724557456 168.33061803603266 29
1738724557459 170.6207070138958 30
1738724557462 168.52665522353894 31
1738724557465 170.3118601244667 32
1738724557468 167.38053976054928 33
1738724557471 171.15548489322805 34
1738724557474 167.27874228003282 35
1738724557477 169.82642951985974 36
1738724557480 167.1376802350852 37
1738724557483 169.1426866473097 38
1738724557487 168.68344052548522 39
1738724557490 168.1197218995644 40
1738724557493 167.03647633360086 41
1738724557496 168.47358817857938 42
1738724557499 171.13256514672386 43
1738724557502 165.72671734419043 44
1738724557505 169.02392961314573 45
1738724557508 169.62042952926097 46
1738724557511 168.15098201968982 47
1738724557514 170.2825554882815 48
1738724557517 166.91559514104992 49
1738724557521 167.1971701203269 50
1738724557524 168.45863381468618 51
1738724557527 170.06201660903074 52
1738724557530 165.4098565931195 53
1738724557533 166.6247275132187 54
1738724557536 167.48461286730927 55
1738724557539 168.9599327293699 56
1738724557542 167.7409617469998 57
1738724557545 167.10627112746556 58
1738724557548 169.73043280865542 59
1738724557551 170.83232597231526 60
1738724557554 168.6770586025502 61
1738724557557 168.83975744244293 62
1738724557560 167.6748331123015 63
1738724557563 168.9766229679481 64
1738724557566 167.60018435446028 65
1738724557569 168.98112316274418 66
1738724557572 169.82226199013576 67
1738724557575 167.9695421178701 68
1738724557578 167.31742861142493 69
1738724557581 169.10884991195502 70
1738724557585 169.18172922729752 71
1738724557588 168.36064149796536 72
1738724557591 166.87314342373782 73
1738724557594 167.62132131550499 74
1738724557597 167.50610584792386 75
1738724557600 166.63714961337934 76
1738724557603 170.9562914395229 77
1738724557606 166.85047990089515 78
1738724557609 169.8474568643494 79
1738724557612 170.64967475694465 80
1738724557615 169.55230369465497 81
1738724557618 165.2612731280087 82
1738724557621 168.023382465721 83
1738724557624 170.3712991422743 84
1738724557627 165.9431407539883 85
1738724557630 168.98819457204303 86
1738724557633 172.1184171689559 87
1738724557636 168.73201252977663 88
1738724557639 165.49762987902085 89
1738724557642 168.92427570753838 90
1738724557645 171.29019044030122 91
1738724557648 168.2970443354861 92
1738724557651 169.27196225086354 93
1738724557654 167.70998381846016 94
1738724557657 170.6815003286633 95
1738724557660 169.05389727773067 96
1738724557663 166.1637409863254 97
1738724557666 166.77611848144366 98
1738724557669 169.14558715734375 99
1738724557672 168.96179838316044 100
1738724557675 167.63461053056426 101
1738724557678 170.00809154034388 102
1738724557681 168.3333450900303 103
1738724557684 168.9455153261463 104
1738724557687 168.05309333456682 105
1738724557690 169.92123607186838 106
1738724557693 168.67124624999872 107
1738724557696 170.16065726383067 108
1738724557699 167.31307537866763 109
1738724557702 171.86881896238796 110
1738724557705 169.79602982453315 111
1738724557708 169.72435329756328 112
1738724557711 166.01933390560927 113
1738724557714 169.17768841559348 114
1738724557717 168.53955955538285 115
1738724557720 166.79191535108106 116
1738724557723 167.96082614947798 117
1738724557726 169.4021840186327 118
1738724557729 165.99647984275322 119
1738724557732 169.70390384217805 120
1738724557735 167.9685782517624 121
1738724557738 168.1371531088874 122
1738724557741 167.77602252582736 123
1738724557744 171.13683915963412 124
1738724557747 170.56808619800773 125
1738724557750 170.3443479478766 126
1738724557753 167.92719236540816 127
1738724557756 169.8230332942508 128
1738724557759 168.5409344032385 129
1738724557762 170.56674724299273 130
1738724557765 166.898636878994 131
1738724557768 162.7582425905212 132
1738724557771 167.29648245239267 133
1738724557774 171.72408094670365 134
1738724557777 167.986793253567 135
1738724557780 170.54107811117728 136
1738724557783 169.71634805182913 137
1738724557786 167.79532312697128 138
1738724557789 167.75986809401277 139
1738724557792 169.79285075297352 140
1738724557795 167.32057375100945 141
1738724557798 170.38581965995522 142
1738724557801 168.7539424894208 143
1738724557804 167.51997458172096 144
1738724557807 167.34934511895452 145
1738724557810 168.26697424587988 146
1738724557813 169.44964415532695 147
1738724557816 166.54857115423752 148
1738724557819 168.0456994089947 149
1738724557822 169.6972487055937 150
1738724557825 168.40667971412842 151
1738724557828 169.61069163658428 152
1738724557831 168.0125330939018 153
1738724557834 167.74035998894217 154
1738724557837 167.8965116571077 155
1738724557840 169.05784263269922 156
1738724557843 168.5912464938726 157
1738724557846 169.0527971203022 158
1738724557849 169.67341285274887 159
1738724557852 166.98679496604706 160
1738724557855 169.32660997440846 161
1738724557858 170.17803497552165 162
1738724557861 167.19840917532065 163
1738724557864 167.15523887580633 164
1738724557867 168.81738548616454 165
1738724557870 169.6200651121061 166
1738724557873 170.03096577082604 167
1738724557876 172.8671926091587 168
1738724557879 169.90116799446287 169
1738724557882 170.9183140532291 170
1738724557885 166.9301473765357 171
1738724557888 169.98585367053332 172
1738724557892 167.0919423713015 173
1738724557895 168.18291620276793 174
1738724557898 167.8315000262026 175
1738724557901 168.1136506000681 176
1738724557904 169.99524677843152 177
1738724557907 168.79736546315942 178
1738724557910 173.1751652187161 179
1738724557913 170.10603796669423 180
1738724557916 170.3987577543932 181
1738724557919 167.05141364450245 182
1738724557922 167.1204739856434 183
1738724557925 170.0766372685252 184
1738724557928 171.09294728875514 185
1738724557931 170.6023515595235 186
1738724557934 168.39682452989393 187
1738724557937 167.47493133247767 188
1738724557940 167.23296985501005 189
1738724557943 167.035188376963 190
1738724557946 170.1766399437217 191
1738724557949 169.8946243660867 192
1738724557952 168.51550955856888 193
1738724557955 166.96096994653792 194
1738724557958 171.0762147719652 195
1738724557961 166.9606007145908 196
1738724557964 169.96246166532543 197
1738724557967 168.00565457377837 198
1738724557970 166.77817506077747 199
1738724557973 169.4268826486154 200
1738724557976 168.71939856272667 201
1738724557979 169.428549562225 202
1738724557982 168.29970529448153 203
1738724557985 166.42071164409953 204
1738724557988 167.48278018588383 205
1738724557991 170.18281388667796 206
1738724557994 169.43698166723757 207
1738724557997 168.2415459819313 208
1738724558000 167.82686735202637 209
1738724558003 170.92228633119092 210
1738724558006 166.6472760729661 211
1738724558009 167.6466019605671 212
1738724558012 166.9217499193689 213
1738724558015 167.2969319072555 214
1738724558018 171.17853052415052 215
1738724558021 169.6774999734481 216
1738724558024 168.7379866904154 217
1738724558027 169.94665028872967 218
1738724558030 164.95630766363593 219
1738724558033 168.91940024286504 220
1738724558036 167.1230642695147 221
1738724558039 169.3589919715467 222
1738724558042 167.1592617572381 223
1738724558045 168.52555725280277 224
1738724558048 168.33157400476404 225
1738724558051 169.35269438660188 226
1738724558054 169.34159287250722 227
1738724558057 171.1486275926019 228
1738724558060 168.66482950646773 229
1738724558063 166.05708757351067 230
1738724558066 168.10453923607477 231
1738724558069 167.56597904743197 232
1738724558072 167.84989195856187 233
1738724558075 169.91248486952958 234
1738724558078 169.48647209607137 235
1738724558081 167.99433854183985 236
1738724558084 168.28376766685273 237
1738724558087 167.7437839625602 238
1738724558090 169.74624743055796 239
1738724558093 169.5218771236766 240
1738724558096 169.59621242648038 241
1738724558099 170.32692094337312 242
1738724558102 168.38343895189817 243
1738724558105 170.2444360849183 244
1738724558108 166.20378785653045 245
1738724558111 168.67382854874737 246
1738724558114 169.08702122483342 247
1738724558117 167.30508951893756 248
1738724558120 170.48960338603783 249
1738724558123 168.17527794472485 250
1738724558126 169.6332208338932 251
1738724558129 167.52349997761783 252
1738724558132 169.28883069739842 253
1738724558135 167.95833291854126 254
1738724558138 168.54306011837653 255
1738724558141 168.73242803756432 256
1738724558144 169.56220536361806 257
1738724558147 167.0283862122336 258
1738724558150 171.77050863565975 259
1738724558153 171.09679554349984 260
1738724558156 165.72430530855985 261
1738724558159 168.90918211497078 262
1738724558162 169.1244164190071 263
1738724558165 165.24422188963155 264
1738724558168 167.02890536187138 265
1738724558171 169.5232405188634 266
1738724558174 165.4512163279815 267
1738724558177 168.82045794295362 268
1738724558180 170.06561721058745 269
1738724558183 167.14355543574797 270
1738724558186 170.12461732229715 271
1738724558189 163.7754864619092 272
1738724558192 171.3677727777532 273
1738724558195 169.49374649600966 274
1738724558198 169.36781271925096 275
1738724558201 166.74689808611052 276
1738724558204 170.40622551063262 277
1738724558207 168.2513406927816 278
1738724558210 171.30784297584646 279
1738724558213 166.10702821113762 280
1738724558216 171.4722061329384 281
1738724558219 168.08863312461855 282
1738724558222 165.41306480236977 283
1738724558225 168.30421838725044 284
1738724558228 169.7902727155633 285
1738724558231 169.3713213805026 286
1738724558234 168.71012132145265 287
1738724558237 168.7747774451302 288
1738724558240 169.65857069775103 289
1738724558243 166.24228990314003 290
1738724558246 167.19840703395164 291
1738724558249 167.707021515639 292
1738724558252 168.3498313251365 293
1738724558255 167.4124308406563 294
1738724558258 169.44735975650636 295
1738724558261 168.425510740935 296
1738724558264 169.0523813286604 297
1738724558267 168.35683679612887 298
1738724558270 167.9360518247405 299
1738724558273 168.2596670598752 300
1738724558276 168.53894059325717 301
1738724558279 168.10914369544884 302
1738724558282 169.05876292050482 303
1738724558285 169.77430268346288 304
1738724558288 169.99837797552252 305
1738724558291 172.1523549481754 306
1738724558294 167.40014430246003 307
1738724558297 168.36881807125783 308
1738724558300 171.05035025769521 309
1738724558303 166.07814797296547 310
1738724558306 169.59938120811853 311
1738724558309 169.55734306241007 312
1738724558312 169.98828759275298 313
1738724558315 167.55586686304625 314
1738724558318 169.00072768737644 315
1738724558321 170.5441275592533 316
1738724558324 169.56367623268576 317
1738724558327 171.3679798723765 318
1738724558330 168.06298657522757 319
1738724558333 171.21482507401575 320
1738724558336 169.96868181641048 321
1738724558339 167.79663806246197 322
1738724558342 169.4565315744997 323
1738724558345 169.16514737031827 324
1738724558348 167.98504690359303 325
1738724558351 169.70790236097753 326
1738724558354 168.68885933324296 327
1738724558357 164.57788793047754 328
1738724558360 168.76782952848615 329
1738724558363 170.69644258842018 330
1738724558366 166.07140583532072 331
1738724558369 168.28009484033075 332
1738724558372 166.7545566950665 333
1738724558375 167.76856446903477 334
1738724558378 168.94151446710762 335
1738724558381 167.9496870210369 336
1738724558384 168.78517780861995 337
1738724558387 169.35467634220436 338
1738724558390 170.6009029167735 339
1738724558393 169.03278439098546 340
1738724558396 169.6230020659435 341
1738724558399 166.77172010077157 342
1738724558402 168.75250458947394 343
1738724558405 166.20025162057212 344
1738724558408 167.86733408511097 345
1738724558411 167.67677824721483 346
1738724558414 167.11589705842263 347
1738724558417 168.7882338012948 348
1738724558420 167.39573839763065 349
1738724558423 168.6689628328294 350
1738724558426 170.5608290910373 351
1738724558429 171.2166699943877 352
1738724558432 168.58295827587582 353
1738724558435 168.4511637476093 354
1738724558438 171.17658737006172 355
1738724558441 168.1005684107838 356
1738724558444 173.53152778239547 357
1738724558447 166.6363033197931 358
1738724558450 171.40921824515507 359
1738724558453 169.3501601176871 360
1738724558456 167.86167049988092 361
1738724558459 168.28790524549575 362
1738724558462 171.21683793720678 363
1738724558465 170.76852892275141 364
1738724558468 167.2300432997692 365
1738724558471 170.22780421626175 366
1738724558474 167.00885972878697 367
1738724558477 169.2048037172321 368
1738724558480 171.14338250252572 369
1738724558483 166.6112573445844 370
1738724558486 168.89587615493147 371
1738724558489 171.04998807916385 372
1738724558492 167.69054869236112 373
1738724558495 170.41531811892054 374
1738724558498 168.8693570956139 375
1738724558501 168.44954155008506 376
1738724558504 168.187094706808 377
1738724558507 167.9345421381253 378
1738724558510 168.9668932281089 379
1738724558513 167.7192663722935 380
1738724558516 169.36117003721697 381
1738724558519 171.33960933622774 382
1738724558522 171.89945699760733 383
1738724558525 166.05389640170992 384
1738724558528 168.24122167137645 385
1738724558531 169.94572506460096 386
1738724558534 170.15738377010115 387
