1738724984095 165.74414366354117 0
1738724984131 167.39427177073657 1
1738724984164 157.98525139486836 2
1738724984198 171.6906637399346 3
1738724984232 175.8089157902919 4
1738724984265 153.63709823868052 5
1738724984298 162.96274901600796 6
1738724984330 152.19204863348506 7
1738724984364 171.32123235509334 8
1738724984399 146.8175289226488 9
1738724984434 173.77768110568803 10
1738724984467 178.3239542580219 11
1738724984500 174.30332857818317 12
1738724984533 171.3962843249476 13
1738724984566 163.92245396262726 14
1738724984598 174.01602202948723 15
1738724984631 177.20883285380984 16
1738724984664 172.52541405941062 17
1738724984696 179.44896871074837 18
