1738726598499 166.34499949829467 0
1738726598539 163.5922308242283 1
1738726598578 178.49381032886856 2
1738726598617 165.57187530457634 3
1738726598656 146.94505518070915 4
1738726598695 162.5105960669944 5
1738726598734 160.50055759274085 6
1738726598773 175.22037344730694 7
1738726598812 173.91716044715676 8
1738726598851 174.7022731029047 9
1738726598891 166.92121119938216 10
1738726598930 176.03516434512144 11
1738726598969 180.2818328696848 12
1738726599009 165.61704902257512 13
1738726599049 163.37516078528085 14
1738726599088 166.85584064618507 15
1738726599126 173.39847151286702 16
1738726599164 170.5260196596237 17
1738726599203 168.2883007764471 18
1738726599243 158.09605838655153 19
1738726599284 178.52411195053222 20
1738726599323 168.0818336000898 21
1738726599364 162.32497181006107 22
1738726599403 164.6404753429746 23
1738726599442 171.95285324006267 24
1738726599480 173.87769929725053 25
1738726599518 188.34002579280644 26
1738726599557 163.69622736692727 27
