1738726597152 168.21993323413415 0
1738726597157 170.6279262973032 1
1738726597162 170.97570633838905 2
1738726597166 169.35742249430004 3
1738726597171 171.7948188421432 4
1738726597175 169.81577949026914 5
1738726597180 168.6569662556257 6
1738726597184 168.30661087257423 7
1738726597188 167.92922752952285 8
1738726597193 168.94356364222958 9
1738726597197 169.00306708736377 10
1738726597201 168.8918520292794 11
1738726597205 167.14448668785045 12
1738726597210 165.810437519041 13
1738726597214 167.132401392027 14
1738726597217 168.9112847933854 15
1738726597222 169.89289453078882 16
1738726597226 168.48203784552828 17
1738726597230 167.6881125735866 18
