1738722665837 191.15720021635704 0
1738722665872 164.60881181157404 1
1738722665907 143.85314887662753 2
1738722665965 172.27837283036473 3
1738722666002 162.94082567653706 4
1738722666037 175.91312572251292 5
1738722666072 145.9728676281505 6
1738722666107 148.83806416205246 7
1738722666142 162.48170307634243 8
1738722666177 170.45846384247116 9
1738722666211 194.921708098483 10
1738722666246 175.86926895612382 11
1738722666281 135.09454185693997 12
1738722666315 185.16506220792772 13
1738722666350 174.17166007710637 14
1738722666385 173.85930401885045 15
1738722666419 162.23876974601072 16
1738722666454 170.10225936998947 17
1738722666488 200.91215072249562 18
1738722666523 153.1626543427576 19
1738722666557 151.02466750025906 20
1738722666592 161.04171489825873 21
1738722666626 141.0082251911409 22
1738722666661 155.17249313686915 23
1738722666695 163.66080989564134 24
1738722666730 164.21923914042745 25
1738722666764 162.05972756530625 26
1738722666799 185.53450181270466 27
1738722666833 150.9400976188834 28
1738722666868 187.58337295278682 29
1738722666902 166.54255940234412 30
1738722666936 155.32989050444834 31
1738722666971 184.66725860522092 32
1738722667005 163.19976076361513 33
1738722667039 179.10144178468653 34
1738722667075 154.62218183153672 35
1738722667110 173.9249686591817 36
1738722667146 192.45568606755236 37
1738722667182 181.6196749948459 38
1738722667218 169.6664884061302 39
1738722667254 172.58529041232273 40
1738722667290 134.45183206824396 41
1738722667326 150.41044593091695 42
1738722667362 155.31852586262997 43
1738722667398 143.3353049546428 44
1738722667434 150.00285280688277 45
1738722667469 151.73558199347252 46
1738722667505 184.41495629882388 47
1738722667540 185.99043143766386 48
1738722667575 137.18060635335448 49
1738722667611 167.8746677260008 50
1738722667647 211.80613917382988 51
1738722667683 190.69846682916273 52
1738722667719 155.535851024825 53
1738722667755 167.51791399381943 54
1738722667790 177.49420237769172 55
1738722667825 160.48272224057771 56
1738722667860 180.5360103440281 57
1738722667895 197.85330546861988 58
1738722667931 181.84900544071337 59
1738722667966 152.58524645661873 60
1738722668002 174.6945266739929 61
1738722668038 168.25186167502298 62
1738722668073 176.29053724542058 63
1738722668109 136.98958293108808 64
1738722668144 202.66045180245956 65
1738722668180 139.03717759340734 66
1738722668215 171.3397771069821 67
1738722668252 193.50920316892456 68
1738722668288 147.83710021438108 69
1738722668324 162.66372947471515 70
1738722668360 165.44070263301703 71
1738722668395 176.58918155333572 72
1738722668430 155.6812604315593 73
1738722668466 173.55064050824032 74
1738722668502 139.41292559463523 75
1738722668538 168.4922784611717 76
1738722668573 151.19186647230495 77
1738722668608 141.69833703969982 78
1738722668643 209.35755086412655 79
1738722668678 151.27826632855687 80
1738722668713 147.7243790069962 81
1738722668749 151.54188018921226 82
1738722668784 164.14443418595044 83
1738722668818 145.7496131565995 84
1738722668854 157.61263519659994 85
1738722668890 179.26166490983076 86
1738722668926 171.74609408059575 87
1738722668961 153.89519056692518 88
1738722668997 221.458768974022 89
1738722669033 169.19932989889088 90
1738722669070 159.13626685021944 91
1738722669107 174.15204910404827 92
1738722669143 218.66073995082746 93
1738722669180 167.7602390555903 94
1738722669216 144.67563080966767 95
1738722669252 174.6413110310965 96
1738722669288 194.75351235438703 97
1738722669324 155.79581181239755 98
1738722669361 174.10416441455894 99
