1738723689487 169.29997620659174 0
1738723689490 173.16767145772488 1
1738723689493 169.29602277353007 2
1738723689496 167.28216406071297 3
1738723689498 170.909714092964 4
1738723689501 169.51220915396723 5
1738723689505 169.05566678168177 6
1738723689507 170.70136726212775 7
1738723689510 169.12245419568373 8
1738723689513 169.0661686456956 9
1738723689517 170.3292832580627 10
1738723689520 168.1378490131878 11
1738723689522 169.52792702637538 12
1738723689525 167.34546288966973 13
1738723689528 167.35040188134667 14
1738723689531 169.59815712516397 15
1738723689533 167.027140914271 16
1738723689537 167.8105102081274 17
1738723689540 171.10716054326943 18
1738723689542 168.2518803358742 19
1738723689545 170.37260686988313 20
1738723689548 166.31161888431183 21
1738723689551 166.4110798117691 22
1738723689554 167.66093918341215 23
1738723689556 165.65559145192177 24
1738723689559 169.9232120665147 25
1738723689561 170.62497132723323 26
1738723689564 166.78465140912027 27
1738723689567 168.2422853336499 28
1738723689571 166.91780989870344 29
1738723689573 168.0490192153306 30
1738723689577 169.52595340574243 31
1738723689580 168.93941515110805 32
1738723689583 168.25786683879215 33
1738723689586 167.42691843858546 34
1738723689589 168.77643224800772 35
1738723689592 167.71357992430325 36
1738723689595 168.46281963959458 37
1738723689598 166.29936009541643 38
1738723689602 168.66872889994752 39
1738723689605 170.81657291378087 40
1738723689607 171.42669397673293 41
1738723689610 168.94193446547303 42
1738723689613 172.0307336079611 43
1738723689616 169.9178830776741 44
1738723689618 167.92687469443754 45
1738723689621 166.26194504736142 46
1738723689624 167.3459789088245 47
1738723689626 171.42360904278124 48
1738723689629 167.85460931033214 49
1738723689632 169.24721507588987 50
1738723689635 166.7909452515554 51
1738723689638 167.60626574596043 52
1738723689641 170.8634573478051 53
1738723689644 168.86555343089915 54
1738723689647 169.31186537681575 55
1738723689649 169.7114751812267 56
1738723689652 169.95999183763112 57
1738723689655 167.72076673140756 58
1738723689657 167.54331676455186 59
1738723689660 168.81319800118342 60
1738723689662 168.48800653558672 61
1738723689665 169.55214391633493 62
1738723689667 168.7407110288687 63
1738723689670 167.12316921389 64
1738723689673 169.03575723025642 65
1738723689675 171.18759372220754 66
1738723689678 168.48331653592751 67
1738723689680 170.56343324058074 68
1738723689683 167.7995560753211 69
1738723689685 166.9026414173334 70
1738723689688 170.87489921354933 71
1738723689690 167.02001142951056 72
1738723689693 167.89182486465361 73
1738723689695 169.55768961184626 74
1738723689698 168.87679508035416 75
1738723689700 167.13865987808973 76
1738723689703 168.80478301059728 77
1738723689705 166.6799847160871 78
1738723689707 169.3948751729823 79
1738723689710 168.0612243319356 80
1738723689712 168.12832478288334 81
1738723689715 167.36078095468346 82
1738723689717 167.4060519118516 83
1738723689720 168.0855476454678 84
1738723689723 168.53755901620457 85
1738723689725 169.5622730698533 86
1738723689728 168.85406182123353 87
1738723689730 167.4179388423547 88
1738723689733 168.52279148423963 89
1738723689736 169.19435833868837 90
1738723689738 168.11905002719172 91
1738723689741 167.64141011947947 92
1738723689744 168.78238512818416 93
1738723689746 169.80643509907625 94
1738723689749 169.08955183845217 95
1738723689751 170.54036977358413 96
1738723689754 169.40584983482825 97
1738723689756 168.12802163137994 98
1738723689759 168.2379754881758 99
1738723689761 167.20854873173332 100
1738723689764 169.31547032747406 101
1738723689766 169.2583119867915 102
1738723689769 171.26736650341033 103
1738723689771 168.45050876368072 104
1738723689774 171.17988209244731 105
1738723689776 168.38829234665135 106
1738723689779 168.2098476741015 107
1738723689781 167.06294164630987 108
1738723689784 164.65108797038243 109
1738723689786 167.03561125373207 110
1738723689789 166.7015651365801 111
1738723689791 166.1660909714504 112
1738723689794 168.84540656785322 113
1738723689796 167.53263177728064 114
1738723689799 169.039512260865 115
1738723689801 167.61080643890529 116
1738723689804 169.57939556794977 117
1738723689807 166.84752155728512 118
1738723689809 168.05486308047173 119
1738723689812 169.97753764704441 120
1738723689815 170.8053913115754 121
1738723689818 168.0429156945887 122
1738723689820 168.40974116790824 123
1738723689823 168.3857407984713 124
1738723689825 169.4070511625242 125
1738723689828 169.43851730655248 126
1738723689831 169.68768529009088 127
1738723689833 168.7991993034869 128
1738723689836 168.4656705715559 129
1738723689839 169.26776011200212 130
1738723689841 168.66942261047978 131
1738723689844 170.03804741152547 132
1738723689847 169.1496055418905 133
1738723689849 167.9610303388671 134
1738723689852 167.13263083068148 135
1738723689855 170.78465791976686 136
1738723689857 166.64550776160067 137
1738723689860 167.5609651057101 138
1738723689862 168.86158256638424 139
1738723689865 169.75264687303442 140
1738723689867 168.72726909809964 141
1738723689870 168.54242420521422 142
1738723689873 167.96348357411307 143
1738723689875 168.7925961698533 144
1738723689878 167.82910738467803 145
1738723689881 168.81329004992327 146
1738723689883 168.81007346309144 147
1738723689886 169.6403480109614 148
1738723689888 169.07905135554782 149
1738723689891 168.96194452637022 150
1738723689893 169.7847664661505 151
1738723689896 168.72413791350317 152
1738723689899 167.07423652843 153
1738723689901 169.68163769961404 154
1738723689904 168.70170591363356 155
1738723689906 168.72489469704826 156
1738723689909 169.9794927761297 157
1738723689912 168.6784172276067 158
1738723689914 168.18236228668866 159
1738723689917 168.2980992260091 160
1738723689919 168.40045709060647 161
1738723689922 169.2321412476513 162
1738723689924 169.28025347466843 163
1738723689927 169.41375244675052 164
1738723689930 166.68216894658326 165
1738723689932 165.39481894501216 166
1738723689935 169.08674192465264 167
1738723689937 166.93859216924915 168
1738723689940 169.226600557929 169
1738723689942 169.29661052070315 170
1738723689945 171.25031855448375 171
1738723689947 167.25616185423067 172
