1738724777638 168.52590067814276 0
1738724777641 170.0629652433178 1
1738724777644 169.10093661946664 2
1738724777647 168.8399907939517 3
1738724777650 168.75534452802538 4
1738724777654 167.94718142789444 5
1738724777657 170.81644553629314 6
1738724777660 169.4995944971269 7
1738724777663 170.95023948001727 8
1738724777666 166.10652140549232 9
1738724777669 169.72914981930714 10
1738724777672 169.3058394065808 11
1738724777676 169.74223267551446 12
1738724777679 169.37069591673438 13
1738724777682 167.88721603701666 14
1738724777685 169.65563075552458 15
