1738721997758 168.6788887088276 0
1738721997760 168.03715885857306 1
1738721997761 170.75774011764912 2
1738721997763 170.01101401066524 3
1738721997764 167.79680342335567 4
1738721997766 169.53813126414965 5
1738721997768 169.61114335253035 6
1738721997769 169.29126081797878 7
1738721997771 168.7233314292518 8
1738721997773 166.80058624886263 9
1738721997774 167.00668855943206 10
1738721997776 170.48387903136216 11
1738721997777 170.9290072636562 12
1738721997779 169.83636158556845 13
1738721997780 168.05739937881512 14
1738721997782 166.38017707703466 15
1738721997783 167.25752145340115 16
1738721997785 168.8550802781182 17
1738721997787 167.44810099685347 18
1738721997788 170.29896932878034 19
1738721997790 171.23263319161816 20
1738721997792 169.9449672708771 21
1738721997793 169.31689994354883 22
1738721997795 168.56502644141761 23
1738721997796 170.77481123769027 24
1738721997798 166.5864514840766 25
1738721997799 169.45988605311933 26
1738721997801 169.13514978321206 27
1738721997803 169.22173320757923 28
1738721997804 168.22150471907025 29
1738721997806 168.5626202188795 30
1738721997807 168.69511562387711 31
1738721997809 172.42292726008242 32
1738721997810 170.64035937923614 33
1738721997812 169.3524152540317 34
1738721997814 165.6711941449597 35
1738721997815 169.3657573580751 36
1738721997817 166.78605426797333 37
1738721997818 169.8514975674471 38
1738721997820 173.1596098804091 39
1738721997821 167.34430235489344 40
1738721997823 170.6143154904404 41
1738721997825 170.72018239661313 42
1738721997826 170.33484578965218 43
1738721997828 167.6665622282739 44
1738721997829 171.9944542661253 45
1738721997831 166.92423721451797 46
1738721997832 168.45074436121618 47
1738721997834 169.4063454663483 48
1738721997836 167.05372282707816 49
1738721997837 166.59072067790615 50
1738721997839 169.99191633070012 51
1738721997841 168.61699761237446 52
1738721997842 168.80590214402315 53
1738721997844 168.88290088537235 54
1738721997846 170.97530502969727 55
1738721997847 166.686916867322 56
1738721997850 171.3671858109165 57
1738721997852 169.06989605309016 58
1738721997853 170.20466973474294 59
1738721997855 169.35002426682954 60
1738721997856 171.09107698945834 61
1738721997858 167.0667241311013 62
1738721997860 166.6321720958937 63
1738721997861 171.30114905798342 64
1738721997863 166.72773681318247 65
1738721997865 168.9010854240579 66
1738721997866 168.430331010702 67
1738721997868 169.19654348290425 68
1738721997869 170.38307095387597 69
1738721997871 171.00265185163624 70
1738721997873 166.9341193176644 71
1738721997875 167.13865429560778 72
1738721997876 168.21815380994147 73
1738721997878 167.8536304088789 74
1738721997880 167.2980312635738 75
1738721997881 170.3722951535681 76
1738721997883 168.0042918800168 77
1738721997885 170.7574590701656 78
1738721997886 173.5835673678207 79
1738721997888 170.3419313856257 80
1738721997890 171.10319729615335 81
1738721997891 167.39635663549342 82
1738721997893 167.57229245099887 83
1738721997895 167.98336014229437 84
1738721997896 169.41940651746415 85
1738721997898 169.38968797705706 86
1738721997899 166.98896560268335 87
1738721997901 170.5025523043087 88
1738721997903 170.47993116079098 89
1738721997904 167.49872722497497 90
1738721997906 166.68145849311455 91
1738721997908 170.94125708464992 92
1738721997909 174.39976185117212 93
1738721997911 169.57623391275848 94
1738721997912 169.85067721654002 95
1738721997914 166.83860846371442 96
1738721997916 166.99401353284532 97
1738721997917 166.69220672707866 98
1738721997919 169.13775034842865 99
1738721997920 168.61645298373358 100
1738721997922 167.60025355012252 101
1738721997924 165.8986402091872 102
1738721997925 169.4663425294035 103
1738721997927 171.1042601508973 104
1738721997928 167.4763477577209 105
1738721997930 167.26106500940452 106
1738721997931 166.06263157858038 107
1738721997933 168.92030607025197 108
1738721997935 167.78313806539387 109
1738721997936 170.6072408331168 110
1738721997938 170.29849269146192 111
1738721997939 166.8138520607305 112
1738721997941 169.4155177364848 113
1738721997942 169.56524433242095 114
1738721997944 169.8507812233455 115
1738721997946 169.06419031794292 116
1738721997947 169.33185580691313 117
1738721997949 168.32304897559968 118
1738721997950 167.24780990011394 119
1738721997952 169.2510287378741 120
1738721997954 170.25114168941596 121
1738721997955 168.0996221439882 122
1738721997957 170.59688873096823 123
1738721997959 169.11253704445954 124
1738721997960 168.16453341521495 125
1738721997962 167.09046044418997 126
1738721997964 168.79986399914233 127
1738721997965 168.46493216985922 128
1738721997967 167.7180148694039 129
1738721997969 168.9760715131332 130
1738721997970 169.61598038196402 131
1738721997972 169.37355311595346 132
1738721997974 169.98535842197714 133
1738721997975 171.7543366694207 134
1738721997977 168.2882291340446 135
1738721997979 169.77815419202528 136
1738721997980 170.19214004768804 137
1738721997982 167.69149733399394 138
1738721997983 169.8661616084259 139
1738721997985 169.2055667586134 140
1738721997987 169.9673356163188 141
1738721997988 168.36126485032807 142
1738721997990 171.60521793534647 143
1738721997992 166.23144172561902 144
1738721997994 170.49723558257858 145
1738721997996 169.78397268935436 146
1738721997997 166.39781040488373 147
1738721997999 169.10975851249097 148
1738721998001 170.00105305925854 149
1738721998003 167.253021048458 150
1738721998005 166.73835083504656 151
1738721998006 171.09088702358312 152
1738721998008 169.66283076917358 153
1738721998010 168.53161623290305 154
1738721998011 168.25197960945604 155
1738721998013 168.29369987855443 156
1738721998014 170.68850032900696 157
1738721998016 168.93839033456646 158
1738721998018 171.0272655532131 159
1738721998019 166.35431349034843 160
1738721998021 170.0141628644517 161
