1738724990996 169.81103394522557 0
1738724991027 177.91591524847252 1
1738724991057 175.53071061718234 2
1738724991086 171.58491860642215 3
1738724991116 162.05011991345552 4
1738724991146 139.33743481412873 5
1738724991176 161.83082249976007 6
1738724991207 167.6208136484626 7
1738724991237 171.95229092764166 8
1738724991271 162.19718400194054 9
1738724991301 179.6222668337872 10
1738724991331 147.51202698144698 11
1738724991360 183.0830223583279 12
1738724991390 161.4732994661241 13
1738724991422 162.32005874590834 14
1738724991452 172.33633370584138 15
1738724991481 167.23914218301329 16
1738724991511 164.29375898582103 17
1738724991541 157.56323199249834 18
