1738722402741 166.77680859549898 0
1738722402778 177.47792406179522 1
1738722402813 189.44272822028344 2
1738722402849 183.85889389016552 3
1738722402885 165.26779192962775 4
1738722402921 189.8150157423376 5
1738722402959 172.05706197584473 6
1738722402996 170.33367053643477 7
1738722403032 180.47708029082972 8
1738722403069 181.61792277598178 9
1738722403105 173.0209539907416 10
1738722403142 162.3680553061333 11
1738722403178 168.9309257346707 12
1738722403214 180.55180421998415 13
1738722403251 177.8491200790761 14
1738722403287 166.7726656832203 15
1738722403325 177.19950671027775 16
1738722403362 174.04184042271575 17
1738722403398 185.24566493215204 18
1738722403436 170.72412000249753 19
1738722403478 181.25026943824622 20
1738722403516 162.59374245328044 21
1738722403555 170.4543339230005 22
1738722403594 160.5051542019507 23
1738722403633 179.7364412058599 24
1738722403672 167.35982664545452 25
1738722403710 164.42682148109506 26
1738722403746 164.68217161292753 27
1738722403783 184.56002437059533 28
1738722403820 173.3828641304664 29
1738722403857 168.4638313338827 30
1738722403894 171.85956680348758 31
1738722403930 177.42672886306786 32
1738722403967 174.9986688833025 33
1738722404004 177.74741581262126 34
1738722404041 162.2098638775579 35
1738722404078 151.39442733886665 36
1738722404115 175.15325407859797 37
1738722404152 171.94323447405355 38
1738722404189 162.30765018510442 39
1738722404226 155.5839948955085 40
1738722404263 148.5174354204043 41
1738722404300 166.09799615349428 42
1738722404337 171.2405020079552 43
1738722404373 173.05938896117723 44
1738722404410 166.56199621901044 45
1738722404447 168.96646160836366 46
1738722404484 167.24214768212266 47
1738722404520 175.83616354256384 48
1738722404557 178.2785963226262 49
1738722404593 162.971475259046 50
1738722404629 177.52122548614108 51
1738722404665 169.53743680397767 52
1738722404701 161.37821629702805 53
1738722404737 158.4284765275273 54
1738722404774 160.7216683144618 55
1738722404810 171.287117099748 56
1738722404846 163.84602562902882 57
1738722404882 173.39697085505722 58
1738722404918 172.27083301370376 59
1738722404954 169.15676244775565 60
1738722404990 160.40937412666884 61
1738722405026 168.65093325957838 62
1738722405062 181.84490375047727 63
1738722405098 167.1751645999642 64
1738722405134 171.49531652225195 65
1738722405169 172.6777271742754 66
1738722405205 170.986598034309 67
1738722405241 171.15976145080216 68
1738722405277 176.6209731410143 69
1738722405312 158.06409010672812 70
1738722405348 175.11630104229764 71
1738722405384 165.58714718426228 72
1738722405419 173.6880236662592 73
1738722405455 172.5529720042871 74
1738722405491 162.65984453587652 75
1738722405529 183.32836514129738 76
1738722405566 178.7050254147578 77
1738722405603 169.1439050312314 78
1738722405639 162.32413088155405 79
1738722405676 162.96159342740512 80
1738722405713 158.12846677418594 81
1738722405749 167.76310191891378 82
1738722405786 161.0045698296381 83
1738722405823 161.56353228173734 84
1738722405859 168.78300431113763 85
1738722405896 176.9515166047193 86
1738722405932 168.09778760635373 87
1738722405968 170.55740127664788 88
1738722406004 170.10369220685754 89
1738722406041 171.28860458684147 90
1738722406077 160.8435282595097 91
1738722406113 172.4965272728097 92
1738722406149 170.98259079124514 93
1738722406186 164.37060883905795 94
1738722406222 158.78442807645183 95
1738722406257 162.1897591641534 96
1738722406293 172.36297299018818 97
1738722406330 178.63592149540202 98
1738722406365 168.91155919506815 99
1738722406401 162.60751999800928 100
1738722406438 175.30810643060198 101
1738722406474 178.50341882563953 102
1738722406510 173.79435385489492 103
1738722406546 157.21305172933478 104
1738722406581 154.0835788382646 105
1738722406617 169.2022608540731 106
1738722406654 172.56763793887623 107
1738722406691 174.9574786806798 108
1738722406728 163.5088187496542 109
1738722406765 144.214034286113 110
1738722406802 166.7684077597428 111
1738722406839 175.53485454444635 112
1738722406876 161.30803955714367 113
1738722406912 176.36840366647922 114
1738722406948 175.45149187039516 115
1738722406985 164.4184533821379 116
1738722407022 175.37951881926114 117
1738722407058 154.93656689916529 118
1738722407096 151.8703138458546 119
1738722407133 146.4788076554907 120
1738722407169 146.1852505008457 121
1738722407205 165.94556404847188 122
1738722407242 167.5823071778951 123
1738722407278 147.15344584703874 124
1738722407314 175.49571582003878 125
1738722407351 161.58570886520772 126
1738722407387 167.66440536531354 127
1738722407423 176.06687620215433 128
1738722407460 169.50941454011198 129
1738722407496 166.85705427243292 130
1738722407532 156.49330618780763 131
1738722407569 175.63185788242956 132
1738722407606 165.1961764137571 133
1738722407642 158.79809364723013 134
1738722407678 172.41483152948425 135
1738722407715 179.46674181584405 136
1738722407751 169.86566169759107 137
1738722407787 152.7748782247084 138
1738722407823 158.09195377089557 139
1738722407859 178.4971993236105 140
1738722407895 171.32547584286363 141
1738722407931 174.50178548443435 142
1738722407967 160.6457176683916 143
1738722408002 175.715111609889 144
1738722408038 177.05620564842806 145
1738722408074 167.1448555627754 146
1738722408110 169.03023920429882 147
1738722408146 169.54247433177295 148
1738722408182 176.7177890547082 149
1738722408217 175.9746308470085 150
1738722408253 171.74835845830856 151
1738722408289 166.94672206113978 152
1738722408324 170.4198474933867 153
1738722408360 177.6083157129436 154
1738722408396 168.74587162931877 155
1738722408431 163.2964898966293 156
1738722408467 169.85923245360425 157
1738722408502 166.33211685453253 158
1738722408538 163.69883400676687 159
1738722408574 142.74758778458505 160
1738722408609 174.5982087188587 161
1738722408645 168.39404814296987 162
1738722408680 175.93432890622483 163
1738722408715 170.0043078070328 164
1738722408752 169.29834136933266 165
1738722408792 173.82528725128336 166
1738722408832 177.56696140110253 167
1738722408869 171.6669708834365 168
1738722408907 156.61631088877633 169
1738722408944 174.38779646688437 170
1738722408980 170.258113746927 171
1738722409017 174.60979725012052 172
1738722409053 163.56355277587207 173
1738722409090 163.05320441751928 174
1738722409127 166.32084588607714 175
1738722409163 174.33843437598526 176
1738722409200 173.95253737573927 177
1738722409236 177.0308371110162 178
1738722409272 170.55399665012106 179
1738722409309 170.27570212432667 180
1738722409345 176.39269029514455 181
1738722409382 178.32578874722145 182
1738722409418 171.63572677196012 183
1738722409455 154.99805588785918 184
1738722409492 172.86510292316723 185
1738722409528 159.78682515350894 186
1738722409564 182.1023419616392 187
1738722409600 167.80645298010003 188
1738722409637 177.79384818161057 189
1738722409673 163.95097865087067 190
1738722409709 159.1233180695688 191
1738722409744 168.35489720143647 192
1738722409780 172.44274732591032 193
1738722409817 167.60018082820292 194
1738722409853 166.9033102707974 195
1738722409890 161.65733236787858 196
1738722409928 172.2218797172182 197
1738722409965 173.6404287628995 198
1738722410004 153.7648919534798 199
1738722410041 169.11979909212477 200
1738722410079 157.40746357911675 201
1738722410116 174.28338271478734 202
1738722410153 171.29240431504493 203
1738722410191 175.5620879859246 204
1738722410229 181.5761184337299 205
1738722410266 156.07648006205747 206
1738722410303 159.32038739494888 207
1738722410340 173.5980082468281 208
1738722410378 155.90405749753867 209
1738722410415 165.3531923734776 210
1738722410452 172.2161035047061 211
1738722410489 153.56320601018902 212
1738722410526 167.83300913373208 213
1738722410563 164.06255706743312 214
1738722410599 167.82533454503323 215
1738722410636 179.87231792497792 216
1738722410673 168.06699493329958 217
1738722410712 159.79841077750635 218
1738722410750 154.23467213959174 219
1738722410787 163.11991484866104 220
1738722410825 160.71772141735107 221
1738722410863 176.12489858099312 222
1738722410901 172.22135370158193 223
1738722410939 174.5344546971672 224
1738722410976 170.2241853978262 225
1738722411013 165.1680102035798 226
1738722411051 170.92207572958594 227
1738722411089 172.0696569156021 228
1738722411127 163.03232407418167 229
1738722411165 162.38502004477263 230
1738722411203 183.45801397953434 231
1738722411241 167.97558722780468 232
1738722411278 169.20325227840644 233
