1738726145498 168.73695135831264 0
1738726145502 168.55729629018694 1
1738726145506 170.2543132521313 2
1738726145509 168.1279082158588 3
1738726145513 169.34206679963359 4
1738726145517 169.11426763864137 5
1738726145521 169.6346872707042 6
1738726145525 167.6918223411977 7
1738726145529 168.471539861626 8
1738726145533 169.01715234284168 9
1738726145537 166.5680458838454 10
1738726145541 168.73849469061042 11
1738726145545 168.89514680384528 12
1738726145549 169.7044469434756 13
1738726145552 169.53462599965474 14
1738726145556 168.52135516955414 15
1738726145559 168.62073514272103 16
1738726145563 166.4796357764383 17
1738726145567 167.73907904003104 18
1738726145570 170.00939192465836 19
1738726145574 165.19419928459413 20
1738726145577 168.744120238676 21
1738726145581 168.46721064639206 22
1738726145585 167.2789579873054 23
1738726145588 167.82558335712048 24
1738726145592 167.397081122353 25
1738726145595 169.1720577223847 26
1738726145599 167.40563234373087 27
1738726145603 170.27452511470366 28
1738726145606 168.876380859839 29
1738726145610 167.93837605832968 30
1738726145613 168.67546753807906 31
1738726145617 166.63883364365003 32
1738726145620 168.94909866516838 33
1738726145624 169.59653110698923 34
1738726145628 169.21862263601727 35
1738726145631 168.2302280669288 36
1738726145635 170.01478743784065 37
1738726145638 167.73102162822477 38
1738726145642 165.04758877659557 39
1738726145646 170.08378426618893 40
1738726145649 168.95824948114253 41
1738726145653 167.9101734842405 42
1738726145656 170.80571439456847 43
1738726145660 167.28294229936472 44
1738726145663 171.44112069237562 45
1738726145667 169.54265323304716 46
1738726145671 168.17566714202204 47
1738726145675 168.08749495143675 48
1738726145678 169.35962846948146 49
1738726145682 167.81331035005337 50
1738726145686 169.1605787303775 51
1738726145689 170.5286718395235 52
1738726145693 169.41403869116405 53
1738726145696 170.91707855874694 54
1738726145701 167.18321072582415 55
1738726145704 166.60884923597413 56
1738726145708 169.97168582124385 57
1738726145712 166.9039163864524 58
1738726145715 166.8167109541157 59
1738726145719 171.30398334331025 60
1738726145723 168.63241078038752 61
1738726145726 169.66243316085394 62
1738726145730 169.14637162034032 63
1738726145733 166.47070507793015 64
1738726145737 168.63643967046215 65
1738726145741 168.8929691534346 66
1738726145744 169.28556445689267 67
1738726145748 167.88052359616728 68
1738726145751 168.94219566068452 69
1738726145755 166.85205025558957 70
1738726145759 167.34103524071156 71
1738726145762 167.6218279623936 72
1738726145766 169.27489311594323 73
1738726145769 167.72378646496833 74
1738726145773 167.93523790511 75
1738726145777 169.21140046882306 76
1738726145780 168.11748625656892 77
1738726145784 167.96292556790334 78
1738726145788 170.13700198275052 79
1738726145791 167.59512528781198 80
1738726145795 172.19542522196812 81
1738726145798 167.6476791400666 82
1738726145802 168.85686465912084 83
1738726145806 171.19896342861986 84
1738726145809 168.30680379927665 85
1738726145813 169.27772047596187 86
1738726145816 166.13421332716277 87
1738726145820 168.4263148735428 88
1738726145824 167.99784973612498 89
1738726145827 170.03927681272054 90
1738726145831 169.91491817823567 91
1738726145835 170.407686800404 92
1738726145838 168.93786174683947 93
1738726145842 168.35332599966063 94
1738726145845 169.35243669279657 95
1738726145849 169.40979072184345 96
1738726145852 168.4283940017347 97
1738726145856 168.64337512341336 98
1738726145860 167.70987665439117 99
1738726145863 167.71916319821383 100
1738726145867 170.2297717186527 101
1738726145871 171.56369238743642 102
1738726145874 169.1690621442258 103
1738726145878 166.92609806909527 104
1738726145881 168.74863212768142 105
