1738726279411 167.49928726029785 0
1738726279415 169.543070651742 1
1738726279418 167.12296401129933 2
1738726279422 167.60417228411276 3
1738726279426 169.50657520441456 4
1738726279429 170.55047467377636 5
1738726279433 168.18823851181818 6
1738726279436 167.97862108534054 7
1738726279440 168.2126578093066 8
1738726279444 169.08111355717318 9
1738726279447 167.02910656981373 10
1738726279451 171.25591982469956 11
1738726279455 169.2454715079856 12
1738726279458 168.64604138942144 13
1738726279462 168.98734145487506 14
1738726279466 164.01265508979972 15
1738726279469 167.8683121358791 16
1738726279473 168.7574858512268 17
1738726279476 166.4594084103696 18
1738726279481 170.45658445962147 19
1738726279484 169.67936158924397 20
1738726279488 166.80383710676432 21
1738726279491 169.12402598829414 22
1738726279495 170.36644409051766 23
1738726279498 169.70773991946996 24
1738726279502 167.5815231011886 25
1738726279506 166.34331415066163 26
1738726279509 169.75816259132594 27
1738726279513 168.62823848489796 28
1738726279516 167.3902298616564 29
1738726279520 172.6476644146007 30
1738726279523 168.0441155194198 31
1738726279527 168.1013850390221 32
1738726279531 168.72256141634085 33
1738726279534 167.7924275977739 34
1738726279538 166.78479359612516 35
1738726279542 167.65495377582306 36
1738726279545 166.88401101541214 37
1738726279549 168.8573263793257 38
1738726279553 167.6866417412869 39
1738726279556 170.05855562873836 40
1738726279560 165.87423577073318 41
1738726279564 166.11867934681771 42
1738726279567 168.9523015871928 43
1738726279571 169.91624516650242 44
1738726279575 169.53081068015948 45
1738726279578 169.63622499051885 46
1738726279582 168.6684532240086 47
1738726279585 168.93546169903706 48
1738726279589 167.9529114708228 49
1738726279592 168.512520736223 50
1738726279596 169.05109221460629 51
1738726279599 169.1763397761793 52
1738726279603 169.65181262834471 53
1738726279607 168.07251545291686 54
1738726279610 167.92609845889936 55
1738726279614 168.7377951190562 56
1738726279617 168.74144513061452 57
1738726279621 165.17831301286617 58
1738726279624 168.64815967102078 59
1738726279628 168.74355452083233 60
1738726279632 169.72378751049962 61
1738726279636 169.59270583202905 62
1738726279639 167.0525114565817 63
1738726279643 168.2336502229669 64
1738726279647 168.6801818243162 65
1738726279650 169.52825509649563 66
1738726279654 169.0333938488533 67
1738726279658 166.71928072054783 68
1738726279661 167.78495442394558 69
1738726279665 167.9490029379103 70
1738726279668 167.60818674256865 71
1738726279672 170.33312082641697 72
1738726279676 170.01164523280136 73
1738726279679 167.14054029166738 74
1738726279683 171.29276904177738 75
1738726279687 166.74217421192122 76
1738726279690 169.74986792875177 77
1738726279694 168.2129696093582 78
1738726279698 167.78843115314965 79
1738726279701 169.6750246897165 80
1738726279705 169.66355146955362 81
1738726279709 167.85188924865824 82
1738726279713 168.73795546272763 83
1738726279716 167.06548473594012 84
1738726279720 168.39025005225827 85
1738726279724 169.94748471489993 86
1738726279727 167.20198419127118 87
1738726279731 169.43222331885028 88
1738726279735 169.38366395951945 89
1738726279738 169.28039045713263 90
1738726279742 167.79826642562074 91
1738726279745 168.23537778931765 92
1738726279757 169.51448010073383 93
1738726279769 170.92490879271372 94
1738726279775 167.58274886543418 95
1738726279781 168.00125149932964 96
1738726279786 168.6363371841932 97
1738726279790 171.90402118034342 98
1738726279794 168.9295523386356 99
1738726279797 169.60387565030896 100
1738726279801 169.13641416275902 101
1738726279805 169.00520848057226 102
1738726279808 167.50679875530346 103
1738726279812 169.24352645894635 104
1738726279815 168.96660128987864 105
1738726279819 168.5426832435102 106
1738726279822 167.48357696405176 107
1738726279826 166.18513491410422 108
1738726279830 167.1430216702961 109
1738726279833 170.75288039856287 110
1738726279837 168.53742399885328 111
1738726279840 169.61850414314284 112
1738726279844 167.7188890712958 113
1738726279847 169.91267723696896 114
1738726279851 167.2970779328175 115
1738726279854 169.99611268831896 116
1738726279858 166.40602106321285 117
1738726279862 167.85085141334235 118
1738726279865 170.04654363735023 119
1738726279869 168.8021158132389 120
1738726279872 168.6269214768306 121
1738726279876 169.10827476839287 122
1738726279880 168.15737675969547 123
1738726279883 166.26554162227276 124
1738726279887 169.5058579410328 125
1738726279890 171.68690576453545 126
1738726279894 168.47370840411156 127
1738726279897 169.27378041346495 128
1738726279901 167.19955916214212 129
1738726279904 169.12363756458336 130
1738726279908 168.45401091286965 131
1738726279912 168.53250235912444 132
1738726279915 167.77854907241715 133
1738726279919 169.79011023594015 134
1738726279922 168.16252669636557 135
1738726279926 168.3529931587458 136
1738726279929 168.9634124020237 137
1738726279933 167.67919204764203 138
1738726279937 170.52175768110672 139
1738726279941 170.53297212380525 140
1738726279944 169.11237764027558 141
1738726279948 169.51255993683804 142
1738726279951 169.84059475580096 143
1738726279955 167.95350378333552 144
1738726279959 171.15761893141075 145
1738726279962 167.44840040370872 146
1738726279966 167.96241921399502 147
1738726279969 170.31515428544404 148
1738726279973 168.02074154791381 149
1738726279976 169.08545309638714 150
1738726279980 167.98136677679176 151
1738726279983 170.40120555805618 152
1738726279987 169.45301037014102 153
1738726279991 167.29834379382783 154
1738726279994 166.70146225101934 155
1738726279998 167.71057020245604 156
1738726280001 167.6820804170281 157
1738726280005 168.515193319938 158
1738726280008 166.74308139139976 159
1738726280012 170.78673796783562 160
