1738726170181 179.76342200576283 0
1738726170219 178.40550385590828 1
1738726170258 192.6931248869024 2
1738726170297 183.985413594577 3
1738726170336 138.61886280593737 4
1738726170377 171.25179395194098 5
1738726170417 159.76159098630492 6
1738726170458 181.20736669830546 7
1738726170498 176.27264231355431 8
1738726170538 188.38854221107468 9
1738726170578 159.67994084877293 10
1738726170616 174.96586986716935 11
1738726170655 176.34332563868196 12
1738726170694 177.37627795435273 13
1738726170732 162.04560818599668 14
1738726170770 170.51856875205883 15
1738726170808 118.69769623024763 16
1738726170846 137.58072706203598 17
1738726170885 143.58786534807854 18
1738726170923 232.31992913171823 19
1738726170961 131.59607226375593 20
1738726171001 108.74457627465033 21
1738726171040 170.6499022060486 22
1738726171080 164.5903783557987 23
1738726171120 156.00040840973455 24
1738726171161 166.03706684951374 25
1738726171230 174.13374722013793 26
1738726171271 147.67069796351257 27
1738726171314 180.0850881166836 28
1738726171354 168.11834173691844 29
1738726171396 164.5156261713419 30
1738726171436 175.77191147055763 31
1738726171477 167.8336348678847 32
1738726171517 179.336001748876 33
1738726171557 157.69103336910953 34
1738726171600 168.59552624423452 35
1738726171644 110.68609127975152 36
1738726171690 177.79554301812794 37
1738726171773 162.05609537109646 38
1738726171819 186.82588874774362 39
1738726171860 182.99443833285858 40
1738726171900 236.4519540764703 41
1738726171941 175.45211714668775 42
1738726171981 165.10452403183785 43
1738726172021 174.40928817199259 44
1738726172061 167.7754390497879 45
1738726172101 127.89246326787098 46
1738726172140 162.51413782435387 47
1738726172180 174.53363734728904 48
1738726172220 157.62180069386403 49
1738726172261 177.45389543165055 50
1738726172301 152.27474111537228 51
1738726172341 183.79660332685657 52
1738726172383 158.47558586244193 53
1738726172423 177.7686007208489 54
1738726172463 180.97259430864827 55
1738726172504 165.93745580742055 56
1738726172544 154.63938162217497 57
1738726172585 167.4951364207585 58
1738726172625 138.14410405390274 59
1738726172664 123.17030573283492 60
1738726172703 165.10345817711112 61
1738726172742 173.36807466044212 62
1738726172780 170.64329290377097 63
1738726172820 150.6151216335324 64
1738726172864 151.73054952264405 65
1738726172905 170.26711744425225 66
1738726172949 179.4516216332336 67
1738726172991 201.9338491446879 68
1738726173031 160.8703518842581 69
1738726173074 153.81996574560694 70
1738726173114 178.38659756633749 71
1738726173154 124.44700850979319 72
1738726173193 183.13657979673124 73
1738726173232 174.5243339889294 74
1738726173271 129.39236460790474 75
1738726173309 171.4383194090278 76
1738726173349 171.12780232546103 77
1738726173390 139.28051842323342 78
1738726173430 185.57818687670053 79
1738726173469 167.7467913920279 80
1738726173509 153.4307566144403 81
1738726173549 167.0300300680058 82
1738726173588 173.40392896945642 83
1738726173628 169.30390977623344 84
1738726173667 161.1061834568603 85
1738726173706 151.77290358041884 86
1738726173745 178.35439343765816 87
1738726173784 161.00590138582368 88
1738726173823 152.28322709681458 89
1738726173884 177.0161970989742 90
1738726173924 164.96137603821145 91
1738726173964 169.83370543044472 92
1738726174003 173.66113043378868 93
1738726174042 182.04127150021677 94
1738726174081 158.58174076767943 95
1738726174120 179.49737605984922 96
1738726174160 183.72266182411866 97
1738726174200 182.25600353158796 98
1738726174240 157.64656779913923 99
1738726174281 159.9122738482617 100
1738726174322 166.4478119012757 101
1738726174362 159.8275943924792 102
1738726174401 160.002906016559 103
1738726174440 153.07603535965657 104
1738726174479 209.16291732292342 105
1738726174518 152.56284737547531 106
1738726174556 168.99995020712146 107
1738726174595 169.05774107307934 108
1738726174633 172.9628646603988 109
1738726174671 170.79169715660225 110
1738726174710 177.69062943884214 111
1738726174749 190.78242061282066 112
1738726174787 154.92685603476332 113
1738726174825 191.17252235038103 114
1738726174863 172.5778081235191 115
1738726174901 196.33152022366576 116
1738726174940 153.04533169611636 117
1738726174977 171.68288279933148 118
1738726175015 172.2532000210867 119
1738726175053 212.687129073852 120
1738726175091 164.03083755982195 121
1738726175129 147.22212788331103 122
1738726175168 165.1238195696595 123
1738726175207 155.66288402289229 124
1738726175248 157.71939701239523 125
1738726175286 170.52641877000636 126
1738726175325 169.75567302486263 127
1738726175364 175.39342259041703 128
1738726175403 190.17804004485725 129
1738726175441 121.16899259554198 130
1738726175480 122.45187245043596 131
1738726175518 155.85509673235748 132
1738726175557 168.62498134103743 133
1738726175597 180.34870164010712 134
1738726175637 178.45955822155085 135
1738726175676 182.35401298841288 136
1738726175715 199.287765937364 137
1738726175753 141.8472393665803 138
1738726175791 134.19788684403386 139
1738726175829 169.39360592523735 140
1738726175867 176.49809779637135 141
1738726175905 175.71949532673798 142
1738726175944 162.66989177930336 143
1738726175984 165.89257794929046 144
1738726176023 173.79019983167214 145
1738726176063 174.52753629329018 146
1738726176102 179.34446005586366 147
1738726176141 187.25890880000378 148
1738726176179 190.58044135384324 149
1738726176217 167.27000585794337 150
1738726176255 177.89373308158804 151
1738726176293 151.93240738615583 152
1738726176331 168.77456232785315 153
1738726176370 173.79677298680843 154
1738726176410 111.42703655825044 155
1738726176449 99.95768966999438 156
1738726176489 150.4592596810927 157
1738726176528 177.2231522963826 158
1738726176567 181.36443982482564 159
1738726176607 166.18601503575024 160
1738726176646 186.6305061234277 161
1738726176685 176.38067645267552 162
1738726176724 155.11566444772393 163
1738726176763 163.46051658747896 164
1738726176801 189.31548978371296 165
1738726176840 165.52494499240692 166
1738726176878 161.00452355224112 167
1738726176916 169.24467403376485 168
1738726176954 172.44737062997834 169
1738726176992 131.21678712689769 170
1738726177030 150.88449860374985 171
1738726177068 159.64403423770736 172
1738726177105 174.81558455980627 173
1738726177143 164.05037179015835 174
1738726177181 177.41606390539638 175
1738726177219 169.20130692863663 176
1738726177257 176.41970305512152 177
1738726177295 183.37108236922342 178
1738726177333 177.56993868851455 179
1738726177371 200.9953463587521 180
1738726177409 147.89889891530657 181
1738726177447 191.4903294330829 182
1738726177484 174.05631012486094 183
1738726177522 143.85769541480565 184
1738726177560 195.24501741154748 185
1738726177598 176.80822737798792 186
1738726177635 226.98742061670623 187
1738726177674 154.25821323084702 188
1738726177711 175.61216716316812 189
1738726177749 144.11215513092395 190
1738726177787 178.5862099199824 191
1738726177825 159.2547830741623 192
1738726177862 167.62427691499727 193
1738726177900 153.51962090207448 194
1738726177938 154.05762772523738 195
1738726177975 203.04947254106827 196
1738726178013 152.79743583870788 197
1738726178051 181.74927296597025 198
1738726178088 157.16127379114167 199
1738726178126 155.48622672948397 200
1738726178163 165.1396020339169 201
1738726178200 181.11935936116188 202
1738726178238 179.81616917601087 203
1738726178275 163.7048885817628 204
1738726178312 142.0367820284206 205
1738726178350 153.96038466669827 206
1738726178387 176.08679808973181 207
1738726178424 193.00872952383236 208
1738726178461 172.09912652560615 209
1738726178499 167.6512073015201 210
1738726178536 196.08422060368633 211
1738726178574 182.2498698895536 212
1738726178611 157.48081711031125 213
1738726178649 155.77445728297076 214
1738726178686 171.45987295501592 215
1738726178724 170.4050183041525 216
1738726178761 179.38012266319026 217
1738726178798 153.7879539239475 218
1738726178836 183.2321172864379 219
1738726178873 202.29432984075248 220
1738726178910 157.1869948561302 221
1738726178947 180.57979598652537 222
1738726178985 173.22928815607963 223
1738726179022 176.9231241130486 224
1738726179059 157.5434597533141 225
1738726179097 157.1212984237429 226
1738726179134 153.0655105566369 227
1738726179171 171.64028853107794 228
1738726179208 180.37291166811838 229
1738726179246 173.29205941399704 230
1738726179283 168.45105785645472 231
1738726179320 172.69981598116956 232
1738726179357 158.66424969077082 233
1738726179395 152.10235767388485 234
1738726179439 165.49854394510405 235
1738726179478 163.662618568976 236
1738726179517 145.81675125381912 237
1738726179556 143.17571351713852 238
1738726179594 157.21948749631528 239
1738726179633 173.0114473241445 240
1738726179671 130.7347250135822 241
1738726179710 176.40229713220722 242
1738726179749 157.5052662239913 243
1738726179787 163.18542063189713 244
1738726179826 152.4466070888471 245
1738726179864 155.9295968728536 246
1738726179902 191.71291764183553 247
1738726179940 167.88474945730297 248
1738726179978 154.0512654760753 249
1738726180017 184.75659579782177 250
1738726180055 160.23346050663847 251
1738726180093 165.57217234420796 252
1738726180131 188.02238129342373 253
1738726180169 182.2019876442343 254
1738726180207 247.6149781447432 255
1738726180245 187.2387345453646 256
1738726180283 166.45326419957576 257
1738726180321 272.27279771892023 258
1738726180359 169.6601341584645 259
1738726180398 139.12737379155817 260
1738726180436 185.0504643924238 261
1738726180474 140.09802295343437 262
1738726180511 136.81922943003374 263
1738726180549 188.0123401452339 264
1738726180587 202.2245945850134 265
1738726180625 174.35498926239032 266
1738726180662 190.83437099816732 267
1738726180701 177.12928619781374 268
1738726180739 174.89705205876754 269
1738726180776 187.1333833205126 270
1738726180814 165.07346099640267 271
1738726180852 171.22561168491674 272
1738726180890 190.97865397428157 273
1738726180927 190.82728583138157 274
1738726180965 161.66385533473996 275
1738726181002 180.32597039905718 276
1738726181040 168.56405308798438 277
1738726181077 174.77850423666857 278
1738726181115 183.54309460217237 279
1738726181152 209.11805167956933 280
1738726181190 134.30647388651522 281
1738726181227 176.6730920652601 282
1738726181264 151.58284899333307 283
1738726181302 184.49361836202556 284
1738726181339 162.36837684647773 285
1738726181377 164.6844569980588 286
1738726181414 148.8449018718685 287
1738726181452 165.14782574923035 288
1738726181489 163.92766559661848 289
1738726181527 181.05290169494475 290
1738726181564 173.66707857384938 291
1738726181602 171.72433271688737 292
1738726181639 165.79932121593424 293
1738726181677 183.31328757364133 294
1738726181714 183.46920820526017 295
1738726181752 177.37298893070044 296
1738726181789 137.0545783584354 297
1738726181826 151.59108691529656 298
1738726181864 173.8976774785678 299
1738726181901 161.0911095259717 300
1738726181938 189.04274114302982 301
1738726181976 173.83749088057658 302
1738726182013 190.11178457314392 303
1738726182051 153.86969353816025 304
1738726182088 148.823995161631 305
1738726182126 185.87297810290212 306
1738726182164 156.56546341662514 307
1738726182201 132.19046873186502 308
1738726182238 184.93730619523086 309
1738726182276 180.93081790895127 310
1738726182313 126.52119597723677 311
1738726182350 200.5347303003045 312
1738726182389 177.64914999034622 313
1738726182428 171.70427651790243 314
1738726182466 183.04354654110452 315
1738726182504 146.0895324443118 316
1738726182542 168.62686218460476 317
1738726182580 166.2379454947143 318
1738726182618 195.81015915691063 319
1738726182657 150.99326921431916 320
1738726182704 174.59097296393472 321
1738726182757 167.4750066387034 322
1738726182802 143.2170219796176 323
1738726182844 145.50702480902373 324
1738726182884 181.19545017150114 325
1738726182923 167.96557259183712 326
1738726182962 169.68792355457833 327
1738726183000 175.83840250658292 328
1738726183039 173.74366928353885 329
1738726183078 149.60441572636378 330
1738726183116 174.29244742097086 331
1738726183154 165.77754206802837 332
1738726183192 165.8438543003902 333
1738726183229 164.56755462726514 334
1738726183267 163.24616165574201 335
1738726183304 164.08126105799414 336
1738726183342 170.02481956028487 337
1738726183380 178.2297500709146 338
1738726183417 185.71656030554507 339
1738726183455 181.4063646946969 340
1738726183492 153.3896675644526 341
1738726183530 154.4262618649272 342
1738726183567 162.27463148453546 343
1738726183605 169.54359759276454 344
1738726183642 156.35295093379932 345
1738726183680 311.784451672403 346
1738726183717 172.3527920582753 347
1738726183755 149.65124489020903 348
1738726183792 162.0462322941218 349
1738726183830 173.46911028217727 350
1738726183869 177.4291855207587 351
1738726183907 187.18239323797184 352
1738726183953 153.30084846216948 353
1738726183997 161.61028619287677 354
1738726184036 178.61305551539172 355
1738726184076 147.14451313885561 356
1738726184115 139.69303231029588 357
1738726184154 180.519044784218 358
1738726184193 155.1060255997175 359
1738726184234 157.5275152802759 360
1738726184273 129.7507820602529 361
1738726184311 178.7754996516218 362
1738726184349 155.67268311681332 363
1738726184388 156.1286112773052 364
1738726184426 169.6915364414851 365
1738726184466 158.61404702873577 366
1738726184504 180.72025571681982 367
1738726184544 178.40309276693407 368
1738726184584 155.17543291022977 369
1738726184622 138.41722836434886 370
1738726184662 171.56080362986853 371
1738726184701 151.9201808876305 372
1738726184741 178.51099733764661 373
1738726184780 132.38667132026254 374
1738726184821 168.88214255495362 375
1738726184861 160.6859729306579 376
1738726184901 186.72206260251008 377
1738726184940 182.92983537801962 378
1738726184980 179.49626147781692 379
1738726185019 183.79096530175696 380
1738726185059 165.57144677504348 381
1738726185099 164.09295407208126 382
1738726185137 181.85913642254934 383
1738726185175 179.07114215932725 384
1738726185213 165.28289753012507 385
1738726185252 173.56061525415825 386
1738726185291 178.05457159027688 387
1738726185331 160.40124349867997 388
1738726185370 192.19405325297055 389
1738726185410 155.83076026787583 390
1738726185450 203.37118687438175 391
1738726185490 152.36450216207248 392
1738726185530 163.61418193541516 393
1738726185570 141.5187733661658 394
1738726185610 116.86753415528149 395
1738726185649 186.0004584953643 396
1738726185688 168.36188612346908 397
1738726185729 167.5328202235549 398
1738726185768 187.22857503398473 399
1738726185808 132.82778429361684 400
1738726185848 167.95251555806615 401
1738726185889 170.40584356438424 402
1738726185929 145.10897833100822 403
1738726185969 210.78558885085053 404
1738726186010 149.72553937369045 405
1738726186049 174.00075582905706 406
1738726186088 173.16688377199404 407
1738726186128 163.09019560464674 408
1738726186167 175.75476810719368 409
1738726186206 180.95225993331505 410
1738726186245 195.88993552573052 411
1738726186284 159.7126836195421 412
1738726186322 153.1219055799229 413
1738726186360 172.2986548313948 414
1738726186400 164.47145839409487 415
1738726186439 160.62688948420606 416
1738726186478 208.16983208755872 417
1738726186518 193.94129510366744 418
1738726186558 163.92139869269883 419
1738726186598 163.80777194132799 420
1738726186638 171.52797467851306 421
1738726186678 167.05162584180835 422
1738726186720 151.19855617894424 423
1738726186759 187.8281313032685 424
1738726186799 217.05928258114204 425
1738726186840 156.86337382962932 426
1738726186911 170.69438092281476 427
1738726186953 169.49594983898075 428
1738726186994 173.42336649073363 429
1738726187041 167.8549116842802 430
1738726187084 193.99015220919551 431
1738726187126 194.83982264474233 432
1738726187168 185.46301310874813 433
1738726187209 150.81334764560333 434
1738726187251 200.52634256094157 435
1738726187291 128.63046119358077 436
1738726187332 112.27124567114272 437
1738726187372 196.7084717569148 438
1738726187412 181.3774634717987 439
1738726187453 172.37016172589568 440
1738726187493 199.08044199352034 441
1738726187534 192.74282793756888 442
1738726187575 163.81778291385265 443
1738726187614 172.19232171992826 444
1738726187655 185.95423026357557 445
1738726187694 166.611896132636 446
1738726187734 161.93314741538342 447
1738726187773 151.3620998636665 448
1738726187837 164.546974245734 449
1738726187878 141.88469635133947 450
1738726187917 155.94626439638228 451
1738726187956 171.9914936177783 452
1738726187995 168.6791010303592 453
1738726188036 184.80848558722167 454
1738726188075 139.92834474882704 455
1738726188113 201.96889339088455 456
1738726188151 180.62152648171877 457
1738726188190 173.03640690241446 458
1738726188228 171.3137950277757 459
1738726188267 163.09693563589832 460
1738726188305 167.73288650547104 461
1738726188344 179.90901563423301 462
1738726188382 168.10410220350738 463
1738726188420 133.08723317224423 464
1738726188458 169.18126433408727 465
1738726188496 163.45661011456318 466
1738726188534 153.24745287855012 467
1738726188572 195.63581611430777 468
1738726188610 117.55286885761856 469
1738726188648 162.61361521899136 470
1738726188685 160.38779300984018 471
1738726188723 186.370395329566 472
1738726188761 145.7366820496091 473
1738726188799 152.33471719508597 474
1738726188840 190.45269484651024 475
1738726188880 190.5643138687791 476
1738726188919 178.63350365340378 477
1738726188958 142.01292593063587 478
1738726188996 149.157118426519 479
1738726189035 145.09169619268107 480
1738726189073 130.48743899361662 481
1738726189110 149.7197473726754 482
1738726189148 173.35223109796078 483
1738726189186 174.94110315167427 484
1738726189224 174.99165366074624 485
1738726189262 181.58524457302497 486
1738726189299 161.56449333129615 487
1738726189337 152.53133332181375 488
1738726189375 164.39548576426301 489
1738726189413 206.3736539446099 490
1738726189451 165.02072675370036 491
1738726189488 158.09637581436576 492
1738726189527 178.5442373344937 493
1738726189566 201.61566452751424 494
1738726189605 178.04596664783577 495
1738726189644 183.0406483086615 496
1738726189683 163.96099092238217 497
1738726189721 184.71344597450624 498
1738726189760 164.7570655300637 499
