1738724708574 220.16413959485203 0
1738724708603 161.94317570652657 1
1738724708632 222.8066749804087 2
1738724708661 129.2775419452988 3
1738724708690 125.86753724881137 4
1738724708720 125.49759061659931 5
1738724708749 125.43923909525193 6
1738724708779 285.036261853263 7
1738724708808 169.27585479098522 8
1738724708837 165.9592850030221 9
1738724708866 214.33014543802597 10
1738724708895 185.6117548106289 11
1738724708923 201.61175911839265 12
1738724708952 126.26540881195584 13
1738724708981 138.84222778814762 14
1738724709010 198.2229000833985 15
1738724709038 193.89674160454337 16
1738724709067 226.94421722088748 17
1738724709096 218.03043942056 18
1738724709125 179.8999317262806 19
1738724709153 152.72756369544794 20
1738724709182 241.10495309836654 21
1738724709211 154.87073854790515 22
1738724709240 133.6553416351933 23
1738724709269 122.32321966557399 24
1738724709297 131.10684651843334 25
1738724709327 236.73245479390945 26
1738724709355 227.3864466237666 27
1738724709384 206.82366399802015 28
1738724709413 160.02906922912308 29
1738724709442 211.64047033466608 30
1738724709470 161.22198632858544 31
1738724709499 156.499874583353 32
1738724709527 194.58736388520808 33
1738724709556 168.64528632243582 34
1738724709585 196.63750415826422 35
1738724709613 173.12833115609376 36
1738724709642 208.92229121774503 37
1738724709670 193.36737511763562 38
1738724709699 149.54446784743644 39
1738724709728 219.9502637411563 40
1738724709756 136.45920724027147 41
1738724709785 143.93510305282172 42
1738724709813 151.10451567560295 43
1738724709842 213.40102069471655 44
1738724709870 122.25151640183942 45
1738724709899 210.89342297348284 46
1738724709928 146.42232335407405 47
1738724709956 157.91885837090678 48
1738724709985 165.56755202205144 49
1738724710013 186.9564911965836 50
1738724710042 174.08885739913237 51
1738724710070 139.28676172367577 52
1738724710099 172.35083929357128 53
1738724710127 64.55691482294 54
1738724710156 152.966468173455 55
1738724710184 74.13422422685024 56
1738724710213 119.46241089874596 57
1738724710241 183.9841727748151 58
1738724710270 268.6837741146589 59
1738724710298 248.34629742093514 60
1738724710327 159.99116740041458 61
1738724710356 196.88245327027514 62
1738724710384 142.67104614919137 63
1738724710412 60.83491000979267 64
1738724710441 101.25646559450136 65
1738724710469 231.1437597462222 66
1738724710498 181.4265978546734 67
1738724710526 169.74227171936687 68
1738724710555 49.868192014777186 69
1738724710583 33.21603312104442 70
1738724710612 406.1833165370736 71
1738724710640 204.35333998857945 72
1738724710669 209.97357759960767 73
1738724710697 120.20674397827736 74
1738724710725 144.77226486167794 75
1738724710754 163.52155180155304 76
1738724710782 256.77336434783615 77
1738724710811 163.21661151618494 78
1738724710839 135.17962939332995 79
1738724710868 94.73317801957353 80
1738724710896 218.0692245531986 81
1738724710925 186.22351094322872 82
1738724710953 100.1486837973549 83
1738724710982 181.82426888688366 84
1738724711010 255.46111222564952 85
1738724711039 148.5301100290596 86
1738724711067 118.29876843421019 87
1738724711095 221.13591562269653 88
1738724711124 185.96684038785224 89
1738724711152 214.41988543348234 90
1738724711181 147.2075783283311 91
1738724711209 102.60625422074651 92
1738724711238 162.53121735837604 93
1738724711266 138.4104612671163 94
1738724711295 141.56972688710408 95
1738724711323 125.97757371300595 96
1738724711352 174.51705271161026 97
1738724711381 197.74937014851227 98
1738724711409 131.978444491296 99
1738724711438 208.49781077957041 100
1738724711466 155.21572494284086 101
1738724711495 390.08139782142047 102
1738724711523 130.92435682135556 103
1738724711552 128.63529969603036 104
1738724711580 185.19509971662708 105
1738724711609 175.86823762778337 106
1738724711637 141.49862569757443 107
1738724711665 153.93745403065418 108
1738724711694 227.47687704872956 109
1738724711722 135.50223729670594 110
1738724711751 140.6824243525434 111
1738724711779 169.44778270862247 112
1738724711808 148.96148873569499 113
1738724711836 178.26672529314786 114
1738724711865 217.38792997575212 115
1738724711893 200.614550665187 116
1738724711922 47.29726147958826 117
1738724711950 140.93085056932716 118
1738724711979 227.39117706313274 119
1738724712007 108.78637470533272 120
1738724712036 142.05280232908999 121
1738724712064 212.83802763218333 122
1738724712093 318.1956305973434 123
1738724712121 105.60895914529674 124
1738724712150 209.33832661578234 125
1738724712178 190.06583382410247 126
1738724712207 75.79726313885848 127
1738724712235 120.13989834688275 128
1738724712264 159.21024064460894 129
1738724712292 332.18704443071084 130
1738724712321 184.2038880561216 131
1738724712349 151.47785292115245 132
1738724712378 235.4204164275411 133
1738724712406 417.3262005829382 134
1738724712435 152.52827243099125 135
1738724712463 100.95440140764161 136
1738724712491 157.47530834150905 137
1738724712520 142.3117183463722 138
1738724712548 233.31287018678796 139
1738724712577 117.9940996731087 140
1738724712605 172.5489538919315 141
1738724712633 217.71493948526532 142
1738724712662 145.72828350051964 143
1738724712690 184.4028329972205 144
1738724712718 46.731279928577756 145
1738724712747 282.3245568936339 146
1738724712775 113.57881586787082 147
1738724712803 154.71184939796478 148
1738724712832 111.59691082875213 149
1738724712860 288.02436261889665 150
1738724712888 131.48925374601342 151
1738724712916 147.5170168677207 152
1738724712945 198.4268947143365 153
1738724712973 91.68061554552467 154
1738724713002 187.13348696059703 155
1738724713030 179.51045505562135 156
1738724713058 221.98426795989144 157
1738724713087 53.118100575742 158
1738724713115 231.69848979395223 159
1738724713144 189.08681119733168 160
1738724713172 105.6575709586669 161
1738724713201 187.8522462263682 162
1738724713229 253.91617110741385 163
1738724713257 215.2998611210582 164
1738724713285 145.31144113057456 165
1738724713314 196.62513702502483 166
1738724713342 101.47991096236439 167
1738724713371 206.3706572607194 168
1738724713399 120.17615511446554 169
1738724713428 86.63005274291827 170
1738724713456 178.16683169957884 171
1738724713485 167.3323425186212 172
1738724713513 180.07239630525453 173
1738724713542 129.98842935523334 174
1738724713570 207.17743700116705 175
1738724713598 186.1786521348914 176
1738724713627 182.36619553833526 177
1738724713655 109.72620037726034 178
1738724713683 188.0694519724434 179
1738724713712 160.3436195302848 180
1738724713740 240.75714047310038 181
1738724713769 100.567263694295 182
1738724713797 204.37735070002535 183
1738724713825 107.72310666631775 184
1738724713853 150.3951117573107 185
1738724713882 162.45234214820886 186
1738724713910 206.01630722417548 187
1738724713938 246.98920695653564 188
1738724713971 199.01240374162575 189
1738724713999 250.0278183030852 190
1738724714027 144.48341610044014 191
1738724714056 204.83125163229175 192
1738724714084 170.32076156817004 193
1738724714112 119.33565497300096 194
1738724714140 90.3316332704507 195
1738724714169 205.41053970203308 196
1738724714197 86.98109592708931 197
1738724714226 180.64674033219472 198
1738724714254 167.26030979128655 199
1738724714282 187.29575965287492 200
1738724714310 149.68815562840044 201
1738724714340 238.72324660472262 202
1738724714369 106.54404488074874 203
1738724714398 120.21620131931323 204
1738724714427 131.62406986219128 205
1738724714456 126.67922505441342 206
1738724714485 129.64763267105212 207
1738724714515 142.90705307925248 208
1738724714544 144.17174554485692 209
1738724714573 167.4079500603106 210
1738724714602 91.19411907991967 211
1738724714630 94.77510310235662 212
1738724714660 145.2489938633064 213
1738724714688 166.2616629897611 214
1738724714717 137.9327062540453 215
1738724714746 79.11660143534168 216
1738724714775 193.5918499473512 217
1738724714804 168.3951707867672 218
1738724714833 179.6297051911887 219
1738724714862 155.1302951676585 220
1738724714890 114.54141399216716 221
1738724714919 190.89418693242945 222
1738724714948 171.7167025496968 223
1738724714977 105.36330104659002 224
1738724715005 267.84630168191137 225
1738724715034 100.45643472208705 226
1738724715062 250.43205244512652 227
1738724715091 265.26872697038806 228
1738724715120 144.43463924373316 229
1738724715148 130.34915549308445 230
1738724715177 194.4095201577019 231
1738724715206 171.33540443284951 232
1738724715234 180.34532212415508 233
1738724715263 215.38468953294446 234
1738724715291 150.5268850298131 235
1738724715320 272.61668413681076 236
1738724715349 148.08934002128575 237
1738724715377 147.84626907687186 238
1738724715406 192.38710916025423 239
1738724715434 84.76452672395416 240
1738724715463 342.4357399422358 241
1738724715492 113.96788963613696 242
1738724715520 184.23925327303675 243
1738724715549 124.61856883326773 244
1738724715577 225.15427495715977 245
1738724715606 125.41030064958554 246
1738724715634 229.93426953066628 247
1738724715662 84.80237216696831 248
1738724715691 142.14746667795046 249
1738724715719 216.88254391855844 250
1738724715747 231.9970641763974 251
1738724715776 190.33595897609763 252
1738724715804 199.59020592950017 253
1738724715833 244.77674954333165 254
1738724715861 210.45586562006307 255
1738724715889 203.31436851361008 256
1738724715918 174.87915946396453 257
1738724715946 171.75801122367062 258
1738724715974 178.6086387991925 259
1738724716002 119.73807059247078 260
1738724716031 255.00182120975467 261
1738724716059 160.77222785675482 262
1738724716087 195.21914060560124 263
1738724716115 185.74862181763754 264
1738724716144 120.1960279916023 265
1738724716172 47.67277682323675 266
1738724716200 89.48572805651355 267
1738724716228 154.9864776164021 268
1738724716257 233.7411228396686 269
1738724716285 224.7992806830109 270
1738724716313 160.06057877274685 271
1738724716342 63.41799893921616 272
1738724716370 248.09711592377 273
1738724716398 181.66754470993828 274
1738724716426 176.088698165712 275
1738724716454 106.88229894078778 276
1738724716483 162.7206676665316 277
1738724716511 181.22318754094576 278
1738724716539 162.3821905484664 279
1738724716568 75.39471597209437 280
1738724716596 201.0788976285909 281
1738724716624 163.88117595420337 282
1738724716652 185.18186605820762 283
1738724716681 549.4129446085904 284
1738724716709 180.37474466216656 285
1738724716737 175.46202668489684 286
1738724716765 228.37595672245237 287
1738724716794 166.71585223593718 288
1738724716822 120.9497235311392 289
1738724716851 151.23374107387323 290
1738724716879 130.53901931839104 291
1738724716907 240.3249793046124 292
1738724716936 214.95489554419257 293
1738724716964 128.0040701136753 294
1738724716992 130.42443601663246 295
1738724717021 177.46815756333436 296
1738724717049 169.6984798462981 297
1738724717077 166.57564500369526 298
1738724717106 155.37507873618532 299
1738724717134 79.80224319544936 300
1738724717162 140.09534703835547 301
1738724717190 217.44340309745576 302
1738724717219 105.76303727497383 303
1738724717247 166.63016994529823 304
1738724717275 159.02894179226428 305
1738724717304 186.32603321325286 306
1738724717332 171.13470922818559 307
1738724717360 220.22959808460058 308
1738724717388 110.92135550649195 309
1738724717417 174.34063501422034 310
1738724717445 186.08747891688412 311
1738724717473 210.72781213237238 312
1738724717502 242.71256688912553 313
1738724717530 175.10556460123146 314
1738724717559 189.39916647941152 315
1738724717587 169.8327158785745 316
1738724717615 227.36418977989942 317
1738724717643 334.7565625563057 318
1738724717671 108.01869168362875 319
1738724717700 161.27025001952208 320
1738724717728 80.51302080056863 321
1738724717756 353.8867920368182 322
1738724717784 131.01853560212828 323
1738724717812 151.74098199552924 324
1738724717840 199.79408566344276 325
1738724717869 303.1619337543812 326
1738724717897 216.29949616908672 327
1738724717925 94.4339405728397 328
1738724717953 186.94879433663135 329
1738724717982 160.59972159522158 330
1738724718010 129.48607868847355 331
1738724718038 141.30982132909628 332
1738724718066 205.99842709092744 333
1738724718095 165.8537950471944 334
1738724718123 38.63067988411275 335
1738724718151 152.49043391333902 336
1738724718179 145.95024646708515 337
1738724718208 144.69598619478188 338
1738724718237 148.85481569316627 339
1738724718266 474.5110113003335 340
1738724718295 147.87129233063916 341
1738724718325 226.56066770317886 342
1738724718354 204.66041060907085 343
1738724718383 100.7809977590998 344
1738724718412 289.93421114930845 345
1738724718441 132.40026923837226 346
1738724718470 160.20261420144664 347
1738724718499 207.69280081213918 348
1738724718528 185.3330337440126 349
1738724718557 131.55437291015556 350
1738724718586 221.69960267469847 351
1738724718615 240.43883203858462 352
1738724718644 243.73426195377226 353
1738724718673 163.25738492377837 354
1738724718702 160.701411222326 355
1738724718731 140.1553256605337 356
1738724718760 157.70623861328167 357
1738724718789 79.75559285663898 358
1738724718818 163.74116029545107 359
1738724718847 226.11355517460245 360
1738724718876 185.9705009029795 361
1738724718905 146.05970121830293 362
1738724718934 142.1236035884357 363
1738724718963 169.99260768198684 364
1738724718991 196.61704307921113 365
1738724719020 206.59499748554256 366
1738724719049 173.8106727690981 367
1738724719078 86.36406287817181 368
1738724719107 135.64149885531958 369
1738724719136 145.36129290255914 370
1738724719165 171.26467973852533 371
1738724719194 363.21791893837417 372
1738724719223 88.6616675964121 373
1738724719252 140.0028814453911 374
1738724719280 239.5985599131832 375
1738724719309 180.36463935638616 376
1738724719338 112.41156497250317 377
1738724719367 141.30491947610838 378
1738724719396 383.9618084407033 379
1738724719425 95.9853821940086 380
1738724719454 293.06681280782766 381
1738724719482 149.7327034785188 382
1738724719511 193.9925283831827 383
1738724719540 137.212308723641 384
1738724719569 144.88591744162213 385
1738724719598 199.87541212390533 386
1738724719626 162.5132903223397 387
1738724719655 344.27347948624237 388
1738724719684 164.27111243198792 389
1738724719713 155.412804119573 390
1738724719742 187.64254034585596 391
1738724719770 196.54463607902548 392
1738724719799 151.32525007054235 393
1738724719828 94.64881215161884 394
1738724719857 194.22278208146463 395
1738724719885 45.08071605384141 396
1738724719914 93.95370020614736 397
1738724719942 120.4806124588764 398
1738724719971 156.33624528127797 399
1738724719999 173.77564138231145 400
1738724720028 121.25764297418438 401
1738724720056 122.73797880256598 402
1738724720084 148.66091742153776 403
1738724720113 169.1402984251959 404
1738724720141 257.53333149280365 405
1738724720170 206.9973310362796 406
1738724720198 185.30601441035913 407
1738724720227 90.62417805104961 408
1738724720255 177.59097075314403 409
1738724720283 98.98092212509601 410
1738724720312 50.49168820216454 411
1738724720340 306.0630145156036 412
1738724720369 122.7166494843358 413
1738724720397 144.38884858638843 414
1738724720425 132.17277156886138 415
1738724720454 170.14571403452015 416
1738724720483 198.42456620390044 417
1738724720511 145.79348360777243 418
1738724720545 265.8555675200277 419
1738724720574 188.8236696125742 420
1738724720603 132.34652639982014 421
1738724720631 267.4480540356077 422
1738724720661 230.67323218660553 423
1738724720690 160.1044329470657 424
1738724720718 242.1933463079129 425
1738724720747 163.71027249264884 426
1738724720776 161.77641751383177 427
1738724720805 186.71520084621247 428
1738724720833 88.3664492839392 429
1738724720862 237.57098148217798 430
1738724720891 131.388915383024 431
1738724720920 200.59667712559016 432
1738724720948 189.9525519465817 433
1738724720977 210.43367611623253 434
1738724721006 198.10373763433387 435
1738724721034 114.68954690711114 436
1738724721063 149.56407495120482 437
1738724721091 86.77234446383774 438
1738724721120 237.5500362450649 439
1738724721148 132.2347049489217 440
1738724721177 61.925145984096666 441
1738724721205 76.15650704538514 442
1738724721234 218.7672046318783 443
1738724721262 158.7464770713695 444
1738724721291 149.10427222468536 445
1738724721319 111.50973873062647 446
1738724721347 183.0709440349504 447
1738724721376 196.02972161523027 448
1738724721404 112.84543854148866 449
1738724721433 147.56602626014242 450
1738724721461 177.8140915749765 451
1738724721489 143.86758483571526 452
1738724721518 283.3740547732899 453
1738724721546 167.17977525589697 454
1738724721574 145.655760945738 455
1738724721603 125.49204484813103 456
1738724721632 136.95166443654634 457
1738724721660 164.62077703096656 458
1738724721689 131.24879034670388 459
1738724721717 30.582527874781263 460
1738724721745 177.81758354180909 461
1738724721774 154.37677036532293 462
1738724721802 210.502533450293 463
1738724721830 134.3757118974182 464
1738724721859 195.82537348855874 465
1738724721887 169.7540473276607 466
1738724721915 191.10578401848002 467
1738724721943 187.94023193937585 468
1738724721971 148.9912842249196 469
1738724722000 202.70576148648652 470
1738724722028 175.38363104092122 471
1738724722056 96.21354962309232 472
1738724722085 274.24628610472024 473
1738724722113 165.97037658437932 474
1738724722141 117.6873475531643 475
1738724722169 145.90057825303077 476
1738724722198 142.40556181686972 477
1738724722226 116.62649450648424 478
1738724722254 189.60571067747986 479
1738724722282 143.26314786829772 480
1738724722318 161.31911603124865 481
1738724722348 123.89556658661984 482
1738724722378 137.7563386366418 483
1738724722408 112.33460282580472 484
1738724722437 278.6261602853743 485
1738724722466 145.47890151465904 486
1738724722495 199.62692557143907 487
1738724722524 227.2009631035932 488
1738724722553 139.2915603888209 489
1738724722582 216.4565634968744 490
1738724722611 171.57294088262006 491
1738724722639 116.73457850820138 492
1738724722668 134.92738240064483 493
1738724722697 244.8298795157022 494
1738724722726 98.39602688574134 495
1738724722755 128.9255759731491 496
1738724722784 161.26288654940646 497
1738724722812 201.71717923716992 498
1738724722841 171.4249613912767 499
