1738726280821 169.18741205085072 0
1738726280825 167.18828741026016 1
1738726280828 169.6954123032144 2
1738726280832 169.2212474803986 3
1738726280836 171.28972097927948 4
1738726280839 172.7384953317677 5
1738726280843 166.04191691797746 6
1738726280847 169.90362744162064 7
1738726280850 169.827263633 8
1738726280854 167.90668413271925 9
1738726280858 167.56480368421683 10
1738726280861 169.93276030816017 11
1738726280865 168.14751270780894 12
1738726280869 169.40743590897333 13
1738726280872 170.02396543339253 14
1738726280876 167.2826420961001 15
1738726280879 169.71708247546928 16
1738726280883 169.181355246783 17
1738726280887 168.4485261810301 18
1738726280890 167.2281912096447 19
1738726280894 168.590874997434 20
1738726280897 168.60906191188698 21
1738726280901 168.01740622132752 22
1738726280905 167.71875976695102 23
1738726280908 167.05555274951246 24
1738726280912 169.82419305130847 25
1738726280915 170.03878912277634 26
1738726280919 168.96104570159724 27
1738726280922 169.9736881583426 28
1738726280926 166.18756554742492 29
1738726280929 167.00674320239887 30
1738726280933 168.87337069568943 31
1738726280937 168.00327776979495 32
1738726280940 166.73798552310924 33
1738726280944 166.82896443086386 34
1738726280948 170.23504594753214 35
1738726280951 167.84329486588953 36
1738726280955 166.6067371261511 37
1738726280958 169.0614381690769 38
1738726280962 167.51112901988216 39
1738726280965 167.19558180596763 40
1738726280969 169.85853762377604 41
1738726280973 169.91462736999972 42
1738726280976 168.19213977015568 43
1738726280980 169.41041901557568 44
1738726280983 168.01263378473823 45
1738726280987 170.31908753751384 46
1738726280990 167.80839241574992 47
1738726280994 169.1145753794909 48
1738726280998 170.50033679868392 49
1738726281001 171.61427861681702 50
1738726281005 168.51777391788076 51
1738726281008 169.4003176651347 52
1738726281012 169.27539604886556 53
1738726281016 168.3545428142989 54
1738726281019 166.765659844939 55
1738726281023 167.02405964779803 56
1738726281027 167.7367503598275 57
1738726281030 169.44731508193968 58
1738726281034 169.35811796617932 59
1738726281037 168.57670653701453 60
1738726281041 168.67172268732432 61
1738726281044 168.0157895316711 62
1738726281048 168.71024778865967 63
1738726281052 170.25931133056972 64
1738726281055 168.50468098555342 65
1738726281059 168.8873737640521 66
1738726281062 168.69030909564515 67
1738726281066 169.1651663978507 68
1738726281069 168.60727097820347 69
1738726281073 169.19727263123553 70
1738726281077 170.52351128413045 71
1738726281080 172.19962102369144 72
1738726281084 168.99459585768602 73
1738726281087 168.52383184329483 74
1738726281091 167.16127530793526 75
1738726281094 169.30145010511407 76
1738726281098 168.325342018485 77
1738726281102 168.74606824600863 78
1738726281105 169.51981354760363 79
1738726281109 168.03562867496439 80
1738726281112 166.74830472945405 81
1738726281116 167.10096001277893 82
1738726281119 167.07674887191024 83
1738726281123 170.55570566990795 84
1738726281127 168.10958091755268 85
1738726281131 169.53841136089568 86
1738726281134 169.24381962364765 87
1738726281138 168.05807328104646 88
1738726281142 168.18226952906423 89
1738726281146 168.9863927190166 90
1738726281149 168.54805598517726 91
1738726281153 170.98458833900276 92
1738726281157 169.48113347218947 93
1738726281160 169.27512719917092 94
1738726281164 170.5249230622732 95
1738726281168 169.50084822434246 96
1738726281171 166.7201382164527 97
1738726281175 168.45357489539302 98
1738726281179 168.46961371499887 99
1738726281182 167.8446713262636 100
1738726281186 166.61123808038798 101
1738726281189 168.999218751075 102
1738726281193 166.55405618082474 103
1738726281197 169.0747412779168 104
1738726281200 168.45344734970524 105
1738726281204 168.88959992344235 106
1738726281208 170.08896920682454 107
1738726281211 168.26409619258294 108
1738726281215 169.861674769079 109
1738726281218 168.76365941091126 110
1738726281222 168.7002516981874 111
1738726281225 169.28871399337118 112
1738726281229 168.02709925211772 113
1738726281233 168.7698592197057 114
1738726281236 170.27781040972695 115
1738726281240 167.41952277901078 116
1738726281243 167.48738195622332 117
1738726281247 168.96216521852577 118
1738726281251 166.42035380255155 119
1738726281254 170.6973158265111 120
1738726281258 171.92223164172805 121
1738726281261 170.0140421298087 122
1738726281265 169.86686559836485 123
1738726281268 168.52193978448986 124
1738726281272 164.8275876981728 125
1738726281276 169.64361588623066 126
1738726281279 168.0434262162203 127
1738726281283 169.87156874361898 128
1738726281286 169.0742027739227 129
1738726281290 168.2497939120202 130
1738726281294 166.9245004220471 131
1738726281297 167.5813516986662 132
1738726281301 167.0894077855846 133
1738726281304 167.64204886219147 134
