1738724534962 162.2708562112221 0
1738724535001 171.24720270724836 1
1738724535040 179.61598224080777 2
1738724535080 188.39984817205485 3
1738724535122 186.59379425580283 4
1738724535162 135.2120866830915 5
1738724535201 159.56143249804515 6
1738724535240 173.52984989864993 7
1738724535278 183.5054210984415 8
1738724535317 174.82061797802297 9
1738724535355 156.82242206909095 10
1738724535394 146.32975140047486 11
1738724535432 162.83969797076745 12
1738724535470 167.48117722162718 13
1738724535508 159.2894245466383 14
1738724535546 146.329055609271 15
1738724535584 160.74454226479347 16
1738724535623 170.82935421167144 17
1738724535661 172.87413756376196 18
1738724535700 151.146778034185 19
1738724535738 180.1134640551656 20
1738724535777 166.43269482827318 21
1738724535815 175.28868279087808 22
1738724535854 162.465622435933 23
1738724535892 153.00423452263942 24
1738724535932 172.47576205245994 25
