1738726716065 169.09385069712332 0
1738726716069 168.13810945996033 1
1738726716073 167.2047945144893 2
1738726716077 170.39680095168512 3
1738726716081 169.05268481093614 4
1738726716086 170.19437846846824 5
1738726716090 168.01255581048815 6
1738726716094 170.11411581243013 7
1738726716098 170.5859605614701 8
1738726716102 170.0082184214711 9
1738726716106 166.94013964018234 10
1738726716110 169.27322113375658 11
1738726716114 168.03934676105433 12
1738726716118 169.77489813648464 13
1738726716122 168.36289487592978 14
1738726716126 168.26746708072244 15
1738726716130 171.21380641598475 16
1738726716134 168.3431736984852 17
1738726716138 166.9417115272779 18
1738726716142 169.37560231173057 19
1738726716146 168.3722458399695 20
1738726716150 169.73760162987782 21
1738726716154 171.15743854261518 22
1738726716159 171.69255363339795 23
1738726716163 171.20668391074634 24
1738726716167 167.202684955238 25
1738726716171 169.3199841580854 26
1738726716175 169.15546000417666 27
1738726716180 166.32720555064375 28
1738726716184 169.094333834676 29
1738726716188 169.62712980914606 30
1738726716192 169.63497354886303 31
1738726716197 167.71447649461155 32
1738726716201 168.96293928922555 33
1738726716205 168.64828949741934 34
1738726716209 168.05266039839896 35
1738726716213 168.6130506634536 36
1738726716217 166.5988481157466 37
1738726716221 169.67152281172872 38
1738726716225 170.60047324516933 39
