1738726189816 185.47924006319428 0
1738726189855 204.7044017686438 1
1738726189895 166.67113072280995 2
1738726189934 203.92925518511342 3
1738726189972 184.9932668951832 4
1738726190011 180.22385647209185 5
1738726190050 156.15937969516935 6
1738726190089 182.30770263276497 7
1738726190128 166.50713032668148 8
1738726190166 165.48040076286603 9
1738726190205 189.09185032142582 10
1738726190243 150.93527423122327 11
1738726190282 156.99038933464666 12
1738726190320 177.81712597974072 13
1738726190358 184.76748341018362 14
1738726190397 148.62349967777644 15
1738726190435 142.33803596094904 16
1738726190473 161.19712473201517 17
1738726190512 173.84986749997023 18
1738726190550 147.38459623564904 19
1738726190588 163.48224037664102 20
1738726190626 182.60365184902648 21
1738726190665 183.69361372653253 22
1738726190703 156.6670919046297 23
1738726190741 157.72040042892866 24
1738726190779 157.37123214266606 25
1738726190817 159.69200296437694 26
1738726190855 160.01205812033956 27
1738726190893 201.41358990412755 28
1738726190931 174.8381825407714 29
1738726190969 171.14418048567651 30
1738726191007 146.92152237163864 31
1738726191045 150.9271011924836 32
1738726191083 161.76183907250683 33
1738726191122 228.85243544209274 34
1738726191160 195.65572799604544 35
1738726191197 153.4743123206323 36
1738726191235 171.11733186784988 37
1738726191273 162.02965530589586 38
1738726191311 144.66363556462278 39
1738726191349 188.62228655448035 40
1738726191390 139.14146489444929 41
1738726191429 169.2091009730888 42
1738726191467 185.67983147992675 43
1738726191506 149.7717713462973 44
1738726191544 174.66389514610867 45
1738726191582 176.06768828231185 46
1738726191620 170.7796930758687 47
1738726191658 139.80781074780683 48
1738726191696 157.37149970416382 49
1738726191734 157.73665653092672 50
1738726191771 159.77146808943422 51
1738726191809 151.56023219513133 52
1738726191847 186.89577532109408 53
1738726191884 170.0073379919334 54
1738726191922 150.84326759131378 55
1738726191960 157.62171128885143 56
1738726191998 147.2460731408896 57
1738726192035 186.42168090271835 58
1738726192074 176.035673113248 59
1738726192112 164.01009872688715 60
1738726192150 157.04931704407284 61
1738726192188 159.95770050318276 62
1738726192226 134.89838830857187 63
