1738726713441 168.77577805808613 0
1738726713447 168.77310477844932 1
1738726713451 168.77051674358827 2
1738726713454 168.76801099314633 3
1738726713457 168.76558467568185 4
1738726713461 168.76323504446555 5
1738726713464 168.76095945344775 6
1738726713468 168.75875535338707 7
1738726713471 168.7566202881352 8
1738726713474 168.75455189107 9
1738726713478 168.75254788167197 10
1738726713481 168.75060606223667 11
1738726713484 168.74872431471903 12
1738726713488 168.74690059770262 13
1738726713492 168.74513294348972 14
1738726713495 168.74341945530685 15
1738726713498 168.74175830462053 16
1738726713501 168.74014772855992 17
1738726713505 168.73858602744025 18
1738726713508 168.73707156238459 19
1738726713511 168.73560275303882 20
1738726713515 168.7341780753763 21
1738726713518 168.73279605958862 22
1738726713521 168.73145528805907 23
1738726713525 168.73015439341484 24
1738726713528 168.72889205665558 25
1738726713531 168.7276670053548 26
1738726713535 168.72647801193074 27
1738726713538 168.72532389198483 28
1738726713542 168.72420350270423 29
1738726713545 168.72311574132607 30
1738726713549 168.72205954366132 31
1738726713552 168.72103388267493 32
1738726713556 168.72003776712143 33
1738726713559 168.71907024023196 34
1738726713563 168.71813037845243 35
1738726713566 168.71721729022948 36
1738726713570 168.71633011484317 37
1738726713573 168.7154680212839 38
1738726713577 168.71463020717215 39
1738726713580 168.71381589771954 40
1738726713584 168.71302434472898 41
