1738726706666 199.06364719662014 0
1738726706701 162.33236752210624 1
1738726706736 160.3512054056853 2
1738726706771 160.06023722144434 3
1738726706806 170.4878121719351 4
1738726706842 162.86280034925224 5
1738726706877 178.6201362368872 6
1738726706913 167.56765450642888 7
1738726706949 190.55082045268796 8
1738726706984 172.54777317505992 9
1738726707019 175.28240880181502 10
1738726707055 159.96632276520648 11
1738726707090 175.32196954713734 12
1738726707126 176.5184528049008 13
1738726707162 173.41347990975322 14
1738726707198 181.21095755350356 15
1738726707235 174.8454493097749 16
1738726707271 153.16624790437427 17
1738726707307 163.0311727976764 18
1738726707344 166.5813145136403 19
1738726707380 173.35920098948802 20
1738726707417 175.3778286096514 21
1738726707454 177.7392196442324 22
1738726707491 170.2984010549822 23
1738726707527 161.79892090841167 24
1738726707563 164.45986668190963 25
1738726707599 164.11487363108975 26
1738726707636 165.2297463323907 27
1738726707672 168.10453317574047 28
1738726707708 170.68546984881377 29
1738726707744 175.7286103148501 30
1738726707780 168.7986494437113 31
1738726707816 167.17755263299262 32
1738726707876 176.10843202033442 33
1738726707911 158.9545291531508 34
1738726707946 174.6800734889958 35
1738726707981 150.7922601423061 36
1738726708016 159.8847082498329 37
1738726708050 167.95699583257505 38
1738726708085 176.52895584456206 39
1738726708119 169.41111842274356 40
1738726708154 171.93212278237755 41
1738726708190 163.410299987693 42
1738726708225 163.27056487295155 43
1738726708261 168.19010677882682 44
1738726708296 161.757496885074 45
1738726708331 177.97112546038284 46
1738726708366 173.49877916387223 47
1738726708400 171.1578583993121 48
1738726708435 178.08584067856165 49
1738726708470 169.34824404225233 50
1738726708505 171.02321652132292 51
1738726708539 173.02131831618993 52
