1738724433855 173.53301254503327 0
1738724433858 170.20422940735182 1
1738724433861 168.90188215285644 2
1738724433864 167.51519939635884 3
1738724433867 167.0121343117575 4
1738724433870 168.9836900330979 5
1738724433873 167.89741838731996 6
1738724433876 166.37802953567618 7
1738724433878 169.17940276459973 8
1738724433881 168.8304191121578 9
1738724433884 170.1340242692907 10
1738724433887 166.7009510151201 11
1738724433890 166.8621444960738 12
1738724433893 166.30697168784502 13
1738724433896 171.05953675225769 14
1738724433899 165.9849870113712 15
1738724433902 170.55283250962876 16
1738724433905 168.89776857466686 17
1738724433908 168.3822376629506 18
1738724433911 169.64089203188504 19
1738724433914 166.770459412443 20
1738724433917 167.33107080035387 21
1738724433920 172.83231204095875 22
1738724433923 170.44333457989075 23
