1738723688850 167.18323660424656 0
1738723688853 169.14725160883955 1
1738723688856 165.78437878755796 2
1738723688859 167.86435824009826 3
1738723688862 168.2707378157361 4
1738723688865 169.1658193501362 5
1738723688868 166.5719571466347 6
1738723688871 166.5821139358725 7
1738723688874 169.6307454034212 8
1738723688877 169.3795922603708 9
1738723688880 169.70739724102955 10
1738723688883 170.2177096684003 11
1738723688886 169.83311223907546 12
1738723688889 169.7556388962085 13
1738723688892 169.20665321410098 14
1738723688895 167.4399078549373 15
1738723688898 168.55612038049438 16
1738723688901 167.25780655770845 17
1738723688905 167.6879669055306 18
1738723688908 167.86397655637086 19
1738723688911 168.89060345597866 20
1738723688914 166.7148738792731 21
1738723688917 167.58069974617544 22
1738723688920 168.543118514672 23
1738723688923 169.3618906610563 24
1738723688925 167.75539089393726 25
1738723688928 168.1576579313761 26
1738723688931 170.736925172935 27
1738723688934 166.03433878822065 28
1738723688937 167.15548782476034 29
1738723688940 171.19005129720142 30
1738723688943 170.63053639434295 31
1738723688946 165.6417976598903 32
1738723688948 167.90758915032708 33
1738723688951 170.11123077329793 34
1738723688954 169.18407219697372 35
1738723688956 169.64156755735075 36
1738723688959 166.75527984678496 37
1738723688962 166.04121103913806 38
1738723688964 169.6792816690688 39
1738723688967 167.50953068534557 40
1738723688970 168.6632164145925 41
1738723688972 168.30718173421704 42
1738723688975 169.30554723444692 43
1738723688978 169.93102940556753 44
1738723688981 168.45653600813728 45
1738723688984 166.88375815670076 46
1738723688986 167.79682743658574 47
1738723689001 167.91386467189514 48
1738723689019 168.61590987637794 49
1738723689022 170.0336726961671 50
1738723689029 166.83395724573433 51
1738723689034 166.99845182261052 52
1738723689037 170.04044356028984 53
1738723689039 166.81072586976794 54
1738723689042 168.37534334840637 55
1738723689044 167.84985109548128 56
1738723689047 167.28010987915903 57
1738723689050 171.13915109927422 58
1738723689053 167.80212731416805 59
1738723689055 169.70884521465675 60
1738723689058 168.69443753057953 61
1738723689060 169.33941820977736 62
1738723689063 170.55566522121325 63
1738723689065 166.53624314733335 64
1738723689068 168.05457094900245 65
1738723689071 168.2956359858484 66
1738723689073 167.92544830083324 67
1738723689076 165.57386297200392 68
1738723689078 169.13331953487491 69
1738723689081 167.3156185818896 70
1738723689084 167.69584808217917 71
1738723689086 169.71240190150283 72
1738723689089 166.85081780117267 73
1738723689091 168.24507563153577 74
1738723689094 169.1300351097242 75
1738723689097 169.6100720291793 76
1738723689100 167.18115483715042 77
1738723689103 169.3934091506441 78
1738723689106 168.68934155174279 79
1738723689108 171.90674418070373 80
1738723689111 168.19359970034392 81
1738723689113 169.3360950605311 82
1738723689116 168.9664113475612 83
1738723689118 169.91047419224586 84
1738723689121 166.36951350039416 85
1738723689123 167.62229688150666 86
1738723689126 171.5992464925989 87
1738723689128 168.88740144691792 88
1738723689131 168.32020423622942 89
1738723689133 167.42164020009693 90
1738723689136 168.6170480785365 91
1738723689138 168.0974578457213 92
1738723689141 168.70837237329988 93
1738723689143 169.07862193138865 94
