1738726146549 169.32765534056057 0
1738726146552 168.40172649526312 1
1738726146556 171.92862583747356 2
1738726146560 166.90571292510108 3
1738726146563 169.94359173274347 4
1738726146567 168.48771885939766 5
1738726146570 169.56906456332058 6
1738726146574 170.5538731344135 7
1738726146578 169.48424974433172 8
1738726146581 167.3975286795743 9
1738726146585 170.92830467705153 10
1738726146589 168.1823112178255 11
1738726146592 169.86982112000615 12
1738726146596 170.5658928401063 13
1738726146600 168.2681766937384 14
1738726146603 170.47280602197813 15
1738726146607 169.9845645338751 16
1738726146610 168.58404197626524 17
