1738722454440 187.05674903623031 0
1738722454473 207.02935201140093 1
1738722454505 170.28911590362853 2
1738722454538 147.8809516564304 3
1738722454570 137.11099927998092 4
1738722454603 143.1732774232818 5
1738722454636 158.74472195265665 6
1738722454668 225.31231833420355 7
1738722454701 185.31542833745976 8
1738722454734 160.74729308205508 9
1738722454766 169.0080060779302 10
1738722454799 167.98863684028828 11
1738722454831 168.61189609632913 12
1738722454864 172.29097937351142 13
1738722454896 153.62753745643985 14
1738722454928 165.5240906744898 15
1738722454961 164.41303378987197 16
1738722454993 163.26102415489024 17
1738722455026 182.76583289553716 18
1738722455058 188.48668215396245 19
1738722455090 173.59962194949247 20
1738722455123 175.61193739920915 21
1738722455155 155.34696546639378 22
1738722455188 145.10757345957686 23
1738722455220 184.78013872978713 24
1738722455252 166.67615000918425 25
1738722455285 182.7395099780131 26
1738722455317 171.49200556207046 27
1738722455349 156.20825978257545 28
1738722455381 158.20166225182726 29
1738722455414 176.5187817177892 30
1738722455446 158.7769215174979 31
1738722455478 168.7350260922407 32
1738722455511 183.7984753546479 33
1738722455543 173.83480243008117 34
1738722455575 185.67830171183698 35
1738722455607 174.7974572591977 36
1738722455639 170.60795741779307 37
1738722455671 160.2785764051526 38
1738722455704 167.5130216841203 39
1738722455736 144.28750106876518 40
1738722455768 167.34554621505157 41
1738722455801 160.2360731426872 42
1738722455833 166.39834972834515 43
1738722455865 162.76056017458333 44
1738722455897 185.58912461825355 45
1738722455930 158.11071399836078 46
1738722455962 188.68586029141144 47
1738722455994 173.90718524868106 48
