1738726524413 203.56390350710498 0
1738726524447 39.08804001132469 1
1738726524482 149.56724864909407 2
1738726524517 187.9442479993043 3
1738726524552 159.02457376162778 4
1738726524587 137.94644054999134 5
1738726524622 170.25892515683807 6
1738726524656 212.32565614538802 7
1738726524691 154.8332514729631 8
1738726524725 145.55590532444072 9
1738726524760 117.0691569084683 10
1738726524794 170.20158015818794 11
1738726524829 135.562837508556 12
1738726524864 149.88140719627992 13
1738726524898 98.79536817219343 14
1738726524933 175.16502851724772 15
1738726524967 228.46773881238562 16
1738726525002 217.97203336557516 17
1738726525037 142.66683769302335 18
1738726525072 61.32796396682054 19
1738726525106 186.62336912557987 20
1738726525140 358.19397463275857 21
1738726525175 123.3965425936432 22
1738726525209 189.87119074039984 23
1738726525244 204.83605404145854 24
1738726525278 297.29940291365887 25
1738726525313 125.93843262315477 26
1738726525347 182.41076351283846 27
1738726525382 133.47240070814357 28
1738726525417 321.95677377525806 29
1738726525451 181.11784959090716 30
1738726525485 147.68555164419575 31
1738726525519 145.83242766956667 32
1738726525553 165.5294422851923 33
1738726525587 131.11662710621212 34
1738726525621 134.13794096126887 35
1738726525655 143.68799607254022 36
1738726525689 282.0065693802793 37
1738726525723 218.58889721694786 38
1738726525757 123.2881520804873 39
1738726525791 187.67594922995286 40
1738726525825 180.62326710492113 41
1738726525859 148.13663964142185 42
1738726525893 168.674536908424 43
1738726525927 280.8015418085294 44
1738726525961 160.73796978142406 45
1738726525995 130.490139400631 46
1738726526029 135.8565203349346 47
1738726526063 75.26620659886068 48
1738726526097 170.1833434651636 49
1738726526131 233.03518676498328 50
1738726526166 166.94406274572373 51
1738726526201 141.42617255675142 52
1738726526236 184.4392885311447 53
1738726526270 134.08076991242248 54
1738726526304 94.89878945194931 55
1738726526338 199.694507376696 56
1738726526374 141.40059236501477 57
1738726526409 149.46639266048297 58
1738726526444 143.4816726615988 59
1738726526479 117.43274412759156 60
1738726526513 173.38050947908718 61
1738726526548 77.7306899229388 62
1738726526583 167.8673543221516 63
1738726526617 109.67736006299607 64
1738726526652 99.73507815933954 65
1738726526687 170.83818757295532 66
1738726526721 263.5986659498668 67
1738726526756 159.03517665306916 68
1738726526792 199.15009575792578 69
1738726526826 120.58346549746972 70
1738726526862 181.65503979064587 71
1738726526896 144.88022744796893 72
1738726526931 154.41483691563113 73
1738726526965 184.26344147380865 74
1738726526999 179.7415867253732 75
1738726527033 136.30381084559903 76
1738726527067 218.11713917546373 77
1738726527101 92.34209666025053 78
1738726527135 179.5317837693823 79
1738726527169 80.02293134157807 80
1738726527203 137.34085690750777 81
1738726527237 190.24223272944982 82
1738726527271 199.89450662085804 83
1738726527305 163.42535210657567 84
1738726527340 96.93439094153503 85
1738726527375 211.2895614477964 86
1738726527409 196.2301120940669 87
1738726527444 66.87045713793634 88
1738726527478 129.19433708257776 89
1738726527512 178.09305276374846 90
1738726527547 197.1645688311428 91
1738726527581 141.71241348178452 92
1738726527615 98.4146817683862 93
1738726527650 262.47323724651415 94
1738726527684 196.99475275959736 95
1738726527718 155.21239211272768 96
1738726527752 172.20642034554513 97
1738726527787 136.53800430576032 98
1738726527821 145.86805960547255 99
1738726527855 141.14697703744235 100
1738726527890 123.21527288558958 101
1738726527924 130.03469561718188 102
1738726527958 139.60763369116668 103
1738726527992 215.19920990251566 104
1738726528026 100.71063088020831 105
1738726528060 135.62209205090699 106
1738726528094 156.32913974159112 107
1738726528128 111.19001651132704 108
1738726528162 219.69180858836478 109
1738726528197 150.59245551112485 110
1738726528231 99.63519982217959 111
1738726528265 108.922950235349 112
1738726528299 173.3781081884365 113
1738726528332 73.99939881291942 114
1738726528367 141.38408788852087 115
1738726528401 188.73618827438503 116
1738726528436 309.8530523402854 117
1738726528470 242.80480118283208 118
1738726528504 160.88032304752414 119
1738726528538 125.26706000347289 120
1738726528572 198.19245869174978 121
1738726528606 179.69464366549897 122
1738726528641 64.3294081012998 123
1738726528675 151.13473655355227 124
1738726528709 160.80934468126523 125
1738726528744 136.30430147426148 126
1738726528778 92.40906613310554 127
1738726528813 175.89828280293574 128
1738726528847 167.45718722900287 129
1738726528881 202.04013549772 130
1738726528915 112.80584422620228 131
1738726528949 223.504726335518 132
1738726528983 159.27508878596439 133
1738726529018 154.12005814686702 134
1738726529052 144.1649581717001 135
1738726529086 244.45615349001534 136
1738726529120 225.4528681257924 137
1738726529154 204.44497112716687 138
1738726529188 156.5708307042526 139
1738726529223 199.11662877817844 140
1738726529257 236.07204675996584 141
1738726529291 82.62645931759043 142
1738726529325 217.55708015232074 143
1738726529359 143.9992628214853 144
1738726529394 215.7176136641302 145
1738726529428 216.89271681951044 146
1738726529462 209.98199468619913 147
1738726529497 251.3735762344136 148
1738726529534 236.87891242991785 149
1738726529571 278.28483768889606 150
1738726529607 202.08123040632603 151
1738726529641 204.79186910610127 152
1738726529676 189.18262958856494 153
1738726529710 225.10493869172737 154
1738726529747 172.6128694273745 155
1738726529783 117.25039259704457 156
1738726529818 217.03718225086445 157
1738726529852 105.39881021077491 158
1738726529887 197.03845487050492 159
1738726529921 199.03286125815958 160
1738726529956 81.69669365313321 161
1738726529991 86.53871066578016 162
1738726530026 196.72316598030426 163
1738726530060 199.96462702065918 164
1738726530095 150.2164468644073 165
1738726530129 127.34457325418335 166
1738726530164 242.6955419100176 167
1738726530199 144.36854013970714 168
1738726530233 221.33975955158047 169
1738726530268 207.4149388860935 170
1738726530302 288.5286411749446 171
1738726530337 139.5602026317672 172
1738726530372 188.2333481881054 173
1738726530407 251.6888023586171 174
1738726530442 258.15217485789196 175
1738726530477 162.15078872642587 176
1738726530511 76.24501366865213 177
1738726530546 82.9979894434447 178
1738726530580 59.909554194391454 179
1738726530614 116.68924714691657 180
1738726530648 245.33524083346143 181
1738726530682 138.2190885176165 182
1738726530716 126.56873841367148 183
1738726530750 125.38533618153899 184
1738726530785 253.91636189935238 185
1738726530822 113.21639976582657 186
1738726530869 100.36646228096063 187
1738726530912 156.86046585077273 188
1738726530950 124.03511782632887 189
1738726530990 152.4890302312347 190
1738726531039 88.9203943544813 191
1738726531082 130.4633950288005 192
1738726531118 256.18686492896967 193
1738726531154 156.5343634932067 194
1738726531190 278.3475476140459 195
1738726531225 304.89038355486406 196
1738726531262 207.80492461291288 197
1738726531298 175.63880393756952 198
1738726531333 449.7032745911929 199
1738726531369 119.75138832577797 200
1738726531404 165.22560198921974 201
1738726531440 156.4987561418239 202
1738726531475 142.26126068853557 203
1738726531511 238.1568528345522 204
1738726531545 152.48636916212652 205
1738726531581 155.10990365350423 206
1738726531615 143.5941881243327 207
1738726531650 177.20079753909224 208
1738726531685 148.25158122223903 209
1738726531720 215.200236235153 210
1738726531756 65.45188925730871 211
1738726531791 119.30135867270249 212
1738726531859 201.305943569722 213
1738726531897 292.06465888206077 214
1738726531933 165.88443886988992 215
1738726531969 128.7683439764786 216
1738726532004 126.19415400575059 217
1738726532040 159.99610630638605 218
1738726532076 179.87795831386626 219
1738726532112 137.05448297775243 220
1738726532148 186.87618444704137 221
1738726532183 153.4686523213693 222
1738726532217 399.28993420111567 223
1738726532252 241.3603630847685 224
1738726532286 220.6559152683745 225
1738726532321 140.10465264626555 226
1738726532355 207.63139394506453 227
1738726532390 201.21944926841132 228
1738726532424 202.06301467722398 229
1738726532458 233.93681457547456 230
1738726532492 117.16995169235938 231
1738726532527 152.67901081190163 232
1738726532561 126.03085005982308 233
1738726532595 219.4102214859659 234
1738726532630 180.73645018870232 235
1738726532664 112.29238947535575 236
1738726532698 136.1767252761024 237
1738726532732 171.54824126170845 238
1738726532768 111.23800400312649 239
1738726532802 247.5958217675866 240
1738726532837 122.25724493816881 241
1738726532872 137.13476902461076 242
1738726532906 153.27187298936826 243
1738726532941 247.2636951194926 244
1738726532976 148.8038839417781 245
1738726533010 200.72265416294096 246
1738726533045 148.12138481081908 247
1738726533080 217.09775977604343 248
1738726533118 83.77734550525862 249
1738726533153 140.26390321538432 250
1738726533188 154.06045180115106 251
1738726533222 117.69471038815718 252
1738726533259 265.8655921321536 253
1738726533294 274.5950831160755 254
1738726533329 178.28497164452222 255
1738726533364 184.03163584469857 256
1738726533399 143.75514592595897 257
1738726533435 114.2512049657706 258
1738726533471 191.0492666234648 259
1738726533507 152.8974089008188 260
1738726533542 176.3767009745175 261
1738726533577 213.53504629011965 262
1738726533611 204.3862170115744 263
1738726533646 142.96775642333188 264
1738726533680 114.66004642526134 265
1738726533715 102.36888930709533 266
1738726533749 212.9649743361688 267
1738726533784 435.3650680835923 268
1738726533818 122.49095384357994 269
1738726533853 208.03745746968588 270
1738726533887 174.1867980180354 271
1738726533922 225.38321973363435 272
1738726533956 262.20860683202875 273
1738726533990 166.44031836372574 274
1738726534024 172.6438700930016 275
1738726534067 111.07068679093736 276
1738726534102 217.10798775818256 277
1738726534137 221.2430086574305 278
1738726534171 131.84744760882904 279
1738726534206 240.69448730575823 280
1738726534240 138.1390234740329 281
1738726534275 186.43249954229222 282
1738726534309 194.6451373932661 283
1738726534343 366.8954234013796 284
1738726534378 216.59395515466485 285
1738726534412 224.11918204957357 286
1738726534447 175.4341385257555 287
1738726534482 155.88059680523378 288
1738726534518 160.26489757667414 289
1738726534555 102.93167660403289 290
1738726534593 562.1285648690649 291
1738726534630 151.54522254590654 292
1738726534666 204.67153212351565 293
1738726534702 183.3254604476788 294
1738726534738 164.17279940128807 295
1738726534775 145.11009490611664 296
1738726534810 189.09614111299933 297
1738726534847 223.82154728352222 298
1738726534883 215.76927904588266 299
1738726534919 113.26187277603397 300
1738726534959 160.9487093703101 301
1738726534995 78.36097348334708 302
1738726535031 164.382410197844 303
1738726535066 156.4005934114809 304
1738726535102 107.63509044594456 305
1738726535137 171.00601114304183 306
1738726535172 153.0398939405651 307
1738726535207 132.20362672157088 308
1738726535242 316.35613478257 309
1738726535277 154.61803106431043 310
1738726535312 124.37782947979876 311
1738726535346 143.1609166057982 312
1738726535381 110.35225681546966 313
1738726535415 152.10099935317953 314
1738726535450 136.21427422634298 315
1738726535484 123.21681138425274 316
1738726535519 127.20398093021088 317
1738726535554 153.19724174872667 318
1738726535588 121.63076675193196 319
1738726535622 210.65359631227477 320
1738726535657 195.127148118898 321
1738726535691 216.00913985827066 322
1738726535725 203.38458240156442 323
1738726535760 160.2819063276086 324
1738726535794 213.9915846104453 325
1738726535829 194.07499153498787 326
1738726535863 148.25420723833054 327
1738726535897 252.59984041584482 328
1738726535931 125.79611765197441 329
1738726535966 176.6073469150424 330
1738726536000 193.18820107906697 331
1738726536034 142.85096978723305 332
1738726536068 209.02185841670104 333
1738726536103 137.60931828815697 334
1738726536139 111.55799786587625 335
1738726536174 134.22957723059034 336
1738726536208 361.603387803391 337
1738726536243 191.5452072265855 338
1738726536277 206.84069601209583 339
1738726536311 159.0574125220262 340
1738726536346 210.15358781906846 341
1738726536380 158.1518772060312 342
1738726536414 132.4506109105654 343
1738726536449 146.533838919428 344
1738726536483 139.2461101927311 345
1738726536517 171.65020472473594 346
1738726536551 101.62557474015014 347
1738726536586 257.46927050526267 348
1738726536620 117.59330808228452 349
1738726536654 186.19900597490988 350
1738726536689 192.3249328605759 351
1738726536723 175.9840251762764 352
1738726536757 235.32927741976926 353
1738726536791 50.87484864939026 354
1738726536825 239.7887222902062 355
1738726536860 131.7370468172784 356
1738726536894 78.93980621525543 357
1738726536928 200.0865673645747 358
1738726536962 159.26893445968165 359
1738726536996 225.0998388139611 360
1738726537030 394.0852874253482 361
1738726537064 152.2539886214026 362
1738726537099 146.04134997107806 363
1738726537132 232.56076888398874 364
1738726537167 139.88496739186925 365
1738726537201 160.12982996360734 366
1738726537235 152.7067986576908 367
1738726537269 212.139348773993 368
1738726537303 111.85985243303526 369
1738726537337 182.90234462859627 370
1738726537372 166.56014325431397 371
1738726537408 159.02884385783872 372
1738726537443 140.1906854870111 373
1738726537478 148.9532807716221 374
1738726537512 172.1104094130078 375
1738726537547 300.3848247837004 376
1738726537583 239.0855790914746 377
1738726537618 195.3816666942355 378
1738726537652 265.38631321730526 379
1738726537687 255.69446599353577 380
1738726537721 88.65140295165656 381
1738726537755 167.6981621300192 382
1738726537790 134.95461716370556 383
1738726537824 124.93255814773363 384
1738726537858 186.90330205952594 385
1738726537892 176.97050534953937 386
1738726537927 122.12192153937403 387
1738726537963 239.9402632579276 388
1738726537998 155.42029920427217 389
1738726538032 189.51634570823938 390
1738726538067 121.45460272260596 391
1738726538102 188.9928754406244 392
1738726538137 114.0358579596629 393
1738726538173 158.1175582788027 394
1738726538208 210.24285641862247 395
1738726538243 71.72840406476284 396
1738726538278 151.52376673797056 397
1738726538313 165.57727876098937 398
1738726538347 190.99171031229125 399
1738726538382 299.2263972995707 400
1738726538417 164.31827077291362 401
1738726538452 260.0392946990691 402
1738726538486 124.46140520765715 403
1738726538521 207.47129498800183 404
1738726538557 145.95605763732055 405
1738726538593 184.7703448723818 406
1738726538628 178.68096083226064 407
1738726538663 142.66148136083646 408
1738726538698 164.32538307596812 409
1738726538733 161.9624681479834 410
1738726538767 183.99742886040067 411
1738726538802 159.85464050948818 412
1738726538837 166.3128102090407 413
1738726538872 124.59285640954428 414
1738726538906 486.7704760233542 415
1738726538941 160.12189374987693 416
1738726538976 24.60138376712774 417
1738726539010 179.02087588737723 418
1738726539045 167.5046498690005 419
1738726539079 165.813370305532 420
1738726539114 142.16770898506053 421
1738726539148 295.9168932002569 422
1738726539183 126.3244210437176 423
1738726539217 104.24226974736358 424
1738726539252 174.26037021947155 425
1738726539286 95.87121265339132 426
1738726539322 210.45465353884185 427
1738726539357 161.53999735756634 428
1738726539392 147.16228386356494 429
1738726539429 227.17364973421914 430
1738726539464 41.888500314649924 431
1738726539500 111.82713752405587 432
1738726539535 256.06865852366906 433
1738726539570 180.96802063030344 434
1738726539606 255.48756871121736 435
1738726539641 108.22033176272343 436
1738726539677 134.6086705740349 437
1738726539712 237.55046148612425 438
1738726539747 134.13530614795806 439
1738726539782 217.2454981316959 440
1738726539816 78.04725630048834 441
1738726539850 276.38095075317057 442
1738726539908 148.50685552884687 443
1738726539943 334.726520748786 444
1738726539978 92.00346087294253 445
1738726540013 190.97298927989783 446
1738726540047 83.0722376443143 447
1738726540082 212.08094324950832 448
1738726540117 128.9372997426875 449
1738726540152 181.71049409599067 450
1738726540188 200.17912867056756 451
1738726540224 148.46253807882223 452
1738726540259 214.46179295106467 453
1738726540294 204.7250662709319 454
1738726540330 146.52629788087535 455
1738726540365 131.32870281282413 456
1738726540401 117.84328640013955 457
1738726540436 202.041394921405 458
1738726540471 91.36343749783742 459
1738726540506 276.4990793729748 460
1738726540541 145.87675107934336 461
1738726540576 199.09950459902964 462
1738726540611 185.03683991435798 463
1738726540645 146.66324857463843 464
1738726540680 172.19555741973124 465
1738726540715 138.81640125620854 466
1738726540751 148.96992698499358 467
1738726540786 217.56448417851453 468
1738726540821 293.2432236184618 469
1738726540856 204.23994278471284 470
1738726540890 129.7345529526092 471
1738726540925 148.8475319376037 472
1738726540960 270.0834318127278 473
1738726540995 179.27296011863362 474
1738726541030 163.5481760956475 475
1738726541064 171.36247897392673 476
1738726541099 155.87991683992297 477
1738726541133 128.4846272635724 478
1738726541168 216.69504483284769 479
1738726541202 201.76094862532238 480
1738726541237 183.3480505018663 481
1738726541272 77.34499915968807 482
1738726541306 167.2519555179208 483
1738726541341 170.09605097413043 484
1738726541375 126.31515079401267 485
1738726541410 259.15887030233944 486
1738726541444 141.6597464462586 487
1738726541478 173.82084922137628 488
1738726541513 214.16264092701314 489
1738726541547 224.47671071246145 490
1738726541581 174.67593799082493 491
1738726541616 134.14090719390177 492
1738726541650 114.48399394489314 493
1738726541685 209.0043786998969 494
1738726541720 153.67193147047485 495
1738726541754 176.57586627913525 496
1738726541788 97.93631507755278 497
1738726541823 172.21769484366285 498
1738726541857 204.50161947867753 499
