1738722929782 168.9100288023251 0
1738722929814 168.65320740767785 1
1738722929847 168.2784724830822 2
1738722929879 177.60183107233144 3
1738722929911 179.3848969655926 4
1738722929943 194.58889004652116 5
1738722929975 145.4514278325535 6
1738722930006 191.15696047253746 7
1738722930038 186.43029558414904 8
1738722930069 145.10821446535994 9
1738722930101 167.86810569000414 10
1738722930132 169.53277003843007 11
1738722930163 167.5716213854109 12
1738722930195 171.20800025090088 13
1738722930226 170.5868789975581 14
1738722930257 163.96169309100281 15
1738722930289 182.43314459863635 16
1738722930320 177.449325092688 17
1738722930351 203.2377688692723 18
1738722930382 157.78380829557454 19
1738722930414 164.20690864837223 20
1738722930445 168.2687742698434 21
1738722930476 201.2922393584537 22
1738722930508 167.43977676180006 23
1738722930539 168.79604497064355 24
1738722930570 138.5355389408 25
1738722930601 186.72176209219586 26
1738722930632 165.28576923715448 27
1738722930663 166.7845169474967 28
1738722930694 191.8216692639971 29
1738722930726 164.5325751863372 30
1738722930757 160.24685664064825 31
1738722930788 171.76183105080068 32
1738722930819 172.74797194827147 33
1738722930850 203.07630533979713 34
1738722930881 157.9053592173546 35
1738722930913 149.31871922623148 36
1738722930944 191.02530540175823 37
1738722930975 164.49656371627825 38
1738722931006 207.96496171026044 39
1738722931037 170.68318741158046 40
1738722931068 208.1751361685973 41
1738722931099 180.5712740623754 42
1738722931130 145.4980425907752 43
1738722931161 160.5063778395909 44
1738722931193 153.86938503842202 45
1738722931224 168.61673045540846 46
1738722931255 170.8842187380387 47
1738722931286 145.82720208168143 48
1738722931317 163.04137785919764 49
1738722931348 161.95312164361545 50
1738722931379 252.4521757862251 51
1738722931410 171.88054913043968 52
1738722931441 156.55903341620393 53
1738722931472 165.19582856230682 54
1738722931504 176.7411386535771 55
1738722931536 174.20478753251646 56
1738722931568 158.59014274707874 57
1738722931599 178.39646490960232 58
1738722931631 209.8615432953011 59
1738722931662 167.63388626004135 60
1738722931693 161.97995369994425 61
1738722931724 168.0554629749042 62
1738722931756 175.03678837566383 63
1738722931787 171.91871736675373 64
1738722931818 167.80823891570654 65
1738722931849 179.84017096955145 66
1738722931881 162.47702449904628 67
1738722931912 163.9549964373116 68
1738722931943 205.16845361164013 69
1738722931974 193.12785240386117 70
1738722932006 152.51280030299142 71
1738722932037 133.36600979673887 72
1738722932068 160.67762144611396 73
1738722932099 182.17863047823604 74
1738722932131 193.2103128916855 75
1738722932162 170.6264390001113 76
1738722932193 180.44790212794902 77
1738722932224 157.59825928012015 78
1738722932255 157.1891999448511 79
1738722932286 180.08291861934185 80
1738722932317 165.84286897527318 81
1738722932348 184.50433018892434 82
1738722932380 181.36440209591632 83
1738722932411 162.6764617706404 84
1738722932442 179.94974602511576 85
1738722932473 192.29878679487106 86
1738722932504 156.78062483126695 87
1738722932535 204.49003347833957 88
1738722932567 182.45938157426892 89
1738722932598 181.75208457915426 90
1738722932629 135.68999206021468 91
1738722932660 171.7068033454368 92
1738722932691 161.64204201281916 93
1738722932722 142.80706761054998 94
1738722932753 171.28626853029857 95
1738722932785 164.43142244210654 96
1738722932816 174.8598633864334 97
1738722932847 162.97272721543655 98
1738722932878 161.19967992103454 99
1738722932909 163.70836727414684 100
1738722932940 213.6050258619878 101
1738722932971 176.59530461753218 102
1738722933002 159.19192168939156 103
1738722933033 168.79295905779534 104
1738722933064 146.7075482379556 105
1738722933096 174.24484657415283 106
1738722933127 189.17109059147901 107
1738722933158 159.90302437347506 108
1738722933189 167.1257193289769 109
1738722933220 159.987049080096 110
1738722933251 177.39325399717296 111
1738722933282 177.91672764352973 112
1738722933313 160.72914532181886 113
1738722933344 189.7561826517334 114
1738722933375 194.3605713467289 115
1738722933407 147.97087791168084 116
1738722933438 141.79288931795753 117
1738722933469 171.86440548138356 118
1738722933500 182.83671758081698 119
1738722933531 162.19771628732855 120
1738722933562 187.63532750336148 121
1738722933595 203.19827810330057 122
1738722933627 169.6199948904909 123
1738722933659 186.07546793006853 124
1738722933691 174.2388932524318 125
1738722933723 140.86800601888174 126
1738722933754 186.17906924420123 127
1738722933786 180.22341658864795 128
1738722933818 103.05741056852226 129
1738722933850 176.31554656652872 130
1738722933881 138.01123214788302 131
1738722933913 171.04920501483997 132
1738722933945 171.67730550958356 133
1738722933977 170.48425359858854 134
1738722934008 165.16508695404158 135
1738722934040 174.35040779041336 136
1738722934071 169.84168841763136 137
1738722934103 200.83379764429324 138
1738722934134 152.73174639761697 139
1738722934166 181.05022403029253 140
1738722934198 162.83889467960933 141
1738722934229 164.51970348335095 142
1738722934261 172.5234050379679 143
1738722934296 162.48407554765222 144
1738722934347 174.7581037575783 145
1738722934379 154.28751549774788 146
1738722934411 127.78847876554721 147
1738722934442 161.80626798667433 148
1738722934474 189.43946597670742 149
1738722934505 140.538274734972 150
1738722934536 162.82154165825125 151
1738722934568 158.52031955674454 152
1738722934599 173.43686911929015 153
1738722934630 175.57821442659971 154
1738722934662 155.30478398707982 155
1738722934693 139.67645438790964 156
1738722934724 166.10524589993958 157
1738722934756 186.32478943983014 158
1738722934787 176.75056097986246 159
1738722934818 189.1643856040468 160
1738722934849 162.61729914459983 161
1738722934880 169.60693748611908 162
1738722934911 174.28175274859896 163
1738722934943 147.83638414374076 164
1738722934974 166.44656714908092 165
1738722935005 175.86742665104256 166
1738722935036 181.4918863264311 167
1738722935068 175.23780323160403 168
1738722935100 172.81629121830443 169
1738722935133 170.36882983962485 170
1738722935165 168.56069778541652 171
1738722935197 240.6004275005801 172
1738722935229 169.73529709084696 173
1738722935261 138.5822550584448 174
1738722935293 178.36875498576845 175
1738722935325 164.31523059511616 176
1738722935357 187.27487090263233 177
1738722935389 165.09603230734416 178
1738722935421 144.279577208896 179
1738722935453 174.85515836714046 180
1738722935485 163.8735176187584 181
1738722935517 169.70572506434297 182
1738722935549 193.7410790715287 183
1738722935580 178.0481900174169 184
1738722935612 161.83716076676035 185
1738722935644 180.14509418770638 186
1738722935676 184.9156632979744 187
1738722935707 186.5171306964344 188
1738722935738 198.71683307721315 189
1738722935770 148.64304997754843 190
1738722935801 192.61680734301422 191
1738722935833 163.41110802582386 192
1738722935864 176.5646288662548 193
1738722935895 165.95426059400563 194
1738722935927 182.00267798923167 195
1738722935958 156.25290897228973 196
1738722935989 176.957095362741 197
1738722936021 164.07824950709855 198
1738722936052 151.16384253054545 199
1738722936084 174.89939854854353 200
1738722936115 169.16109206435974 201
1738722936146 180.7171811639289 202
1738722936178 187.9162226813808 203
1738722936209 172.08071546641648 204
1738722936241 181.91202183006777 205
1738722936273 153.65648852268654 206
1738722936305 151.958240555111 207
1738722936338 182.9760709416643 208
1738722936369 185.85216782159478 209
1738722936401 170.32926411850428 210
1738722936433 159.79473313882968 211
1738722936465 165.89279461446836 212
1738722936497 171.5841399533442 213
1738722936528 148.34846615272548 214
1738722936560 169.9184023550518 215
1738722936592 173.09800573523475 216
1738722936624 159.83145726148888 217
1738722936655 208.99753871495489 218
1738722936687 172.4757633758768 219
1738722936718 157.61322342654609 220
1738722936750 165.3012058352353 221
1738722936782 167.21864118412165 222
1738722936813 186.63998535863226 223
1738722936844 158.92984672748278 224
1738722936876 159.3961914291847 225
1738722936908 170.2655613286116 226
1738722936939 157.45718522166007 227
1738722936971 189.70822605511486 228
1738722937003 160.47654594166417 229
1738722937034 153.37669115818392 230
1738722937066 174.33512615737843 231
1738722937097 147.86319595914193 232
1738722937129 188.36535655183872 233
1738722937160 163.48215179218255 234
1738722937192 192.62138689313846 235
1738722937223 143.20213068580424 236
1738722937255 141.68976153218864 237
1738722937286 151.7576032792833 238
1738722937318 184.23536528952218 239
1738722937349 159.91187464934205 240
1738722937381 177.20618850695982 241
1738722937413 143.2685350943125 242
1738722937444 158.26167897889053 243
1738722937475 165.55619229705863 244
1738722937506 150.5876808171853 245
1738722937538 170.42693216770715 246
1738722937569 167.95140982199743 247
1738722937600 164.6171275539266 248
1738722937632 175.98748284791338 249
1738722937663 172.08883847410067 250
1738722937695 167.537774469806 251
1738722937726 171.20590981865718 252
1738722937758 220.2802050587753 253
1738722937789 136.99873782593056 254
1738722937820 150.25649877804221 255
1738722937851 154.36111189437005 256
1738722937882 169.33287563791328 257
1738722937913 157.16456959183617 258
1738722937944 179.27200897585084 259
1738722937975 162.88959027800934 260
1738722938006 166.0403761538782 261
1738722938037 162.06096416067786 262
1738722938068 158.77082480223876 263
1738722938099 187.2540312914726 264
1738722938130 169.94991181721815 265
1738722938161 194.86366915172113 266
1738722938192 164.5396315094222 267
1738722938223 163.59506520246268 268
1738722938254 155.50460291812627 269
1738722938285 174.7718733274046 270
1738722938316 167.77824940825627 271
1738722938347 156.2046978292037 272
1738722938378 166.50437968804775 273
1738722938409 162.8731901373956 274
1738722938440 142.31472068590503 275
1738722938471 174.08550676325675 276
1738722938502 157.30014373944607 277
1738722938533 174.64539061483313 278
1738722938564 172.02275791837695 279
1738722938595 150.90604701236563 280
1738722938626 160.75719978286554 281
1738722938657 159.90549960067628 282
1738722938688 163.90897755169212 283
1738722938719 171.07092396980246 284
1738722938750 178.7313078437449 285
1738722938781 172.10242598921582 286
1738722938812 182.57339863896954 287
1738722938843 162.82917863270984 288
1738722938874 172.2107741425086 289
1738722938905 162.44186610221047 290
1738722938935 154.15271862918354 291
1738722938966 153.4713162938761 292
1738722938997 158.83470892835516 293
1738722939028 154.78113704638875 294
1738722939059 160.08179709025097 295
1738722939090 149.08540937651537 296
1738722939121 166.74482491444982 297
1738722939152 167.02896300774128 298
1738722939183 164.4387413273057 299
1738722939214 164.7427115107704 300
1738722939244 189.36913964420316 301
1738722939275 167.92882584577757 302
1738722939306 174.9594354501033 303
1738722939337 175.87646017705836 304
1738722939368 159.78446476792024 305
1738722939399 160.36163875904745 306
1738722939430 160.9239516790814 307
1738722939461 168.37337316607432 308
1738722939491 182.64078820473296 309
1738722939522 183.0006929912192 310
1738722939553 142.993582812507 311
1738722939584 161.6391941865868 312
1738722939615 159.6051768978967 313
1738722939646 146.1202564474861 314
1738722939676 163.55649388825242 315
1738722939708 180.84672680727655 316
1738722939739 165.51505031238045 317
1738722939769 175.18431184336023 318
1738722939800 188.9213703898178 319
1738722939831 153.71125692462718 320
1738722939862 164.66109920313372 321
1738722939893 144.20128028398383 322
1738722939923 157.08650366873965 323
1738722939954 189.75857014084778 324
1738722939985 151.13663423377213 325
1738722940016 165.66391746553788 326
1738722940046 171.9549370179217 327
1738722940077 139.81036539592597 328
1738722940108 181.88503598047535 329
1738722940139 167.64049923507014 330
1738722940169 167.44932056445174 331
1738722940200 174.20053560610745 332
1738722940231 170.87485636673247 333
1738722940262 162.10881964858237 334
1738722940292 167.70211318349592 335
1738722940323 170.55675974331663 336
1738722940354 184.3002183309781 337
1738722940385 175.66395446332203 338
1738722940415 184.11615715665826 339
1738722940446 159.86433073663449 340
1738722940481 164.70805176862604 341
1738722940511 172.48534361823874 342
1738722940542 166.09853781095734 343
1738722940573 180.50267330640364 344
1738722940604 155.18827875939223 345
1738722940635 156.29018770535217 346
1738722940666 185.24809588541083 347
1738722940697 142.4587857226779 348
1738722940728 167.8543162580175 349
1738722940758 182.70076151700115 350
1738722940789 186.6335990368499 351
1738722940820 178.17219793975352 352
1738722940851 159.1690784995521 353
1738722940882 151.5384042064036 354
1738722940913 173.19595743135477 355
1738722940944 143.32581895317043 356
1738722940975 173.43426898264084 357
1738722941005 176.30004227921788 358
1738722941036 167.42867607427837 359
1738722941067 175.65754813448393 360
1738722941098 155.98064357447302 361
1738722941129 139.47978995630413 362
