1738724147047 167.94834433066907 0
1738724147050 169.9923409181879 1
1738724147053 170.02431126263966 2
1738724147056 168.27838377707258 3
1738724147058 166.8326541892684 4
1738724147061 168.53017977067336 5
1738724147064 169.66668899354244 6
1738724147072 168.23578816297496 7
1738724147075 168.6272425900764 8
1738724147078 172.69703246393158 9
1738724147081 168.86700922474924 10
1738724147083 169.9916427376521 11
1738724147086 164.39389985571825 12
1738724147089 170.1867740446854 13
1738724147092 167.68865797534372 14
1738724147095 166.00474548994603 15
1738724147098 169.64348216448963 16
1738724147100 169.58661311707584 17
1738724147103 169.9906197316991 18
1738724147106 172.38618780603073 19
1738724147109 168.6299826080529 20
1738724147111 166.39273896568247 21
1738724147114 169.70040472598734 22
1738724147117 168.75997192081604 23
