1738724838320 185.69439436258733 0
1738724838350 157.99622713626488 1
1738724838380 151.26738219902188 2
1738724838410 168.69683293565407 3
1738724838439 165.4683968041615 4
1738724838469 158.05515804993973 5
1738724838502 173.36247500134075 6
1738724838532 174.12072654492076 7
1738724838562 188.7118083423248 8
1738724838592 135.93081193037725 9
1738724838621 158.021445761327 10
1738724838651 158.52854374176783 11
1738724838680 150.28204647532834 12
1738724838709 159.66334439915207 13
1738724838739 172.65430255993402 14
1738724838773 151.72488888945375 15
1738724838801 207.0535341077944 16
1738724838830 169.58797272091073 17
1738724838859 155.98539139715297 18
1738724838888 179.97452055747428 19
1738724838917 116.11097410683799 20
1738724838946 155.86005703595688 21
1738724838974 167.36980675521437 22
1738724839003 178.72676397190438 23
1738724839032 167.0808802867639 24
1738724839061 163.1489035625173 25
1738724839089 149.24134684827317 26
1738724839118 173.55633482465052 27
1738724839147 174.56449480851953 28
1738724839175 169.31787842144698 29
1738724839204 171.03693007754848 30
1738724839233 169.49794680089317 31
1738724839262 160.80346885423893 32
1738724839290 162.43212231877374 33
1738724839319 177.24800557340328 34
1738724839348 156.53818132653618 35
1738724839376 148.1570940295852 36
1738724839405 169.83697745404248 37
1738724839433 182.37963464457178 38
1738724839462 227.2225969856612 39
1738724839490 174.5674645357596 40
1738724839521 179.8117968901674 41
1738724839550 186.05427601399774 42
1738724839579 168.27800769731653 43
1738724839608 161.92878827690237 44
1738724839637 175.172777376003 45
1738724839666 172.2960305274344 46
1738724839695 169.76865002436486 47
1738724839724 196.63128997632094 48
1738724839753 179.1950337940364 49
1738724839782 177.8915275607745 50
1738724839811 170.327013564133 51
1738724839840 171.0282420231655 52
1738724839869 179.52984323717456 53
1738724839898 162.91203871316208 54
1738724839927 172.87447985111942 55
1738724839956 190.62109137987812 56
1738724839985 178.28638989730908 57
1738724840014 182.6431005263294 58
1738724840042 170.59151577545205 59
1738724840071 170.7023166161491 60
1738724840100 174.67922093259185 61
1738724840129 162.8418477828497 62
1738724840157 197.07266770872647 63
1738724840186 170.80745526631992 64
1738724840215 153.50490008128193 65
1738724840243 186.35911245267738 66
1738724840272 156.92864547201208 67
1738724840301 168.1234242856859 68
1738724840330 164.3835033292596 69
1738724840359 179.62077766999653 70
1738724840388 167.13974296247335 71
1738724840417 146.29991664577156 72
1738724840445 208.32481121564112 73
1738724840474 165.3462836327804 74
1738724840505 170.16197442305605 75
1738724840537 175.84479435090842 76
1738724840566 202.11206078426764 77
1738724840596 208.40935167572903 78
1738724840625 184.91159904349618 79
1738724840654 154.82894845822577 80
1738724840683 175.91378575699562 81
1738724840712 165.56634037843963 82
1738724840742 187.54785373132808 83
1738724840771 192.44777866096544 84
1738724840800 131.96150505860595 85
1738724840829 155.95741552475442 86
1738724840858 159.0624672099656 87
1738724840887 145.8244513545555 88
1738724840916 168.3429636289231 89
1738724840945 178.65231848478766 90
1738724840974 167.3940574600998 91
1738724841003 224.80992190424698 92
1738724841031 159.77863041927228 93
1738724841060 181.32189432214642 94
1738724841089 174.93535275519596 95
1738724841118 205.77869091418958 96
1738724841146 178.41742552265825 97
1738724841175 175.8258976957935 98
1738724841204 155.63647962119015 99
1738724841233 235.4961599418819 100
1738724841262 170.83353896793375 101
1738724841291 164.4091097186991 102
1738724841319 196.18140489589655 103
1738724841348 191.21520168291542 104
1738724841377 171.67926186679574 105
1738724841406 143.3920226993575 106
1738724841435 141.052382218294 107
1738724841463 170.1111345008904 108
1738724841492 176.07309807542526 109
1738724841521 188.26382254243018 110
1738724841549 177.56607762253773 111
1738724841578 156.13409948362326 112
1738724841607 163.06131497549387 113
1738724841635 159.16138581725832 114
1738724841664 166.605687236742 115
1738724841693 161.87908251828546 116
1738724841722 170.54196150632768 117
1738724841750 174.03654365423193 118
1738724841779 160.7037889436789 119
1738724841807 172.14811738289862 120
1738724841836 187.032671607485 121
1738724841865 175.39901601035976 122
1738724841893 148.80009818402257 123
1738724841922 159.00328104073807 124
1738724841950 174.71678856509632 125
1738724841979 190.63673685966816 126
1738724842008 224.95382272647464 127
1738724842036 169.3198457488233 128
1738724842065 165.7690414878679 129
1738724842093 145.14269388225682 130
1738724842122 183.82923255542144 131
1738724842151 125.10954800739502 132
1738724842180 145.04761535325255 133
1738724842209 160.56354823462127 134
1738724842238 197.62192228838825 135
1738724842266 182.9006112878736 136
1738724842295 152.2008832815085 137
1738724842331 164.2590555754548 138
1738724842362 150.68935628449768 139
1738724842393 163.33157247593428 140
1738724842422 181.54865006168856 141
1738724842451 185.34782527132907 142
1738724842480 161.1031294412432 143
1738724842509 176.3225408234327 144
1738724842537 167.6823474372729 145
1738724842566 153.0278431413557 146
1738724842594 180.7349557767093 147
1738724842623 158.15888213459027 148
1738724842652 118.67782988075297 149
1738724842680 169.31365815274563 150
1738724842711 190.45012174800758 151
1738724842740 169.9646002816153 152
1738724842768 153.8939679947844 153
1738724842797 150.39051867334814 154
1738724842825 168.2391420648092 155
1738724842854 167.2007899008201 156
1738724842882 175.36571337932492 157
1738724842910 167.6465970118893 158
1738724842940 166.1044237824694 159
1738724842968 154.3960643271901 160
1738724842997 172.4830544478009 161
1738724843025 133.77199532079612 162
1738724843054 166.879275671522 163
1738724843082 181.40286759429128 164
1738724843111 168.12745969431805 165
1738724843139 175.60791610882447 166
1738724843167 134.5641384870537 167
1738724843196 168.4941578987999 168
1738724843225 130.9769587087762 169
1738724843253 162.92620534824158 170
1738724843281 134.95904724464677 171
1738724843310 177.39695842525413 172
1738724843338 203.63713940501765 173
1738724843366 198.59994397921815 174
1738724843395 158.82131000853903 175
1738724843423 169.06282414755043 176
1738724843452 174.39902775172965 177
1738724843480 160.97208029511364 178
1738724843511 164.58150785960453 179
1738724843540 193.35435834135745 180
1738724843570 183.18695767903344 181
1738724843599 164.7375612541159 182
1738724843628 142.57180575069748 183
1738724843657 156.36289113202318 184
1738724843687 169.32734919610436 185
1738724843720 173.7201700506015 186
1738724843749 172.10007529005395 187
1738724843778 176.03320030612895 188
1738724843807 172.69938651244965 189
1738724843836 163.5763092239762 190
1738724843865 157.77277727886388 191
1738724843894 195.2187307777482 192
1738724843924 196.33025611460593 193
1738724843953 175.1557641566628 194
1738724843981 155.41433515566482 195
1738724844010 173.56561211106938 196
1738724844039 145.0729744746421 197
1738724844068 175.13124233583304 198
1738724844097 179.39048135241902 199
1738724844125 157.75468828300995 200
1738724844154 151.0994695042027 201
1738724844183 138.13953293648274 202
1738724844212 195.49061241106017 203
1738724844241 215.69166012586732 204
1738724844270 136.37016240587934 205
1738724844298 176.78365672287774 206
1738724844327 160.69962475452482 207
1738724844356 156.03573200715746 208
1738724844385 179.80996049811637 209
1738724844414 174.7402195734074 210
1738724844443 176.90343042832492 211
1738724844472 193.3854409867248 212
1738724844500 139.7830491811704 213
1738724844529 180.22757696060557 214
1738724844558 163.41255409340118 215
1738724844586 152.3436664455388 216
1738724844615 168.5318882546551 217
1738724844643 170.52188258965964 218
1738724844672 185.19856634491862 219
1738724844701 165.89665330870844 220
1738724844729 196.74687026692374 221
1738724844758 176.50896735065646 222
1738724844786 153.62663861889686 223
1738724844815 172.0851973990097 224
1738724844843 160.4371145796578 225
1738724844872 146.36056317649883 226
1738724844900 162.2412609424308 227
1738724844929 163.88527520452035 228
1738724844957 169.3820203664484 229
1738724844986 152.3108390083826 230
1738724845015 159.28679532828977 231
1738724845045 171.9493116551075 232
1738724845073 154.94517343529213 233
1738724845102 156.31189605991176 234
1738724845130 147.59752801690257 235
1738724845159 174.28683423162627 236
1738724845188 128.02640096034045 237
1738724845216 169.15960419796687 238
1738724845246 164.23333898931654 239
1738724845274 143.73989363961178 240
1738724845303 168.16236404806162 241
1738724845332 171.9474441545183 242
1738724845361 169.67585008683912 243
1738724845389 192.15381365656972 244
1738724845419 169.01778311847937 245
1738724845448 182.36364269883816 246
1738724845477 182.7124500229223 247
1738724845505 189.74348512821877 248
1738724845534 172.6192635349256 249
1738724845563 172.5400611688617 250
1738724845591 154.97902309101133 251
1738724845620 185.19137550986582 252
1738724845648 152.62094556468085 253
1738724845677 161.13684918915317 254
1738724845705 187.43326461445196 255
1738724845734 168.0973019723734 256
1738724845763 152.75006749257832 257
1738724845791 171.7459996113051 258
1738724845820 191.44298359330227 259
1738724845849 139.62302484027694 260
1738724845877 196.3697150333627 261
1738724845906 186.46155139778523 262
1738724845935 145.06857381940657 263
1738724845963 161.2306293378283 264
1738724845992 189.37551903839432 265
1738724846020 182.82078199230565 266
1738724846049 170.8887362913942 267
1738724846078 176.42356674237658 268
1738724846106 172.42791235681796 269
1738724846135 162.01757084372596 270
1738724846163 155.16907652404842 271
1738724846191 167.25916112915726 272
1738724846220 170.57939085447813 273
1738724846248 186.9109118849826 274
1738724846277 160.03757389520473 275
1738724846305 181.10580041007836 276
1738724846334 175.9956446004905 277
1738724846362 190.5061919470456 278
1738724846391 176.35710979307459 279
1738724846419 161.99024404191337 280
1738724846448 179.33842585148898 281
1738724846477 164.32249525930624 282
1738724846506 166.3342709520783 283
1738724846534 163.83961172669063 284
1738724846563 214.259665262165 285
1738724846591 175.90468267409503 286
1738724846620 156.9681104610936 287
1738724846648 157.88517571498392 288
1738724846677 154.73689986137023 289
1738724846705 184.1660295797105 290
1738724846734 113.13372887765769 291
1738724846763 177.83763809207144 292
1738724846791 151.83238976325435 293
1738724846820 147.34546601735664 294
1738724846848 159.2963974752733 295
1738724846877 171.4889065456686 296
1738724846906 178.8103440518964 297
1738724846934 156.10264652792858 298
1738724846963 165.98587381169426 299
1738724846991 164.62209898847803 300
1738724847020 176.09654902541263 301
1738724847048 164.18316584390556 302
1738724847077 180.23938215948877 303
1738724847106 174.2991990931838 304
1738724847134 161.47508652111867 305
1738724847163 126.9100619304239 306
1738724847191 170.79806345190536 307
1738724847220 161.2083056082051 308
1738724847248 169.6997948842307 309
1738724847276 176.58414526677964 310
1738724847305 169.54824309845426 311
1738724847333 174.5091667891695 312
1738724847362 156.98740220729343 313
1738724847390 186.32283789742067 314
1738724847419 163.15199582981788 315
1738724847447 184.45221962086714 316
1738724847476 155.31932742917618 317
1738724847504 165.17904289927864 318
1738724847533 159.41318763551104 319
1738724847561 146.1565537736299 320
1738724847590 158.42847004126514 321
1738724847618 150.54318598986114 322
1738724847647 174.13755735076705 323
1738724847675 173.3516251065721 324
1738724847703 141.7766764509487 325
1738724847732 200.46947749648717 326
1738724847760 153.45197517012153 327
1738724847789 174.06388381232014 328
1738724847817 152.23157385187903 329
1738724847846 150.7191216038388 330
1738724847874 182.0569987297691 331
1738724847903 136.75979497856716 332
1738724847931 176.74915244748405 333
1738724847960 161.63740951837755 334
1738724847988 149.38179269796626 335
1738724848017 167.35466081046474 336
1738724848045 152.3692984123093 337
1738724848073 174.98200092955074 338
1738724848102 175.16306440854447 339
1738724848131 162.41894064024368 340
1738724848159 172.18133936725886 341
1738724848188 160.62681303047935 342
1738724848216 154.2171284454891 343
1738724848245 156.81770923088217 344
1738724848273 144.6973909580364 345
1738724848302 161.37797442544567 346
1738724848331 161.62918725753846 347
1738724848361 146.304474982908 348
1738724848390 109.13299937742123 349
1738724848420 169.52299421889748 350
1738724848449 154.2500354942828 351
1738724848479 155.92647415851425 352
1738724848509 186.3071948416888 353
1738724848539 196.19852252081978 354
1738724848568 162.72174004259983 355
1738724848598 171.30053140714546 356
1738724848627 162.26386067922934 357
1738724848657 178.898400017849 358
1738724848686 169.7411084020459 359
1738724848715 157.1711859782997 360
1738724848745 181.84179173856967 361
1738724848774 166.5506331295133 362
1738724848803 169.49054585641107 363
1738724848832 159.68034947903655 364
1738724848862 153.84294023548867 365
1738724848891 162.8077669290474 366
1738724848920 150.79308741452527 367
1738724848949 148.95232461739118 368
1738724848978 153.89221577643275 369
1738724849007 175.38153721933034 370
1738724849036 170.49786764279523 371
1738724849065 189.68034917091674 372
1738724849094 174.08646221545357 373
1738724849123 159.95129529181747 374
1738724849152 149.21911641578586 375
1738724849181 146.21062455408983 376
1738724849210 187.11830204287844 377
1738724849239 166.52767713718004 378
1738724849268 159.52197680743444 379
1738724849297 194.14740813576745 380
1738724849326 173.84014478114946 381
1738724849355 177.07846725283576 382
1738724849384 167.13870434600602 383
1738724849413 166.12632052605878 384
1738724849442 169.7611620254943 385
1738724849471 172.69140417344863 386
1738724849500 176.52543868126622 387
1738724849529 169.53887633329055 388
1738724849558 189.78744847388154 389
1738724849587 154.11658745965744 390
1738724849616 129.32371938396176 391
1738724849644 170.48976608298142 392
1738724849673 148.0756909462921 393
1738724849702 171.15808669888892 394
1738724849731 175.66418633788996 395
1738724849760 127.89824158387219 396
1738724849789 166.1305323899133 397
1738724849817 160.92937101136133 398
1738724849846 132.688210354967 399
1738724849875 147.1742164921157 400
1738724849904 151.5688292782216 401
1738724849933 181.71115202126745 402
1738724849962 160.88026048390458 403
1738724849991 182.45701519063394 404
1738724850019 180.1281717107182 405
1738724850048 203.22896815127746 406
1738724850077 185.36805943488227 407
1738724850106 170.0101522080315 408
1738724850135 165.00713368832677 409
1738724850164 140.09622778624185 410
1738724850193 174.35829512143079 411
1738724850222 161.78679628729805 412
1738724850251 167.49495310833618 413
1738724850279 168.33396608136138 414
1738724850308 175.1332216597154 415
1738724850337 166.60676525543184 416
1738724850366 165.7276007473516 417
1738724850395 173.5276101933162 418
1738724850424 180.08647625189698 419
1738724850453 177.6439599673256 420
1738724850482 163.98871483831516 421
1738724850510 161.37860072502758 422
1738724850539 226.6317418213741 423
1738724850569 175.0971788186485 424
1738724850598 184.12084502732228 425
1738724850627 145.134487293229 426
1738724850656 180.726892529507 427
1738724850685 162.07839807562553 428
1738724850713 216.60488172311577 429
1738724850742 162.2120262961126 430
1738724850771 162.89136218134897 431
1738724850801 158.44106457164116 432
1738724850831 157.78271274589457 433
1738724850861 157.55901715035083 434
1738724850891 169.75333781546422 435
1738724850920 158.00043184832037 436
1738724850949 166.22711190364836 437
1738724850978 176.44583061195618 438
1738724851008 153.59271336206268 439
1738724851037 154.45505889451363 440
1738724851066 164.80858028538213 441
1738724851096 145.47007859783523 442
1738724851125 179.48551476294887 443
1738724851154 177.22922344150683 444
1738724851183 167.95607505305318 445
1738724851212 159.47683237752682 446
1738724851242 180.87556730361797 447
1738724851271 155.97591929905386 448
1738724851300 195.48405561390308 449
1738724851329 168.2064227918127 450
1738724851359 156.86673189955363 451
1738724851388 167.72427033457646 452
1738724851417 152.34809865271956 453
1738724851446 235.27339133260224 454
1738724851475 142.2904283884319 455
1738724851504 185.98947115012686 456
1738724851533 169.62490365534794 457
1738724851562 168.50303630061927 458
1738724851591 146.66755221502802 459
1738724851620 144.00230976223781 460
1738724851649 181.13110210405523 461
1738724851678 162.54706494427853 462
1738724851708 152.09140830816773 463
1738724851737 135.22593912812536 464
1738724851765 151.10420917267137 465
1738724851794 171.6592659503568 466
1738724851824 177.44251488210702 467
1738724851852 201.29827399326072 468
1738724851881 178.20193398092457 469
1738724851910 180.55936562589346 470
1738724851939 130.66177401211604 471
1738724851968 182.86628342523335 472
