1738722141375 160.98622470231385 0
1738722141411 178.14773187766116 1
1738722141447 160.19679192905133 2
1738722141483 139.04206105651903 3
1738722141520 201.3342768238424 4
1738722141556 176.6759992688635 5
1738722141592 165.40535184450502 6
1738722141628 181.0264228190929 7
1738722141663 183.7973299061299 8
1738722141699 206.91348197566572 9
1738722141734 161.16788369068502 10
1738722141770 180.2917756890296 11
1738722141805 177.42607251891056 12
1738722141841 198.69304455087138 13
1738722141876 170.44647915996646 14
1738722141912 178.85120571595698 15
1738722141947 163.45012267991788 16
1738722141983 155.70518387883936 17
1738722142018 152.96728981296556 18
1738722142054 151.36754218120439 19
1738722142089 176.74274396093878 20
1738722142125 160.47542386468356 21
1738722142160 181.29759178171608 22
1738722142196 200.68816003647586 23
1738722142231 167.30268884966236 24
1738722142266 183.9294610252244 25
1738722142312 174.89556516140206 26
1738722142350 164.98184278736653 27
1738722142386 176.93637084570827 28
1738722142422 152.8102430082213 29
1738722142459 125.5850869035377 30
1738722142495 190.4092476979855 31
1738722142531 183.6273767944284 32
1738722142566 183.77558703724148 33
1738722142602 163.50278418732287 34
1738722142638 156.5057870915283 35
1738722142674 160.43589360523222 36
1738722142710 160.52245054548536 37
1738722142745 154.0621072551394 38
1738722142781 174.36755348292297 39
1738722142818 169.255784462395 40
1738722142854 219.7666934094978 41
1738722142891 163.9859179659207 42
1738722142927 158.2383242654659 43
1738722142963 171.49640995822344 44
1738722142999 161.1207876945506 45
1738722143035 153.41285666313485 46
1738722143071 153.5374898661464 47
1738722143107 127.72024914715138 48
1738722143143 165.97154940134996 49
1738722143179 142.7899731475091 50
1738722143215 143.5683905701466 51
1738722143251 191.26066604671541 52
1738722143286 177.44515031908588 53
1738722143324 161.37383241465818 54
1738722143361 158.95980577140483 55
1738722143398 164.56923120204956 56
1738722143435 194.5071377374131 57
1738722143471 160.27500205255896 58
1738722143508 162.79992434673295 59
1738722143544 235.82482348176205 60
1738722143580 146.23353676477643 61
1738722143616 158.59354810601891 62
1738722143652 167.39408090107491 63
1738722143688 158.13713532891052 64
1738722143725 171.70303520859449 65
1738722143761 160.80093597023512 66
1738722143797 164.40797681352493 67
1738722143833 176.72507727164015 68
1738722143868 180.01006169954388 69
1738722143904 182.7411146257777 70
1738722143940 125.31429037203883 71
1738722143975 187.82810648693035 72
1738722144011 169.19138139724072 73
1738722144046 149.77766341769848 74
1738722144082 167.62674900594888 75
1738722144118 153.92221345611225 76
1738722144153 164.58429130489944 77
1738722144188 196.1931657727177 78
1738722144224 180.84571273248886 79
1738722144260 200.95691976070853 80
1738722144295 180.42247313573168 81
1738722144331 180.88426673528608 82
1738722144366 169.08381747318882 83
1738722144402 177.94273550764757 84
1738722144437 152.74092621387592 85
1738722144472 157.91393945077976 86
1738722144508 150.17280207706006 87
1738722144543 160.69487235416528 88
1738722144579 162.6280503375209 89
1738722144614 186.2923823709942 90
1738722144649 189.83103995677047 91
1738722144685 176.0766647075325 92
1738722144720 168.470671557448 93
1738722144756 179.46034540300948 94
1738722144791 193.13738327380094 95
1738722144827 182.51897445040368 96
1738722144862 163.6877343718853 97
1738722144898 184.10106800615867 98
1738722144934 170.2345210303664 99
1738722144969 156.3409972653284 100
1738722145005 180.21196286189888 101
1738722145042 156.8759317239072 102
1738722145077 154.71360760835395 103
1738722145114 193.32112965455403 104
1738722145150 165.48312576998623 105
1738722145186 183.1581737615115 106
1738722145221 149.33336534466557 107
1738722145257 186.83374389945413 108
1738722145293 190.401140737875 109
1738722145330 164.36787824941638 110
1738722145366 164.0362423541947 111
1738722145402 178.61638056394594 112
1738722145438 176.8048271024803 113
1738722145474 153.27593584693858 114
1738722145510 188.26257245794625 115
1738722145546 149.1947620618294 116
1738722145581 141.8638954378136 117
1738722145617 166.6315111271279 118
1738722145653 183.7072208120852 119
1738722145689 182.02091873572394 120
1738722145724 151.3576449458455 121
1738722145760 165.95516402303772 122
1738722145796 157.4202811017015 123
1738722145831 149.88980935295527 124
1738722145867 214.094543024657 125
1738722145902 213.99648520525082 126
1738722145937 160.84373415537397 127
1738722145973 148.3592006647166 128
1738722146008 188.40871119835916 129
1738722146043 182.0143754697334 130
1738722146079 233.008349965976 131
1738722146114 152.703812012823 132
1738722146150 130.45707327903855 133
1738722146186 172.748204171276 134
1738722146223 190.8424099745449 135
1738722146260 170.792346273816 136
1738722146296 200.8613609469708 137
1738722146333 157.43882045763814 138
1738722146369 193.35384284844844 139
1738722146406 169.3238034890586 140
1738722146443 179.39731329959014 141
1738722146479 172.7611648365597 142
1738722146515 160.66609446675844 143
1738722146553 172.5868884948982 144
1738722146590 210.07171449033862 145
1738722146626 172.17707387256158 146
1738722146662 159.332180397735 147
1738722146698 165.36335973137346 148
1738722146735 184.29747630550793 149
1738722146771 166.42487482815454 150
1738722146807 158.77627516283067 151
1738722146843 155.73816619810566 152
1738722146879 151.25225389117654 153
1738722146915 155.2342330452802 154
1738722146952 185.2045848844723 155
1738722146988 139.98106135571123 156
1738722147024 160.70543948546407 157
1738722147060 160.80185765345058 158
1738722147096 179.06242998951876 159
1738722147132 116.3580042314383 160
1738722147168 196.82349508587913 161
1738722147204 179.61003613922668 162
1738722147239 164.0315093808282 163
1738722147275 162.10651398199678 164
1738722147311 188.53244705931266 165
1738722147347 179.8997241807202 166
1738722147383 134.54800169484528 167
1738722147419 171.2159210188223 168
1738722147455 182.03423900316687 169
1738722147490 162.82221692806786 170
1738722147526 145.60120769287468 171
1738722147562 161.67373286396776 172
1738722147597 167.6734329469993 173
1738722147633 175.10570553350524 174
1738722147669 177.6437285975334 175
1738722147705 160.2883251617657 176
1738722147741 147.57761517471837 177
1738722147776 162.9784743785768 178
1738722147812 206.63383645991718 179
1738722147848 167.1183566626588 180
1738722147883 175.28597089251735 181
1738722147919 154.19775307429455 182
1738722147954 159.60819278132922 183
1738722147990 154.13611467787405 184
1738722148026 157.83226352121113 185
1738722148061 155.76090050118353 186
1738722148097 160.489487928916 187
1738722148132 147.5019574986699 188
1738722148168 169.59342507397824 189
1738722148204 152.16614037688754 190
1738722148239 171.646763984795 191
1738722148275 188.2996671168319 192
1738722148310 187.7022342082932 193
1738722148346 207.85282714210703 194
1738722148381 172.57635000841725 195
1738722148417 143.62459994746862 196
1738722148453 194.24489633925663 197
1738722148488 151.81504861847887 198
1738722148524 171.89908997313603 199
1738722148559 167.9807878131111 200
1738722148595 177.61551020860307 201
1738722148630 168.5848260657513 202
1738722148666 151.47067792671723 203
1738722148701 174.65376127715433 204
1738722148737 185.96175460944667 205
1738722148772 162.90515569106492 206
1738722148807 203.2433587641295 207
1738722148843 159.93108383732778 208
1738722148878 156.78962889584594 209
1738722148914 161.9435089797074 210
1738722148949 163.7485319786575 211
1738722148986 151.18803367621442 212
1738722149022 165.0404920637717 213
1738722149058 224.23340965379845 214
1738722149094 153.6747012940743 215
1738722149130 193.42487614333353 216
1738722149165 165.96570662630785 217
1738722149201 195.49187617048221 218
1738722149237 180.04354445831322 219
1738722149273 160.86452061320043 220
1738722149310 168.62207594343494 221
1738722149346 201.41152378497748 222
1738722149383 178.30362508282607 223
1738722149421 187.0138320436069 224
1738722149458 186.95788130370192 225
1738722149493 180.33652780201288 226
1738722149529 168.40815839643355 227
1738722149565 171.4480589949692 228
1738722149601 167.05193720484507 229
1738722149637 171.72718114171172 230
1738722149673 179.50410135598239 231
1738722149709 170.42188325452156 232
1738722149744 182.45170505037834 233
1738722149780 160.31777045400523 234
1738722149816 158.36344939239717 235
1738722149851 204.22151030675172 236
1738722149887 186.51409380926918 237
1738722149923 156.7204759444581 238
1738722149958 175.82013885243168 239
1738722149994 175.71930842064268 240
1738722150030 168.93619065516233 241
1738722150065 194.48570671926447 242
1738722150101 132.89270993922364 243
1738722150136 155.83574102308987 244
1738722150172 177.11062185769998 245
1738722150207 167.66043819111897 246
1738722150243 134.39323685674472 247
1738722150279 155.99078582788212 248
1738722150314 162.59474873469048 249
1738722150350 172.64939429765639 250
1738722150385 181.2335933031349 251
1738722150421 161.7011636422618 252
1738722150457 156.63557510170895 253
1738722150492 183.58779780831532 254
1738722150528 129.34204101399015 255
1738722150564 158.3943860358132 256
1738722150599 165.88351418011266 257
1738722150635 171.55804347642956 258
1738722150670 168.1731904614501 259
1738722150706 191.18394567871255 260
1738722150742 181.55978188057972 261
1738722150777 135.54697197886426 262
1738722150813 192.0003369828965 263
1738722150848 179.58428561405628 264
1738722150884 153.28835731520815 265
1738722150920 123.47729463453905 266
1738722150955 168.52691006739934 267
1738722150991 130.60040758494026 268
1738722151027 157.59450956154575 269
1738722151063 197.61282624547326 270
1738722151098 183.81544699877585 271
1738722151134 178.2527310719164 272
1738722151169 160.3252584843195 273
1738722151205 163.44805801485316 274
1738722151240 146.13606877665745 275
1738722151276 180.96516669237192 276
1738722151311 176.12222856827313 277
1738722151347 176.3568359452876 278
1738722151382 199.80570314732216 279
1738722151418 149.94539315507257 280
1738722151453 184.95203158937628 281
1738722151489 179.35427421609728 282
1738722151524 170.02149473181228 283
1738722151560 182.07686634174547 284
1738722151595 174.05437005901638 285
1738722151631 179.2365527960364 286
1738722151666 169.609010638935 287
1738722151702 153.17311541358424 288
1738722151737 178.12041751678368 289
1738722151773 230.1343958510125 290
1738722151808 194.9540728763936 291
1738722151844 165.34595041821973 292
1738722151880 184.5096416670779 293
1738722151915 146.6697068571961 294
1738722151951 183.8757447152981 295
1738722151986 166.5677719609667 296
1738722152022 162.09406673730737 297
1738722152057 166.54757000271752 298
1738722152093 171.9792972192304 299
1738722152128 153.91416518300935 300
1738722152164 183.62926859170852 301
1738722152199 191.72229417786914 302
1738722152235 196.41234592845194 303
1738722152271 166.14318443898358 304
1738722152307 179.38245894556977 305
1738722152343 158.49007148894486 306
1738722152380 193.3479971251802 307
1738722152416 181.8711626030113 308
1738722152452 182.16054441441838 309
1738722152489 191.04337999741813 310
1738722152525 180.41755293281193 311
1738722152561 189.8785742450508 312
1738722152597 156.28745713335036 313
1738722152634 162.77255504128155 314
1738722152670 168.73765098986257 315
1738722152706 132.94197636298415 316
1738722152742 200.10801377620132 317
1738722152778 164.7918171925907 318
1738722152814 183.30588824273897 319
1738722152850 172.07890764451662 320
1738722152886 148.5585508849418 321
1738722152922 178.73555317606557 322
1738722152958 168.44427106534084 323
1738722152994 162.05260155277804 324
1738722153030 166.86447401877277 325
1738722153066 174.82942356030654 326
1738722153103 159.6651699808346 327
1738722153139 142.73602959307027 328
1738722153175 132.88593338397342 329
1738722153210 137.333989321765 330
1738722153246 177.02406862574318 331
1738722153282 143.35040384778955 332
1738722153318 165.617920255783 333
1738722153354 157.46762156342265 334
1738722153390 155.7587587421572 335
1738722153426 137.1269330140096 336
1738722153462 154.18590363685882 337
1738722153498 165.80894570782 338
1738722153534 178.1415749456334 339
1738722153571 181.74107307280627 340
1738722153607 167.19675624723504 341
1738722153643 122.75457082543083 342
1738722153679 191.60696485650593 343
1738722153715 137.75288170905264 344
1738722153751 172.01611403556134 345
1738722153787 182.87954119233342 346
1738722153823 171.58932022897116 347
1738722153859 172.70593650461092 348
1738722153895 155.95254749920505 349
1738722153931 114.62180855910826 350
1738722153967 154.08293034670183 351
1738722154003 170.9630933620363 352
1738722154039 151.1251419484509 353
1738722154075 136.40642570186077 354
1738722154110 155.14710980475496 355
1738722154146 146.4965420887263 356
1738722154182 182.05997730633874 357
1738722154217 188.63613346027557 358
1738722154253 168.8787206607339 359
1738722154289 148.6932269451323 360
1738722154324 174.84095322841256 361
1738722154360 165.58840095900058 362
1738722154396 173.61971686548472 363
1738722154431 170.17269166207848 364
1738722154467 161.4235757967877 365
1738722154502 164.65668599962558 366
