1738722566294 169.10748348578352 0
1738722566297 170.30013587993983 1
1738722566299 167.65192479139608 2
1738722566301 169.4140739045593 3
1738722566303 170.9287931110067 4
1738722566305 168.3067694005441 5
1738722566307 168.21845056238485 6
1738722566309 169.40757301999253 7
1738722566311 171.31881443176349 8
1738722566314 168.36875536386037 9
1738722566316 169.9600524362838 10
1738722566318 169.9729937503472 11
1738722566320 169.1419272108307 12
1738722566322 167.33859941781034 13
1738722566324 171.12703871759712 14
1738722566326 169.9155623160929 15
1738722566328 170.28089492857518 16
1738722566330 168.85811379479927 17
1738722566332 167.79415859388013 18
1738722566334 169.10409231506284 19
1738722566336 167.33744616125963 20
1738722566338 167.87098266934288 21
1738722566340 169.84438997323366 22
1738722566342 169.63639372443163 23
1738722566344 171.2426520154614 24
1738722566347 170.2024434620849 25
1738722566349 167.6425546910776 26
1738722566351 168.61456901482782 27
1738722566353 170.67319880621875 28
1738722566355 169.720173257385 29
1738722566357 169.23899110950498 30
1738722566359 169.4430690273874 31
1738722566361 168.63558383697625 32
1738722566364 167.3963417114908 33
1738722566366 168.46306233774956 34
1738722566368 170.32835749155095 35
1738722566370 168.45443321690783 36
1738722566372 168.06205544760041 37
1738722566374 169.02090330554788 38
1738722566376 168.4609529816514 39
1738722566378 168.1447931330297 40
1738722566380 167.4844272690392 41
1738722566382 168.6007860478001 42
1738722566384 171.3967232620809 43
1738722566386 168.22008146873836 44
1738722566388 170.29125264798208 45
1738722566391 168.71000819577208 46
1738722566393 169.82872537353603 47
1738722566395 165.8382988665935 48
1738722566397 167.9221081993904 49
1738722566399 170.60967086523266 50
1738722566401 168.72716680959678 51
1738722566403 169.09482222965468 52
1738722566405 170.9083508809708 53
1738722566407 168.82242585659517 54
1738722566409 168.77253204197626 55
1738722566411 168.8807661899325 56
1738722566413 169.49480761331202 57
1738722566415 170.26638252286364 58
1738722566417 169.0828431568619 59
1738722566419 169.5326443872608 60
1738722566421 167.11650878239226 61
1738722566423 167.63357344269735 62
1738722566425 169.0684043488125 63
1738722566427 166.2136115761633 64
1738722566429 170.10855423194357 65
1738722566431 169.25261103079416 66
1738722566434 168.65775521384194 67
1738722566436 167.48084895257813 68
1738722566438 169.46563824431828 69
1738722566440 172.46278763842471 70
1738722566442 168.8664552167138 71
1738722566444 169.98955025852536 72
1738722566446 171.55196759869108 73
1738722566448 165.79975992216757 74
1738722566450 169.66787455768292 75
1738722566452 169.37341024893323 76
1738722566454 169.88861497549294 77
1738722566456 169.25355765473157 78
1738722566458 165.5075338611934 79
1738722566460 168.588221485727 80
1738722566462 165.77181951181007 81
1738722566464 167.24648218334136 82
1738722566466 168.23675041228947 83
1738722566468 168.76832610495137 84
1738722566470 169.09895387737257 85
1738722566472 173.11805225958122 86
1738722566474 167.93367663289834 87
1738722566476 169.82207112702767 88
1738722566478 168.36161531814608 89
1738722566480 172.0075288877981 90
1738722566482 169.05725412224353 91
1738722566484 169.64596739347974 92
1738722566487 166.39351577709934 93
1738722566489 170.39152945131428 94
1738722566491 167.57566041679655 95
1738722566493 168.32692285885244 96
1738722566495 168.96059664495942 97
1738722566497 167.3707970799054 98
1738722566499 167.47156683583506 99
