1738723690024 171.3126158905018 0
1738723690026 167.63947965409247 1
1738723690029 170.0906007281819 2
1738723690032 169.41877528254446 3
1738723690034 169.38757326033556 4
1738723690037 167.98193141675785 5
1738723690039 167.5061321897496 6
1738723690042 167.78559575853538 7
1738723690044 168.48007986166726 8
1738723690047 169.8829632217856 9
1738723690049 168.9350683601797 10
1738723690052 170.47446996551054 11
1738723690054 168.3589840362573 12
1738723690057 167.176996605154 13
1738723690059 170.73433041194627 14
1738723690062 169.32892802019126 15
1738723690064 168.57717834272304 16
1738723690067 170.092468274247 17
1738723690069 168.63766759599307 18
1738723690072 169.00007743712325 19
1738723690074 168.81784352673353 20
1738723690076 168.35855418840328 21
1738723690079 170.61357815963203 22
1738723690081 171.09369286307978 23
1738723690084 167.12357824531068 24
1738723690086 169.77903521794818 25
1738723690089 168.96453316417916 26
1738723690091 168.54820478582843 27
1738723690094 169.3558080635441 28
1738723690096 167.78031895525666 29
1738723690099 169.13934566598851 30
1738723690101 168.52965426784553 31
1738723690104 167.4589754277701 32
1738723690106 169.47147808143012 33
1738723690109 167.54893045447426 34
1738723690111 168.54286602955568 35
1738723690114 170.85263611100044 36
1738723690116 169.12213491235792 37
1738723690119 167.3294368200306 38
1738723690121 168.35749623516753 39
1738723690123 169.03635085579248 40
1738723690126 167.38497724356364 41
1738723690128 167.61165951242003 42
1738723690131 169.1521361053428 43
1738723690133 169.92687328325337 44
1738723690136 169.58502352966067 45
1738723690138 167.52990630488887 46
1738723690141 169.33747215340117 47
1738723690143 168.9417877304442 48
1738723690146 168.57486561100154 49
1738723690148 168.92319537672216 50
1738723690151 167.93756550410228 51
1738723690154 167.5413743377582 52
1738723690156 166.7522520774386 53
1738723690159 169.6834753711673 54
1738723690161 168.91186946080452 55
1738723690164 169.33963055379596 56
1738723690166 167.86174547169645 57
1738723690169 168.00967233101505 58
1738723690172 168.748839670819 59
1738723690175 168.27142362835656 60
1738723690177 167.91717809442213 61
1738723690180 170.64784291510452 62
1738723690182 168.58396851276927 63
1738723690185 169.15487572133807 64
1738723690187 170.22053330688306 65
1738723690190 167.5848108835497 66
1738723690192 169.53683657888263 67
1738723690195 168.8854078811648 68
1738723690197 169.4723181194365 69
1738723690200 169.11848734553874 70
1738723690202 167.15222273929868 71
