1738723690370 169.5478674669568 0
1738723690373 168.68245207602573 1
1738723690376 169.51557940841224 2
1738723690378 166.11970080875176 3
1738723690381 170.2756464689286 4
1738723690383 166.84625855307257 5
1738723690386 168.04357658493535 6
1738723690389 169.3663713557911 7
1738723690391 169.23370931998207 8
1738723690394 170.669798196635 9
1738723690396 166.60615021021238 10
1738723690399 170.24611892187167 11
1738723690401 167.32178224995485 12
1738723690404 169.28086410694212 13
1738723690406 165.03935157910615 14
1738723690409 170.2798625226322 15
1738723690412 168.11246176176334 16
1738723690414 170.87612939839508 17
1738723690417 167.640229823891 18
1738723690420 167.83869942300157 19
1738723690422 167.69165029864155 20
