1738723786208 193.9381293410047 0
1738723786245 184.25941115900787 1
1738723786282 191.2954344318399 2
1738723786319 180.1301808406565 3
1738723786356 184.55585917382362 4
1738723786393 159.842641877751 5
1738723786430 168.7935403982247 6
1738723786467 136.33585862689375 7
1738723786504 184.399242894665 8
1738723786541 152.06386688560838 9
1738723786578 181.46301304091625 10
1738723786614 157.57625140251855 11
1738723786651 159.0654598353265 12
1738723786687 160.05278118110397 13
1738723786723 134.43260714645797 14
1738723786759 167.712419852298 15
1738723786796 171.54762885149353 16
1738723786832 171.1887328445356 17
1738723786868 170.88875135917115 18
1738723786904 192.50251644682382 19
1738723786940 199.30972925563736 20
1738723786977 201.47243487280915 21
1738723787013 163.6966159549503 22
1738723787049 152.02420215058598 23
1738723787085 168.60686608799648 24
1738723787122 172.6424158584549 25
1738723787158 196.60233948036472 26
1738723787194 179.9762494623435 27
1738723787231 182.2140960636667 28
1738723787267 179.4503833521699 29
1738723787304 175.10642787392476 30
1738723787341 169.50232615019792 31
1738723787377 123.30435748950867 32
1738723787413 185.0981601228891 33
1738723787448 197.9344664046047 34
1738723787484 171.07226191166725 35
1738723787520 151.41196504849412 36
1738723787556 134.0268260289569 37
1738723787592 182.5663549554767 38
1738723787627 154.78737545121777 39
1738723787663 147.88633253899167 40
1738723787699 186.28107133749046 41
1738723787735 171.8966067043725 42
1738723787771 191.96713627458197 43
1738723787807 155.05175135698693 44
1738723787843 204.13165498971446 45
1738723787879 188.20746019852982 46
1738723787914 240.84106845615415 47
1738723787950 181.22149654965966 48
1738723787986 169.7887612713626 49
1738723788021 211.5226328860055 50
1738723788057 95.45817134996503 51
1738723788093 203.49080913275623 52
1738723788129 177.24690087959783 53
1738723788164 168.98691506470178 54
1738723788200 174.12385575626757 55
1738723788236 176.48515418883838 56
1738723788272 142.75994166346422 57
1738723788307 159.4442463772726 58
1738723788343 171.79682741012905 59
1738723788379 231.01869545481676 60
1738723788415 182.34497813969142 61
1738723788451 156.5636134694017 62
1738723788486 171.0932886902703 63
1738723788523 145.41887197772843 64
1738723788559 146.05500729340181 65
1738723788595 175.61785871063807 66
1738723788630 155.4600861060955 67
1738723788666 183.87634873265225 68
1738723788701 154.79451450605296 69
1738723788737 170.46405997691636 70
1738723788773 161.32858883350272 71
1738723788808 166.08276443569295 72
1738723788844 152.80550002401299 73
1738723788880 170.91071440603324 74
1738723788915 178.30019570227256 75
1738723788951 188.82135492148706 76
1738723788986 166.9451733691404 77
1738723789022 170.70172726560457 78
1738723789058 152.95717617300932 79
1738723789093 147.2683591769217 80
1738723789129 166.64807433451435 81
1738723789164 156.05001878083442 82
1738723789200 175.47764515961418 83
1738723789236 164.22874064516884 84
1738723789271 124.0873834984219 85
1738723789307 174.36909644400131 86
1738723789342 165.251452944835 87
1738723789378 159.50785445290433 88
1738723789413 164.84008670799074 89
1738723789449 168.08303246097682 90
1738723789485 194.47114840691933 91
1738723789520 175.23767050838504 92
1738723789556 208.4824029932451 93
1738723789591 184.23077578434885 94
1738723789627 167.00502293279504 95
1738723789662 159.96803435243115 96
1738723789698 150.0174959041394 97
1738723789734 154.33526092395323 98
1738723789769 178.4778817300463 99
1738723789805 150.00392480688333 100
1738723789841 158.06868844545258 101
1738723789877 180.63823919092818 102
1738723789913 173.44466545343542 103
1738723789948 149.61685797780794 104
1738723789984 183.71867200498724 105
1738723790020 169.64762379675756 106
1738723790055 157.38315500785453 107
1738723790091 174.255212773272 108
1738723790127 157.25496239595668 109
1738723790162 165.56524258943222 110
1738723790198 225.23628755333652 111
1738723790234 171.70033407359898 112
1738723790271 154.87849727892905 113
1738723790308 163.90929954456342 114
1738723790345 173.73584329477404 115
1738723790382 203.08127137373145 116
1738723790418 181.7482653656079 117
1738723790455 142.2828343870139 118
1738723790491 180.72869239697613 119
1738723790527 156.07203848108375 120
1738723790564 191.02389907882065 121
1738723790600 210.35034872493006 122
1738723790637 169.24216914158245 123
1738723790673 173.50035020895078 124
1738723790709 192.10061360963468 125
1738723790746 145.8038179131591 126
1738723790782 176.3484243809781 127
1738723790818 179.00128759348908 128
1738723790855 232.4845321148409 129
1738723790891 147.1826211825826 130
1738723790927 160.0552342978248 131
1738723790964 193.21063721745625 132
1738723791000 176.69986273310712 133
1738723791036 175.13895156972305 134
1738723791072 173.4416294135052 135
1738723791109 181.50071395400022 136
1738723791145 173.25656920631758 137
1738723791181 168.84645735227926 138
1738723791217 138.5189748407844 139
1738723791253 171.77845176370462 140
1738723791290 183.32508102531216 141
1738723791326 185.77824644235625 142
1738723791362 188.01506494118118 143
1738723791398 158.1787477583097 144
1738723791434 171.56166444181912 145
1738723791471 161.17489011001783 146
1738723791507 139.15891676775013 147
1738723791543 147.57804397909652 148
1738723791579 152.5186000495422 149
1738723791614 169.34728363715894 150
1738723791650 154.25824150513827 151
1738723791686 190.15132620901875 152
1738723791722 164.98199719073847 153
1738723791758 141.53387765523806 154
1738723791794 167.0724160622925 155
1738723791830 146.7439552705051 156
1738723791867 158.7707772747582 157
1738723791902 184.05716631908527 158
1738723791938 142.70886342571305 159
1738723791974 183.34811354898622 160
1738723792010 188.73888516659255 161
1738723792045 184.574835868472 162
1738723792081 198.17991257361382 163
1738723792117 142.26471512198066 164
1738723792153 168.00205995420666 165
1738723792189 170.3285851886612 166
1738723792225 133.85051760000462 167
1738723792260 170.54960555050408 168
1738723792296 142.0206718204956 169
1738723792331 169.42995125835176 170
1738723792367 155.69490628612687 171
1738723792403 175.2545179987722 172
1738723792439 182.5536909650892 173
1738723792474 187.42972814488093 174
1738723792510 186.54430914882192 175
1738723792545 168.49456505324727 176
1738723792581 188.8344430721147 177
1738723792617 147.8918535068915 178
1738723792653 157.57076452049293 179
1738723792688 168.29802788436535 180
1738723792724 157.0955687232899 181
1738723792760 166.70855299474525 182
1738723792795 133.42014799589217 183
1738723792831 206.61735826964352 184
1738723792867 160.46933374639497 185
1738723792902 192.71088115102626 186
1738723792938 176.6072391541322 187
1738723792974 88.57268567006119 188
1738723793010 155.82868071019917 189
1738723793045 187.85797167105 190
1738723793081 179.1121576016669 191
1738723793117 177.74234263140576 192
1738723793152 163.78699863530576 193
1738723793188 187.23233399567317 194
1738723793224 173.59244271182774 195
1738723793259 155.22715578355155 196
1738723793295 175.7570576857543 197
1738723793330 166.27363133447938 198
1738723793366 150.85737645715847 199
1738723793402 180.52284161116165 200
1738723793437 178.45490942648817 201
1738723793473 187.28123051606838 202
1738723793509 163.9351032326773 203
1738723793544 141.78497394661753 204
1738723793580 173.58205290053104 205
1738723793615 135.1991626088097 206
1738723793651 165.0634982856359 207
1738723793686 188.4398050144002 208
1738723793722 178.2994539694245 209
1738723793757 163.77798470252105 210
1738723793793 168.33548072714288 211
1738723793828 179.2062501672456 212
1738723793864 212.45895969111754 213
1738723793900 147.38765310207646 214
1738723793936 164.09302244681484 215
1738723793972 171.71126305512436 216
1738723794007 168.01218948162543 217
1738723794043 192.00730685954383 218
1738723794078 191.63743898311955 219
1738723794114 149.82072745050232 220
1738723794149 156.20586385791847 221
1738723794185 150.3235194599666 222
1738723794220 160.67715710229206 223
1738723794256 137.90593248178646 224
1738723794291 181.94736480426775 225
1738723794326 161.4235304831156 226
1738723794362 173.80135727883575 227
1738723794397 192.56272463971203 228
1738723794433 161.53264432224958 229
1738723794468 175.1062633563968 230
1738723794504 158.63091351543176 231
1738723794539 149.22334205000428 232
1738723794575 172.46630329275365 233
1738723794610 138.1194356932271 234
1738723794646 117.66789451667871 235
1738723794681 180.68046384276337 236
1738723794717 164.60332453697848 237
1738723794752 172.63593222089716 238
1738723794787 161.25839766709046 239
1738723794823 153.4125802446515 240
1738723794858 171.83595913406947 241
