1738722903277 192.7540492925047 0
1738722903308 185.34219336437548 1
1738722903340 139.0746825701746 2
1738722903371 163.6217283447462 3
1738722903402 148.5688225450165 4
1738722903434 161.24444642326586 5
1738722903466 169.0775620004525 6
1738722903499 167.98444765010447 7
1738722903531 150.72161938735846 8
1738722903563 176.19899588775925 9
1738722903595 144.665650734129 10
1738722903627 175.68255830192473 11
1738722903659 166.46787359581754 12
1738722903691 177.0232306141952 13
1738722903723 195.00863352350208 14
1738722903755 171.4553507867703 15
1738722903787 167.92659379049857 16
1738722903819 175.8632032782059 17
1738722903851 164.12826249341575 18
1738722903883 162.61655775912297 19
1738722903914 163.22034584024988 20
1738722903946 190.55594885694458 21
1738722903978 165.717744387941 22
1738722904010 157.61152217774145 23
1738722904041 173.58664703113965 24
1738722904073 162.35377044836227 25
1738722904105 147.7545612193585 26
1738722904136 163.01150047154977 27
1738722904168 171.53423302822213 28
1738722904199 156.1291318552317 29
1738722904231 184.09567276543672 30
1738722904262 175.12257435866064 31
1738722904294 141.68851092587053 32
1738722904326 165.77939576773946 33
1738722904357 140.89306372018854 34
1738722904389 179.41020412263532 35
1738722904420 177.73763115064617 36
1738722904452 173.40878006147418 37
1738722904484 157.98398798373788 38
1738722904515 132.31136236502607 39
1738722904547 160.35423482992002 40
1738722904578 136.29398289651706 41
1738722904610 181.3685249312791 42
1738722904641 169.39658085060694 43
1738722904672 186.9453131394712 44
1738722904704 157.2512520376242 45
1738722904735 172.83081892840488 46
1738722904767 178.93186241936837 47
1738722904798 167.07428326696518 48
1738722904829 184.1272821953437 49
1738722904861 159.07994898614794 50
1738722904892 149.48353022855395 51
1738722904925 168.31469182006452 52
1738722904957 178.4965937097445 53
1738722904990 168.85387494798672 54
1738722905021 168.09500858366465 55
1738722905053 125.77459701175482 56
1738722905085 179.97114777287916 57
1738722905117 181.097773059139 58
1738722905149 177.89946063552065 59
1738722905181 154.27980742297265 60
1738722905213 169.97543006013953 61
1738722905244 164.04945786636506 62
1738722905276 162.67291171630163 63
1738722905308 165.8108817770736 64
1738722905340 160.22175218415634 65
1738722905372 169.78530228627147 66
1738722905403 132.0356316024581 67
1738722905435 175.25129420566682 68
1738722905467 164.6951638553441 69
1738722905498 217.3959519059962 70
1738722905530 183.30187625220015 71
1738722905562 188.19689375394276 72
1738722905593 182.53470589156282 73
1738722905626 166.8549405951611 74
1738722905658 174.50407358302004 75
1738722905689 154.39580178703352 76
1738722905721 179.48984696439695 77
1738722905752 152.09566819558003 78
1738722905784 171.2479571089587 79
1738722905815 151.0268098407421 80
1738722905847 166.10799576295668 81
1738722905878 148.87176289400134 82
1738722905909 180.04756306953885 83
1738722905941 159.68800520262468 84
1738722905972 160.8884165837827 85
1738722906004 155.48012444981978 86
1738722906035 155.688437038766 87
1738722906066 199.66583841049442 88
1738722906097 146.72363447742876 89
1738722906129 172.79151626584604 90
1738722906160 170.4240636506747 91
1738722906191 191.45935424750064 92
1738722906222 204.73570929344518 93
1738722906254 159.7759866756401 94
1738722906285 190.21164546098126 95
1738722906316 153.75616673434743 96
1738722906347 176.28212191391606 97
1738722906378 179.92533836618475 98
1738722906409 158.48595464551482 99
1738722906440 180.9821419822096 100
1738722906472 174.53196959299768 101
1738722906503 182.63178569314437 102
1738722906534 188.9162890561627 103
1738722906565 164.11317552909532 104
1738722906596 195.23551085447627 105
1738722906627 190.89883704578844 106
1738722906658 143.27348264902662 107
1738722906690 184.70080004517746 108
1738722906721 186.17092933049537 109
1738722906752 149.05932421367626 110
1738722906783 170.0279743346695 111
1738722906814 162.09758018569775 112
1738722906845 177.39267171602833 113
1738722906876 159.2464721241624 114
1738722906908 150.74556406421007 115
1738722906939 199.31554240220552 116
1738722906970 158.7374948478673 117
1738722907002 172.18674489984005 118
1738722907033 142.2509702503367 119
1738722907064 133.97700658469256 120
1738722907095 140.00301458302778 121
1738722907127 172.53430174817797 122
1738722907158 132.85781113646198 123
1738722907189 165.67944423539672 124
1738722907220 150.0786128288854 125
1738722907251 188.39592783572013 126
1738722907282 175.77736158634758 127
1738722907314 165.28747464283964 128
1738722907345 191.09911164944376 129
1738722907376 174.0688393066245 130
1738722907407 148.30716008736263 131
1738722907438 180.01231455390752 132
1738722907469 173.53349993670292 133
1738722907500 184.6159927070728 134
1738722907531 169.87360824491694 135
1738722907563 149.19911434156717 136
1738722907594 190.53229212870912 137
1738722907625 160.31594956995033 138
1738722907656 165.7417774097047 139
1738722907687 151.18386506130219 140
1738722907718 170.6047881118671 141
1738722907749 180.4970736709445 142
1738722907780 158.92749179865427 143
1738722907811 169.5573015769346 144
1738722907842 174.25077284945937 145
1738722907873 195.58966904451174 146
1738722907904 202.60152706824388 147
1738722907935 178.764750109119 148
1738722907966 163.35391641861187 149
1738722907997 187.32825666676953 150
1738722908028 163.87397545443557 151
1738722908059 181.9063809060788 152
1738722908091 165.38673484191747 153
1738722908122 163.94032110059234 154
1738722908153 153.57949587468767 155
1738722908184 164.38848052283174 156
1738722908215 170.20338821529907 157
1738722908246 160.21512690231555 158
1738722908277 215.92189256403287 159
1738722908308 163.0255408744135 160
1738722908339 153.03479816634123 161
1738722908370 171.97865161427356 162
1738722908401 180.94280264183033 163
1738722908432 168.28086893220544 164
1738722908463 183.1250406100532 165
1738722908496 165.8923642859779 166
1738722908530 174.41319543111652 167
1738722908562 176.1854667386055 168
1738722908594 174.19075386207976 169
1738722908626 161.53308494940023 170
1738722908657 194.98217100838932 171
1738722908689 165.8343771433366 172
1738722908720 154.48067162754975 173
1738722908752 172.02858153829234 174
1738722908784 156.01401420221126 175
1738722908815 152.5455593673743 176
1738722908847 139.94861213738358 177
1738722908878 191.89610180316515 178
1738722908909 162.40556497419934 179
1738722908941 150.0127147477724 180
1738722908972 162.254668653262 181
1738722909004 175.11482841847007 182
1738722909036 163.0724067542705 183
1738722909067 178.58781920427975 184
1738722909099 171.735973794523 185
1738722909130 187.08763540962562 186
1738722909161 215.04165104179447 187
1738722909193 180.77511165386449 188
1738722909224 175.81919393851632 189
1738722909255 182.67141668660915 190
1738722909287 156.9397753363982 191
1738722909318 175.5001710736814 192
1738722909349 155.5520037682042 193
1738722909381 178.9409685158424 194
1738722909412 165.4776424939794 195
1738722909443 173.5297807062186 196
1738722909475 152.92775206022299 197
1738722909506 142.09298164007225 198
1738722909537 177.73635116273732 199
1738722909569 153.9339923246555 200
1738722909600 138.30548365705783 201
1738722909631 148.36083578403435 202
1738722909662 156.4115241135549 203
1738722909694 132.06176662362154 204
1738722909725 164.30472802327606 205
1738722909757 172.33742397413647 206
1738722909788 181.78073339292425 207
1738722909819 176.20333924641596 208
1738722909850 160.77534856446587 209
1738722909881 168.55157054909122 210
1738722909912 165.0585416207148 211
1738722909944 112.16674076183841 212
1738722909975 166.0355635888805 213
1738722910006 176.63647730400663 214
1738722910037 194.32373140094143 215
1738722910068 171.6224522308132 216
1738722910099 153.1240663641067 217
1738722910130 177.13782740656976 218
1738722910161 184.50034910705944 219
1738722910193 188.63845291693872 220
1738722910224 125.10243391610175 221
1738722910255 156.7380489806933 222
1738722910286 160.47885949355708 223
1738722910318 175.04170273580067 224
1738722910349 161.08578515952394 225
1738722910380 163.24637351155462 226
1738722910411 171.8061176861592 227
1738722910443 176.70858491201906 228
1738722910474 202.21777890213008 229
1738722910505 225.87118609670765 230
1738722910536 168.38479465165435 231
1738722910567 163.73021554798734 232
1738722910598 151.884965580408 233
1738722910629 157.4935303011638 234
1738722910660 177.88410912026177 235
1738722910691 165.51784468319514 236
1738722910723 134.55016706617755 237
1738722910754 146.82550227375134 238
1738722910785 182.86323952001183 239
1738722910816 150.44149475618198 240
1738722910847 171.57919842647777 241
1738722910878 171.86946572501992 242
1738722910909 152.7033480078702 243
1738722910940 168.7707155662833 244
1738722910971 189.39688820423754 245
1738722911002 184.20152959404672 246
1738722911034 147.19506235343633 247
1738722911065 156.92490191965175 248
1738722911097 177.20466782811525 249
1738722911128 181.74561938512986 250
1738722911159 137.04636173289776 251
1738722911190 160.82203583250387 252
1738722911221 175.04777937971602 253
1738722911252 169.54489451414054 254
1738722911283 163.15962096353712 255
1738722911315 181.76223390102962 256
1738722911347 182.52435542016184 257
1738722911379 177.7926319923332 258
1738722911411 175.98785088083005 259
1738722911442 160.3503005425559 260
1738722911474 209.31089042772422 261
1738722911505 161.67188438090102 262
1738722911537 183.45950048075517 263
1738722911568 195.73589479281412 264
1738722911600 150.92011682334288 265
1738722911632 180.3176812617762 266
1738722911663 140.67827070156753 267
1738722911694 204.87695273460815 268
1738722911726 170.9568419275428 269
1738722911757 169.08621939741298 270
1738722911789 157.88545348836112 271
1738722911820 164.4078454711703 272
1738722911851 165.98982527990236 273
1738722911883 186.05964477836872 274
1738722911914 175.7232025457817 275
1738722911945 174.91134071637907 276
1738722911977 155.13707874720274 277
1738722912008 165.70962895876255 278
1738722912039 175.53048025578786 279
1738722912071 164.0291121672292 280
1738722912102 156.98809184119278 281
1738722912134 178.01188135748419 282
1738722912165 182.87911885299968 283
1738722912196 161.25386459062256 284
1738722912227 173.92931946927797 285
1738722912258 156.72408168629786 286
1738722912289 178.04747140878956 287
1738722912320 179.11973112074182 288
1738722912352 169.82160693287926 289
1738722912383 164.97339502075735 290
1738722912414 149.81984661982537 291
1738722912445 166.62282889199045 292
1738722912476 160.0263599626969 293
1738722912508 174.3906933258548 294
1738722912539 141.7013284654588 295
1738722912570 158.42526972853952 296
1738722912601 164.15042860441255 297
1738722912632 179.58136247104298 298
1738722912663 175.53748843660364 299
1738722912695 154.04232007591938 300
1738722912726 138.89487146341213 301
1738722912757 181.28470478003214 302
1738722912788 147.51952716982242 303
1738722912819 178.39714358685268 304
1738722912851 162.71892528494328 305
1738722912882 166.805394222215 306
1738722912913 173.64409652401122 307
1738722912944 154.64929246045503 308
1738722912975 158.50841389476557 309
1738722913006 157.77917256099082 310
1738722913037 175.85609609182472 311
1738722913068 189.16086832602184 312
1738722913100 200.20736847958756 313
1738722913131 150.92651659157386 314
1738722913163 160.97885200370612 315
1738722913194 155.60266544245152 316
1738722913225 166.39173151979585 317
1738722913256 174.17427173988122 318
1738722913288 169.27487330979446 319
1738722913319 186.20150685470364 320
1738722913350 185.58167368912396 321
1738722913381 170.92864685367144 322
1738722913412 162.59580803623112 323
1738722913443 172.75268709788367 324
1738722913474 176.27789240276155 325
1738722913506 157.46803441641885 326
1738722913537 155.55126376743635 327
1738722913568 163.98835668779222 328
1738722913599 143.12876711387116 329
1738722913630 173.28299151386202 330
1738722913661 171.9466993451168 331
1738722913692 201.80983636900123 332
1738722913723 161.26994343199536 333
1738722913754 165.02240927213737 334
1738722913785 169.3782915343998 335
1738722913816 173.31892985379557 336
1738722913847 166.3906179350433 337
1738722913878 170.62852111948567 338
1738722913909 168.9425968899754 339
1738722913940 182.81757302378466 340
1738722913971 152.53093066242639 341
1738722914002 162.5144547493851 342
1738722914033 144.9250798963146 343
1738722914064 183.53461952688622 344
1738722914095 144.664904558996 345
1738722914126 190.66230533190696 346
1738722914157 204.68140909002037 347
1738722914188 164.1974893063507 348
1738722914219 171.79998401828453 349
1738722914250 191.3154884392883 350
1738722914281 129.1489936125849 351
1738722914312 184.31848914250034 352
1738722914343 157.20226741522094 353
1738722914374 160.05469331951667 354
1738722914405 176.94997018362804 355
1738722914435 164.46729705880756 356
1738722914466 154.9423415104039 357
1738722914497 153.02893753330383 358
1738722914528 113.04718751504582 359
1738722914559 157.16342695399774 360
1738722914590 164.5336380997263 361
1738722914621 146.85390955533762 362
1738722914652 143.1626069054526 363
1738722914683 155.82825956087734 364
1738722914714 162.59573615213822 365
1738722914745 176.45770876422836 366
1738722914776 167.18366821312415 367
1738722914807 189.29655796952622 368
1738722914838 187.67792361716968 369
1738722914869 174.93791608638148 370
1738722914900 183.69107357601538 371
1738722914931 180.7682395999427 372
1738722914962 175.51945257418473 373
1738722914993 173.09442423050555 374
1738722915023 162.87664835963014 375
1738722915055 186.64987705148354 376
1738722915086 173.71331928415472 377
1738722915117 161.54029692711748 378
1738722915148 217.3340141661202 379
1738722915180 178.91913524900113 380
1738722915212 155.07089421273886 381
1738722915243 132.7617182515015 382
1738722915274 155.91021960488587 383
1738722915306 151.48683863656035 384
1738722915337 147.46733621608664 385
1738722915369 165.48789081016452 386
1738722915400 166.33807518903566 387
1738722915431 181.06202995203896 388
1738722915463 145.4968244623245 389
1738722915494 150.8952236487858 390
1738722915525 169.70161734982088 391
1738722915557 178.43128030081147 392
1738722915588 177.70258840830974 393
1738722915620 175.58447429136615 394
1738722915651 183.86570977987938 395
1738722915682 183.14551093520518 396
1738722915714 186.04399276333658 397
1738722915745 172.07485294929552 398
1738722915776 170.00827445795323 399
1738722915808 189.67133946213337 400
1738722915839 184.67798001440872 401
1738722915870 178.98467235093045 402
1738722915902 198.34787699568327 403
1738722915933 170.95178037444595 404
1738722915964 190.57686176621402 405
1738722915996 172.5691943994477 406
1738722916027 189.3517905688692 407
1738722916058 189.95265012095442 408
1738722916089 187.95976614800415 409
1738722916121 173.8842404977 410
1738722916152 171.24691733066646 411
1738722916183 160.90234980015154 412
1738722916215 193.22873528952871 413
1738722916246 155.51654301878307 414
1738722916277 146.97226071231813 415
1738722916309 186.7297066924906 416
1738722916340 161.90606754565042 417
1738722916371 169.5044055856446 418
1738722916402 151.2124674013445 419
1738722916434 172.79499666121174 420
1738722916465 186.56688703092888 421
1738722916496 183.5687149501363 422
1738722916527 182.8145702176564 423
1738722916559 161.18684021353195 424
1738722916590 163.39808364866246 425
1738722916621 191.80057036415948 426
1738722916653 139.7538615111564 427
1738722916684 170.2400740172385 428
1738722916715 183.51156537649368 429
1738722916746 147.85466059389776 430
1738722916777 156.30812263920382 431
1738722916808 174.05484656838027 432
1738722916840 184.27574028419647 433
1738722916871 158.22429220533775 434
1738722916902 159.95255180948857 435
1738722916933 163.55157777381362 436
1738722916964 168.7449421851169 437
1738722916996 140.74881353182522 438
1738722917027 157.11046862881827 439
1738722917059 147.77576424738683 440
1738722917090 197.924592777829 441
1738722917121 166.47992180574374 442
1738722917153 155.44781605963175 443
1738722917184 184.7854339204415 444
1738722917216 160.0705083076116 445
1738722917247 185.15178530232626 446
1738722917279 212.44261459342593 447
1738722917311 165.3737689188714 448
1738722917344 199.47124936147804 449
1738722917376 161.3923077947172 450
1738722917407 162.0456377234818 451
1738722917439 177.02563291291185 452
1738722917471 131.67557895585284 453
1738722917503 170.4117324633081 454
1738722917534 182.39132909998878 455
1738722917566 167.23474293653967 456
1738722917598 153.97542005475182 457
1738722917629 157.98105183741998 458
1738722917661 161.29410303394053 459
1738722917692 177.72152044319733 460
1738722917724 163.84938771456314 461
1738722917756 193.21629564653134 462
1738722917787 153.38435805857625 463
1738722917819 159.50212909130923 464
1738722917850 189.8758942411825 465
1738722917882 136.88013880522828 466
1738722917913 161.8501094329267 467
1738722917945 164.45513100919112 468
1738722917976 162.2985951422751 469
1738722918008 159.37049902025234 470
1738722918039 175.12636574502477 471
1738722918071 147.77146439127134 472
1738722918102 165.69460133904443 473
1738722918134 139.2523590296641 474
1738722918165 187.5997159500729 475
1738722918197 154.26525386610484 476
1738722918228 145.1409665817119 477
1738722918259 188.341874957727 478
1738722918291 149.15547536405214 479
1738722918323 154.27126094599382 480
1738722918356 187.70097872752805 481
1738722918387 178.10485429736434 482
1738722918419 181.36094951110763 483
1738722918451 170.02526435485416 484
1738722918483 188.4880974281689 485
1738722918515 189.29195235167603 486
1738722918546 180.12133518167408 487
1738722918578 169.73123172006396 488
1738722918610 177.7886362683461 489
1738722918642 180.06060465612137 490
1738722918673 194.25654843818558 491
1738722918705 172.3464544591603 492
1738722918737 170.5339459101789 493
1738722918769 169.62290327089718 494
1738722918800 171.6242531463793 495
1738722918832 136.47581504479436 496
1738722918864 173.13896916746125 497
1738722918895 174.41088438745004 498
1738722918927 149.9162396987774 499
