1738724527595 173.3218210521892 0
1738724527633 180.16718894664476 1
1738724527668 186.75514947855908 2
1738724527702 136.55570366571433 3
1738724527739 158.10350347930623 4
1738724527777 140.54907331847207 5
1738724527820 159.9421857556205 6
1738724527858 138.01756031306468 7
1738724527894 188.1348996773301 8
1738724527929 165.09166705548066 9
1738724527965 169.77046242430995 10
1738724528002 175.29750867857246 11
1738724528040 185.30776478087967 12
1738724528075 163.3152969207196 13
1738724528110 153.530715194077 14
1738724528149 177.39325739985284 15
1738724528184 162.80001535450083 16
1738724528220 157.80013307250766 17
1738724528255 154.66755417838584 18
1738724528291 162.6264773492498 19
1738724528327 183.98653429035488 20
1738724528363 148.44977570050705 21
1738724528399 159.854223111304 22
1738724528434 156.6711739184918 23
1738724528470 173.4887055235586 24
1738724528505 157.54607564323615 25
1738724528541 164.64272552901696 26
1738724528576 173.5638283176795 27
1738724528611 167.18520344693397 28
1738724528647 162.5017853969523 29
1738724528682 178.93472739576026 30
1738724528717 147.71763067428694 31
1738724528753 166.34426868652574 32
1738724528818 165.14526011234526 33
1738724528888 138.00500237413158 34
1738724528923 167.76453348883447 35
1738724528958 162.77084450861182 36
1738724528993 147.51950117742192 37
1738724529029 164.13375263769575 38
1738724529065 161.70947419262302 39
1738724529100 147.18588237558134 40
1738724529135 169.728139084323 41
1738724529170 148.5326218100435 42
1738724529205 166.73839148392162 43
1738724529240 150.07505300212725 44
1738724529276 208.7919932088412 45
1738724529314 182.61670891777038 46
1738724529350 175.94261847968235 47
1738724529385 143.89956283500786 48
1738724529421 184.4147270481992 49
1738724529456 163.52605303714336 50
1738724529491 163.19567746233182 51
1738724529526 141.8358829992207 52
1738724529562 155.23677589176071 53
1738724529597 172.19223514794552 54
1738724529632 174.39067609856704 55
1738724529667 192.42902395359846 56
1738724529702 181.65586972850983 57
1738724529737 179.93254221483141 58
1738724529770 153.37774588962526 59
