1738724821398 151.00177206148066 0
1738724821427 178.7636117808766 1
1738724821456 194.56691597042595 2
1738724821485 158.61477060380392 3
1738724821514 170.72951905224068 4
1738724821544 237.82975993789998 5
1738724821573 169.395946062444 6
1738724821602 175.8708081122004 7
1738724821631 166.5361091792831 8
1738724821660 157.966993574244 9
1738724821689 168.8951963028443 10
1738724821717 156.18036192072452 11
1738724821746 175.97624554638966 12
1738724821775 105.79255387823858 13
1738724821804 160.42687937939723 14
1738724821833 173.69771438840806 15
1738724821861 153.00381684022304 16
1738724821890 173.10150872265874 17
1738724821919 165.54093540523044 18
1738724821948 189.7066924099665 19
1738724821977 189.95194459674684 20
1738724822006 170.14138719610744 21
1738724822034 166.66366154467744 22
1738724822063 161.28607742541413 23
1738724822092 154.84274208630006 24
1738724822120 192.22687315964248 25
1738724822149 177.45118531978866 26
1738724822178 178.16435067304707 27
1738724822206 153.47068763367415 28
1738724822235 164.59871574994335 29
1738724822264 156.8449749671685 30
1738724822292 146.25185878384997 31
1738724822322 157.8393390158069 32
1738724822352 169.47697421298702 33
1738724822381 184.41883962414644 34
1738724822411 168.21395527061864 35
1738724822440 176.86592589839913 36
1738724822470 146.91564272965238 37
1738724822499 175.3856335703764 38
1738724822529 180.602598514729 39
1738724822558 169.89457647691322 40
1738724822587 186.10892216343217 41
1738724822617 175.33456370617594 42
1738724822646 150.37359794538585 43
1738724822676 169.70495970116136 44
1738724822705 185.5175007673123 45
1738724822734 155.40783997036888 46
1738724822764 173.93648245336797 47
1738724822793 169.34997867181684 48
1738724822822 168.80306539335228 49
1738724822851 170.09051431383014 50
1738724822881 156.56500933903874 51
1738724822910 166.63515069298703 52
1738724822939 190.04105941063324 53
1738724822968 162.31464010298166 54
1738724822997 167.10700414574825 55
1738724823026 173.12777805555774 56
1738724823055 187.16608032671067 57
1738724823085 158.97287301701675 58
1738724823114 158.23350815135373 59
1738724823143 168.81880097128072 60
1738724823172 180.61480070788025 61
1738724823201 160.40598086045506 62
1738724823230 177.0690084598174 63
1738724823260 190.28851192103696 64
1738724823289 138.5536944443993 65
1738724823318 199.59588930591192 66
1738724823347 167.97473219440872 67
1738724823376 187.5521037111894 68
1738724823405 162.40795169073036 69
1738724823434 150.88410771914317 70
1738724823463 164.8760648282505 71
1738724823492 166.58845410136664 72
1738724823521 184.57329452155713 73
1738724823550 164.55795282525327 74
1738724823579 149.04887048578556 75
1738724823608 172.44347437742462 76
1738724823637 166.24876500358187 77
1738724823666 181.81943257992208 78
1738724823694 182.37770387045325 79
1738724823723 181.76568739034263 80
1738724823752 170.0166113346104 81
1738724823781 182.50818438768127 82
1738724823810 165.41918477399057 83
