1738722156131 178.63601946696116 0
1738722156167 195.18195150949006 1
1738722156203 177.3657686801444 2
1738722156238 132.69794791090314 3
1738722156274 159.8737302443454 4
1738722156313 167.67331677157372 5
1738722156349 180.71731219124783 6
1738722156385 153.52524916125776 7
1738722156421 170.6585515933558 8
1738722156457 181.1630977611632 9
1738722156493 162.54275468740025 10
1738722156529 167.00664174534808 11
1738722156564 257.9895399182179 12
1738722156600 160.199400551314 13
1738722156635 174.23459418320627 14
1738722156671 123.85507095491502 15
1738722156707 176.98138207541803 16
1738722156743 170.2630397901018 17
1738722156779 148.71992079168552 18
1738722156815 172.74852952271377 19
1738722156851 150.3947753149748 20
1738722156887 169.99283898982014 21
1738722156923 169.50649468333705 22
1738722156959 163.44997371010854 23
1738722156994 199.16038198981389 24
1738722157030 185.64711181563516 25
1738722157066 205.05902457589076 26
1738722157101 171.44168167228275 27
1738722157137 167.9634965518492 28
1738722157179 188.34867385850274 29
1738722157225 160.27241526297146 30
1738722157264 186.9123137384981 31
1738722157305 177.04557793345833 32
1738722157345 162.0668588608918 33
1738722157383 170.2592063702985 34
1738722157420 154.54486325982342 35
1738722157457 174.79384500537054 36
1738722157494 172.34728659134817 37
1738722157532 136.60616864102883 38
1738722157570 162.57124391381566 39
1738722157607 160.7945013555268 40
1738722157643 158.4269287041003 41
1738722157680 159.90174526954513 42
1738722157716 148.79330565697643 43
1738722157753 177.09145143612577 44
1738722157789 192.0567017286464 45
1738722157825 135.41255479984406 46
1738722157862 171.69476949059188 47
1738722157898 170.33735576625398 48
1738722157934 173.06352715204358 49
1738722157970 160.24055397692203 50
1738722158007 182.53246816655846 51
1738722158043 183.5116988124032 52
1738722158079 146.53436831708564 53
1738722158114 188.07594664616792 54
1738722158151 155.7396423063621 55
1738722158186 150.86052240538285 56
1738722158222 168.66708192788735 57
1738722158258 194.49018063916208 58
1738722158294 206.6551691622398 59
1738722158329 178.28833630578006 60
1738722158368 180.44668534334147 61
1738722158410 152.4037670635756 62
1738722158451 160.97587009254718 63
1738722158496 177.6599306190257 64
1738722158535 170.1123207793005 65
1738722158573 180.41416496127601 66
1738722158611 150.88847613940266 67
1738722158648 229.021537696747 68
1738722158686 161.54923081378797 69
1738722158723 174.98943065409836 70
1738722158761 166.21858171469492 71
1738722158798 170.71798847755912 72
1738722158835 133.68737272275442 73
1738722158872 174.8960704143606 74
1738722158910 162.01041304718595 75
1738722158948 176.06562459325588 76
1738722158986 164.21519291130522 77
1738722159024 152.5042963392805 78
1738722159061 175.48951556219458 79
1738722159099 164.63105307361826 80
1738722159137 136.26603367577718 81
1738722159174 193.15201433520843 82
1738722159213 156.76850852695225 83
1738722159254 149.19010497439828 84
1738722159292 188.70749094578719 85
1738722159329 154.43821015117496 86
1738722159368 160.8809780434923 87
1738722159406 160.4980241277153 88
1738722159444 172.55350936713492 89
1738722159481 162.43507168032366 90
1738722159520 161.5767725423782 91
1738722159558 145.81018501604365 92
1738722159596 149.31496001571574 93
1738722159634 170.34087263044424 94
1738722159672 192.93144971690657 95
1738722159710 182.94514316525854 96
1738722159747 159.47369174864443 97
1738722159786 223.24206804221387 98
1738722159824 164.66669088021584 99
1738722159862 183.1852711044359 100
1738722159899 169.25218457318337 101
1738722159937 191.17645865435398 102
1738722159974 151.05700581794127 103
1738722160010 168.95729097286934 104
1738722160046 217.24605983454381 105
1738722160083 189.97177503330613 106
1738722160120 168.24873452983445 107
1738722160158 170.03302850824414 108
1738722160195 170.74029807742002 109
1738722160232 175.91772200984204 110
1738722160269 204.58180383756732 111
1738722160305 168.9977395257517 112
1738722160342 167.83737118153863 113
1738722160378 185.4501499136048 114
1738722160414 165.21636378707063 115
1738722160451 187.34102522402753 116
1738722160487 167.71046866985492 117
1738722160523 162.05918797612526 118
1738722160560 150.7521402929228 119
1738722160596 157.37397963326478 120
1738722160632 142.2767948375093 121
1738722160668 152.55135434643407 122
1738722160705 175.8941209736183 123
1738722160741 184.44606532562142 124
1738722160777 161.01170694948567 125
1738722160813 122.07126824564357 126
1738722160849 186.03463170233314 127
1738722160885 168.49972143753098 128
1738722160921 176.35325659370127 129
1738722160957 164.30749184757892 130
1738722160993 143.71574816442364 131
1738722161029 188.19865000271352 132
1738722161065 167.39697494683273 133
1738722161101 153.41955638996788 134
1738722161137 165.96400091990176 135
1738722161173 148.55854625247406 136
1738722161209 193.35766377602985 137
1738722161245 173.2969045028923 138
1738722161281 187.08163570907524 139
1738722161317 180.3739470256697 140
1738722161354 157.7954058306618 141
1738722161391 153.1815430251262 142
1738722161428 222.22588680017105 143
1738722161465 163.45504916330108 144
1738722161503 151.18919679060784 145
1738722161540 157.3185378185411 146
1738722161577 173.50872684405715 147
1738722161614 156.06909782407348 148
1738722161652 183.9481899486192 149
1738722161690 198.47942891533296 150
1738722161727 184.7664432457629 151
1738722161764 145.4314432121104 152
1738722161801 184.19812181020214 153
1738722161839 179.1867900494724 154
1738722161876 147.54924365537366 155
1738722161914 197.84845906012092 156
1738722161950 158.75646035223335 157
1738722161987 123.43275398391192 158
1738722162024 167.72712315783224 159
1738722162061 169.8981168554562 160
1738722162097 165.5434971446766 161
1738722162134 173.4496219531292 162
1738722162171 180.72970250246806 163
1738722162207 149.48931265210894 164
1738722162243 160.7093785058612 165
1738722162279 199.6214836354709 166
1738722162316 152.74423912644883 167
1738722162352 174.701422964789 168
1738722162388 139.94514584349986 169
1738722162424 161.0006506058283 170
1738722162460 182.973037001008 171
1738722162496 187.18659165786624 172
1738722162532 182.80896493111865 173
1738722162568 168.59791158911665 174
1738722162605 165.54146825648596 175
1738722162641 153.007290321152 176
1738722162676 169.40991625500803 177
1738722162713 177.00308936263383 178
1738722162750 181.9739572784639 179
1738722162787 156.32443875688816 180
1738722162824 160.09820771100635 181
1738722162861 167.9417261224013 182
1738722162898 180.51810244516327 183
1738722162935 196.49641617240408 184
1738722162972 162.3050002836817 185
1738722163008 180.38804585634367 186
1738722163045 150.34051595800233 187
1738722163081 166.5489014592273 188
1738722163141 146.76853640120925 189
1738722163178 194.28208047211612 190
1738722163214 172.69411390827256 191
1738722163250 188.30148191640873 192
1738722163287 167.1477542048671 193
1738722163327 257.34225000204435 194
1738722163365 151.06489666603642 195
1738722163403 175.59383232809583 196
1738722163440 204.73008870562333 197
1738722163476 161.76617040975927 198
1738722163513 171.31188950784485 199
1738722163550 193.50721101464535 200
1738722163586 163.39623635762055 201
1738722163622 173.33172910811066 202
1738722163658 143.56269719725333 203
1738722163694 178.79994164543498 204
1738722163730 155.4091528451706 205
1738722163766 177.88663951691558 206
1738722163802 160.59136169708142 207
1738722163838 173.358920595522 208
1738722163874 201.5917024155678 209
1738722163911 167.04206425276092 210
1738722163948 137.6787570947036 211
1738722163986 162.29522430912274 212
1738722164023 127.98985532684341 213
1738722164059 181.66915819758387 214
1738722164097 162.26867558937383 215
1738722164133 155.67454483541573 216
1738722164170 120.48125484444893 217
1738722164206 180.55725895064754 218
1738722164242 169.73788224535016 219
1738722164279 177.75817296999912 220
1738722164315 156.9003408982154 221
1738722164352 168.08468256090381 222
1738722164388 181.38009891724897 223
1738722164425 161.515082650592 224
1738722164461 192.1550214977115 225
1738722164497 187.6484704307914 226
1738722164534 154.44399316098577 227
1738722164571 182.75585304385555 228
1738722164607 144.59116528989802 229
1738722164643 185.17033118486012 230
1738722164680 180.10152922270157 231
1738722164718 172.3552189015024 232
1738722164754 175.43215295956352 233
1738722164791 172.6151443236983 234
1738722164827 162.66756652945213 235
1738722164864 163.23658469672145 236
1738722164901 146.02550301283028 237
1738722164937 164.25747584860108 238
1738722164974 182.0212206324722 239
1738722165011 137.0645681071756 240
1738722165048 155.97852050105612 241
1738722165085 154.01271841815037 242
1738722165122 159.34837410000068 243
1738722165159 149.99629980857273 244
1738722165196 174.8780112385917 245
1738722165232 186.18557038093815 246
1738722165269 177.94423279156405 247
1738722165305 159.9696572712549 248
1738722165342 172.36152859752747 249
1738722165379 196.52433293835537 250
1738722165417 166.85912146073912 251
1738722165454 167.45715259857502 252
1738722165490 171.52696582107478 253
1738722165526 146.98154188120915 254
1738722165584 145.9694895062016 255
1738722165620 195.6776514503602 256
1738722165656 183.76589236661215 257
1738722165693 155.30109064330418 258
1738722165729 169.51827669428286 259
1738722165765 161.3528383273757 260
1738722165801 220.1729993970032 261
1738722165837 175.54431026037767 262
1738722165873 162.45171974465487 263
1738722165909 141.95291348045185 264
1738722165945 166.3422221048569 265
1738722165980 162.42259305302656 266
1738722166016 161.9095618905444 267
1738722166052 174.9284585051326 268
1738722166088 194.91804656796714 269
1738722166123 152.15296085347865 270
1738722166159 173.47761679769897 271
1738722166196 171.5852101767073 272
1738722166233 159.04235679260398 273
1738722166269 181.94673285601974 274
1738722166306 179.51720388741106 275
1738722166343 188.67469211513912 276
1738722166380 168.610946160437 277
1738722166417 176.4190059361557 278
1738722166454 229.72427050054367 279
1738722166490 136.31505692142224 280
1738722166526 162.9788588467809 281
1738722166562 156.4861675598914 282
1738722166599 201.01850905366467 283
1738722166635 176.5295817148704 284
1738722166671 179.16144319155214 285
1738722166707 135.3165033098191 286
1738722166743 170.73984639871483 287
1738722166779 191.15234163417605 288
1738722166815 169.5925288991996 289
1738722166851 157.57963508429614 290
1738722166887 195.4753077309383 291
1738722166923 171.011178469401 292
1738722166958 139.75077968042797 293
1738722166994 153.70633065146149 294
1738722167030 158.17744990443916 295
1738722167066 140.34486076136693 296
1738722167102 154.65290076369774 297
1738722167138 167.36285917648465 298
1738722167174 156.13807766364923 299
1738722167209 148.87987212308278 300
1738722167245 192.78160425395484 301
1738722167280 173.18949657349143 302
1738722167316 150.47910055344065 303
1738722167352 175.23672344790822 304
1738722167389 149.8895252782684 305
1738722167426 171.59452485104617 306
1738722167465 168.58799204860196 307
1738722167501 154.9562534447095 308
1738722167538 138.93133189713294 309
1738722167574 167.17346522000292 310
1738722167610 174.26296139850004 311
1738722167645 169.2152619116545 312
1738722167681 167.2193688055734 313
1738722167716 163.82414499214138 314
1738722167752 151.97688444649245 315
1738722167788 157.1113490426036 316
1738722167823 145.78452602078985 317
1738722167859 162.32639616481768 318
1738722167894 146.89343324134146 319
1738722167930 157.4392031063376 320
1738722167966 179.17143897039273 321
1738722168001 154.22574771152 322
1738722168037 178.92271317236643 323
1738722168072 165.0021753904609 324
1738722168108 195.2854113446336 325
1738722168143 188.19520534671744 326
1738722168179 158.78144291654397 327
1738722168215 149.49745076530408 328
1738722168250 165.961826890711 329
1738722168286 141.5041902600515 330
1738722168321 184.64841153618045 331
1738722168357 157.71751955383937 332
1738722168392 183.9989081356119 333
1738722168428 170.6110718119542 334
1738722168463 158.5265248425186 335
1738722168499 128.99922835942093 336
1738722168534 139.52401408716204 337
1738722168570 173.8404493053787 338
1738722168605 128.78934346832585 339
1738722168641 159.05763621742148 340
1738722168677 138.44567009371355 341
1738722168719 154.80721989658062 342
1738722168756 138.02856642202084 343
1738722168793 187.20168514085853 344
1738722168830 160.0475459506082 345
1738722168867 144.68625899332827 346
1738722168904 176.61385074412743 347
1738722168940 142.31115792990812 348
1738722168977 180.5042707511152 349
1738722169013 190.4784001967343 350
1738722169051 167.28323662793937 351
1738722169087 151.77651615227964 352
1738722169123 191.76073730467678 353
1738722169159 199.04507971804503 354
1738722169196 158.42943341149106 355
1738722169233 170.92354631244424 356
1738722169271 186.0770882989168 357
1738722169309 166.71771586789 358
1738722169347 173.01734349036417 359
1738722169385 173.2842786509689 360
1738722169424 178.10122032698968 361
1738722169462 159.41877994828366 362
1738722169499 175.06602292887985 363
1738722169538 163.3941696364992 364
1738722169575 164.0230829034851 365
1738722169613 177.53864684631407 366
1738722169651 180.73914419469367 367
1738722169689 194.10212908885407 368
1738722169727 167.48965407067072 369
1738722169764 186.5926073429137 370
1738722169802 143.8400237578132 371
1738722169840 159.58876933199187 372
1738722169878 166.3927175462859 373
1738722169916 157.1693613519254 374
1738722169953 169.44719874379348 375
1738722169991 164.4610250392236 376
1738722170028 195.08407175437577 377
1738722170065 199.96010616331978 378
1738722170101 189.2963884907313 379
1738722170137 151.68941568498698 380
1738722170173 168.7730304990273 381
1738722170211 180.31369423260077 382
1738722170248 194.16531946723518 383
1738722170285 155.38463939679622 384
1738722170325 166.3635604887639 385
1738722170362 151.54747368287212 386
1738722170420 175.28129335674856 387
1738722170458 174.7460611018369 388
1738722170495 170.70370757586636 389
1738722170531 158.6671683983132 390
1738722170569 156.6357089482464 391
1738722170606 181.4665343289167 392
1738722170644 140.2809854776878 393
1738722170680 169.99779473029054 394
1738722170717 182.60383839605882 395
1738722170754 177.44209024705654 396
1738722170790 182.5181573883876 397
1738722170827 157.84222429890164 398
1738722170865 167.5355965195799 399
1738722170902 147.58341419285384 400
1738722170941 169.00473540080395 401
1738722170978 170.23819463578948 402
1738722171016 188.09415346731146 403
1738722171054 162.02048573515867 404
1738722171091 182.27962634022967 405
1738722171129 176.30823946809682 406
1738722171167 191.06821497806266 407
1738722171205 151.28856254726242 408
1738722171243 180.69976750221733 409
1738722171280 171.35850393352177 410
1738722171318 177.11029280221922 411
1738722171355 160.19456895617986 412
1738722171392 166.44490118987312 413
1738722171429 151.32756854624287 414
1738722171466 171.18140580623364 415
1738722171503 240.91721593630368 416
1738722171542 148.82574422531894 417
1738722171579 170.18629832986804 418
1738722171616 181.59470445616464 419
1738722171653 129.523125165177 420
1738722171690 175.0378315457291 421
1738722171727 175.32625024996324 422
1738722171765 177.12473357419384 423
1738722171802 200.1465186961987 424
1738722171839 152.29964667237678 425
1738722171876 166.18438788323198 426
1738722171913 153.2586443903731 427
1738722171951 157.19522070678244 428
1738722171988 194.26266501540047 429
1738722172025 148.02350538096158 430
1738722172063 164.45432484997997 431
1738722172100 170.8240531818882 432
1738722172138 155.99921036242014 433
1738722172175 199.97435650777837 434
1738722172212 170.84305105839468 435
1738722172248 140.42038850220158 436
1738722172285 180.1679525957368 437
1738722172321 160.40503900762488 438
1738722172357 161.03692733236304 439
1738722172394 158.23794175017863 440
1738722172431 182.08741861651137 441
1738722172469 157.091936264373 442
1738722172507 167.67896962982164 443
1738722172545 176.87628243583057 444
1738722172583 174.24728022933442 445
1738722172619 192.07488514904998 446
1738722172657 146.94797419519003 447
1738722172695 182.93830224108137 448
1738722172732 146.02529067722878 449
1738722172769 167.5210015732046 450
1738722172805 163.38773795511725 451
1738722172842 167.89560691623805 452
1738722172879 166.8302630120667 453
1738722172916 169.78543827134436 454
1738722172953 166.83457684872653 455
1738722172990 162.4363850658462 456
1738722173026 176.52367483410316 457
1738722173063 155.87647412831305 458
1738722173101 193.5852968228943 459
1738722173137 156.59991200657214 460
1738722173174 182.6264153130983 461
1738722173210 152.2052954037703 462
1738722173246 164.43569953867788 463
1738722173282 150.22683063669422 464
1738722173318 151.18171165085562 465
1738722173354 165.03787464186564 466
1738722173390 140.24428834165215 467
1738722173426 190.54838906179296 468
1738722173462 160.91727115219297 469
1738722173498 219.45060393676474 470
1738722173534 201.5493282973163 471
1738722173571 157.00847246414563 472
1738722173608 141.67916872493268 473
1738722173644 152.39649537359637 474
1738722173681 184.79416676242872 475
1738722173717 170.64777152224553 476
1738722173754 146.5252202011341 477
1738722173791 181.66029644418145 478
1738722173829 169.92850058439424 479
1738722173865 140.13233337138504 480
1738722173902 185.63294229439236 481
1738722173938 204.47558018007481 482
1738722173975 169.23242009401025 483
1738722174011 169.6967770446576 484
1738722174047 157.29446577541935 485
1738722174083 161.15429974734712 486
1738722174119 186.15712568606992 487
1738722174155 193.0725983390681 488
1738722174191 172.57004785720682 489
1738722174227 182.35165145895473 490
1738722174263 163.87057229089936 491
1738722174299 182.30644019199195 492
1738722174336 168.67441954439875 493
1738722174371 178.2645136450063 494
1738722174407 175.22420074913953 495
1738722174443 178.29066851206656 496
1738722174479 172.83892031703553 497
1738722174516 142.89065803627008 498
1738722174553 188.03676184967412 499
