1738723690839 167.94613599307215 0
1738723690841 169.68343932456722 1
1738723690844 167.99872480760288 2
1738723690847 168.86840301803895 3
1738723690849 170.18300348077912 4
1738723690852 167.29299931867337 5
1738723690855 169.43121440918918 6
1738723690857 167.41992137844244 7
1738723690860 169.70255801324865 8
1738723690862 169.05281428937195 9
1738723690865 168.0046338893879 10
1738723690867 168.33946090075008 11
1738723690870 169.1435119815703 12
1738723690873 169.6628706930837 13
1738723690875 170.67137945638873 14
1738723690878 169.15828218067708 15
1738723690880 168.21848212536182 16
1738723690883 165.87100872992488 17
1738723690885 169.96263372926128 18
1738723690888 168.40271824334047 19
1738723690890 169.47530141442198 20
1738723690893 169.1764416398372 21
