1738726796447 166.69035902107998 0
1738726796484 165.57745536239793 1
1738726796521 172.76557811867832 2
1738726796558 175.4465090511454 3
1738726796596 184.39630818459594 4
1738726796633 162.2208583944767 5
1738726796671 161.12418968617732 6
1738726796709 185.86701949965746 7
1738726796746 173.13081337980333 8
1738726796784 178.41395895266686 9
1738726796822 145.19299555798978 10
1738726796859 181.2215891406309 11
1738726796896 169.86075413448395 12
1738726796933 153.10431537052483 13
1738726796970 180.33228343092446 14
1738726797007 173.71207893598847 15
1738726797044 178.0378810315638 16
1738726797081 160.36419317467437 17
