1738721998595 167.6905147864674 0
1738721998597 168.40971114398923 1
1738721998599 170.05632525767683 2
1738721998601 171.640530794159 3
1738721998603 167.82299250296165 4
1738721998604 167.45610248342612 5
1738721998606 169.52767851648602 6
1738721998608 169.85315388185052 7
1738721998610 169.64322545025541 8
1738721998612 169.42131054542102 9
1738721998613 168.58932188897418 10
1738721998616 168.5655172438314 11
1738721998618 168.229810493135 12
1738721998619 173.32851353098746 13
1738721998621 167.92456716449777 14
1738721998623 169.209093895521 15
1738721998624 171.57453049307966 16
1738721998626 170.2340572114095 17
1738721998628 170.43239972863236 18
1738721998629 170.80221270594032 19
1738721998631 168.39890222607323 20
1738721998633 167.90055319367343 21
1738721998635 166.78691146113079 22
1738721998637 170.95369943048107 23
1738721998639 170.706086617458 24
1738721998641 168.71260196954827 25
1738721998643 167.5017719398649 26
1738721998644 169.60464056132338 27
1738721998646 167.99989668484065 28
1738721998648 168.69193892241663 29
1738721998649 169.31893696272434 30
