1738724129588 173.5554616065143 0
1738724129621 167.8124123627277 1
1738724129655 182.35310749764727 2
1738724129689 179.96392598488782 3
1738724129723 157.68426203797216 4
1738724129758 168.86205963991185 5
1738724129793 157.71385219511947 6
1738724129827 172.0195700318174 7
1738724129861 164.45959491306147 8
1738724129895 164.9370985312215 9
1738724129929 184.5718527605911 10
1738724129963 159.73254358125942 11
1738724129997 153.65605581563258 12
1738724130031 172.12140204933704 13
1738724130065 168.2367184314193 14
1738724130099 139.5966959658336 15
1738724130133 177.19595453880754 16
1738724130167 176.7686762075883 17
1738724130201 181.35436048790956 18
1738724130234 168.32350003140442 19
1738724130268 166.08734919870506 20
1738724130302 166.77548951465164 21
1738724130335 161.50742277900176 22
1738724130369 173.87333752285258 23
1738724130402 169.76616198071514 24
1738724130436 165.34292330470444 25
1738724130470 169.98002396679453 26
1738724130503 167.5340490455965 27
1738724130536 172.8859051653692 28
1738724130570 159.32243553608566 29
1738724130603 159.3716664454156 30
