1738724636462 214.20941516932183 0
1738724636492 164.91268241308387 1
1738724636521 257.9171298691201 2
1738724636550 159.76090276157208 3
1738724636579 195.97809932057976 4
1738724636609 233.49036651268813 5
1738724636664 149.3607038270999 6
1738724636695 239.66015645463082 7
1738724636724 138.79612008355463 8
1738724636753 110.30464835077233 9
1738724636782 47.168182798479044 10
1738724636811 227.63170405491485 11
1738724636839 130.02307903478254 12
1738724636868 196.88564710193475 13
1738724636897 203.33058089818405 14
1738724636925 212.38185499023575 15
1738724636954 241.197800629664 16
1738724636983 160.97773856375377 17
1738724637011 253.76127314408538 18
1738724637040 143.99222493725972 19
1738724637069 164.8761261654949 20
1738724637098 161.85291807241748 21
1738724637126 151.77659832146617 22
1738724637155 120.78359050729452 23
1738724637184 222.56086742893754 24
1738724637212 268.8786693495021 25
1738724637241 156.92715292846074 26
1738724637270 119.9715470026726 27
1738724637298 266.2967254569312 28
1738724637327 191.47391278366138 29
1738724637356 221.0312005400234 30
1738724637384 156.54907950098996 31
1738724637413 243.66073525734123 32
1738724637442 167.5934267702237 33
1738724637471 217.9925697468568 34
1738724637499 101.52250175217495 35
1738724637528 149.5046553234521 36
1738724637556 170.30047922034657 37
1738724637585 166.30057350081606 38
1738724637613 214.17513239587385 39
1738724637642 179.17134320011826 40
1738724637671 197.41201421442548 41
1738724637700 129.9070920977486 42
1738724637729 215.8506463621002 43
1738724637757 181.02540551707355 44
1738724637786 183.81888342191496 45
1738724637814 128.90338061824397 46
1738724637843 375.3763392019946 47
1738724637871 147.48392687852476 48
1738724637900 294.81428731245654 49
1738724637928 100.05952255506102 50
1738724637957 290.5284929352633 51
1738724637985 495.50543597654195 52
1738724638014 146.11672715925306 53
1738724638043 110.8275677881759 54
1738724638072 206.08961844775658 55
1738724638101 231.7384023503486 56
1738724638130 112.94861030262446 57
1738724638159 177.94340923170702 58
1738724638187 134.67571426502954 59
1738724638216 219.88153876907614 60
1738724638244 170.61809937364723 61
1738724638273 142.58045496881002 62
1738724638302 132.39674722193422 63
1738724638330 297.27360656733765 64
1738724638359 160.891933142 65
1738724638388 311.5374328088658 66
1738724638416 150.60099776636218 67
1738724638445 227.62014102964875 68
1738724638474 212.20341774101755 69
1738724638502 62.30507203203698 70
1738724638531 166.09284819724485 71
1738724638559 197.37752490473457 72
1738724638588 187.88744604115828 73
1738724638616 148.5803553596135 74
1738724638645 167.0521095304987 75
1738724638674 167.32877993469396 76
1738724638702 355.182563475822 77
1738724638731 237.01006244078414 78
1738724638759 305.27873154364295 79
1738724638788 131.10450694174995 80
1738724638816 117.65644798801459 81
1738724638845 199.09640163838756 82
1738724638873 226.57398892190736 83
1738724638902 171.62840876361054 84
1738724638930 144.1269836366999 85
1738724638959 104.7636290429043 86
1738724638987 418.61568437723474 87
1738724639015 166.4966278381671 88
1738724639044 196.13715509316967 89
1738724639072 127.32897384791542 90
1738724639101 142.6603270955429 91
1738724639129 96.38182939653412 92
1738724639157 204.08027987593985 93
1738724639186 178.7615603358501 94
1738724639214 223.17835481509573 95
1738724639242 160.43799234741405 96
1738724639270 144.94650490453498 97
1738724639299 121.98218025047456 98
1738724639327 241.61359679703702 99
1738724639355 190.2671297212796 100
1738724639383 221.03279718676302 101
1738724639412 150.51447289619728 102
1738724639440 200.42640164878182 103
1738724639468 154.30627212748053 104
1738724639497 53.20910370009058 105
1738724639525 156.05453111183553 106
1738724639553 165.49470146506889 107
1738724639581 157.08168810593529 108
1738724639610 179.87685309103196 109
1738724639638 81.95610446413521 110
1738724639666 204.66093531638919 111
1738724639695 239.1097427096336 112
1738724639723 256.19719088677186 113
1738724639752 156.14042209168304 114
1738724639780 197.54387869214207 115
1738724639808 256.96651548024823 116
1738724639836 153.71012631734635 117
1738724639865 153.12196577317178 118
1738724639893 154.350590365952 119
1738724639921 145.36635717204038 120
1738724639950 244.35971098991382 121
1738724639978 156.8861969470525 122
1738724640006 189.8110411534631 123
1738724640034 75.64916092195743 124
1738724640063 197.82156406375196 125
1738724640091 171.87870415298363 126
1738724640119 168.22037497980097 127
1738724640148 153.90802643228355 128
1738724640176 198.13848389057554 129
1738724640204 160.79630664616013 130
1738724640233 237.19973859958236 131
1738724640261 150.98073408346298 132
1738724640289 163.07733142096401 133
1738724640317 138.48533047246974 134
1738724640346 267.21835157662224 135
1738724640374 241.77272398046168 136
1738724640402 187.70810130612819 137
1738724640431 175.3156697846823 138
1738724640459 115.04208892639853 139
1738724640487 174.17753089377916 140
1738724640515 77.31818760362768 141
1738724640544 167.499821951453 142
1738724640572 231.47360889993374 143
1738724640600 201.77725806269603 144
1738724640629 243.31959309834718 145
1738724640657 216.48704634183807 146
1738724640685 231.17250037197905 147
1738724640713 171.39300539383092 148
1738724640742 167.52942195910904 149
1738724640770 197.34408911686776 150
1738724640798 87.55805335851892 151
1738724640827 137.47532019927397 152
1738724640855 146.61894660359565 153
1738724640883 138.1926487547253 154
1738724640911 210.52597419906115 155
1738724640940 180.680950705196 156
1738724640968 163.3335600423346 157
1738724640996 183.52084645723758 158
1738724641025 133.98862929741546 159
1738724641053 162.36333209511648 160
1738724641081 202.64262754707363 161
1738724641109 250.5578978317524 162
1738724641138 97.16527747198987 163
1738724641166 198.83432732785124 164
1738724641194 136.68117256581456 165
1738724641223 159.90306767331523 166
1738724641251 93.484067051495 167
1738724641279 118.00866230421795 168
1738724641307 234.70513251338951 169
1738724641336 326.3458981162127 170
1738724641364 168.55667220697978 171
1738724641392 191.88602831887053 172
1738724641421 155.28089391978315 173
1738724641449 156.816603408295 174
1738724641477 262.84575673250447 175
1738724641505 192.66785773638156 176
1738724641534 152.78995432845784 177
1738724641562 105.02849460003996 178
1738724641590 141.68459433435297 179
1738724641618 134.12416377112257 180
1738724641647 121.73932645179076 181
1738724641675 232.11919326298383 182
1738724641703 170.9289620945013 183
1738724641732 183.72239102010744 184
1738724641760 134.13394616428587 185
1738724641789 91.29744810276439 186
1738724641817 203.91605188641282 187
1738724641845 174.9379216009335 188
1738724641873 126.34720384997114 189
1738724641901 173.43919288013532 190
1738724641929 139.6653089722413 191
1738724641958 139.8756969693446 192
1738724641986 163.3695490832009 193
1738724642014 264.55644844323945 194
1738724642042 184.49920348817264 195
1738724642070 146.57790256608857 196
1738724642098 219.40720370555013 197
1738724642127 183.2409585969014 198
1738724642155 283.7075500351848 199
1738724642183 160.8819642098359 200
1738724642211 190.91390961801392 201
1738724642239 179.9613915590494 202
1738724642267 210.40914236813506 203
1738724642295 192.1021287956072 204
1738724642324 202.17859065555456 205
1738724642352 209.04641411456203 206
1738724642380 113.92866340803539 207
1738724642408 229.07962103108227 208
1738724642436 198.65830977154326 209
1738724642465 217.68442499160344 210
1738724642493 151.25703596950902 211
1738724642521 189.4291686254979 212
1738724642549 183.46695446681628 213
1738724642577 219.47268871272962 214
1738724642605 160.86916085406025 215
1738724642633 92.37199001857192 216
1738724642662 135.15878651600437 217
1738724642690 293.6273660295845 218
1738724642718 141.37291607300097 219
1738724642746 215.75310179596673 220
1738724642774 165.6626650563909 221
1738724642802 137.73301323031444 222
1738724642830 121.82070918362602 223
1738724642859 110.63275024467316 224
1738724642887 125.6459477733992 225
1738724642915 144.16755414538898 226
1738724642943 124.98376294425773 227
1738724642972 212.523690512004 228
1738724643000 141.00263757918788 229
1738724643028 200.44860359718774 230
1738724643056 121.47503383076722 231
1738724643084 189.9950617190818 232
1738724643113 184.60791273374846 233
1738724643141 259.9208915065241 234
1738724643169 265.1309035116386 235
1738724643197 193.7656763597017 236
1738724643226 185.35539931234908 237
1738724643254 85.14044376161169 238
1738724643282 73.40346071278677 239
1738724643310 77.55750628498888 240
1738724643339 198.24585412336236 241
1738724643368 324.0649786232538 242
1738724643397 150.54308081309352 243
1738724643426 142.61134526124044 244
1738724643455 183.71101285396816 245
1738724643484 150.7726525929493 246
1738724643514 79.27214150028249 247
1738724643542 83.21290838059845 248
1738724643571 152.2635248647254 249
1738724643600 92.18248490546965 250
1738724643629 198.13229828314658 251
1738724643658 145.6021000347833 252
1738724643687 125.14630847727618 253
1738724643716 225.05262802780484 254
1738724643744 307.8082572567577 255
1738724643773 167.8646618323317 256
1738724643803 193.21760935758897 257
1738724643832 165.2858760114792 258
1738724643861 195.58590956393132 259
1738724643889 175.43286689040553 260
1738724643918 169.26015674261166 261
1738724643947 147.57714344215697 262
1738724643976 180.06466882183994 263
1738724644005 3.600281182029612 264
1738724644033 172.75263718657175 265
1738724644062 115.2141364338757 266
1738724644090 368.411403439709 267
1738724644119 93.60375196727911 268
1738724644148 173.93253776256077 269
1738724644176 252.5528770733708 270
1738724644205 225.17746739664312 271
1738724644233 167.37873277625292 272
1738724644262 250.34409494465555 273
1738724644291 211.97027912420387 274
1738724644319 174.95599088129734 275
1738724644348 148.3595315208128 276
1738724644377 142.81507650219902 277
1738724644406 220.39371874447713 278
1738724644436 275.3646582717926 279
1738724644465 225.52214471159704 280
1738724644494 172.22326622738402 281
1738724644523 188.68376925876737 282
1738724644552 179.3311936492611 283
1738724644581 138.43981590093895 284
1738724644617 153.32704256073518 285
1738724644646 159.24871572880525 286
1738724644675 154.86995626137036 287
1738724644704 149.1748794765393 288
1738724644733 179.6901875057469 289
1738724644761 45.691055515874666 290
1738724644789 98.52488805250357 291
1738724644818 129.70616484997723 292
1738724644846 188.10055308976675 293
1738724644874 37.05631527634675 294
1738724644903 145.91164167229275 295
1738724644931 145.3582196349622 296
1738724644959 221.77920906438453 297
1738724644988 179.15591364770364 298
1738724645016 189.43822904194295 299
1738724645044 129.8826075405413 300
1738724645073 127.88230259560399 301
1738724645101 123.12979620604143 302
1738724645129 149.21260531127353 303
1738724645157 259.24907290120007 304
1738724645185 58.80425305496793 305
1738724645214 161.2912067893118 306
1738724645242 158.95418387443473 307
1738724645270 58.36797644847352 308
1738724645298 371.8562501423665 309
1738724645326 140.62204645670022 310
1738724645354 161.74074564111 311
1738724645383 152.4462808210658 312
1738724645411 177.03821691266197 313
1738724645439 160.32537390166874 314
1738724645467 104.23615759829536 315
1738724645495 119.48524712461159 316
1738724645524 164.3454119157997 317
1738724645552 237.3499721143251 318
1738724645580 193.315097005105 319
1738724645608 194.5780023614818 320
1738724645636 180.50791239198787 321
1738724645665 159.26914703879282 322
1738724645693 199.20606922053747 323
1738724645721 160.48405723206108 324
1738724645749 181.49219134219226 325
1738724645777 170.86132543913396 326
1738724645805 112.16761211827459 327
1738724645834 94.94004443882962 328
1738724645862 115.69892603457473 329
1738724645891 165.49403457169652 330
1738724645919 279.1452156121177 331
1738724645947 155.44285965086218 332
1738724645975 177.44548960713985 333
1738724646003 190.10461065183904 334
1738724646031 104.25278147469508 335
1738724646059 175.22029752915208 336
1738724646087 115.67221513302731 337
1738724646115 191.19350625053517 338
1738724646143 192.1173674397351 339
1738724646171 410.7617549125754 340
1738724646199 223.93328998502875 341
1738724646228 312.3705459940901 342
1738724646256 286.2023294593893 343
1738724646284 151.4550787234448 344
1738724646312 196.7126064139035 345
1738724646340 162.9653291965114 346
1738724646368 133.8208220693298 347
1738724646396 179.47983994568557 348
1738724646424 260.6042135955719 349
1738724646452 165.8609538320251 350
1738724646479 174.81558488604858 351
1738724646508 260.3988075476637 352
1738724646536 149.06020608986086 353
1738724646564 204.4685480371506 354
1738724646592 155.51126122157564 355
1738724646620 137.53035234896635 356
1738724646648 163.83956223081495 357
1738724646676 173.25753868843685 358
1738724646704 81.48665737176898 359
1738724646732 207.03633185925923 360
1738724646760 129.45031107354916 361
1738724646788 192.45985250412858 362
1738724646816 155.64144388116165 363
1738724646845 151.55468724186022 364
1738724646873 185.86940555010366 365
1738724646901 215.81952342552395 366
1738724646929 213.60747243983053 367
1738724646957 159.5503275935556 368
1738724646985 227.73054964509 369
1738724647013 163.40865413465323 370
1738724647041 174.52161371251867 371
1738724647069 128.2016266634803 372
1738724647097 153.8358436352876 373
1738724647125 154.42400154106113 374
1738724647153 166.47079209317013 375
1738724647181 136.0237534364274 376
1738724647209 137.84661306320262 377
1738724647237 180.29993706899825 378
1738724647265 189.39846867803774 379
1738724647293 205.52737603958465 380
1738724647321 96.94094181676576 381
1738724647349 198.09012608189693 382
1738724647377 169.12611746750565 383
1738724647405 197.115219922014 384
1738724647433 135.89271698526133 385
1738724647461 97.40622637568981 386
1738724647489 85.56200669282302 387
1738724647517 85.02369422366678 388
1738724647545 201.94617441675172 389
1738724647573 271.91052147968526 390
1738724647601 92.39434195889785 391
1738724647629 185.2033919790116 392
1738724647657 109.32367826706876 393
1738724647686 175.57719450717386 394
1738724647713 145.46306226141087 395
1738724647741 240.94177368715248 396
1738724647769 165.45604831090137 397
1738724647797 145.19087561714028 398
1738724647825 188.73218981414686 399
1738724647853 136.0640937503406 400
1738724647881 225.3470445156833 401
1738724647910 242.92591588479593 402
1738724647938 184.9608694609446 403
1738724647966 116.26907202360442 404
1738724647994 162.90272235494604 405
1738724648021 199.935450175016 406
1738724648049 156.19967350084107 407
1738724648077 114.23293929720096 408
1738724648105 242.59839529699778 409
1738724648134 164.76391780582824 410
1738724648163 181.44946949914666 411
1738724648192 281.1649281166365 412
1738724648221 128.58773621545208 413
1738724648250 79.8142380621091 414
1738724648279 148.54858713694966 415
1738724648308 149.18852485826443 416
1738724648337 183.6399553027319 417
1738724648366 152.22449341980175 418
1738724648395 94.08839197687018 419
1738724648424 93.82420490231272 420
1738724648453 190.78171694907658 421
1738724648482 98.3261288715658 422
1738724648510 118.18335330625419 423
1738724648539 114.0455237679864 424
1738724648568 200.85855311620122 425
1738724648597 114.9097585352706 426
1738724648626 197.8886218378313 427
1738724648655 144.5955132299763 428
1738724648684 180.6438217127003 429
1738724648713 161.53172155623258 430
1738724648742 143.8184374815434 431
1738724648770 181.17992011609238 432
1738724648799 180.3712317850293 433
1738724648828 187.23547991482297 434
1738724648857 236.0380107780629 435
1738724648885 203.97853369307197 436
1738724648914 236.14525485366116 437
1738724648943 209.2923103577041 438
1738724648972 99.76945505572618 439
1738724649000 146.8930012616542 440
1738724649029 88.65189059189423 441
1738724649057 433.9664156616916 442
1738724649086 190.6444617945181 443
1738724649115 177.9827419893411 444
1738724649143 208.31028069160763 445
1738724649172 226.1678214554118 446
1738724649200 137.7529298860709 447
1738724649229 141.16737201892644 448
1738724649257 132.88960360300467 449
1738724649286 181.47430201166705 450
1738724649314 197.8186927386158 451
1738724649343 130.59789386275213 452
1738724649372 134.0763197532822 453
1738724649400 260.31686232543166 454
1738724649429 29.743509815176235 455
1738724649457 118.52287560618288 456
1738724649486 119.43469651431624 457
1738724649514 123.33649643743809 458
1738724649543 262.6373191342011 459
1738724649571 106.23450598348045 460
1738724649600 189.5639345652496 461
1738724649628 177.29633845703447 462
1738724649657 128.0646954957231 463
1738724649685 158.3495533128572 464
1738724649714 212.88380491568697 465
1738724649742 119.518498759574 466
1738724649771 130.24742733091122 467
1738724649799 174.19530153792493 468
1738724649828 133.5548483468813 469
1738724649856 120.11673950687124 470
1738724649885 148.19692440901585 471
1738724649913 175.73284589441178 472
1738724649942 101.9107289113266 473
1738724649971 194.61853601548114 474
1738724649999 202.27034121157763 475
1738724650028 149.38619604489313 476
1738724650057 164.17439240920464 477
1738724650085 173.02856132078702 478
1738724650113 225.6129664163149 479
1738724650142 178.04378338067866 480
1738724650170 125.98267177291801 481
1738724650199 185.33464028457485 482
1738724650227 119.40655087698526 483
1738724650256 182.84219861112712 484
1738724650284 292.92765312351025 485
1738724650313 171.85960908481638 486
1738724650341 142.14131584934617 487
1738724650370 153.5978892071521 488
1738724650398 167.5837618576582 489
1738724650427 200.06406539319372 490
1738724650455 259.14280784793624 491
1738724650484 159.0383231696032 492
1738724650512 272.16709629511945 493
1738724650541 167.76208287657306 494
1738724650569 166.55710326108627 495
1738724650598 169.9490117422725 496
1738724650628 244.19137857003417 497
1738724650657 189.43832330403166 498
1738724650685 189.02249049074518 499
