1738721997209 168.8369733842303 0
1738721997211 168.77150025895696 1
1738721997212 167.8405600347575 2
1738721997214 172.48724914886884 3
1738721997216 170.66539740559844 4
1738721997217 168.8306980026483 5
1738721997219 169.0416272078761 6
1738721997221 168.07147359242094 7
1738721997223 168.2414836899417 8
1738721997225 168.59620764433643 9
1738721997226 168.39304500299505 10
1738721997228 173.15647498401856 11
1738721997230 169.9384699747175 12
1738721997232 167.70332839153872 13
1738721997234 169.626249189709 14
1738721997235 166.9862320966206 15
1738721997237 168.1918333479658 16
1738721997239 170.56499718267088 17
1738721997241 167.9293728785465 18
1738721997243 166.8618026650181 19
1738721997245 171.46915469076237 20
1738721997247 166.2721335439585 21
1738721997250 166.5831158883466 22
1738721997252 169.02828110544465 23
1738721997254 168.4713360001121 24
1738721997256 168.83389529829122 25
1738721997258 169.92579696027587 26
1738721997260 171.05592074957465 27
1738721997262 168.18253743323066 28
1738721997263 168.93482080309585 29
1738721997265 166.2097673598913 30
1738721997267 167.62883869198322 31
1738721997269 172.6032643920402 32
1738721997270 171.66463743063522 33
1738721997272 169.95579868910912 34
1738721997274 166.36504306617687 35
1738721997275 168.6098223610329 36
1738721997277 166.91317544101724 37
1738721997279 168.3855065388468 38
1738721997280 167.41967501929065 39
1738721997282 168.5515832020748 40
1738721997284 168.5047496712227 41
1738721997286 168.4682355508651 42
1738721997287 169.63977845018243 43
1738721997289 167.87747368617408 44
1738721997291 168.19083524122988 45
1738721997293 166.2912862728467 46
1738721997296 168.5811949928707 47
1738721997299 166.07095526238632 48
1738721997302 169.9241627535087 49
1738721997304 169.24894193575204 50
1738721997306 168.02813901804885 51
1738721997308 171.1507502584423 52
1738721997309 168.67719199616062 53
1738721997311 168.6494042301322 54
1738721997312 168.9923039233845 55
1738721997314 169.24692673091732 56
1738721997316 168.83403098572492 57
1738721997317 167.35522265557103 58
1738721997319 169.54834553490258 59
1738721997321 168.45693037596266 60
1738721997322 167.94098120213818 61
1738721997324 167.22184754053436 62
1738721997326 168.4823948466033 63
1738721997327 167.78435776549992 64
1738721997329 170.48925150543047 65
1738721997331 168.35324189635747 66
1738721997332 166.46917472042557 67
1738721997334 168.8637118808447 68
1738721997336 169.02863232613342 69
1738721997337 170.66310420772825 70
1738721997339 168.34239127585082 71
1738721997340 169.5329938740179 72
1738721997342 169.0547367500769 73
1738721997344 169.57826357485834 74
1738721997345 168.36516360493218 75
1738721997347 167.77156379121627 76
1738721997349 168.04556429464327 77
1738721997350 168.79638738436807 78
1738721997352 169.1225508638486 79
1738721997354 167.58811368742113 80
1738721997356 169.94647979047838 81
1738721997358 168.32801908426225 82
1738721997359 169.52740261365776 83
1738721997361 169.46308394280658 84
1738721997363 167.57352317545227 85
