1738724433273 169.2626247225723 0
1738724433275 169.2605043888129 1
1738724433278 169.25839393969142 2
1738724433280 169.25629332736693 3
1738724433282 169.25420250423397 4
1738724433285 169.25212142292114 5
1738724433287 169.25005003629008 6
1738724433290 169.24798829743426 7
1738724433292 169.24593615967788 8
1738724433295 169.24389357657475 9
1738724433298 169.24186050190693 10
1738724433300 169.23983688968397 11
1738724433303 169.23782269414147 12
1738724433305 169.2358178697401 13
1738724433308 169.2338223711644 14
1738724433311 169.23183615332184 15
1738724433313 169.22985917134145 16
1738724433315 169.22789138057306 17
1738724433318 169.22593273658578 18
1738724433320 169.22398319516742 19
1738724433322 169.22204271232295 20
1738724433325 169.2201112442736 21
1738724433327 169.2181887474559 22
1738724433330 169.21627517852056 23
1738724433332 169.21437049433115 24
1738724433335 169.21247465196345 25
1738724433337 169.21058760870412 26
1738724433340 169.20870932204974 27
1738724433342 169.2068397497058 28
1738724433344 169.2049788495856 29
1738724433346 169.2031265798093 30
1738724433349 169.20128289870277 31
1738724433351 169.19944776479673 32
1738724433353 169.19762113682566 33
1738724433356 169.19580297372667 34
1738724433358 169.19399323463875 35
1738724433360 169.19219187890158 36
1738724433362 169.19039886605452 37
1738724433365 169.1886141558358 38
1738724433367 169.18683770818137 39
1738724433369 169.1850694832239 40
1738724433372 169.1833094412921 41
1738724433374 169.18155754290922 42
1738724433376 169.1798137487926 43
1738724433379 169.1780780198525 44
1738724433381 169.1763503171911 45
1738724433383 169.1746306021015 46
1738724433386 169.17291883606705 47
1738724433388 169.17121498076017 48
1738724433390 169.16951899804133 49
1738724433392 169.16783084995845 50
1738724433395 169.16615049874574 51
1738724433397 169.16447790682273 52
1738724433399 169.16281303679347 53
1738724433402 169.16115585144567 54
1738724433404 169.15950631374966 55
1738724433406 169.15786438685743 56
1738724433409 169.15623003410204 57
1738724433411 169.15460321899633 58
1738724433413 169.1529839052323 59
1738724433416 169.15137205668017 60
1738724433419 169.1497676373874 61
1738724433422 169.1481706115779 62
1738724433424 169.14658094365112 63
1738724433426 169.14499859818127 64
1738724433429 169.1434235399163 65
1738724433431 169.14185573377716 66
1738724433433 169.1402951448569 67
1738724433436 169.13874173841978 68
1738724433438 169.1371954799005 69
1738724433441 169.13565633490342 70
1738724433443 169.13412426920138 71
1738724433445 169.13259924873535 72
1738724433448 169.13108123961322 73
1738724433450 169.1295702081092 74
1738724433452 169.1280661206627 75
1738724433455 169.12656894387806 76
1738724433457 169.12507864452306 77
1738724433460 169.1235951895286 78
1738724433462 169.12211854598777 79
1738724433464 169.1206486811549 80
1738724433467 169.11918556244493 81
1738724433469 169.1177291574326 82
1738724433472 169.1162794338515 83
1738724433474 169.11483635959354 84
1738724433477 169.11339990270798 85
1738724433479 169.11197003140063 86
1738724433482 169.11054671403318 87
1738724433484 169.1091299191225 88
1738724433486 169.10771961533962 89
1738724433489 169.10631577150917 90
1738724433492 169.10491835660858 91
1738724433494 169.10352733976728 92
1738724433497 169.102142690266 93
1738724433499 169.10076437753594 94
1738724433502 169.09939237115816 95
1738724433504 169.0980266408627 96
1738724433506 169.09666715652799 97
1738724433509 169.09531388817985 98
1738724433511 169.0939668059911 99
1738724433514 169.09262588028065 100
1738724433516 169.09129108151274 101
1738724433519 169.08996238029636 102
1738724433521 169.08863974738435 103
1738724433524 169.08732315367288 104
1738724433526 169.08601257020064 105
1738724433528 169.08470796814808 106
1738724433530 169.0834093188369 107
1738724433532 169.08211659372915 108
1738724433535 169.08082976442657 109
1738724433537 169.07954880267008 110
1738724433539 169.07827368033878 111
1738724433541 169.0770043694496 112
1738724433544 169.07574084215642 113
1738724433546 169.0744830707494 114
1738724433548 169.07323102765432 115
1738724433550 169.07198468543194 116
1738724433552 169.07074401677744 117
1738724433555 169.06950899451945 118
1738724433557 169.0682795916197 119
1738724433559 169.0670557811722 120
1738724433562 169.06583753640263 121
1738724433564 169.0646248306677 122
1738724433567 169.06341763745442 123
1738724433569 169.06221593037958 124
1738724433571 169.0610196831891 125
1738724433574 169.0598288697572 126
1738724433576 169.05864346408606 127
1738724433579 169.0574634403049 128
1738724433581 169.0562887726696 129
1738724433583 169.05511943556186 130
1738724433585 169.0539554034888 131
1738724433588 169.0527966510821 132
1738724433590 169.0516431530975 133
1738724433592 169.05049488441432 134
1738724433595 169.04935182003462 135
1738724433597 169.0482139350827 136
1738724433599 169.0470812048045 137
