1738724988694 160.025963686281 0
1738724988724 175.09317877666567 1
1738724988753 172.60770206085175 2
1738724988783 179.7591180212645 3
1738724988813 137.51894062092092 4
1738724988843 174.25278545338185 5
1738724988873 157.3821900424697 6
1738724988904 159.00778152250024 7
1738724988934 181.89385616368153 8
1738724988965 169.0488653487131 9
1738724988996 171.19018637908079 10
1738724989026 162.1435692890429 11
1738724989056 163.32311516238977 12
1738724989086 164.05393244946524 13
1738724989115 170.52458850650987 14
1738724989145 151.5223815302866 15
1738724989174 156.78359254277342 16
1738724989204 165.1337943472436 17
1738724989234 166.72485248027402 18
1738724989264 141.4560995811065 19
1738724989294 162.47050764343282 20
1738724989324 170.19716231520547 21
1738724989353 170.70333871253723 22
1738724989382 170.3601779587258 23
1738724989412 164.62108513418707 24
1738724989442 175.67335884430418 25
1738724989472 173.8531995962798 26
1738724989501 180.45120591224992 27
1738724989531 168.54378115449813 28
1738724989561 152.56547243954475 29
1738724989590 180.3966428307883 30
1738724989620 168.33867228493347 31
1738724989649 165.52978356048936 32
1738724989679 162.5813748665374 33
1738724989708 177.1950681779564 34
1738724989737 157.85923997728963 35
1738724989767 188.07365016087053 36
1738724989796 164.57460049165113 37
1738724989826 185.11239598232558 38
1738724989855 168.44189990149573 39
1738724989885 165.45288995301158 40
1738724989916 168.05813413944747 41
1738724989946 171.1279795526685 42
1738724989975 160.44190234519786 43
1738724990005 176.4972682173031 44
1738724990036 161.93963482001115 45
1738724990065 169.86395931641678 46
1738724990095 163.90980233075496 47
1738724990126 162.46182127951727 48
1738724990156 173.6635463171204 49
1738724990186 182.1415250480173 50
