1738722111763 170.429608570872 0
1738722111766 170.3452377803364 1
1738722111767 170.2647001557871 2
1738722111769 170.18962837178523 3
1738722111770 170.11793706341652 4
1738722111771 170.0494725156456 5
1738722111773 169.9840880292051 6
1738722111776 169.92164360003574 7
1738722111777 169.86200561337841 8
1738722111778 169.8050465518485 9
1738722111780 169.75064471685266 10
1738722111781 169.6986839627386 11
1738722111783 169.64905344309602 12
1738722111785 169.6016473686524 13
1738722111786 169.55636477623472 14
1738722111787 169.51310930829038 15
1738722111789 169.4717890024852 16
1738722111790 169.4323160909174 17
1738722111792 169.3946068085085 18
1738722111793 169.35858121015147 19
1738722111794 169.3241629962151 20
1738722111795 169.29127934602445 21
1738722111797 169.2598607589504 22
1738722111798 169.2298409027626 23
1738722111800 169.20115646891247 24
