1738722287972 196.16167744131027 0
1738722288006 194.99103632880596 1
1738722288039 209.43815697483876 2
1738722288073 184.3656154745992 3
1738722288106 130.33735556326394 4
1738722288140 221.35953164007532 5
1738722288174 133.16476610691805 6
1738722288208 201.5062685484611 7
1738722288243 198.3143589720895 8
1738722288276 174.55859714131054 9
1738722288310 120.35738483789854 10
1738722288344 241.0905899718319 11
1738722288378 154.2911143750027 12
1738722288412 208.91615077541078 13
1738722288445 246.95052915284666 14
1738722288479 198.75757797676536 15
1738722288512 125.23975419419749 16
1738722288546 103.27693764478435 17
1738722288579 128.19935518578356 18
1738722288612 112.98211261609632 19
1738722288645 79.3649274708896 20
1738722288679 156.23979647770673 21
1738722288713 79.5436430411328 22
1738722288747 141.49024515519505 23
1738722288780 354.8114320974972 24
1738722288814 159.18957027447755 25
1738722288847 80.47763276422988 26
1738722288880 101.42021166923485 27
1738722288914 158.0524413569142 28
1738722288947 174.06476794577898 29
1738722288980 156.76705134499406 30
1738722289014 169.70183794593132 31
1738722289047 154.548186247814 32
1738722289081 213.47195694190785 33
1738722289114 220.04982761464734 34
1738722289147 273.8254002482007 35
1738722289180 176.945194087871 36
1738722289214 230.25865026137475 37
1738722289248 164.6652422865835 38
1738722289283 191.14281334743222 39
1738722289317 112.43272583605336 40
1738722289350 220.89225093867336 41
1738722289383 232.7253189092764 42
1738722289417 165.8721157734298 43
1738722289450 140.30833316768138 44
1738722289483 252.28152443380012 45
1738722289517 269.21714406140376 46
1738722289550 185.63511393175315 47
1738722289583 312.11252196918343 48
1738722289616 176.6781757593263 49
1738722289650 324.2758295872775 50
1738722289683 283.7565788960033 51
1738722289716 120.91584836945376 52
1738722289749 192.23262839141213 53
1738722289782 224.47423225912723 54
1738722289815 139.12498003174176 55
1738722289848 169.82317044449178 56
1738722289881 201.90158085471333 57
1738722289914 207.39883824923314 58
1738722289947 153.3416236906803 59
1738722289980 155.86234666825248 60
1738722290018 122.34962221947477 61
1738722290064 223.42478459533632 62
1738722290097 187.53561312924603 63
1738722290130 233.8002848444118 64
1738722290163 215.95230894706455 65
1738722290196 166.67562404506512 66
1738722290230 135.46960548814437 67
1738722290263 219.7970162987237 68
1738722290298 175.19848396482794 69
1738722290332 150.2688734078497 70
1738722290366 168.7862043902546 71
1738722290399 139.14641392435757 72
1738722290434 186.31892548357342 73
1738722290468 102.40092263812186 74
1738722290502 174.1716930186832 75
1738722290536 119.83891357064076 76
1738722290569 189.35809860631295 77
1738722290603 182.64042934104933 78
1738722290637 85.03214714752465 79
1738722290684 174.90123455988282 80
1738722290718 141.0017980258546 81
1738722290752 186.13832851126824 82
1738722290785 95.77257065623188 83
1738722290818 152.61689798208397 84
1738722290851 265.0871684252977 85
1738722290884 220.62095289684748 86
1738722290917 155.8334867187364 87
1738722290949 168.41373317661535 88
1738722290982 81.30667410470159 89
1738722291015 142.0246966056786 90
1738722291048 218.49229795303566 91
1738722291080 164.19744579937685 92
1738722291113 231.45246530145022 93
1738722291146 154.9362855781252 94
1738722291178 155.0017811290709 95
1738722291211 86.75505613764886 96
1738722291244 216.13714501025237 97
1738722291277 191.42991876952092 98
1738722291309 187.7311390617068 99
1738722291342 210.29825561424593 100
1738722291375 246.6377667758355 101
1738722291407 176.6643046476764 102
1738722291440 162.79020369085103 103
1738722291473 224.12619346462154 104
1738722291506 181.51272877907743 105
1738722291538 172.9464179867914 106
1738722291571 189.5949602002327 107
1738722291603 255.09805484582338 108
1738722291636 94.01490844755523 109
1738722291669 128.38784801078685 110
1738722291701 108.45628408792419 111
1738722291734 177.06570812321945 112
1738722291767 63.49752061507346 113
1738722291799 97.30495512091133 114
1738722291832 138.95688109289435 115
1738722291865 153.08048965350935 116
1738722291898 136.22533198495051 117
1738722291930 226.32445983456012 118
1738722291963 185.48627567361487 119
1738722291996 230.0165424049757 120
1738722292028 204.42047759924358 121
1738722292061 287.3854699757704 122
1738722292094 108.06737514436195 123
1738722292126 198.02222702139048 124
1738722292159 223.784918762745 125
1738722292191 218.53162505945386 126
1738722292224 164.26749671969074 127
1738722292257 169.89172317594725 128
1738722292289 249.93229480089926 129
1738722292322 221.96126200537202 130
1738722292354 148.3043893787542 131
1738722292387 202.09912359384856 132
1738722292420 134.68721441576437 133
1738722292453 140.17540486639763 134
1738722292486 125.84257498275338 135
1738722292519 174.10935203681032 136
1738722292551 191.6835912117326 137
1738722292583 296.32785111016835 138
1738722292616 170.55475498795954 139
1738722292649 199.73441640906125 140
1738722292681 153.75761399806126 141
1738722292714 222.19768252782487 142
1738722292746 153.59734079855698 143
1738722292779 221.53161508267144 144
1738722292813 209.28967559805687 145
1738722292847 195.75133237923626 146
1738722292881 202.1698952507598 147
1738722292914 81.95803073326448 148
1738722292948 147.29732197126924 149
1738722292981 120.98154177269123 150
1738722293014 208.9251830371618 151
1738722293048 155.95513865608237 152
1738722293081 221.77207847727493 153
1738722293114 138.8925285257124 154
1738722293148 154.35041902285414 155
1738722293181 156.80300387895159 156
1738722293214 131.99981965446122 157
1738722293248 137.37496869138752 158
1738722293281 161.5808603429514 159
1738722293314 164.72098563121784 160
1738722293347 128.2363991639713 161
1738722293380 167.4854956336017 162
1738722293413 220.25036687367216 163
1738722293446 222.4907316026908 164
1738722293479 0.8126493023023263 165
1738722293512 172.99661823200537 166
1738722293545 268.5021288276488 167
1738722293577 172.63983036440516 168
1738722293610 108.67962569097448 169
1738722293643 130.28303849325584 170
1738722293676 106.28231902020661 171
1738722293708 147.223202781347 172
1738722293741 197.66455273031144 173
1738722293774 302.91255289691713 174
1738722293807 226.9285580908487 175
1738722293839 235.96745109533012 176
1738722293872 136.90371335890805 177
1738722293905 147.4957316659755 178
1738722293937 184.54594094539257 179
1738722293970 176.49818193128903 180
1738722294003 177.99177457574245 181
1738722294035 200.32537643438823 182
1738722294068 146.33262990931902 183
1738722294101 181.62208314180984 184
1738722294133 135.93697487981973 185
1738722294166 171.80763156111252 186
1738722294198 137.83441808654834 187
1738722294231 197.1273308064871 188
1738722294264 135.1447046999549 189
1738722294296 92.13452111584976 190
1738722294329 187.6531282132518 191
1738722294361 155.18706308097765 192
1738722294394 235.60541742259755 193
1738722294427 220.7383457388142 194
1738722294460 236.38394190886694 195
1738722294493 216.63796866692132 196
1738722294525 194.71035987556508 197
1738722294558 86.89116884781257 198
1738722294590 126.23015653066767 199
1738722294623 149.73613217547285 200
1738722294655 140.05878518902261 201
1738722294688 192.33340409147823 202
1738722294720 195.81654370561418 203
1738722294752 221.71928642806643 204
1738722294785 152.5014199307693 205
1738722294817 161.42826508267808 206
1738722294850 216.31497700947497 207
1738722294883 155.127628541582 208
1738722294917 170.98542059273385 209
1738722294950 172.91049526400224 210
1738722294983 143.91828083819337 211
1738722295016 205.73674206060272 212
1738722295049 145.335018202659 213
1738722295083 170.39861033597182 214
1738722295116 155.78511419353475 215
1738722295148 214.27515491766366 216
1738722295181 143.74074970293717 217
1738722295214 133.80002318008445 218
1738722295247 156.41335551079595 219
1738722295280 82.27553627259631 220
1738722295313 212.03666102955182 221
1738722295345 197.08832150464409 222
1738722295378 152.83699260235525 223
1738722295411 175.96738360136624 224
1738722295444 82.53500190630997 225
1738722295477 99.06563423417253 226
1738722295509 214.71942157732374 227
1738722295542 173.84896914193683 228
1738722295575 208.82353392965078 229
1738722295608 221.17613950770266 230
1738722295640 139.1810647665466 231
1738722295673 175.45453312295507 232
1738722295706 170.99941139595217 233
1738722295739 158.05166171574464 234
1738722295771 234.59647887804402 235
1738722295804 139.74469643846132 236
1738722295836 233.9610284055128 237
1738722295869 118.8552841375837 238
1738722295901 128.0927325088842 239
1738722295934 37.64945039386651 240
1738722295966 205.28548997577934 241
1738722295999 289.25706280611774 242
1738722296032 211.01549425124085 243
1738722296064 95.19915807456401 244
1738722296096 165.78831381664 245
1738722296129 134.10677083530098 246
1738722296161 168.66679645087396 247
1738722296194 237.49197311136453 248
1738722296226 157.70420569210162 249
1738722296259 230.24255407696586 250
1738722296291 182.10748571259504 251
1738722296324 190.43667715299077 252
1738722296357 203.94637952007278 253
1738722296389 157.5864484231575 254
1738722296421 175.46117168064058 255
1738722296454 155.74757768828783 256
1738722296487 166.79061536849463 257
1738722296520 188.25761714294148 258
1738722296552 179.12602556283701 259
1738722296585 109.52587414265922 260
1738722296617 249.29835065056838 261
1738722296668 152.47059738115516 262
1738722296702 174.4921785793124 263
1738722296735 62.481548375656836 264
1738722296768 171.8246847908355 265
1738722296801 222.08891192562464 266
1738722296835 206.16618705060523 267
1738722296868 212.82548517408569 268
1738722296900 49.94151622209726 269
1738722296933 115.13695535711196 270
1738722296966 135.07311729467818 271
1738722296999 303.22365570140965 272
1738722297032 198.18733816165613 273
1738722297065 138.84014313704515 274
1738722297097 184.1632263273781 275
1738722297130 289.52561699580167 276
1738722297163 191.70029442759937 277
1738722297196 202.38454790017371 278
1738722297229 344.65477739830504 279
1738722297262 175.07964172933396 280
1738722297294 149.0172691965754 281
1738722297327 138.24284977544283 282
1738722297360 110.49355501211436 283
1738722297393 186.56941566012597 284
1738722297427 94.55401640985949 285
1738722297459 209.01345652535684 286
1738722297492 205.37648764631317 287
1738722297524 204.4650669437118 288
1738722297557 143.06772360471933 289
1738722297590 142.7091097571475 290
1738722297622 146.4518572085875 291
1738722297655 300.31434122078247 292
1738722297688 223.38285187066438 293
1738722297720 247.12353748365447 294
1738722297753 149.3702141498348 295
1738722297786 216.51537263909646 296
1738722297818 219.68415930632105 297
1738722297851 212.57844673575528 298
1738722297883 224.1506063997882 299
1738722297916 191.3364719095653 300
1738722297948 168.04275857155073 301
1738722297981 143.8371384988248 302
1738722298013 274.8234622663967 303
1738722298046 157.80669016807028 304
1738722298079 54.86455911286483 305
1738722298111 188.67052209571625 306
1738722298144 151.44675248700722 307
1738722298177 95.51720588135528 308
1738722298209 157.29160073216977 309
1738722298242 266.14853335005785 310
1738722298274 77.15681831029244 311
1738722298307 173.29730481295948 312
1738722298339 196.38680957057016 313
1738722298372 210.52182002225064 314
1738722298405 223.20865961018941 315
1738722298437 184.95177662225836 316
1738722298470 141.72362366841054 317
1738722298502 177.70281061379458 318
1738722298535 119.56395181958798 319
1738722298568 171.11690605419292 320
1738722298601 171.30402255332396 321
1738722298633 156.50943859891825 322
1738722298665 155.70348787064145 323
1738722298698 163.45135738808983 324
1738722298730 331.9275272660479 325
1738722298762 179.5383583023349 326
1738722298795 173.34058048674356 327
1738722298828 193.77458084664988 328
1738722298860 184.56102629708485 329
1738722298893 108.76787176455618 330
1738722298925 191.1863266877984 331
1738722298958 205.7536306667336 332
1738722298990 78.62169187956714 333
1738722299023 162.40397915415315 334
1738722299055 175.52437146364616 335
1738722299088 164.1207484229555 336
1738722299120 112.85016348826439 337
1738722299153 149.17376705288456 338
1738722299185 178.44391278802897 339
1738722299218 168.23925617223537 340
1738722299251 216.66000233851034 341
1738722299283 90.38368074488217 342
1738722299315 159.80864023115947 343
1738722299348 174.25302783878814 344
1738722299380 273.9643035723059 345
1738722299413 124.7298786414998 346
1738722299445 180.43936253744945 347
1738722299478 239.08245311452782 348
1738722299510 164.4310264012265 349
1738722299543 69.91054649894313 350
1738722299575 189.19794397586682 351
1738722299608 132.88426740412606 352
1738722299640 136.9267134082961 353
1738722299672 170.0295625351661 354
1738722299705 112.89645835986448 355
1738722299738 203.9278553354991 356
1738722299770 159.48220360847247 357
1738722299802 223.6363476424428 358
1738722299835 247.5161842955038 359
1738722299867 83.76651664343129 360
1738722299900 115.0935328998581 361
1738722299932 189.62869480024685 362
1738722299965 43.65830382076217 363
1738722299997 127.90188309672911 364
1738722300030 30.808647375065675 365
1738722300062 201.30831943065698 366
1738722300095 175.90338603330085 367
1738722300127 111.84110481007863 368
1738722300160 122.81920982874233 369
1738722300192 165.75473445621412 370
1738722300224 169.88392268468886 371
1738722300257 134.91766354897172 372
1738722300289 127.51053372059611 373
1738722300322 186.46802618853104 374
1738722300354 250.58836709790322 375
1738722300387 144.11663437409652 376
1738722300419 175.06321210206485 377
1738722300451 132.18454213190296 378
1738722300483 122.83590156136371 379
1738722300516 188.12385414392557 380
1738722300548 211.66222096611065 381
1738722300581 213.60371834032705 382
1738722300613 206.10610801120774 383
1738722300646 213.58321997280655 384
1738722300678 133.69894780987264 385
1738722300711 177.87320291471949 386
1738722300743 131.17716751927964 387
1738722300775 212.43040857567055 388
1738722300808 172.47542721041154 389
1738722300840 56.11307123998673 390
1738722300872 138.554020244208 391
1738722300905 211.4912307561877 392
1738722300938 197.74968868935352 393
1738722300972 205.37555254722471 394
1738722301006 207.93914609164105 395
1738722301039 153.59626265576009 396
1738722301072 336.5982525908464 397
1738722301105 172.37485539567308 398
1738722301139 204.72830941824267 399
1738722301172 88.09794981416593 400
1738722301205 174.6356621395704 401
1738722301238 120.69326141893801 402
1738722301271 101.18992474590094 403
1738722301304 156.82825091176318 404
1738722301338 160.23849626839254 405
1738722301372 69.60826923749387 406
1738722301405 181.43042495179424 407
1738722301438 85.46631234787445 408
1738722301471 134.81483288612344 409
1738722301504 267.1281618201084 410
1738722301538 131.28369671950242 411
1738722301572 216.8026701737623 412
1738722301605 181.1626881006604 413
1738722301637 155.43359490671847 414
1738722301670 154.0557724938937 415
1738722301703 175.54180685837875 416
1738722301736 108.3695500353412 417
1738722301770 195.82212980841854 418
1738722301805 140.78046542756357 419
1738722301838 253.17307182224255 420
1738722301871 141.43990461125418 421
1738722301905 138.69652835558196 422
1738722301939 426.821971571303 423
1738722301972 144.11908514272625 424
1738722302006 304.2205550804532 425
1738722302039 168.91270715489802 426
1738722302072 110.25950872365809 427
1738722302106 164.39066861130019 428
1738722302139 204.70226296951708 429
1738722302173 228.57013445035528 430
1738722302207 192.1735727620299 431
1738722302240 248.32752728515987 432
1738722302274 186.52616334520533 433
1738722302307 210.87211750555048 434
1738722302340 118.23469966967842 435
1738722302374 188.42921789453703 436
1738722302407 201.05135512979953 437
1738722302440 98.36271589905292 438
1738722302473 223.96555198429158 439
1738722302506 207.05078826773777 440
1738722302539 111.10340345320571 441
1738722302572 157.64061765741533 442
1738722302605 109.72816020004939 443
1738722302638 103.8281450772278 444
1738722302671 192.09781921523143 445
1738722302704 158.97457069822062 446
1738722302736 220.4706620241554 447
1738722302769 202.57842898432517 448
1738722302802 238.7376797756907 449
1738722302851 105.65473283461841 450
1738722302889 289.8751271368745 451
1738722302923 112.93154155213733 452
1738722302978 142.60150274459914 453
1738722303015 85.5540859868641 454
1738722303048 130.3113538359084 455
1738722303082 229.90673942602297 456
1738722303115 243.2320078078758 457
1738722303148 192.8952560784105 458
1738722303181 150.2723622234475 459
1738722303214 250.437754367998 460
1738722303247 135.82221586527058 461
1738722303280 162.11549964037536 462
1738722303313 198.71584299079495 463
1738722303348 71.64641495079715 464
1738722303381 193.94369300401746 465
1738722303415 220.0871070780536 466
1738722303448 431.0405731226223 467
1738722303482 152.07196856213875 468
1738722303515 182.12775654447594 469
1738722303548 154.45688650200435 470
1738722303581 176.84696747352356 471
1738722303614 164.99511962251873 472
1738722303648 146.69257301410727 473
1738722303681 201.63421048599741 474
1738722303714 161.53538591658744 475
1738722303747 198.93462779092394 476
1738722303780 180.73876883421272 477
1738722303813 270.26899082095764 478
1738722303845 41.48524752527646 479
1738722303878 172.38204092360115 480
1738722303913 122.32897977997865 481
1738722303947 115.51897934655437 482
1738722303980 152.8799932985152 483
1738722304014 382.0372820231664 484
1738722304047 248.35839601933884 485
1738722304080 93.83405131060545 486
1738722304115 161.42939571366915 487
1738722304149 203.9467534597559 488
1738722304182 226.5422879293763 489
1738722304216 57.87819217708133 490
1738722304249 209.7056405279534 491
1738722304282 258.24254038207596 492
1738722304318 187.28396740482123 493
1738722304354 139.98567533446334 494
1738722304389 154.88514974910333 495
1738722304425 130.50876105077938 496
1738722304479 256.7696802798351 497
1738722304513 167.26411875980955 498
1738722304548 270.68055877063625 499
