1738722565713 168.92962790405403 0
1738722565716 167.25173020221624 1
1738722565718 168.49929306035347 2
1738722565720 170.12737264046694 3
1738722565722 169.21070852957882 4
1738722565724 170.03696638970857 5
1738722565726 166.64508203128904 6
1738722565728 169.22965994056173 7
1738722565730 169.29243359596424 8
1738722565732 170.06399024951585 9
1738722565734 167.20019643209076 10
1738722565736 168.94662008013847 11
1738722565738 169.52695530708996 12
1738722565740 167.24735682332528 13
1738722565742 169.79391726029692 14
1738722565744 166.91659568977437 15
1738722565746 172.56114550790616 16
1738722565748 169.59681623859402 17
1738722565751 166.59969677309738 18
1738722565753 168.60186457645278 19
1738722565755 165.9905201008633 20
1738722565757 168.16405334326782 21
1738722565759 168.03312536006888 22
1738722565761 168.90959198301607 23
1738722565763 169.24069766721541 24
1738722565765 168.27256509042664 25
1738722565767 169.67564798173365 26
1738722565769 167.22254458240394 27
1738722565771 165.65439060650962 28
1738722565773 168.65446470619878 29
1738722565775 169.76120189205312 30
1738722565777 171.2748501324652 31
1738722565779 165.34113018211036 32
1738722565781 168.71481268014952 33
1738722565783 169.93886527315695 34
1738722565786 167.27106137538257 35
1738722565788 168.29153347634286 36
1738722565790 167.94066516586872 37
1738722565792 167.92007832365732 38
1738722565794 171.68333504045876 39
1738722565796 169.25660792389257 40
1738722565798 170.211626465555 41
1738722565800 169.22887711025982 42
1738722565802 170.89759467735982 43
1738722565804 169.39731600212505 44
1738722565806 167.03655567582075 45
1738722565808 168.31038851256923 46
1738722565810 170.9499170323688 47
1738722565812 169.64930723185608 48
1738722565814 170.24513632436012 49
1738722565816 168.20539316394672 50
1738722565818 169.88963671508188 51
1738722565820 168.49757903550693 52
1738722565822 167.64201064268224 53
1738722565824 167.9171987926493 54
1738722565826 168.21295387593983 55
1738722565828 169.48015273769482 56
1738722565830 170.85176771629193 57
1738722565832 171.48332887144184 58
1738722565834 169.81150874704326 59
1738722565836 168.67411115658828 60
1738722565838 170.03441693064212 61
1738722565842 170.4250467842663 62
1738722565844 171.98944231423044 63
1738722565846 168.7587805191729 64
1738722565848 167.83303912542803 65
1738722565850 170.52079291738573 66
1738722565852 168.8690942141708 67
1738722565854 170.9012281449351 68
1738722565856 165.6594637452377 69
1738722565858 170.18421405246636 70
1738722565860 169.1213219633396 71
1738722565863 167.13303994091396 72
1738722565865 169.3471347952344 73
1738722565867 168.6583152723765 74
1738722565869 170.34495583038964 75
1738722565871 169.65562611732653 76
1738722565873 167.22823109021584 77
1738722565875 168.94781067648506 78
1738722565877 168.62206622658175 79
1738722565879 168.51545796510518 80
1738722565882 167.24023411449906 81
1738722565884 169.4884761032512 82
1738722565886 168.2011677108379 83
1738722565888 165.28541878351857 84
1738722565890 168.53583215719283 85
1738722565892 167.93681481247106 86
1738722565894 169.7513037196151 87
1738722565896 167.17756173671717 88
1738722565898 169.47253760091894 89
1738722565900 168.15356345534244 90
1738722565902 169.9198913658816 91
1738722565904 169.2160389756392 92
1738722565906 169.90505291110819 93
1738722565908 169.31853131310015 94
1738722565910 169.95349583030227 95
1738722565912 171.41350642185262 96
1738722565914 168.62805527792042 97
1738722565916 173.06669656510783 98
1738722565918 169.31158766586705 99
1738722565921 167.6914923040584 100
1738722565923 169.4353681891046 101
1738722565925 166.11526867057898 102
1738722565927 169.377136118731 103
1738722565929 169.78431633605 104
1738722565932 170.24659741973852 105
1738722565934 172.55298359282304 106
1738722565936 165.77830058363887 107
1738722565938 168.1145232913049 108
1738722565940 170.21094329264582 109
1738722565943 168.15989649264446 110
1738722565945 168.4857098352548 111
1738722565947 169.53874153085854 112
1738722565949 168.02831876446427 113
1738722565951 167.45569620598172 114
1738722565953 168.98671456908679 115
1738722565955 167.238986016365 116
1738722565957 168.31603086735208 117
1738722565959 165.03335849256277 118
1738722565962 169.04594672046625 119
1738722565964 168.75886680985653 120
1738722565966 167.10128975619511 121
1738722565968 170.39557580718403 122
1738722565971 170.73842424521075 123
1738722565973 167.32864924590862 124
1738722565975 168.36236331473097 125
1738722565977 169.9382771628663 126
1738722565979 168.32915287702812 127
1738722565981 171.39288200567157 128
1738722565983 170.70838146319184 129
1738722565985 170.78355503544077 130
1738722565987 169.06973609934568 131
1738722565989 168.60269383118393 132
1738722565991 172.28434072682705 133
1738722565993 168.32626921069408 134
1738722565995 171.83463060348743 135
1738722565997 169.64579749018415 136
1738722566000 168.88642238239225 137
1738722566002 168.89266342651922 138
1738722566004 169.05906732263676 139
1738722566006 169.33933570549036 140
1738722566008 168.2248929775781 141
1738722566010 172.36219407274925 142
1738722566012 166.88688736129978 143
1738722566014 167.4269086072397 144
