1738724994933 174.46592172090283 0
1738724994964 173.41186920546326 1
1738724994995 175.22755166453845 2
1738724995024 172.1206428067509 3
1738724995054 173.12716622607817 4
1738724995084 170.27941229995562 5
1738724995115 170.08657496140916 6
1738724995145 174.99362629435748 7
1738724995174 163.65163720109126 8
1738724995204 156.94937728036223 9
1738724995233 173.63637194645378 10
1738724995263 172.57450375170077 11
1738724995294 165.21136125750135 12
1738724995324 163.41446036858545 13
1738724995355 171.8856635404674 14
1738724995385 159.31239894878448 15
1738724995416 170.78209402112626 16
1738724995446 170.7131145049635 17
1738724995477 180.6791894254965 18
1738724995507 168.44153977951248 19
1738724995537 168.3823951102565 20
1738724995567 167.85051715200572 21
1738724995597 176.32727121952635 22
1738724995627 169.2718608260378 23
1738724995657 173.42919635878116 24
1738724995687 177.19957492271 25
1738724995717 163.32385341152153 26
1738724995747 179.6046571242914 27
1738724995778 179.38861047440005 28
