1738723966073 123.79659583683907 0
1738723966107 132.89166750161948 1
1738723966140 311.86333661582 2
1738723966174 123.93576640742364 3
1738723966207 58.54211410383467 4
1738723966240 272.7689971761488 5
1738723966274 154.93062942261204 6
1738723966307 177.90691073391716 7
1738723966340 177.76653921678377 8
1738723966374 151.0507017012214 9
1738723966409 222.9642106878353 10
1738723966443 148.24484976617356 11
1738723966477 163.9969325272414 12
1738723966511 106.59522686496085 13
1738723966545 232.42135882244236 14
1738723966579 192.53579951543335 15
1738723966612 106.4627932075026 16
1738723966646 118.04716359177293 17
1738723966680 164.38683729923247 18
1738723966713 209.53385836996276 19
1738723966747 190.85067008296488 20
1738723966781 192.7561439015325 21
1738723966814 151.61461094848755 22
1738723966848 299.70257698400894 23
1738723966882 253.50641529277075 24
1738723966915 199.95892468358136 25
1738723966949 155.16071630102462 26
1738723966983 156.49408180370858 27
1738723967017 111.03061167798833 28
1738723967050 181.2996932174899 29
1738723967084 136.23325429660972 30
1738723967117 212.53984936611815 31
1738723967151 169.60782021284564 32
1738723967184 135.30863315859014 33
1738723967218 116.61368743018404 34
1738723967251 143.5917603843976 35
1738723967285 193.51193178547888 36
1738723967364 141.56776847468996 37
1738723967398 394.75677435361996 38
1738723967432 118.11546010858028 39
1738723967466 129.38086127794742 40
1738723967500 173.57834829150508 41
1738723967533 105.60183921310018 42
1738723967567 191.73565271064317 43
1738723967601 96.2482549010016 44
1738723967634 188.98452485344785 45
1738723967668 43.615685819791835 46
1738723967702 173.4586119595007 47
1738723967735 179.13463166467048 48
1738723967769 116.8974458951938 49
1738723967802 196.7187870911556 50
1738723967836 221.69786595520281 51
1738723967869 216.9289447063287 52
1738723967903 99.62010604021863 53
1738723967936 151.23022553225658 54
1738723967972 137.68192579673448 55
1738723968006 170.84066324112223 56
1738723968039 122.06034607519396 57
1738723968073 167.70232924485654 58
1738723968106 177.6787293677894 59
1738723968140 204.41646413706172 60
1738723968173 226.344619516966 61
1738723968207 84.94096780400338 62
1738723968240 262.149106783627 63
1738723968274 233.1063443829574 64
1738723968307 146.36887505060264 65
1738723968341 164.0565780271787 66
1738723968375 153.79102182550304 67
1738723968408 148.42609676131346 68
1738723968442 141.5542367868607 69
1738723968475 174.38677939250465 70
1738723968508 235.45170618584066 71
1738723968542 234.60917812003734 72
1738723968575 145.26082283395291 73
1738723968608 164.05554514520168 74
1738723968641 169.91824267723962 75
1738723968675 124.7276219287368 76
1738723968708 178.2661708644727 77
1738723968756 81.02650091712836 78
1738723968791 247.89732276997287 79
1738723968825 186.55688454462424 80
1738723968859 204.7483213725456 81
1738723968892 206.77815367215248 82
1738723968926 212.18475961270826 83
1738723968960 175.3621552474131 84
1738723968994 129.20629487477134 85
1738723969029 321.13018676437247 86
1738723969062 131.1459757830514 87
1738723969096 164.5405415652275 88
1738723969130 105.7996217176995 89
1738723969163 150.2141640648279 90
1738723969197 95.95652682302548 91
1738723969230 437.1487934437422 92
1738723969264 385.92394583978427 93
1738723969297 127.83483487525393 94
1738723969331 207.35538092796443 95
1738723969364 222.6408478586827 96
1738723969398 196.4511251090641 97
1738723969431 178.84162445786825 98
1738723969465 174.75770432329554 99
1738723969498 159.4456641873029 100
1738723969532 236.5384228338007 101
1738723969565 224.38133793498912 102
1738723969599 155.21823196841092 103
1738723969632 152.58482643835853 104
1738723969665 193.24192985954 105
1738723969699 144.83842025528622 106
1738723969732 196.5764707499583 107
1738723969766 180.72519329433877 108
1738723969799 211.71927475184629 109
1738723969832 199.27877113210138 110
1738723969866 130.17847967786537 111
1738723969899 90.88165090617838 112
1738723969932 198.6235093587101 113
1738723969966 150.48631962622147 114
1738723969999 188.446228030531 115
1738723970033 126.7644058986951 116
1738723970067 227.06877543010958 117
1738723970100 164.31475892005557 118
1738723970133 152.2764295996471 119
1738723970166 50.70236400382204 120
1738723970200 149.42027779465377 121
1738723970233 225.83276828686638 122
1738723970267 162.9679578925397 123
1738723970302 20.72346197915736 124
1738723970341 184.97656811801315 125
1738723970376 80.24297946402388 126
1738723970411 165.5235039789044 127
1738723970445 154.22488440765997 128
1738723970479 107.5199314116893 129
1738723970512 161.89303555931454 130
1738723970546 119.81857636146073 131
1738723970579 153.15291544963674 132
1738723970612 82.14639213494432 133
1738723970645 122.16085635321473 134
1738723970679 241.37703612716783 135
1738723970714 304.7608485202068 136
1738723970748 115.35925576727212 137
1738723970781 212.15115027645754 138
1738723970815 131.15409884814224 139
1738723970849 181.6071951170501 140
1738723970882 294.92182993104484 141
1738723970916 207.61861491249533 142
1738723970949 130.79747942547093 143
1738723970983 152.2460587621715 144
1738723971016 93.33570045013116 145
1738723971050 88.67443586203622 146
1738723971083 189.24075742754738 147
1738723971116 135.6723078216412 148
1738723971150 183.99044667110454 149
1738723971183 165.1134333991376 150
1738723971216 135.78050639689326 151
1738723971249 182.1357693482313 152
1738723971283 261.34913484837057 153
1738723971316 155.3382822530546 154
1738723971350 111.27632778575365 155
1738723971383 208.158350680424 156
1738723971416 388.7229582222008 157
1738723971449 119.01564281503106 158
1738723971482 100.68211792493386 159
1738723971516 122.59873372593731 160
1738723971549 173.36650971210327 161
1738723971597 57.628571463019675 162
1738723971631 166.91380196812528 163
1738723971665 171.3219270077386 164
1738723971700 148.98978161375746 165
1738723971734 174.06191666010358 166
1738723971769 170.65477108734788 167
1738723971803 153.55724944025147 168
1738723971837 151.2752666475143 169
1738723971870 263.3515422631731 170
1738723971904 273.3872136626659 171
1738723971938 396.7925295260671 172
1738723971972 198.765523531305 173
1738723972006 146.9465161695591 174
1738723972040 119.33557975742517 175
1738723972074 161.86474836769838 176
1738723972107 159.41388135398213 177
1738723972141 134.5378961413894 178
1738723972175 118.42235440954984 179
1738723972209 176.2897783155192 180
1738723972242 245.91958969759554 181
1738723972276 192.48112753113142 182
1738723972309 250.7728550058894 183
1738723972343 126.21259847644481 184
1738723972377 76.87442831325754 185
1738723972410 257.8139211284258 186
1738723972443 175.60316594375615 187
1738723972477 135.77493152284566 188
1738723972510 153.515064404219 189
1738723972543 256.3793548356536 190
1738723972577 209.994663725625 191
1738723972610 166.01628165346511 192
1738723972643 166.99875173040485 193
1738723972677 310.1763415431283 194
1738723972710 157.36022206677504 195
1738723972744 145.38797037277357 196
1738723972777 171.9338211249259 197
1738723972811 155.41726872112937 198
1738723972844 250.26611523505548 199
1738723972878 146.74244519585855 200
1738723972911 158.2566201684022 201
1738723972944 355.95696725195864 202
1738723972978 98.00564820446633 203
1738723973011 152.56857744461686 204
1738723973045 143.02283182995805 205
1738723973078 161.1379355383511 206
1738723973111 185.11807012009047 207
1738723973145 169.02495535062846 208
1738723973178 189.05575907770094 209
1738723973211 272.0886050454746 210
1738723973245 216.04560678497526 211
1738723973278 235.47806684587516 212
1738723973311 325.81207552168945 213
1738723973344 120.77125296445179 214
1738723973379 197.84283123988612 215
1738723973412 169.3046618323848 216
1738723973446 168.32332715755342 217
1738723973479 194.85710039365262 218
1738723973512 206.81332272490286 219
1738723973545 153.1557193445265 220
1738723973579 192.29988971259016 221
1738723973612 109.70256593567281 222
1738723973645 248.20231646733723 223
1738723973678 117.54566028250412 224
1738723973711 145.29469312629286 225
1738723973745 141.9790010762482 226
1738723973778 187.0656133908194 227
1738723973811 59.49727610811371 228
1738723973844 172.51431382606447 229
1738723973877 200.53652247367236 230
1738723973910 131.89752666032953 231
1738723973943 185.94573129708175 232
1738723973977 139.04727161584717 233
1738723974010 156.65598254700666 234
1738723974043 126.47812218959032 235
1738723974076 109.91883493892686 236
1738723974109 183.47881221331042 237
1738723974143 150.75970246618058 238
1738723974176 277.83346510356256 239
1738723974209 89.81490535768117 240
1738723974242 171.3064819941661 241
1738723974276 114.19239739737772 242
1738723974309 123.71023803320787 243
1738723974342 184.69182818739318 244
1738723974375 115.38311842747419 245
1738723974408 158.00961436063284 246
1738723974441 79.93866988759432 247
1738723974474 159.82710441298866 248
1738723974507 179.5123846851799 249
1738723974540 172.78871691912087 250
1738723974574 189.4061414188379 251
1738723974607 153.98743603477243 252
1738723974640 133.979763286457 253
1738723974673 176.89531384245706 254
1738723974706 160.38907630908568 255
1738723974739 73.78214478596556 256
1738723974773 125.087086983871 257
1738723974806 170.582317796159 258
1738723974839 213.20853709775818 259
1738723974872 84.89050821844558 260
1738723974905 159.76976230910648 261
1738723974938 179.99468251977802 262
1738723974971 189.44934822713387 263
1738723975004 137.41589912318358 264
1738723975037 153.87009120808045 265
1738723975070 116.26587636461431 266
1738723975103 183.17201616240706 267
1738723975136 135.38259338755273 268
1738723975170 62.08759752702079 269
1738723975203 186.6082274869263 270
1738723975236 168.1462464177999 271
1738723975269 151.25303882411282 272
1738723975302 98.53310152064374 273
1738723975335 114.60744020138108 274
1738723975368 397.464642793496 275
1738723975401 341.74484936263315 276
1738723975434 206.06893570915648 277
1738723975467 172.30334614857244 278
1738723975501 56.51393284343106 279
1738723975535 151.05243860264073 280
1738723975570 164.86577143075542 281
1738723975604 138.44207920749625 282
1738723975637 113.52191119994602 283
1738723975671 141.9760372247171 284
1738723975705 105.54504440325142 285
1738723975739 190.65380189340544 286
1738723975773 315.945833754675 287
1738723975808 207.86420607634477 288
1738723975842 134.2494680129756 289
1738723975876 246.9760092707883 290
1738723975910 165.29121195375288 291
1738723975944 212.3601220010826 292
1738723975994 215.66080543759702 293
1738723976034 154.9616646448129 294
1738723976068 131.64159290471838 295
1738723976102 204.26090697685208 296
1738723976136 264.43845377251625 297
1738723976171 161.20229143084242 298
1738723976205 282.22255138768196 299
1738723976239 94.46443949181443 300
1738723976273 125.0389639549193 301
1738723976307 117.52204282425531 302
1738723976340 250.5115545913317 303
1738723976374 195.43413206249252 304
1738723976407 162.74839061034228 305
1738723976440 186.44011832518248 306
1738723976474 173.63016268157682 307
1738723976507 309.31503790107786 308
1738723976541 185.45518123553802 309
1738723976574 114.59848164622066 310
1738723976608 195.0377681285322 311
1738723976641 204.46509213651987 312
1738723976674 86.50290233959377 313
1738723976707 125.83199580643297 314
1738723976741 347.06452786109867 315
1738723976774 167.38135760796843 316
1738723976807 150.6008073533353 317
1738723976841 210.7019062870324 318
1738723976875 207.71029491152143 319
1738723976908 95.11829960049616 320
1738723976941 151.0887028982419 321
1738723976974 140.84412910787088 322
1738723977008 256.11475637329147 323
1738723977041 147.89194715538315 324
1738723977074 113.73333333905866 325
1738723977107 180.04373776625724 326
1738723977140 177.6477082508986 327
1738723977174 189.86737961396526 328
1738723977207 165.06622141043024 329
1738723977241 207.389315982978 330
1738723977275 164.5248258262944 331
1738723977309 156.3296985636535 332
1738723977343 154.41859979780327 333
1738723977376 161.99601477937685 334
1738723977410 177.38332084320902 335
1738723977443 97.3472224652405 336
1738723977477 143.0826455715713 337
1738723977511 158.90510170721507 338
1738723977545 153.56611788443078 339
1738723977579 30.455331380561873 340
1738723977614 302.57687279223563 341
1738723977648 576.1307860728757 342
1738723977682 116.49177365145327 343
1738723977717 114.39463583559454 344
1738723977751 197.18508337170152 345
1738723977785 146.7578506555233 346
1738723977819 123.70079678835945 347
1738723977853 162.65036373044998 348
1738723977886 195.87671921592724 349
1738723977920 146.50961109805792 350
1738723977953 82.59917840551635 351
1738723977986 160.6252260266344 352
1738723978020 222.9925577059306 353
1738723978053 226.65559425940802 354
1738723978086 131.39299460252448 355
1738723978120 335.83207475489513 356
1738723978153 411.37095648974685 357
1738723978186 146.3813786582429 358
1738723978221 156.25680318273302 359
1738723978255 138.8324684910831 360
1738723978289 173.6430835602728 361
1738723978322 287.654317652337 362
1738723978356 311.18762674551044 363
1738723978390 108.08284158092259 364
1738723978424 239.76820120193926 365
1738723978457 125.87411068102996 366
1738723978491 198.62942325916927 367
1738723978525 194.6406595172963 368
1738723978559 280.9080620652303 369
1738723978592 109.42067456409416 370
1738723978626 187.78992487445706 371
1738723978660 199.32905501008725 372
1738723978693 111.365068767502 373
1738723978727 228.97114708729578 374
1738723978760 180.76385415984825 375
1738723978794 88.89749011927506 376
1738723978828 193.95142677374102 377
1738723978861 416.9560626127699 378
1738723978895 135.06647012691556 379
1738723978930 162.59057351453316 380
1738723978965 179.61119434472133 381
1738723979001 199.43679169336195 382
1738723979036 199.15280093096106 383
1738723979070 165.94495841251864 384
1738723979105 141.41804828774974 385
1738723979139 168.45557198683466 386
1738723979173 136.43913448378598 387
1738723979208 159.4779027586257 388
1738723979242 194.5661416474657 389
1738723979277 146.90781703955332 390
1738723979314 123.53369651005137 391
1738723979349 192.03752456971594 392
1738723979384 190.46524342149291 393
1738723979418 168.27003899007767 394
1738723979452 238.4972143101617 395
1738723979486 209.09520289694206 396
1738723979519 316.95340644610513 397
1738723979553 190.15428963447818 398
1738723979587 193.631413402557 399
1738723979621 169.75502655980773 400
1738723979654 151.2323983418027 401
1738723979688 186.60864674495951 402
1738723979721 129.98260926394238 403
1738723979755 159.7783901918973 404
1738723979788 87.2823963110929 405
1738723979821 447.81207462730237 406
1738723979855 139.04181817173736 407
1738723979888 199.44027251035564 408
1738723979921 209.5665194291217 409
1738723979954 137.2427658274823 410
1738723979988 221.22260873526545 411
1738723980021 105.29325352382845 412
1738723980055 171.3621387474034 413
1738723980088 66.66194520978057 414
1738723980121 146.64225077610274 415
1738723980154 229.02198877849818 416
1738723980188 239.11739541866743 417
1738723980221 144.09331728487376 418
1738723980254 140.82981293581489 419
1738723980288 159.87986386582136 420
1738723980321 117.77705874195625 421
1738723980355 130.86530523277483 422
1738723980388 189.7822938058681 423
1738723980421 169.37616285686562 424
1738723980454 281.9810106770498 425
1738723980487 273.3375032497706 426
1738723980521 175.51820195500142 427
1738723980554 123.10253267046429 428
1738723980587 234.27994078388792 429
1738723980620 125.29966361086824 430
1738723980654 111.70509997792 431
1738723980687 144.87453165366074 432
1738723980720 147.31038754868192 433
1738723980753 147.00571929291266 434
1738723980786 95.0264523955356 435
1738723980819 112.19851457543348 436
1738723980852 110.00111759126297 437
1738723980885 43.10849671537743 438
1738723980918 169.44919146962323 439
1738723980951 202.51148824232186 440
1738723980984 138.82662179266705 441
1738723981017 154.74025231511027 442
1738723981050 79.02825386038829 443
1738723981083 279.97754433307585 444
1738723981115 224.9651489066069 445
1738723981148 233.54797268382794 446
1738723981181 88.63763251873661 447
1738723981214 138.27076202745226 448
1738723981247 225.17860351371823 449
1738723981280 178.13234401389968 450
1738723981313 277.22733978532966 451
1738723981345 132.46922142339204 452
1738723981378 177.99998970586984 453
1738723981411 471.70550035447235 454
1738723981444 148.24366163300456 455
1738723981477 174.48019097203627 456
1738723981509 176.6539096254671 457
1738723981542 99.0408209125272 458
1738723981575 124.80707618662309 459
1738723981608 164.97069210643295 460
1738723981641 215.56018610882487 461
1738723981673 152.07606444997788 462
1738723981706 195.2336245805183 463
1738723981739 99.2891189114892 464
1738723981772 198.94052460873615 465
1738723981805 104.37237722565891 466
1738723981838 32.95848764186695 467
1738723981870 141.8610791952412 468
1738723981903 84.28585170092231 469
1738723981936 147.6630397798679 470
1738723981969 168.05038234915745 471
1738723982002 321.19336046490145 472
1738723982035 207.6847237031538 473
1738723982067 108.65620651769122 474
1738723982100 96.45893987345256 475
1738723982133 64.15623208327725 476
1738723982166 302.5388746389609 477
1738723982198 136.8722122815497 478
1738723982231 218.8010550878163 479
1738723982264 185.48433119687041 480
1738723982297 249.7184211051367 481
1738723982330 208.15888871962284 482
1738723982363 115.90811828713174 483
1738723982396 193.96687838680973 484
1738723982429 189.1343677017686 485
1738723982462 193.00074244522014 486
1738723982495 371.61097800825326 487
1738723982527 145.58826115718395 488
1738723982560 179.2010963376847 489
1738723982593 218.15050714347853 490
1738723982626 235.77485864972377 491
1738723982658 158.52058512462483 492
1738723982691 146.03967021984283 493
1738723982724 241.95507970920627 494
1738723982757 123.92669680204618 495
1738723982789 101.22967590306088 496
1738723982822 220.7410268629472 497
1738723982855 272.80087970677044 498
1738723982888 117.02956062557512 499
