1738724044017 153.8001454896158 0
1738724044051 173.57123385612647 1
1738724044084 162.7349033587458 2
1738724044118 151.17553870593773 3
1738724044151 171.67952485452443 4
1738724044185 171.9197202115105 5
1738724044219 141.97717363436297 6
1738724044252 160.6429682701645 7
1738724044285 158.1634784202476 8
1738724044318 158.08064519856964 9
1738724044351 198.9012697623695 10
1738724044384 154.98007403820262 11
1738724044417 165.89458865318463 12
1738724044450 169.75701448590337 13
1738724044482 186.6151294252828 14
1738724044516 197.8041833729188 15
1738724044549 194.31814145646948 16
1738724044582 177.78807459219354 17
1738724044615 189.17660473850432 18
1738724044648 179.6851668278881 19
1738724044680 158.89456424614593 20
1738724044713 152.40291193318495 21
1738724044746 150.97072646801982 22
1738724044779 164.78407433681846 23
1738724044812 156.31704363516786 24
1738724044845 160.77001513696578 25
1738724044878 154.12784099976403 26
1738724044911 163.23784378976794 27
1738724044944 178.24695498793272 28
1738724044976 157.01311117953546 29
1738724045009 140.72623837200558 30
1738724045043 173.0747065285253 31
1738724045075 207.7564552771189 32
1738724045108 169.14244398478107 33
1738724045141 162.51768031447477 34
1738724045174 165.75387669079103 35
1738724045207 178.19402740036554 36
1738724045240 167.11051318189308 37
1738724045273 143.97026693126145 38
1738724045306 169.1264046254749 39
1738724045339 180.5983437240225 40
1738724045372 170.33716583051606 41
1738724045405 226.7205442140911 42
1738724045438 141.47123607118448 43
1738724045471 197.5140533650462 44
1738724045504 185.22492604451557 45
1738724045537 173.28631679040242 46
1738724045570 141.53817253596148 47
1738724045603 139.4030550756965 48
1738724045635 197.9735590816131 49
1738724045668 166.05873768248037 50
1738724045701 157.4676958295957 51
1738724045734 160.62554039999944 52
1738724045767 187.12880609028267 53
1738724045800 143.49279991110038 54
1738724045833 183.46501660597218 55
1738724045866 168.8476376890159 56
1738724045899 155.89769108958498 57
1738724045932 167.41357736921378 58
1738724045965 162.5742278007443 59
1738724045998 174.52669103229175 60
1738724046031 160.70864253806874 61
1738724046063 184.17656773304557 62
1738724046096 177.81740462099717 63
1738724046129 170.53288231384224 64
1738724046161 177.75769160008414 65
1738724046194 181.67650071947804 66
1738724046227 181.19105233378983 67
1738724046260 165.13379682912927 68
1738724046293 173.3157492175852 69
1738724046326 179.13169989477342 70
1738724046358 182.62409957993617 71
1738724046391 166.3289755241443 72
1738724046424 176.96555485842126 73
1738724046457 161.2659366231896 74
1738724046490 169.39331617285566 75
1738724046522 190.11711677452905 76
1738724046555 168.11088698762018 77
1738724046588 159.7717525637532 78
1738724046621 185.33925434803683 79
1738724046653 180.5944149578455 80
1738724046686 182.8405967462626 81
1738724046719 177.41760998609647 82
1738724046751 199.19486533898822 83
1738724046784 157.73084666019213 84
1738724046817 155.13631379092263 85
1738724046850 162.36168295817677 86
1738724046883 175.900059462324 87
1738724046916 172.85342119202033 88
1738724046948 183.10622091888342 89
1738724046981 160.96038675303058 90
1738724047014 162.60074869361125 91
1738724047047 174.84116808126464 92
1738724047080 170.76890078801546 93
1738724047112 182.1060061047287 94
1738724047145 180.12048949727128 95
1738724047178 161.55981181375523 96
1738724047210 172.14302307320924 97
1738724047244 153.00801951156666 98
1738724047278 172.9490610577867 99
1738724047312 158.54832289888967 100
1738724047345 189.59966263243408 101
1738724047378 173.56186742439294 102
1738724047412 176.10305233745655 103
1738724047445 178.13944117219913 104
1738724047478 169.89037368414762 105
1738724047511 175.59117594222647 106
1738724047545 167.47803812837805 107
1738724047578 188.7997623170904 108
1738724047612 161.60110789516335 109
1738724047647 164.2505063491686 110
1738724047681 182.24086244165525 111
1738724047715 176.56086770277696 112
1738724047748 183.13229758632863 113
1738724047782 171.99396865213183 114
1738724047817 162.18751804226326 115
1738724047851 172.04153070231573 116
1738724047884 161.1581053729247 117
1738724047918 160.66890884509604 118
1738724047952 181.4247786160714 119
1738724047986 186.74891378793785 120
1738724048019 179.18635488679894 121
1738724048053 178.93184124536722 122
1738724048086 180.98414562641742 123
1738724048120 158.97788252097158 124
1738724048153 159.07772356216645 125
1738724048187 161.58916785376974 126
1738724048220 167.45716650571262 127
1738724048253 172.1327043138731 128
1738724048287 187.1229570442484 129
1738724048320 171.39044088688843 130
1738724048354 170.11219262079257 131
1738724048387 174.30522868085362 132
1738724048420 163.77429072374272 133
1738724048454 169.73351095191202 134
1738724048487 169.5001094038511 135
1738724048520 157.64801790456886 136
1738724048553 197.94375992829654 137
1738724048586 156.2665209081935 138
1738724048620 176.02132568641517 139
1738724048653 163.9435536189316 140
1738724048686 153.87935261054275 141
1738724048719 177.6597133625256 142
1738724048753 182.33986992156085 143
1738724048786 160.2811582797796 144
1738724048819 178.07226114638462 145
1738724048852 160.82027864258083 146
1738724048885 166.0872798601509 147
1738724048918 181.68998178362682 148
1738724048951 174.55734741580002 149
1738724048985 178.00569706804222 150
1738724049018 175.5075345431628 151
1738724049051 186.58046987963985 152
1738724049084 177.9998444268572 153
1738724049117 157.62998888993954 154
1738724049150 162.9471026956734 155
1738724049184 173.0219589206134 156
1738724049217 167.02050302519356 157
1738724049250 170.3023072269583 158
1738724049283 187.04736459483215 159
1738724049316 169.79415583210914 160
1738724049351 188.36305161817367 161
1738724049385 158.30403576204995 162
1738724049420 179.15791654546237 163
1738724049454 162.80689363978175 164
1738724049488 170.56522996921188 165
1738724049522 172.38782069821633 166
1738724049556 200.74920577465585 167
1738724049590 142.16577829099356 168
1738724049624 171.5081482456227 169
1738724049657 152.275067964663 170
1738724049691 183.08938430724524 171
1738724049725 168.15318045689713 172
1738724049759 181.2831810920096 173
1738724049793 166.33147545040939 174
1738724049827 157.85657104377418 175
1738724049862 174.86330082725985 176
1738724049897 178.53635853840922 177
1738724049931 162.46557441987585 178
1738724049965 148.69489222989915 179
1738724049999 157.3173752347831 180
1738724050033 178.85131260957567 181
1738724050066 180.30742974048272 182
1738724050100 153.54721634546584 183
1738724050134 136.71645802660885 184
1738724050167 172.72758553208894 185
1738724050202 167.14300030442803 186
1738724050236 192.47487648768063 187
1738724050269 178.3621007502441 188
1738724050303 194.52508538731777 189
1738724050337 161.03942724803835 190
1738724050371 172.86217030073564 191
1738724050405 168.44888244659336 192
1738724050439 181.57262005556512 193
1738724050472 143.65190042857762 194
1738724050505 183.25512048712204 195
1738724050539 181.57744940716998 196
1738724050572 174.1211791838882 197
1738724050606 153.97372050168283 198
1738724050639 185.0889784793844 199
1738724050672 211.23462745838728 200
1738724050705 181.12610835033453 201
1738724050739 152.86135197075183 202
1738724050772 176.74420551913272 203
1738724050805 178.17492789054182 204
1738724050839 160.79181801445108 205
1738724050872 183.73857428250415 206
1738724050905 167.5801589943124 207
1738724050939 184.5465773685498 208
1738724050972 158.43124095186363 209
1738724051005 174.82100146931955 210
1738724051038 174.97207647227157 211
1738724051072 159.59281096923118 212
1738724051105 171.8446650021212 213
1738724051139 149.2510234242392 214
1738724051172 187.6481238757695 215
1738724051205 169.09167945579236 216
1738724051239 162.28953782502592 217
1738724051272 157.3877838737097 218
1738724051305 157.34027107272092 219
1738724051339 169.05812593539864 220
1738724051372 172.14691257340502 221
1738724051406 159.40628021197844 222
1738724051439 184.45768330169543 223
1738724051472 161.8727615273159 224
1738724051506 129.30830839418988 225
1738724051539 128.2871902128482 226
1738724051573 161.93765047474807 227
1738724051606 163.99907452532133 228
1738724051639 179.32858494955892 229
1738724051672 177.59391412992744 230
1738724051706 161.82792951200966 231
1738724051739 164.5160605156161 232
1738724051772 171.43284315451587 233
1738724051806 151.3103235677196 234
1738724051839 137.85236060874547 235
1738724051872 170.44325859978395 236
1738724051906 193.64850416187318 237
1738724051939 192.60146345864862 238
1738724051973 175.66348200959487 239
1738724052007 160.25627492327754 240
1738724052041 136.33618441325197 241
1738724052075 171.50537396169523 242
1738724052108 168.1362349452358 243
1738724052142 177.25130773901864 244
1738724052176 212.98536356249124 245
1738724052210 155.22935643919274 246
1738724052244 167.30351174231546 247
1738724052277 157.98229321476018 248
1738724052311 193.63162023106295 249
1738724052345 168.44453725153156 250
1738724052378 143.41959523516795 251
1738724052412 160.08745339538376 252
1738724052446 165.11884502002295 253
1738724052479 182.93887894140386 254
1738724052513 152.90542102445113 255
1738724052546 133.20407888642697 256
1738724052580 181.59866119366282 257
1738724052613 165.630561288651 258
