1738723915027 188.9702956730176 0
1738723915062 152.46551861766108 1
1738723915095 177.89814692394927 2
1738723915129 185.42840578785996 3
1738723915164 209.85757191843607 4
1738723915203 250.8894757387545 5
1738723915237 219.31057676629993 6
1738723915272 193.14981557651114 7
1738723915306 206.7614254057482 8
1738723915340 204.58766190733763 9
1738723915374 163.20319370297494 10
1738723915409 361.82364942330025 11
1738723915444 186.37176386977748 12
1738723915478 131.0968503282611 13
1738723915513 172.52929276772767 14
1738723915548 169.49077874394285 15
1738723915582 171.42650384889268 16
1738723915616 205.62176151229258 17
1738723915649 120.2332606805784 18
1738723915683 182.75603090168644 19
1738723915716 139.9820938563479 20
1738723915750 147.22560208307894 21
1738723915784 164.34991546252476 22
1738723915817 83.78611072762328 23
1738723915851 154.87621867525039 24
1738723915884 136.77579449112963 25
1738723915917 232.13003235362817 26
1738723915950 185.09000164236082 27
1738723915983 106.41001126367269 28
1738723916016 166.62751644500696 29
1738723916049 196.91384536863484 30
1738723916082 102.77803582224224 31
1738723916115 183.1745486444075 32
1738723916148 169.32518648406986 33
1738723916181 105.99517324506918 34
1738723916214 234.22085250052945 35
1738723916247 118.61948195115407 36
1738723916280 235.46260424487772 37
1738723916337 234.62134454390252 38
1738723916371 99.88432447350374 39
1738723916405 192.70642413357274 40
1738723916438 143.22767881680952 41
1738723916471 221.5926881095805 42
1738723916505 162.11461056709064 43
1738723916538 216.9544489252097 44
1738723916571 150.0172376565199 45
1738723916604 134.58751262940237 46
1738723916636 164.77818434929335 47
1738723916669 206.29770836799506 48
1738723916703 114.0714858628513 49
1738723916736 27.167640647095187 50
1738723916769 197.4692760976375 51
1738723916802 159.22897918844876 52
1738723916835 127.41405152896209 53
1738723916868 530.9094723295211 54
1738723916901 144.06510821406067 55
1738723916934 152.13250907540697 56
1738723916967 166.8995589297849 57
1738723917000 107.51583944145442 58
1738723917033 174.4647087482331 59
1738723917066 152.9487075892969 60
1738723917099 235.72348744199982 61
1738723917131 166.84217838999362 62
1738723917164 161.35749224671372 63
1738723917197 146.03479981295698 64
1738723917230 130.36473217814358 65
1738723917263 188.95079347515434 66
1738723917296 180.1224693669305 67
1738723917328 85.49937699686488 68
1738723917361 154.98203812193026 69
1738723917395 214.36239529275252 70
1738723917429 107.56155763940399 71
1738723917463 199.07884151990595 72
1738723917497 135.5778800823007 73
1738723917531 114.01506812980313 74
1738723917565 162.27501642637142 75
1738723917599 235.88035166919914 76
1738723917633 158.44491403426102 77
1738723917666 173.30574080370198 78
1738723917700 134.54419834067943 79
1738723917734 177.67341508002156 80
1738723917768 131.68800169462455 81
1738723917802 165.94926187074537 82
1738723917836 192.23498575356666 83
1738723917870 130.32763350143892 84
1738723917903 190.54666757725911 85
1738723917937 122.0204672832715 86
1738723917970 97.96437251449358 87
1738723918004 137.5296236773623 88
1738723918038 184.18018902207567 89
1738723918071 120.68241008452978 90
1738723918105 538.9300534278785 91
1738723918138 124.05335093837407 92
1738723918172 136.12931091931588 93
1738723918205 268.2770222381661 94
1738723918239 170.36034798716582 95
1738723918272 140.30113904347942 96
1738723918306 102.09441021906815 97
1738723918339 172.5264305989707 98
1738723918373 152.2760797295752 99
1738723918406 141.90089412289535 100
1738723918440 187.86043387739159 101
1738723918473 219.33224037863187 102
1738723918507 163.94178207011123 103
1738723918540 112.00037222387286 104
1738723918573 146.08644258768706 105
1738723918607 99.18768504300903 106
1738723918640 163.49955930852127 107
1738723918674 212.08365886848662 108
1738723918707 152.45591823437093 109
1738723918741 133.48961301255682 110
1738723918774 161.60361478221193 111
1738723918808 204.7322137068626 112
1738723918842 189.15533722010153 113
1738723918876 179.6236236976731 114
1738723918909 111.40322710295378 115
1738723918943 93.27491756661776 116
1738723918976 149.9095256331318 117
1738723919010 217.3356352293163 118
1738723919043 137.1514306529509 119
1738723919077 122.90309836503063 120
1738723919110 239.24657636300526 121
1738723919144 189.92474013152173 122
1738723919177 187.87599583773167 123
1738723919211 51.63080569364611 124
1738723919244 225.28077074025902 125
1738723919278 213.86397393777818 126
1738723919311 185.44492945018555 127
1738723919344 184.62456406118383 128
1738723919378 241.74511025969142 129
1738723919411 160.987839108638 130
1738723919444 178.00111377279967 131
1738723919478 393.5690775656913 132
1738723919511 179.10338194928514 133
1738723919545 155.2702644912267 134
1738723919578 161.68881445158533 135
1738723919611 135.5819067360396 136
1738723919645 144.53092206277822 137
1738723919678 150.72853864230675 138
1738723919711 175.3805087291183 139
1738723919744 136.11758727791516 140
1738723919778 144.3446486463792 141
1738723919811 230.52278838370896 142
1738723919844 218.82281404202138 143
1738723919877 194.70070693874365 144
1738723919911 168.91524387107006 145
1738723919944 124.23830314528878 146
1738723919977 281.33208696719754 147
1738723920010 106.91746050254146 148
1738723920044 103.37005743676417 149
1738723920077 149.01919225335143 150
1738723920110 152.3042251806065 151
1738723920143 153.7640647509196 152
1738723920177 155.31046658609662 153
1738723920210 209.44854852421855 154
1738723920243 146.9876175428641 155
1738723920276 148.3226843412493 156
1738723920310 179.9959619905834 157
1738723920343 166.5530626784474 158
1738723920376 219.8013900076051 159
1738723920409 205.97876035183566 160
1738723920443 98.92344449090399 161
1738723920476 260.9972267623969 162
1738723920509 206.7155218195733 163
1738723920542 303.96378865278814 164
1738723920575 116.20051185899568 165
1738723920609 159.75399283628371 166
1738723920642 248.40367546532866 167
1738723920675 77.39898143853956 168
1738723920708 175.18082540386206 169
1738723920741 152.76321462724363 170
1738723920774 147.38504349341292 171
1738723920807 162.88900840094146 172
1738723920840 115.26952389127362 173
1738723920873 183.30917408877497 174
1738723920907 198.24393706242097 175
1738723920940 207.54012068598 176
1738723920973 274.60676386871313 177
1738723921006 168.74990277501874 178
1738723921039 102.54310628667771 179
1738723921072 215.52017332981282 180
1738723921105 132.83508596071934 181
1738723921138 208.59241088670944 182
1738723921171 96.15281387141678 183
1738723921204 186.8879869959232 184
1738723921237 184.24326937102185 185
1738723921271 172.57485105641885 186
1738723921304 89.50405337552422 187
1738723921337 185.49995794739888 188
1738723921370 72.52587024454105 189
1738723921403 158.59281131245578 190
1738723921436 140.46848349428674 191
1738723921469 119.93402356001937 192
1738723921501 99.82519500588378 193
1738723921534 150.59198477959885 194
1738723921567 490.8506804963601 195
1738723921600 257.0549611799684 196
1738723921633 197.40255839773135 197
1738723921666 186.8093906515367 198
1738723921699 77.43745962700103 199
1738723921732 108.37226032688322 200
1738723921765 248.31103808569367 201
1738723921797 254.04804989017956 202
1738723921830 121.88407719315072 203
1738723921863 93.79269766943048 204
1738723921896 206.6811409208456 205
1738723921929 185.48964504050952 206
1738723921962 244.100821781898 207
1738723921995 176.10693021741125 208
1738723922028 362.11012886110655 209
1738723922061 46.273994001939684 210
1738723922094 183.90614702318243 211
1738723922126 202.85577788658262 212
1738723922159 162.3077491778281 213
1738723922192 113.38288111487014 214
1738723922225 103.74852203705042 215
1738723922258 154.62756360155655 216
1738723922291 207.6149139766629 217
1738723922324 86.88750980654852 218
1738723922356 183.90017032828658 219
1738723922389 175.80307499367572 220
1738723922422 121.85317239577876 221
1738723922455 165.40296940462008 222
1738723922488 155.73123801517508 223
1738723922521 102.81439319086532 224
1738723922554 213.39523552475134 225
1738723922587 204.58686324461922 226
1738723922620 234.35460017331036 227
1738723922653 121.41048650728858 228
1738723922685 134.26123848712317 229
1738723922718 193.55741674018057 230
1738723922751 163.47471699890343 231
1738723922784 179.65523688878318 232
1738723922817 409.42055845042654 233
1738723922850 223.92436345161514 234
1738723922883 119.83301152849813 235
1738723922916 170.10124841304636 236
1738723922949 141.18343720191095 237
1738723922982 237.90321740749016 238
1738723923015 315.04124132187314 239
1738723923048 256.4163704973664 240
1738723923081 149.2683255681023 241
1738723923114 230.14450746133755 242
1738723923147 146.9873688826644 243
1738723923180 187.98099832073297 244
1738723923212 201.2004513094846 245
1738723923245 166.35380032665518 246
1738723923281 116.37931114790541 247
1738723923316 164.47974621342328 248
1738723923350 170.25273642874237 249
1738723923384 157.75208531712073 250
1738723923420 163.90320787235157 251
1738723923458 234.59762408353944 252
1738723923493 148.92714046815823 253
1738723923527 168.02382391873715 254
1738723923561 204.09795851715538 255
1738723923595 192.72365688738918 256
1738723923630 195.7396425724982 257
1738723923664 91.41361721650226 258
1738723923698 217.10255494760483 259
1738723923732 209.32606126355938 260
1738723923766 128.76400096800998 261
1738723923800 180.31544485945162 262
1738723923835 152.2220057162742 263
1738723923869 261.3512842767347 264
1738723923904 134.0394510684575 265
1738723923938 60.77132702983486 266
1738723923973 148.63803149294097 267
1738723924008 235.8559301643163 268
1738723924042 142.07575031957361 269
1738723924077 180.38464114145353 270
1738723924111 184.4465676788178 271
1738723924145 158.27301283069357 272
1738723924180 241.3966776914979 273
1738723924214 87.24012041796894 274
1738723924248 142.84765037882556 275
1738723924282 143.46675149047766 276
1738723924317 187.55760678925768 277
1738723924352 189.8150673284845 278
1738723924387 213.1175932882965 279
1738723924422 116.75042115515868 280
1738723924456 209.00884615327632 281
1738723924492 188.44712566013465 282
1738723924527 225.8266567196035 283
1738723924562 169.91612472448935 284
1738723924596 372.7439953063546 285
1738723924631 254.08993834725507 286
1738723924666 247.24214880684016 287
1738723924701 169.15002136307285 288
1738723924736 179.78576958812442 289
1738723924771 181.89106151477267 290
1738723924805 134.39054878216504 291
1738723924840 97.54108934853717 292
1738723924874 145.03858485554085 293
1738723924908 136.0335642919319 294
1738723924942 201.86544446489103 295
1738723924976 142.06065777061295 296
1738723925011 134.12498242075787 297
1738723925045 209.16381660394276 298
1738723925079 214.99109983834762 299
1738723925114 180.9975076364912 300
1738723925149 244.31521447963286 301
1738723925184 139.96328257419745 302
1738723925218 277.9265592053704 303
1738723925253 175.2673666877982 304
1738723925288 152.15369623755333 305
1738723925322 96.90121478807941 306
1738723925356 163.31818323933598 307
1738723925391 243.70563190786407 308
1738723925426 117.29981032387605 309
1738723925460 209.34517293717383 310
1738723925494 227.72270461565282 311
1738723925529 134.35063956308213 312
1738723925563 257.1947001942035 313
1738723925598 185.50256765350483 314
1738723925632 251.6993223828981 315
1738723925666 406.2111259623067 316
1738723925700 212.27270326852982 317
1738723925735 118.40092404961159 318
1738723925769 189.9476975631842 319
1738723925804 143.16371918532283 320
1738723925839 175.12310555911696 321
1738723925873 149.51479983310819 322
1738723925907 184.39141227156986 323
1738723925942 177.38281289751149 324
1738723925976 161.9024356329608 325
1738723926011 185.17638752170416 326
1738723926046 131.46423835185902 327
1738723926080 155.19242891331137 328
1738723926115 143.33699804679134 329
1738723926149 218.65352719090302 330
1738723926183 62.88024736234445 331
1738723926217 92.1055867419827 332
1738723926251 175.637671032741 333
1738723926286 165.1031902246219 334
1738723926320 219.80119757960597 335
1738723926355 190.54908400680387 336
1738723926389 212.68666274467174 337
1738723926423 196.31263078563984 338
1738723926457 105.6499335183261 339
1738723926493 136.91302931268575 340
1738723926527 175.22755699132958 341
1738723926562 144.2686265129447 342
1738723926596 134.12467758520145 343
1738723926631 159.72983215839588 344
1738723926666 217.4310380056089 345
1738723926701 317.5810127639258 346
1738723926736 175.41714554066962 347
1738723926771 131.18680459539996 348
1738723926806 191.91209104978336 349
1738723926841 205.24226144700236 350
1738723926875 104.5743639045193 351
1738723926909 99.34809478080427 352
1738723926944 216.7706693548657 353
1738723926979 154.3706506307312 354
1738723927013 202.37770748895306 355
1738723927048 175.1952354265187 356
1738723927083 286.28726639581816 357
1738723927117 161.7462058642794 358
1738723927151 136.26596778555782 359
1738723927185 614.8330872439258 360
1738723927220 278.4761956366443 361
1738723927256 54.98018049603988 362
1738723927291 105.60682183675367 363
1738723927325 257.60976939627136 364
1738723927361 197.2968569568543 365
1738723927396 90.77028893221888 366
1738723927430 216.41015318791494 367
1738723927465 249.62718754832176 368
1738723927500 186.1385429672269 369
1738723927534 205.1098226280449 370
1738723927568 216.47039765479346 371
1738723927602 141.53524720040835 372
1738723927637 204.3756773477228 373
1738723927672 206.3341049500734 374
1738723927706 180.6423129225783 375
1738723927741 168.40341483380112 376
1738723927775 130.86162481136017 377
1738723927809 181.64127324102208 378
1738723927843 104.64378793690268 379
1738723927877 193.8587145681166 380
1738723927911 139.74419419124493 381
1738723927946 130.20633700395868 382
1738723927980 181.7884292660395 383
1738723928014 161.4521284563382 384
1738723928049 192.44853497322285 385
1738723928082 233.65463857377878 386
1738723928116 121.78648407306618 387
1738723928150 334.0999424942068 388
1738723928184 169.06717507020682 389
1738723928217 73.30658204077312 390
1738723928251 144.99137729666043 391
1738723928285 221.90107021271044 392
1738723928319 123.23881894649399 393
1738723928354 204.64546657530383 394
1738723928389 201.4954001191682 395
1738723928423 72.56922096026567 396
1738723928457 171.4282342701646 397
1738723928491 169.1077989406844 398
1738723928526 207.94241977755647 399
1738723928561 198.68301262993498 400
1738723928595 104.5448382800151 401
1738723928630 209.3039156081486 402
1738723928665 151.1688705290551 403
1738723928700 198.858399062067 404
1738723928737 204.86576883088546 405
1738723928773 123.3467800088743 406
1738723928811 166.7642738918907 407
1738723928845 177.35702618423372 408
1738723928880 144.34569743087744 409
1738723928915 182.67658675522262 410
1738723928949 134.71510465001245 411
1738723928984 150.41918981715017 412
1738723929018 169.60755710093804 413
1738723929051 137.14661041332286 414
1738723929086 178.4683364245108 415
1738723929121 94.41629826755253 416
1738723929156 144.32233970523365 417
1738723929191 78.37937299486259 418
1738723929225 147.5530724390585 419
1738723929259 87.56539169630128 420
1738723929294 201.47902372836396 421
1738723929329 152.779077632048 422
1738723929363 144.11069016001048 423
1738723929398 74.42005850007816 424
1738723929433 187.45727261579438 425
1738723929467 216.28221938811294 426
1738723929502 220.61274483090907 427
1738723929536 138.3317594413758 428
1738723929570 206.38114916312816 429
1738723929604 152.27879570014284 430
1738723929637 118.88645514591136 431
1738723929671 167.80871229938967 432
1738723929705 163.21695116402975 433
1738723929739 154.5068227499722 434
1738723929773 173.7156983540684 435
1738723929808 201.3652308303601 436
1738723929842 294.1389984446482 437
1738723929877 253.06262412638236 438
1738723929911 278.95748809197175 439
1738723929946 120.09671673583769 440
1738723929981 133.1937878274278 441
1738723930015 95.61990676136733 442
1738723930048 137.78407148866287 443
1738723930082 142.20878104499567 444
1738723930116 155.16614579565234 445
1738723930149 196.0509762073906 446
1738723930183 191.72249107985414 447
1738723930216 193.69798024776432 448
1738723930250 188.91022686416272 449
1738723930284 114.80430516678268 450
1738723930319 151.1510743212141 451
1738723930353 311.79939121723567 452
1738723930388 188.99104768446136 453
1738723930423 257.9687298925802 454
1738723930458 108.79032757063801 455
1738723930493 220.56310786934412 456
1738723930527 336.6676864033721 457
1738723930560 152.01011917035237 458
1738723930594 212.79733830934194 459
1738723930628 200.831209767603 460
1738723930662 153.93212783220156 461
1738723930695 143.29127981274956 462
1738723930729 219.2991812444537 463
1738723930762 110.23932728725431 464
1738723930796 216.04343367056623 465
1738723930829 230.96274929296413 466
1738723930863 122.78723579069138 467
1738723930896 174.5405601543936 468
1738723930930 174.33817270457703 469
1738723930963 187.71971470555243 470
1738723930997 175.51435331217107 471
1738723931032 182.675310586763 472
1738723931066 100.17628340524325 473
1738723931100 222.76130939814774 474
1738723931135 122.85205850465816 475
1738723931170 151.30652320869257 476
1738723931204 148.57337907083547 477
1738723931238 177.32972912691974 478
1738723931272 95.85569384484515 479
1738723931308 268.73708759905116 480
1738723931343 153.6418457901198 481
1738723931377 204.46145662604792 482
1738723931411 122.38337394220359 483
1738723931446 212.42919809096378 484
1738723931480 170.06162099509382 485
1738723931515 241.00378432779246 486
1738723931550 221.7388206777506 487
1738723931585 151.04323026067803 488
1738723931619 168.21262876378597 489
1738723931654 243.3167633909506 490
1738723931688 196.70988252110496 491
1738723931723 187.13963711587684 492
1738723931757 150.3513906791716 493
1738723931792 137.9695238269807 494
1738723931826 150.20956795859624 495
1738723931860 257.224809316973 496
1738723931895 167.9263997888858 497
1738723931929 171.14028180058054 498
1738723931964 203.09931958316784 499
