1738722974783 172.9761075197387 0
1738722974818 166.84668971890216 1
1738722974853 168.07997372816268 2
1738722974889 165.58212937592285 3
1738722974924 169.59011020492434 4
1738722974959 157.96830107528535 5
1738722974995 164.98230840546182 6
1738722975030 171.7629114643665 7
1738722975066 168.92384223183902 8
1738722975101 191.68492689022776 9
1738722975137 160.10789602428497 10
1738722975172 163.82852380398162 11
1738722975208 169.8651421203814 12
1738722975243 170.02094428739818 13
1738722975278 173.49456002934397 14
1738722975313 175.44841088231422 15
1738722975349 175.39039124003008 16
1738722975385 174.79206336488107 17
1738722975420 152.9283503997386 18
1738722975455 168.61074835861393 19
1738722975494 174.9432082004083 20
1738722975532 161.12387571601673 21
1738722975571 159.10634150484512 22
1738722975608 169.6233259324882 23
1738722975644 169.23972798174592 24
