1738724434226 172.77548549059523 0
1738724434229 167.72077144663885 1
1738724434232 167.92401632893535 2
1738724434235 167.88627981140638 3
1738724434238 169.74368638326098 4
1738724434241 167.9600242239842 5
1738724434244 168.18692044509154 6
1738724434247 167.5297278917383 7
1738724434250 169.1716091870649 8
1738724434253 171.9233229409352 9
1738724434256 167.74769655308927 10
1738724434259 168.14265527437124 11
1738724434262 166.93223706998762 12
1738724434265 169.18421984966466 13
1738724434268 166.79537255266948 14
1738724434271 170.43699685944222 15
1738724434274 167.52900364284764 16
1738724434278 170.25644113554222 17
