1738726594395 170.0364054871921 0
1738726594398 170.0304550577759 1
1738726594401 170.024530887774 2
1738726594405 170.01863285744693 3
1738726594408 170.01276084760656 4
1738726594411 170.00691473961336 5
1738726594414 170.0010944153741 6
1738726594417 169.99529975733913 7
1738726594420 169.98953064849997 8
1738726594423 169.98378697238678 9
1738726594426 169.97806861306591 10
1738726594429 169.97237545513744 11
1738726594433 169.96670738373257 12
1738726594436 169.96106428451142 13
1738726594439 169.95544604366034 14
1738726594442 169.94985254788963 15
1738726594445 169.9442836844311 16
1738726594449 169.93873934103556 17
1738726594452 169.93321940597065 18
1738726594455 169.92772376801818 19
1738726594459 169.9222523164719 20
1738726594462 169.91680494113533 21
1738726594466 169.91138153231893 22
1738726594470 169.90598198083822 23
1738726594475 169.90060617801115 24
1738726594479 169.895254015656 25
1738726594482 169.88992538608898 26
1738726594485 169.88462018212178 27
1738726594488 169.87933829705952 28
1738726594491 169.87407962469845 29
