1738724506218 183.75397403072384 0
1738724506251 165.65172436105686 1
1738724506284 162.82320915564705 2
1738724506317 161.93896491893565 3
1738724506349 184.83412256472934 4
1738724506382 171.04252462475876 5
1738724506415 167.49885583534729 6
1738724506448 167.8538716702993 7
1738724506480 194.18291819219718 8
1738724506513 194.546929330299 9
1738724506547 172.94963112532872 10
1738724506580 161.00976548634793 11
1738724506614 194.84379063691497 12
1738724506647 138.96631594579932 13
1738724506680 178.08275365979938 14
1738724506712 185.2694441776483 15
1738724506745 164.4964928537041 16
1738724506777 180.64448349391193 17
1738724506810 209.0220453765891 18
1738724506842 174.52283273016556 19
1738724506874 167.03153800111494 20
1738724506906 171.94265140930105 21
1738724506939 171.27061723642035 22
1738724506984 133.66150137033574 23
1738724507026 165.16902576034633 24
1738724507059 162.9845051880453 25
1738724507091 180.70892015129945 26
