1738724125004 164.7469305781478 0
1738724125042 168.474040935383 1
1738724125079 180.95245309413903 2
1738724125116 159.66844522324854 3
1738724125153 166.4297696249659 4
1738724125191 177.12256940254068 5
1738724125228 176.1280973572591 6
1738724125264 168.98241433414455 7
1738724125301 157.18936393406236 8
1738724125338 160.25501167648758 9
1738724125375 183.322886456227 10
1738724125412 176.034776834387 11
1738724125449 173.49147530594917 12
1738724125485 188.7107376858232 13
1738724125522 158.35535396082406 14
1738724125559 152.11257121227445 15
1738724125595 177.89251093495128 16
