1738721997124 167.25279271394115 0
1738721997127 168.45863621627035 1
1738721997128 168.50150577317268 2
1738721997130 168.9486147860014 3
1738721997132 168.70281989499335 4
1738721997134 169.19108030146077 5
1738721997136 167.87770310839576 6
1738721997138 167.55792778371676 7
1738721997140 166.64424707506583 8
1738721997142 168.86863319302512 9
1738721997143 168.45920596219725 10
1738721997145 170.47112449835782 11
1738721997147 168.3837192144256 12
1738721997150 168.44207231621192 13
1738721997151 169.59478582115196 14
1738721997153 166.94446341587314 15
1738721997155 168.23501400858495 16
1738721997156 168.61720212575395 17
1738721997159 167.72833297950064 18
1738721997160 167.98004641249983 19
1738721997162 167.828885758363 20
1738721997164 167.48037923080219 21
1738721997166 169.55532698542052 22
1738721997168 170.58735023550867 23
1738721997170 168.76312598509475 24
1738721997171 168.89671862440184 25
1738721997173 167.21012491429283 26
1738721997175 168.54527938786433 27
1738721997176 169.14567308690204 28
1738721997178 169.65082118191444 29
1738721997180 167.14203010218262 30
1738721997181 169.42212262107964 31
1738721997183 167.61075327893658 32
1738721997185 168.6066204104286 33
1738721997186 168.46207811040517 34
1738721997188 167.68193185154664 35
1738721997190 167.37153859882875 36
1738721997191 167.20279181236194 37
1738721997193 169.65889322446142 38
1738721997194 169.62360396547137 39
1738721997196 170.84254331240032 40
1738721997198 170.66937546837556 41
1738721997199 167.9663808114716 42
1738721997201 168.24673612479435 43
