1738724145657 170.01365835598955 0
1738724145660 168.8522178136398 1
1738724145663 170.11824416662242 2
1738724145666 168.87414780999808 3
1738724145668 166.88882937452598 4
1738724145671 168.40095161873623 5
1738724145674 168.76916840630125 6
1738724145677 168.60679998565985 7
1738724145680 169.82423165255616 8
1738724145683 168.17956553634323 9
1738724145685 167.32987154261502 10
1738724145688 170.32505959780246 11
1738724145691 169.60891896329576 12
1738724145694 170.13472113527928 13
1738724145697 169.2786911424361 14
1738724145699 168.67558788159124 15
1738724145702 168.27244098493523 16
1738724145705 169.72377879380318 17
1738724145708 167.1577764605175 18
1738724145711 168.26872333912675 19
1738724145713 167.59051274465102 20
1738724145716 169.6912947092944 21
1738724145719 166.78455593601362 22
1738724145722 169.86986800090733 23
1738724145726 167.18960632611524 24
1738724145729 168.41097294367233 25
1738724145732 165.5264790141328 26
1738724145735 166.9791758753985 27
1738724145737 168.55695339600126 28
1738724145740 168.92568471777454 29
