1738722414825 143.37410765373102 0
1738722414859 155.04158177041447 1
1738722414895 183.13676511047973 2
1738722414930 177.9667091923655 3
1738722414964 165.85565441185793 4
1738722414997 92.93812326580293 5
1738722415031 166.8027561535325 6
1738722415066 184.75994240746274 7
1738722415100 182.294341847243 8
1738722415134 192.80579351232413 9
1738722415168 165.19412008120182 10
1738722415203 149.06826930535934 11
1738722415237 187.5980799726522 12
1738722415272 172.18360879875246 13
1738722415306 161.7548552270457 14
1738722415340 169.65105406621305 15
1738722415373 158.9188483194099 16
1738722415406 168.29620767239743 17
1738722415439 171.67102335306515 18
1738722415473 184.24127294379574 19
1738722415507 164.98989796157508 20
1738722415541 176.8044747270557 21
1738722415575 165.52546855838 22
1738722415608 169.878782134855 23
1738722415642 141.10577778852235 24
1738722415675 141.94664383762938 25
1738722415708 172.90368436515126 26
1738722415741 157.92361832557333 27
1738722415774 178.22450146391142 28
1738722415807 164.74930209244343 29
1738722415840 168.1939229217016 30
1738722415873 195.72993045106392 31
1738722415906 203.50832851741117 32
1738722415939 181.07795652326348 33
1738722415972 176.02035028685302 34
1738722416006 142.9356035248762 35
1738722416040 158.03114134820072 36
1738722416074 181.41684411869795 37
1738722416109 166.7750901860941 38
1738722416143 147.5854001750124 39
1738722416177 153.94481976756538 40
1738722416211 168.96511600186764 41
1738722416246 161.54057743727614 42
1738722416280 178.64098844003072 43
1738722416315 162.61040831545978 44
1738722416349 167.8295706690079 45
1738722416383 177.21915568725416 46
1738722416417 155.54646078603272 47
1738722416453 179.57852800227246 48
1738722416487 159.5770261727046 49
1738722416521 171.7887674261088 50
1738722416556 180.83457387016594 51
1738722416590 182.69077798152438 52
1738722416625 156.91401491517826 53
1738722416659 177.47427528688664 54
1738722416693 170.85941281283823 55
1738722416728 185.6801182006451 56
1738722416762 154.6890114571823 57
1738722416796 165.07413164179144 58
1738722416831 175.42573876589398 59
1738722416865 174.94379127182492 60
1738722416899 180.2803843456133 61
1738722416933 182.57228470491663 62
1738722416968 181.9500326318447 63
