1738726146199 168.11064437577977 0
1738726146203 168.27810406130604 1
1738726146207 170.10580681238793 2
1738726146211 169.51997352199064 3
1738726146215 170.23452592245823 4
1738726146219 169.53520249845712 5
1738726146223 166.6102885164654 6
1738726146227 168.6657981379406 7
1738726146231 169.65162692044453 8
1738726146235 167.97850070783176 9
1738726146238 168.07732252629785 10
1738726146242 170.16602440976646 11
1738726146246 167.95761251275425 12
1738726146250 165.87738917611347 13
1738726146253 166.64655354908115 14
1738726146257 169.53792637572937 15
1738726146261 170.33384821932117 16
1738726146265 168.54781564199433 17
1738726146268 169.12462723289948 18
1738726146272 168.65181045457774 19
1738726146276 166.85606158465527 20
1738726146279 171.54557059989182 21
1738726146283 170.35441721727508 22
1738726146287 166.70079663645853 23
1738726146291 167.5089228770296 24
1738726146295 168.17140610099526 25
1738726146298 169.31718252135923 26
1738726146302 169.4200971560385 27
1738726146306 167.46147983458016 28
1738726146309 168.84143452220027 29
1738726146313 169.1499816739024 30
1738726146316 170.114269015678 31
1738726146320 171.6303901129438 32
1738726146324 169.1683550873778 33
1738726146327 170.98083065168294 34
1738726146331 170.37593717299274 35
1738726146338 168.00322873353485 36
1738726146355 168.90603080500293 37
1738726146363 169.01133337503728 38
1738726146370 169.10648330321982 39
1738726146375 167.03252122253565 40
1738726146378 167.57798116805296 41
1738726146382 166.4203825170888 42
1738726146386 168.56059777242749 43
1738726146389 167.43334617793863 44
1738726146393 169.28756890394104 45
1738726146396 169.97104562956278 46
1738726146400 165.90559910251548 47
1738726146403 167.15993363018 48
1738726146407 164.93529898038105 49
1738726146410 167.4265745154965 50
1738726146414 170.7078065519613 51
1738726146418 170.3833544255727 52
1738726146421 167.7900094025026 53
1738726146425 168.6583813124016 54
1738726146428 168.42562210724265 55
1738726146432 169.9588317278571 56
1738726146435 168.36854545628506 57
1738726146439 167.64191735927844 58
1738726146443 170.11675770988626 59
1738726146446 169.10027426261342 60
1738726146450 168.80566833887423 61
1738726146453 170.61085640191865 62
1738726146457 169.56581331180828 63
1738726146460 170.54149190774143 64
1738726146464 168.63298491881622 65
1738726146467 168.7669679632777 66
1738726146471 171.22343459166848 67
1738726146475 169.4435940575755 68
1738726146478 168.01197758822045 69
1738726146482 166.548731179526 70
1738726146485 165.96436835148938 71
1738726146489 170.42607160366921 72
1738726146492 168.90966560441242 73
1738726146496 166.87032838608806 74
1738726146499 168.38351410661272 75
1738726146503 169.70360724486284 76
1738726146506 167.2781940014514 77
1738726146510 168.53251695404197 78
1738726146513 169.852426549304 79
1738726146517 167.75659741135803 80
1738726146521 169.034940128942 81
1738726146524 166.3749018960137 82
1738726146528 169.12054722920917 83
