1738724553273 169.23879201992352 0
1738724553275 169.2422069758076 1
1738724553278 169.2401059160139 2
1738724553281 169.2381270091409 3
1738724553284 169.23615445481795 4
1738724553286 169.234190562754 5
1738724553289 169.23223524671553 6
1738724553291 169.2302884694742 7
1738724553294 169.22835019297247 8
1738724553297 169.22642037934395 9
1738724553300 169.22449899089148 10
1738724553302 169.22258599008688 11
1738724553305 169.22068133957023 12
1738724553307 169.21878500214908 13
1738724553310 169.21689694079754 14
1738724553313 169.21501711865585 15
1738724553315 169.2131454990293 16
1738724553318 169.2112820453878 17
1738724553320 169.20942672136488 18
1738724553323 169.20757949075707 19
1738724553326 169.2057403175232 20
1738724553328 169.20390916578359 21
1738724553331 169.20208599981936 22
1738724553334 169.20027078407176 23
1738724553336 169.19846348314132 24
1738724553339 169.19666406178726 25
1738724553341 169.19487248492678 26
1738724553344 169.19308871763423 27
1738724553346 169.19131272514048 28
1738724553349 169.1895444728322 29
1738724553351 169.18778392625129 30
1738724553354 169.18603105109392 31
1738724553357 169.18428581321004 32
1738724553359 169.18254817860264 33
1738724553362 169.18081811342705 34
1738724553364 169.17909558399018 35
1738724553367 169.1773805567501 36
1738724553369 169.175672998315 37
1738724553372 169.17397287544276 38
1738724553374 169.1722801550402 39
1738724553376 169.1705948041625 40
1738724553379 169.16891679001228 41
1738724553381 169.1672460799393 42
1738724553384 169.16558264143953 43
1738724553386 169.16392644215455 44
1738724553389 169.16227744987094 45
1738724553391 169.16063563251964 46
1738724553394 169.15900095817528 47
1738724553396 169.1573733950554 48
1738724553399 169.15575291152012 49
1738724553401 169.1541394760712 50
1738724553404 169.15253305735146 51
1738724553406 169.1509336241444 52
1738724553408 169.14934114537314 53
1738724553411 169.14775559010016 54
1738724553413 169.14617692752654 55
1738724553416 169.1446051269913 56
1738724553418 169.1430401579708 57
1738724553421 169.14148199007815 58
1738724553423 169.1399305930626 59
1738724553426 169.13838593680887 60
1738724553429 169.13684799133668 61
1738724553431 169.1353167267999 62
1738724553434 169.13379211348627 63
1738724553437 169.13227412181647 64
1738724553439 169.13076272234366 65
1738724553442 169.12925788575308 66
1738724553444 169.12775958286122 67
1738724553447 169.12626778461507 68
1738724553449 169.12478246209204 69
1738724553452 169.1233035864989 70
1738724553455 169.1218311291715 71
1738724553457 169.120365061574 72
1738724553460 169.1189053552984 73
1738724553462 169.11745198206393 74
1738724553464 169.1160049137164 75
1738724553467 169.1145641222279 76
1738724553469 169.11312957969594 77
1738724553472 169.11170125834292 78
1738724553474 169.1102791305157 79
1738724553477 169.10886316868508 80
1738724553479 169.10745334544498 81
1738724553482 169.10604963351219 82
1738724553484 169.1046520057256 83
1738724553487 169.10326043504577 84
1738724553489 169.10187489455436 85
1738724553491 169.1004953574535 86
1738724553494 169.0991217970654 87
1738724553496 169.0977541868317 88
1738724553499 169.09639250031302 89
1738724553501 169.09503671118821 90
1738724553504 169.09368679325414 91
1738724553506 169.092342720425 92
1738724553509 169.09100446673173 93
1738724553511 169.08967200632148 94
1738724553514 169.08834531345738 95
1738724553516 169.08702436251752 96
1738724553519 169.08570912799496 97
1738724553521 169.08439958449677 98
1738724553524 169.08309570674382 99
1738724553526 169.08179746957012 100
1738724553529 169.08050484792236 101
1738724553531 169.07921781685945 102
1738724553534 169.07793635155184 103
1738724553536 169.0766604272813 104
1738724553539 169.07539001944008 105
1738724553541 169.0741251035307 106
1738724553544 169.07286565516534 107
1738724553547 169.07161165006545 108
1738724553551 169.07036306406098 109
1738724553556 169.06911987309022 110
1738724553559 169.06788205319904 111
1738724553561 169.06664958054074 112
1738724553564 169.06542243137514 113
1738724553567 169.06420058206857 114
1738724553570 169.0629840090929 115
1738724553574 169.06177268902547 116
1738724553576 169.06056659854846 117
1738724553583 169.0593657144484 118
1738724553588 169.05817001361567 119
1738724553591 169.05697947304418 120
1738724553593 169.05579406983074 121
1738724553596 169.0546137811747 122
1738724553599 169.05343858437752 123
1738724553601 169.05226845684206 124
1738724553604 169.05110337607258 125
1738724553606 169.0499433196738 126
1738724553609 169.04878826535074 127
1738724553612 169.04763819090832 128
1738724553614 169.04649307425055 129
1738724553617 169.04535289338057 130
1738724553619 169.04421762639979 131
1738724553622 169.04308725150773 132
