1738722858592 183.17330129930167 0
1738722858628 149.44348126808242 1
1738722858663 150.7885473143856 2
1738722858698 168.99800091069724 3
1738722858733 172.66439449401346 4
1738722858769 169.18267857665734 5
1738722858803 176.00109941451507 6
1738722858838 166.6070524666853 7
1738722858873 175.63873891418177 8
1738722858907 145.55510696895143 9
1738722858942 170.21167657815823 10
1738722858976 172.565237295715 11
1738722859011 172.1839286350551 12
1738722859045 163.33782311341108 13
1738722859080 177.98305594733478 14
1738722859114 166.2552892628886 15
1738722859149 173.12255957392495 16
1738722859183 165.09625049018 17
1738722859217 172.98529356109492 18
1738722859252 179.09191350205163 19
1738722859286 170.70100031263073 20
1738722859321 168.56952688395583 21
1738722859355 166.08045476232337 22
1738722859389 168.20242590908575 23
1738722859423 160.21600209474977 24
1738722859458 176.84992081995406 25
1738722859492 162.76524388144844 26
1738722859527 185.94404182143606 27
1738722859561 162.63340293496964 28
1738722859596 158.00648856240983 29
1738722859630 153.92999957906275 30
1738722859665 178.15069639660152 31
1738722859699 171.10207991387264 32
1738722859733 166.7873841468889 33
1738722859768 170.06162603445765 34
1738722859802 171.27257870487628 35
1738722859837 166.91132972416855 36
1738722859872 166.4509012597842 37
1738722859906 188.78517100694592 38
1738722859940 167.89355916428264 39
1738722859975 179.732245916202 40
1738722860014 178.31002797721118 41
1738722860048 167.61329318474282 42
1738722860082 176.25721118484 43
1738722860117 174.74297158244303 44
1738722860151 154.68373458719537 45
1738722860185 173.4201343431633 46
1738722860219 170.06620949207326 47
1738722860254 185.15380907332283 48
1738722860288 167.0881278264569 49
1738722860322 179.05711611896845 50
1738722860357 162.94132523579717 51
1738722860391 163.90292971365628 52
1738722860425 165.209458289148 53
1738722860459 179.16600764863537 54
1738722860493 170.88270335832954 55
1738722860527 177.65664361818483 56
1738722860561 180.2183183043746 57
1738722860595 169.90503676707237 58
1738722860630 174.21348454129478 59
1738722860664 174.05361796407237 60
1738722860698 173.50405139003522 61
1738722860732 178.78425073516337 62
1738722860766 179.27491846380352 63
1738722860800 163.48383461971966 64
1738722860835 155.83296953028812 65
1738722860868 169.77532749344772 66
1738722860903 166.54032858952365 67
1738722860937 169.1167880991811 68
1738722860971 170.67413131193615 69
1738722861005 172.41081933160504 70
1738722861039 174.6306695604111 71
1738722861073 157.71939487904731 72
1738722861107 139.95362522351746 73
1738722861141 174.00869911312603 74
1738722861175 169.5412575184197 75
1738722861209 172.83828435405013 76
1738722861243 159.5203527438836 77
1738722861277 166.00541324853998 78
1738722861311 167.29234055274063 79
1738722861345 166.2412376963456 80
1738722861379 175.4229916848634 81
1738722861413 160.84979711528788 82
1738722861448 176.88278050974927 83
1738722861481 168.48341270081966 84
1738722861515 151.67105106929657 85
1738722861549 170.42407930064093 86
1738722861583 169.92572729931726 87
1738722861617 174.506595272409 88
1738722861651 148.15173565905965 89
1738722861685 179.81363603289986 90
1738722861719 161.3049846396078 91
1738722861753 179.57715738231406 92
1738722861787 163.60539352448464 93
1738722861821 181.1499538009478 94
1738722861856 171.65510352155766 95
1738722861890 166.1802051621516 96
1738722861924 155.61231891853484 97
1738722861958 172.82182202297034 98
1738722861992 161.0612135849586 99
1738722862026 179.47546189180926 100
1738722862060 152.15763813215784 101
1738722862094 175.90176723541717 102
1738722862128 169.90627786754692 103
1738722862162 158.93997602346803 104
1738722862197 151.58303355175013 105
1738722862231 169.37639181106337 106
1738722862265 166.31325900490359 107
1738722862315 177.48986952326135 108
1738722862353 153.92481752700658 109
1738722862391 146.3990328759001 110
1738722862427 168.68230696600637 111
1738722862462 179.96206442319428 112
1738722862498 176.7048563949995 113
1738722862533 183.85897161700385 114
1738722862568 167.77173283610452 115
1738722862603 172.8614487210214 116
1738722862638 174.72803195808777 117
1738722862672 164.42667357570122 118
1738722862707 176.90769279332156 119
1738722862742 169.26623711272887 120
1738722862776 173.50721058457694 121
1738722862811 162.69317925178325 122
1738722862845 160.64892541888298 123
1738722862880 172.5335358775168 124
