1738724454812 171.51532424822912 0
1738724454845 162.5549975905751 1
1738724454877 188.18900210629658 2
1738724454909 181.44469446539014 3
1738724454941 163.94772570063856 4
1738724454974 182.2969042867575 5
1738724455007 168.63903940413257 6
1738724455039 184.17750201411488 7
1738724455071 144.23457853705239 8
1738724455103 171.41653631969587 9
1738724455135 141.14044565352825 10
1738724455167 170.6220684143417 11
1738724455200 178.31512019876627 12
1738724455232 180.83913933458564 13
1738724455264 166.8349014386393 14
1738724455296 187.72325548840251 15
1738724455328 174.29431404292646 16
1738724455361 180.1241700709288 17
1738724455393 172.83169401822536 18
1738724455425 201.72310641232303 19
1738724455457 173.83775312036673 20
1738724455488 171.98912094011376 21
1738724455520 180.28135151759412 22
1738724455552 158.86400870048277 23
1738724455584 173.57150543372947 24
1738724455615 176.2164126244676 25
1738724455647 161.673283193241 26
1738724455679 168.29894261369765 27
1738724455711 173.2356541781934 28
1738724455743 175.96835676667553 29
1738724455774 172.3435852781439 30
1738724455806 168.45174894162702 31
1738724455838 168.28179461804024 32
1738724455869 183.2915483451697 33
1738724455901 172.40606540683135 34
1738724455932 170.88288638256358 35
1738724455964 183.00443434654105 36
1738724455996 182.14651042798582 37
1738724456027 189.98840922724514 38
1738724456059 151.9274072302598 39
1738724456091 163.97506755921975 40
1738724456122 187.3286910442124 41
1738724456154 165.20868312334662 42
1738724456186 176.78583547848487 43
1738724456218 169.207951181977 44
1738724456252 133.3737975250432 45
1738724456285 164.8477658976491 46
1738724456317 155.75086194319098 47
1738724456350 163.6654881437514 48
1738724456382 143.64426759936924 49
1738724456414 157.80374499728237 50
1738724456446 165.7658913931896 51
1738724456478 160.7822268341706 52
1738724456510 168.34951730352287 53
1738724456542 163.7321515784095 54
1738724456574 188.40455818258542 55
1738724456606 132.09831364455266 56
1738724456638 204.1840623263527 57
1738724456669 181.43681073153135 58
1738724456701 200.30007874022226 59
1738724456733 171.0427340481211 60
1738724456765 186.80374144848622 61
1738724456798 175.20795609028377 62
1738724456831 182.82006015619436 63
1738724456865 191.00311151544605 64
1738724456899 149.64136072826 65
1738724456932 168.84791890437384 66
1738724456966 167.18428624368025 67
1738724457000 171.78635376188694 68
1738724457033 169.13468441338046 69
1738724457066 169.929115893651 70
1738724457099 176.19152167704212 71
1738724457131 180.5011798675255 72
1738724457165 186.97494619042752 73
1738724457198 173.23736726829483 74
1738724457232 162.61861152029016 75
1738724457265 162.83465802178702 76
1738724457298 166.38951273989773 77
1738724457331 163.63398205727395 78
1738724457364 181.3094137758473 79
1738724457397 179.16743832010843 80
1738724457429 197.66100625492558 81
1738724457462 199.27712844196208 82
1738724457495 156.1535400422859 83
1738724457528 179.8889012236574 84
1738724457561 176.73506520479134 85
1738724457593 184.70192841828734 86
1738724457626 200.74782847507242 87
1738724457659 140.25553219781418 88
1738724457692 187.23524295768763 89
1738724457725 166.4176593400719 90
1738724457758 156.39603369843013 91
1738724457791 193.73890096609068 92
1738724457825 167.97066234521296 93
1738724457857 151.35084168038955 94
1738724457890 178.00403562470524 95
1738724457923 183.56769118549764 96
1738724457956 173.64568385671282 97
1738724457988 128.71712777583977 98
1738724458021 152.1990425316642 99
1738724458054 168.34632167747085 100
1738724458086 178.11965591731376 101
1738724458118 170.30705093031668 102
1738724458151 160.05018318897243 103
1738724458183 170.72398911758398 104
1738724458216 195.98025156280553 105
1738724458248 187.03603446060686 106
1738724458280 169.10621759183636 107
1738724458312 162.2316771306781 108
1738724458344 188.85366225551414 109
1738724458376 158.0704670294946 110
1738724458408 176.1317030215778 111
1738724458440 189.5579497492806 112
1738724458472 191.14584588359747 113
1738724458504 172.23034403306238 114
1738724458536 167.91871254393783 115
1738724458568 172.8623937480802 116
1738724458600 169.6659667628597 117
1738724458632 162.58649964589713 118
1738724458664 171.27602761531057 119
1738724458695 177.85524158397837 120
1738724458729 157.68684451796366 121
1738724458762 151.25041161069745 122
1738724458795 164.38362457684522 123
1738724458828 163.1781880339047 124
1738724458861 148.86714627142933 125
1738724458893 170.15862371077236 126
1738724458926 169.1574617748327 127
1738724458959 157.5580250833065 128
1738724458991 162.90181719661803 129
1738724459024 203.8635566891141 130
1738724459056 182.13319232149775 131
1738724459089 191.3495915834345 132
1738724459122 147.3756184802759 133
1738724459155 154.20727096239156 134
1738724459188 169.51295612434416 135
1738724459243 171.60882714750278 136
1738724459276 157.1484216260079 137
1738724459309 199.99000848818733 138
1738724459342 89.95808937612885 139
1738724459374 145.5603548403619 140
1738724459406 153.87438384630633 141
1738724459439 132.74326838745284 142
1738724459471 160.13768259983493 143
1738724459503 164.85694736155895 144
1738724459535 164.1407571455782 145
1738724459568 173.75112804720564 146
1738724459603 171.09129725353955 147
1738724459638 162.5655779106552 148
1738724459673 173.81550623398167 149
1738724459742 145.08756494005584 150
1738724459776 180.14853561090132 151
1738724459809 265.39427881451707 152
1738724459843 246.2892600780959 153
1738724459875 155.96868877070895 154
1738724459908 161.53702107489255 155
1738724459941 155.51403827441405 156
1738724459974 194.09127310102835 157
1738724460006 162.1287921795273 158
1738724460038 166.26872054169536 159
1738724460070 153.31363625675192 160
1738724460102 164.36891842283137 161
1738724460134 157.34779427313646 162
1738724460166 173.44846878508528 163
1738724460198 146.5236008594174 164
1738724460232 140.0588965236257 165
1738724460266 168.34273345796134 166
1738724460299 155.08579526988052 167
1738724460332 148.50349527498858 168
1738724460365 154.60228958266512 169
1738724460397 156.43274224776275 170
1738724460428 167.06774963165006 171
1738724460460 212.0427265757823 172
1738724460492 191.63469396375845 173
1738724460524 167.0991226773829 174
1738724460556 168.4019183522579 175
1738724460588 212.64471985871768 176
1738724460619 118.58919518559871 177
1738724460651 175.23830600942958 178
1738724460683 162.85652171693158 179
1738724460716 157.39575819884246 180
1738724460748 163.67062963038984 181
1738724460781 164.80652719619212 182
1738724460814 174.40267370976525 183
1738724460847 181.4008297408338 184
1738724460879 204.47450111535736 185
1738724460911 170.81422105685076 186
1738724460943 181.28062906600144 187
1738724460975 175.78961758835058 188
1738724461008 172.95628864068732 189
1738724461040 171.52219031282198 190
1738724461072 171.32917799816906 191
1738724461104 172.94669750766639 192
1738724461136 173.39825558337606 193
1738724461168 172.0567337801542 194
1738724461200 157.3913321568045 195
1738724461232 147.78591517841582 196
1738724461264 163.1672148112855 197
1738724461298 146.9951734627025 198
1738724461331 178.19705232743902 199
1738724461364 157.50255816640836 200
1738724461397 198.56607288540098 201
1738724461430 165.55009087112978 202
1738724461463 161.54211275906496 203
1738724461496 167.9591224023391 204
1738724461529 178.9563517084309 205
1738724461562 166.35088801690682 206
1738724461596 157.26941644247609 207
1738724461629 168.7417634947484 208
1738724461662 153.96240858845917 209
1738724461694 135.99847647592202 210
1738724461727 162.1828955330131 211
1738724461759 170.99526204872043 212
1738724461791 148.2209205142031 213
1738724461823 186.87510745194453 214
1738724461855 152.6115043344334 215
1738724461887 160.82655226508007 216
1738724461919 165.00602865767527 217
1738724461951 204.0701658980389 218
1738724461983 203.22872547934827 219
1738724462015 190.20925391445056 220
1738724462047 147.10698514143766 221
1738724462079 188.6697640332931 222
1738724462110 204.04406093066447 223
1738724462142 178.85140833076736 224
1738724462174 188.55590115384632 225
1738724462206 159.13020697809498 226
1738724462238 151.2978195372306 227
1738724462269 172.11974044526752 228
1738724462301 160.16286788120655 229
1738724462333 192.96789750664144 230
1738724462365 213.15804638517787 231
1738724462396 165.5744360592546 232
1738724462429 163.07504134390905 233
1738724462462 140.23379930197396 234
1738724462495 178.28596176949821 235
1738724462528 178.43853095889756 236
1738724462561 167.77535153473042 237
1738724462593 145.30618949600384 238
1738724462626 173.6353834120601 239
1738724462658 196.40606814572257 240
1738724462690 165.5307253843821 241
1738724462722 151.067370472521 242
1738724462754 169.0976973804633 243
1738724462787 169.21952173292752 244
1738724462819 154.55988208025636 245
1738724462851 137.4800021495261 246
1738724462895 186.7316876474869 247
1738724462927 174.8488107832462 248
1738724462960 182.32501226241322 249
1738724462993 184.6238097101313 250
1738724463026 161.0943074802579 251
1738724463061 152.84507403799333 252
1738724463095 179.62045178477314 253
1738724463131 174.35907019317958 254
1738724463167 163.75996766507848 255
1738724463229 181.3532410524431 256
1738724463272 178.45641217545955 257
1738724463305 185.52104202080758 258
1738724463338 157.7496321209388 259
1738724463370 224.09755312772995 260
1738724463402 193.0697074007062 261
1738724463434 159.32009414545936 262
1738724463467 169.89819383515436 263
1738724463499 163.3953421067017 264
1738724463532 174.21037090226855 265
1738724463565 195.39880344818985 266
1738724463598 166.5030420594519 267
1738724463632 191.35267255442062 268
1738724463665 205.8721727064692 269
1738724463698 180.93903906116532 270
1738724463731 161.9710891139382 271
1738724463763 169.5970350525158 272
1738724463796 157.22007831063902 273
1738724463828 189.32467447007656 274
1738724463861 177.0819751145643 275
1738724463893 172.3230490429172 276
1738724463926 184.2332920453119 277
1738724463958 176.43789460420876 278
1738724463991 197.67019648387884 279
1738724464023 160.94904394898637 280
1738724464056 168.96168709056667 281
1738724464089 171.97367274860437 282
1738724464122 159.47256691210856 283
1738724464156 139.70433875859786 284
1738724464189 196.73275158353354 285
1738724464222 199.24391001542895 286
1738724464255 168.88804396131843 287
1738724464287 163.29527023404776 288
1738724464323 167.5335998411531 289
1738724464356 160.26143258100635 290
1738724464390 155.69087643152795 291
1738724464424 157.2198236709736 292
1738724464457 144.68637875987235 293
1738724464491 151.57489367846688 294
1738724464524 196.97753498246098 295
1738724464558 168.3671049388974 296
1738724464591 149.28723774435124 297
1738724464625 168.33385760761462 298
1738724464658 163.85089040361242 299
1738724464692 161.47393966473 300
1738724464725 181.02560076953847 301
1738724464759 170.72176631808085 302
1738724464793 180.2316755918272 303
1738724464826 165.10448824039722 304
1738724464860 191.49736284130168 305
1738724464893 192.2079195505335 306
1738724464926 165.99263230159517 307
1738724464959 145.2154161126191 308
1738724464993 174.22188602778382 309
1738724465026 169.15348739678274 310
1738724465060 166.44378405872803 311
1738724465093 170.46449283874506 312
1738724465126 174.7458840097301 313
1738724465159 173.07090390627675 314
1738724465193 158.8325457599733 315
1738724465226 184.92941002575432 316
1738724465260 148.851028960014 317
1738724465293 184.05189119265913 318
1738724465327 159.92912596004675 319
1738724465360 182.82799782369153 320
1738724465393 168.4242609460091 321
1738724465425 165.51103533044434 322
1738724465459 177.67775495543697 323
1738724465492 165.28892200944549 324
1738724465525 186.49317470172608 325
1738724465557 171.1176906322962 326
1738724465591 140.6025358352153 327
1738724465624 158.2569963162978 328
1738724465657 184.5338682690176 329
1738724465690 163.09714233587013 330
1738724465723 171.63526320014617 331
1738724465756 181.91825976721375 332
1738724465789 139.44667642505087 333
1738724465822 169.8832438315222 334
1738724465856 173.96602070274795 335
1738724465890 151.79784010356403 336
1738724465924 165.29072011943452 337
1738724465957 168.628100910757 338
1738724465990 134.30215403024144 339
1738724466023 158.39593831991544 340
1738724466056 169.9040207698737 341
1738724466089 167.60025058349407 342
1738724466122 158.84983433328188 343
1738724466155 172.5868915566051 344
1738724466188 142.86943214373105 345
1738724466220 163.195398624509 346
1738724466253 159.88520616273314 347
1738724466286 185.53319181560033 348
1738724466318 169.3416992969602 349
1738724466351 154.27040298792275 350
1738724466383 177.2160632624672 351
1738724466415 161.96660055116996 352
1738724466448 102.13210005680786 353
1738724466480 166.55347709606679 354
1738724466512 154.14561007561858 355
1738724466544 173.37120056936814 356
1738724466576 162.2894273850284 357
1738724466608 177.92504200473866 358
1738724466640 164.81679728645423 359
1738724466673 152.1305589964281 360
1738724466705 147.01953386005005 361
1738724466737 160.02959095576472 362
1738724466769 175.76223513358738 363
1738724466801 172.42354436567854 364
1738724466833 163.54166835197904 365
1738724466864 160.4718456208805 366
1738724466896 186.26970358574812 367
1738724466928 166.17641336456234 368
1738724466960 176.2684385573076 369
1738724466992 165.91807174351487 370
1738724467024 154.07972356667483 371
1738724467055 161.6523039708869 372
1738724467087 171.76919332780867 373
1738724467119 159.7548678465731 374
1738724467151 177.96438974001435 375
1738724467182 153.20860591156233 376
1738724467214 166.11949583624798 377
1738724467246 220.16103795273264 378
1738724467278 154.23520982336433 379
1738724467310 140.55441313360691 380
1738724467342 164.16447714898052 381
1738724467374 153.1983733375579 382
1738724467406 174.99262047205568 383
1738724467437 186.4691347212272 384
1738724467469 176.50149936429438 385
1738724467500 158.7816739778907 386
1738724467532 190.47181544999276 387
1738724467564 177.03504752619716 388
1738724467596 154.2148038794402 389
1738724467628 183.157758412542 390
1738724467660 142.32552036127197 391
1738724467691 144.97669333198053 392
1738724467723 229.8383519655734 393
1738724467755 172.83149109727105 394
1738724467786 173.8421437013542 395
1738724467818 153.36436647504237 396
1738724467849 146.32739488244079 397
1738724467881 184.93855478064634 398
1738724467913 162.53182416858618 399
1738724467945 183.5465314323302 400
1738724467977 166.3292658885826 401
1738724468010 168.7858658214274 402
1738724468042 155.12217323606157 403
1738724468074 157.49342226272742 404
1738724468107 128.66251067469852 405
1738724468139 169.6732063682344 406
1738724468171 155.9335467350623 407
1738724468203 131.67135247827255 408
1738724468235 159.77220763213697 409
1738724468267 186.04788546964588 410
1738724468299 155.1668400404451 411
1738724468331 178.0554555872199 412
1738724468363 172.12781362107646 413
1738724468395 138.85204160051705 414
1738724468427 159.29382509004446 415
1738724468459 150.82219329515792 416
1738724468491 172.0886054592593 417
1738724468523 171.18841671262413 418
1738724468555 173.98710295828172 419
1738724468587 175.60514976376496 420
1738724468619 164.79544542390713 421
1738724468651 114.14004131041628 422
1738724468683 162.88898771665242 423
1738724468715 164.51441494247499 424
1738724468746 175.6598381594218 425
1738724468778 153.54576557069842 426
1738724468810 169.70085907029852 427
1738724468842 128.46821218666437 428
1738724468874 165.515861428884 429
1738724468905 142.05157012924965 430
1738724468937 139.5997391229349 431
1738724468969 198.08603560063395 432
1738724469001 159.52017718077434 433
1738724469033 168.34844623547087 434
1738724469065 177.82147897521654 435
1738724469097 177.44116903691446 436
1738724469128 167.47962018254987 437
1738724469160 176.63047414991183 438
1738724469192 171.37815083782843 439
1738724469223 180.31147087777953 440
1738724469255 161.7749501913397 441
1738724469287 190.00645392859352 442
1738724469319 163.25838494909806 443
1738724469350 177.92337114486475 444
1738724469382 180.7239235335582 445
1738724469414 174.25959779870215 446
1738724469448 128.76758115421293 447
1738724469482 141.05907888724374 448
1738724469515 191.3375518424406 449
1738724469548 156.31275870742135 450
1738724469580 180.92715573807754 451
1738724469612 139.1316434438566 452
1738724469645 167.4465049373227 453
1738724469677 130.93739790477193 454
1738724469709 175.33793680955196 455
1738724469742 155.28818678879122 456
1738724469774 177.5607649574345 457
1738724469805 178.53294420943152 458
1738724469838 169.30111955672348 459
1738724469869 166.10532185468958 460
1738724469901 212.08478321309713 461
1738724469933 173.2340828112521 462
1738724469965 159.46370348613723 463
1738724469997 186.63984197342882 464
1738724470028 172.0903069447552 465
1738724470060 173.12849445255978 466
1738724470092 173.8874097496895 467
1738724470124 187.85255717747316 468
1738724470155 172.27412996615553 469
1738724470187 175.08807968908613 470
1738724470219 185.1678032984282 471
1738724470250 160.3557602085132 472
1738724470282 162.12766727472444 473
1738724470314 159.01947818337086 474
1738724470346 214.47352889031103 475
1738724470377 164.70655951968615 476
1738724470409 182.30401866804525 477
1738724470441 173.1798728740654 478
1738724470472 174.43699553910974 479
1738724470504 157.89056436564874 480
1738724470536 151.70562325834516 481
1738724470568 176.32766362680482 482
1738724470599 168.91796537549592 483
1738724470631 142.76786539773406 484
1738724470663 152.18820610387914 485
1738724470694 170.66616382219038 486
1738724470726 193.4218996605436 487
1738724470758 177.06533150005345 488
1738724470790 192.46028421321367 489
1738724470821 140.92712869010956 490
1738724470853 173.24689700310014 491
1738724470885 155.85601136704759 492
1738724470916 147.5924412539438 493
1738724470948 163.99849418525375 494
1738724470979 189.80225162705986 495
1738724471011 153.6978561411187 496
1738724471043 159.10231055486645 497
1738724471074 152.71680936272926 498
1738724471106 185.52481717028277 499
