1738722532699 165.6685924677669 0
1738722532701 182.0690229298731 1
1738722532703 167.66655275186926 2
1738722532705 166.86371302494078 3
1738722532708 177.0550459617801 4
1738722532710 175.64005273182042 5
1738722532712 164.73914752945714 6
1738722532714 164.01073862890325 7
1738722532716 170.21303830347534 8
1738722532718 169.32939755473424 9
1738722532720 172.85905083786236 10
1738722532722 174.120903830314 11
1738722532724 179.1849866455847 12
1738722532726 175.26273315277217 13
1738722532728 177.8215593365735 14
1738722532730 173.22886416732044 15
1738722532732 169.35120505374374 16
1738722532734 172.48225469380552 17
1738722532736 170.38877063073346 18
1738722532739 167.91810987774 19
1738722532741 165.5839160465646 20
1738722532743 168.84324623344426 21
1738722532745 171.8153459798647 22
1738722532747 161.88314409618212 23
1738722532749 178.3256214115336 24
1738722532751 167.33392621732563 25
1738722532754 178.07696587861346 26
1738722532756 166.47272535887487 27
1738722532758 166.01453253857795 28
1738722532760 171.1753245360656 29
1738722532762 170.10393581074646 30
1738722532764 171.39381751141067 31
1738722532767 171.70755484755577 32
1738722532769 174.13253472306914 33
1738722532771 168.86792477917504 34
1738722532773 170.1272831735978 35
1738722532775 182.1799324998529 36
1738722532777 174.23637867161847 37
1738722532779 171.48051646335273 38
1738722532781 165.03495913354138 39
1738722532783 171.27301015695096 40
1738722532785 166.77205660846013 41
1738722532787 172.4270905933448 42
1738722532789 165.63591820791078 43
1738722532791 167.00471354410539 44
1738722532793 165.341490118544 45
1738722532795 170.87018709068903 46
1738722532797 176.02396715883728 47
1738722532799 174.54379960589327 48
1738722532801 171.09240881402187 49
1738722532803 166.213485591176 50
1738722532805 177.7209197731009 51
1738722532807 166.59618298689313 52
1738722532809 167.23327128383198 53
1738722532811 170.30870003980462 54
1738722532813 175.08395025995728 55
1738722532815 166.53396169174053 56
1738722532817 168.4765368316689 57
1738722532819 166.94518307004486 58
1738722532821 168.1755544778945 59
1738722532823 169.47204844155786 60
1738722532825 168.85248588217408 61
1738722532828 167.57290272160924 62
1738722532830 158.87046098854125 63
1738722532832 167.87790824658094 64
1738722532834 171.20631291511341 65
1738722532836 166.08652938995735 66
1738722532839 168.0863159084129 67
1738722532841 169.99778344230643 68
1738722532844 170.91494548893925 69
1738722532846 170.20014818900887 70
1738722532848 170.62683618327785 71
1738722532850 166.19569541011987 72
1738722532853 171.93332321853757 73
1738722532855 168.24850084134823 74
1738722532857 172.16549263975577 75
1738722532859 163.88644549117708 76
1738722532861 175.6910229615765 77
1738722532864 170.83313768587914 78
1738722532866 171.17103082974276 79
1738722532868 169.62653371876362 80
1738722532874 166.81602961254444 81
1738722532887 166.26535711697673 82
1738722532901 174.6904897522865 83
1738722532904 166.67290409983252 84
1738722532908 168.0438782100346 85
1738722532914 169.27802055687866 86
1738722532916 163.4629266342153 87
1738722532919 173.12351750242485 88
1738722532921 168.1423991107071 89
1738722532923 165.81954420378304 90
1738722532925 180.60316180765437 91
1738722532927 173.96410199301448 92
