1738722973569 157.49779076745617 0
1738722973604 178.19133554401245 1
1738722973640 165.26354875056228 2
1738722973675 160.55065294721908 3
1738722973711 169.17964381715754 4
1738722973746 176.3301028573581 5
1738722973782 154.35721432215144 6
1738722973817 175.0388829893307 7
1738722973852 170.6926270991483 8
1738722973886 165.40695271995676 9
1738722973921 160.1327482241012 10
1738722973956 163.25002578621223 11
1738722973991 169.66611121408764 12
1738722974026 178.27740652986034 13
1738722974061 167.314733527137 14
1738722974096 161.13636657461402 15
1738722974131 162.4324021377557 16
1738722974166 173.96885188661565 17
1738722974201 165.30229716450248 18
1738722974236 182.82288668612415 19
