1738724145939 167.2168204450118 0
1738724145942 170.3977786414865 1
1738724145945 166.0845185432098 2
1738724145948 167.37909081225592 3
1738724145951 168.68973506964537 4
1738724145953 168.78395773256267 5
1738724145956 167.7317858887619 6
1738724145959 171.01875174784092 7
1738724145962 168.32147353904142 8
1738724145965 167.72900981527687 9
1738724145968 169.43164959150857 10
1738724145970 167.1255847952587 11
1738724145973 169.4070750216837 12
1738724145976 168.381714012086 13
1738724145979 167.96171288674398 14
1738724145982 166.2144522267898 15
1738724145984 167.97743183770194 16
1738724145987 166.99846209970332 17
1738724145990 168.9493175648214 18
1738724145993 169.30471439225224 19
1738724145996 167.84752684759567 20
1738724145999 167.8041780256829 21
1738724146010 168.06730081901227 22
1738724146022 168.84610924410458 23
1738724146030 167.80261872210735 24
1738724146034 167.9936108384132 25
1738724146040 167.94077924442925 26
1738724146043 169.19939446720173 27
1738724146046 168.0676689001518 28
1738724146049 167.46323629651815 29
1738724146052 169.56976890538817 30
1738724146055 168.96798201918273 31
1738724146058 168.11940720626015 32
1738724146061 168.4380416889608 33
1738724146064 166.91070895839113 34
1738724146067 167.94399907713654 35
1738724146070 167.85390051554873 36
1738724146072 167.77442128733566 37
1738724146075 167.41647605206035 38
1738724146078 169.58075719483023 39
1738724146081 170.8703312451614 40
1738724146084 166.5757607114938 41
1738724146086 169.13631197212857 42
1738724146089 167.32494100537423 43
1738724146092 166.3888553542333 44
1738724146095 171.34461489647978 45
1738724146097 167.51346853015167 46
1738724146100 168.00314401637374 47
1738724146103 170.7908374680381 48
1738724146106 168.93391788663095 49
1738724146109 169.59819817850436 50
1738724146111 167.96822832007643 51
1738724146114 169.73219799003382 52
1738724146117 169.03348782386917 53
1738724146120 169.77843747596393 54
1738724146122 170.00693538592185 55
1738724146125 167.9377461015813 56
1738724146128 169.6411059387735 57
1738724146131 167.80490800078752 58
1738724146133 168.79781856151408 59
1738724146136 167.13659047253165 60
1738724146139 166.38857330588482 61
1738724146142 168.77192325242694 62
1738724146145 167.97955095346893 63
1738724146147 165.98412552313093 64
1738724146150 169.63186835770784 65
1738724146153 169.4091212126716 66
1738724146156 168.3765202284983 67
1738724146158 168.31822039417406 68
1738724146161 166.78825132207436 69
1738724146164 168.38571060058553 70
1738724146167 167.74547650191388 71
1738724146169 171.16847191664786 72
1738724146172 168.6517907707251 73
1738724146175 167.9434135349664 74
1738724146178 166.16063873638595 75
1738724146180 168.5512947889745 76
1738724146183 169.78341811941416 77
1738724146186 168.35096014821784 78
1738724146189 167.95277561967552 79
1738724146191 167.02062691378595 80
1738724146194 165.48977552223508 81
1738724146197 168.60838077342538 82
1738724146200 169.1115333272327 83
1738724146203 167.8835963695309 84
1738724146205 168.03775712213255 85
