1738722565530 170.21798276684433 0
1738722565533 166.95315211292015 1
1738722565535 170.72036869879304 2
1738722565537 168.71190798444385 3
1738722565539 169.52203893032473 4
1738722565541 165.84685280026662 5
1738722565543 170.02870178207877 6
1738722565545 170.617015581655 7
1738722565547 170.78388430585386 8
1738722565549 167.57756232038082 9
1738722565551 167.69834684810627 10
1738722565553 168.90511014397984 11
1738722565555 169.70295299781233 12
1738722565557 168.38718857326285 13
1738722565559 166.48191433249613 14
1738722565562 169.18662058500934 15
1738722565564 167.3828011134073 16
1738722565566 167.13333006621707 17
1738722565568 169.63232898892517 18
1738722565570 169.84961972794295 19
1738722565572 168.8922582329511 20
1738722565574 168.47538933712715 21
1738722565576 171.1650610201071 22
1738722565579 169.67354655073095 23
1738722565581 170.08475784605255 24
1738722565583 170.185674075698 25
1738722565585 167.85014161083174 26
1738722565587 170.20911212035685 27
1738722565589 167.07327637327296 28
1738722565592 170.9287840143952 29
1738722565594 166.7878939736603 30
1738722565596 166.8208752126939 31
1738722565598 167.67803859184605 32
1738722565600 168.9196758829988 33
1738722565602 169.4939250649521 34
1738722565604 167.869582665249 35
1738722565606 166.94433487265653 36
1738722565608 169.30024081291396 37
1738722565610 169.26899365902727 38
1738722565613 169.65228809116036 39
1738722565615 169.560637078194 40
1738722565617 166.90492887938143 41
1738722565620 167.98812042903344 42
1738722565622 168.50424389437762 43
1738722565625 170.05314186596988 44
1738722565627 168.69048851223226 45
1738722565629 168.89035470885898 46
1738722565631 169.50988329549233 47
1738722565633 167.59752232560513 48
1738722565636 168.76450868067553 49
1738722565638 168.97440812245102 50
1738722565640 167.9983393769079 51
1738722565642 167.9051374493184 52
1738722565644 168.74858718459993 53
1738722565646 170.18552344958132 54
1738722565648 169.4557118963427 55
1738722565651 168.18066098225492 56
1738722565653 169.29890091512945 57
1738722565655 170.7307228578968 58
1738722565657 166.60007863411903 59
1738722565659 168.93289254359857 60
1738722565661 170.27121774918302 61
1738722565663 169.37826324567743 62
1738722565665 170.0785853172469 63
1738722565668 169.12535938016694 64
1738722565670 169.13187027136516 65
1738722565672 171.90254157965384 66
1738722565674 171.96375212186513 67
1738722565676 169.38720079751445 68
1738722565678 167.1748733230798 69
1738722565680 168.7497420963211 70
1738722565682 168.25216808738517 71
1738722565684 168.16516776409225 72
1738722565686 171.224386799869 73
1738722565688 172.79636815324992 74
1738722565690 169.4507763709288 75
1738722565692 166.0204533865379 76
1738722565695 173.57695055019036 77
1738722565697 169.90669306514118 78
1738722565699 170.23463417999974 79
1738722565701 167.9219860230257 80
1738722565703 168.65330556789857 81
