1738726143824 169.16148552166555 0
1738726143828 169.1491538829734 1
1738726143832 169.13729079844833 2
1738726143836 169.12587682619298 3
1738726143839 169.11489336837678 4
1738726143844 169.104322633731 5
1738726143848 169.09414760173073 6
1738726143851 169.08435198838637 7
1738726143854 169.07492021357353 8
1738726143859 169.06583736982955 9
1738726143863 169.05708919255247 10
1738726143867 169.04866203153753 11
1738726143870 169.0405428237914 12
1738726143874 169.03271906756623 13
1738726143878 169.0251787975584 14
1738726143883 169.01791056121922 15
1738726143887 169.0109033961276 16
1738726143890 169.00414680837648 17
1738726143894 168.99763075192737 18
1738726143899 168.99134560888936 19
1738726143903 168.98528217068022 20
1738726143906 168.97943162003116 21
1738726143910 168.97378551379543 22
1738726143913 168.96833576652617 23
1738726143917 168.96307463478738 24
1738726143920 168.95799470216602 25
1738726143923 168.95308886495303 26
1738726143927 168.94835031846324 27
1738726143930 168.94377254396574 28
1738726143934 168.93934929619627 29
1738726143937 168.9350745914268 30
1738726143940 168.93094269606593 31
1738726143943 168.9269481157669 32
1738726143947 168.9230855850201 33
1738726143950 168.91935005720853 34
1738726143953 168.91573669510515 35
1738726143956 168.91224086179238 36
1738726143959 168.90885811198456 37
1738726143962 168.90558418373553 38
1738726143966 168.90241499051393 39
1738726143969 168.89934661362992 40
1738726143972 168.89637529499652 41
1738726143975 168.89349743021245 42
1738726143978 168.89070956195 43
1738726143981 168.8880083736357 44
1738726143984 168.88539068341004 45
1738726143987 168.88285343835352 46
1738726143991 168.88039370896803 47
1738726143994 168.87800868390076 48
1738726143997 168.87569566490134 49
1738726144000 168.8734520620001 50
1738726144003 168.87127538889908 51
1738726144006 168.86916325856524 52
1738726144009 168.8671133790174 53
1738726144012 168.8651235492979 54
1738726144015 168.8631916556209 55
1738726144018 168.86131566768955 56
1738726144021 168.8594936351742 57
1738726144024 168.85772368434465 58
1738726144027 168.85600401484962 59
1738726144030 168.85433289663675 60
1738726144034 168.85270866700697 61
1738726144037 168.85112972779703 62
1738726144040 168.84959454268505 63
1738726144043 168.84810163461282 64
1738726144046 168.84664958332027 65
1738726144049 168.84523702298713 66
1738726144051 168.8438626399763 67
1738726144054 168.8425251706756 68
1738726144057 168.84122339943238 69
1738726144060 168.8399561565775 70
1738726144063 168.8387223165348 71
1738726144066 168.83752079601186 72
1738726144069 168.83635055226864 73
1738726144072 168.83521058146067 74
1738726144075 168.8340999170535 75
1738726144078 168.83301762830496 76
1738726144081 168.8319628188127 77
1738726144084 168.83093462512355 78
1738726144087 168.82993221540266 79
1738726144090 168.82895478815917 80
1738726144093 168.82800157102625 81
1738726144096 168.8270718195933 82
1738726144098 168.8261648162873 83
