1738724780214 173.77644942718644 0
1738724780246 179.4946441713911 1
1738724780280 166.57469902694407 2
1738724780337 166.4635165327023 3
1738724780373 171.36477322217405 4
1738724780406 164.39743892680804 5
1738724780439 172.0985234572149 6
1738724780472 180.84443852810642 7
1738724780505 163.54450596064328 8
1738724780538 170.42871488051298 9
1738724780570 158.50380339624536 10
1738724780603 182.37153989343096 11
1738724780636 179.27089128080817 12
1738724780668 170.2742049143252 13
1738724780701 183.78476100004727 14
1738724780733 177.346967590078 15
1738724780766 164.325942598125 16
1738724780798 174.14004466011005 17
1738724780831 178.79398450655108 18
1738724780863 162.03626490609795 19
1738724780895 172.3016146142636 20
1738724780928 176.39245872210304 21
1738724780960 166.3923701756329 22
1738724780993 157.5604530178698 23
1738724781026 175.1765611704383 24
1738724781058 167.9312477189468 25
1738724781090 168.79638993552194 26
1738724781123 183.6321126241477 27
1738724781155 183.25125639385473 28
1738724781187 170.65530424287996 29
1738724781220 160.651513815022 30
1738724781252 167.12312828340882 31
1738724781284 174.4079369334759 32
1738724781316 166.4235265092253 33
1738724781348 167.12102895649218 34
1738724781380 153.5529847435843 35
1738724781412 176.11732149260453 36
1738724781444 172.3213095927298 37
1738724781476 150.5795428454802 38
1738724781508 172.22398982297815 39
1738724781540 164.63003945411884 40
1738724781572 172.6437588287558 41
1738724781604 169.20135783880613 42
1738724781636 169.7419463131432 43
1738724781668 168.82424271645897 44
1738724781700 181.32363357738046 45
1738724781732 169.38179579268237 46
1738724781764 164.60063143077636 47
1738724781796 182.73526194254865 48
1738724781828 161.27543915224177 49
1738724781860 166.22484098988878 50
1738724781892 158.5724657424813 51
1738724781924 165.35777160636 52
1738724781956 168.67726243620243 53
1738724781988 151.45967761959926 54
1738724782020 170.44999635492024 55
1738724782052 172.38948869684046 56
