1738724777294 169.57976050228098 0
1738724777297 167.5843067182263 1
1738724777300 169.86725436185625 2
1738724777304 167.28754717634544 3
1738724777307 169.26792745932585 4
1738724777310 168.24214660033016 5
1738724777313 169.75115808593623 6
1738724777316 170.30435581166984 7
1738724777319 170.93027548666265 8
1738724777323 169.33622075202538 9
1738724777326 168.85590908006407 10
1738724777329 171.73479216499027 11
1738724777332 166.90247328696438 12
1738724777336 169.36949035774416 13
1738724777339 166.51477330388545 14
1738724777342 168.1428579534615 15
1738724777345 170.06635974690963 16
1738724777348 170.3538111856215 17
1738724777352 165.7514266191825 18
1738724777355 169.7229831862811 19
1738724777358 167.38093902773952 20
1738724777362 169.16449838357477 21
1738724777366 170.08656380988594 22
1738724777370 170.2349308573652 23
1738724777373 167.8779872469806 24
1738724777376 169.55602377234496 25
1738724777380 168.1267482690708 26
1738724777383 168.38551103898496 27
1738724777386 167.95111060356328 28
1738724777389 168.2620757914347 29
1738724777393 168.26610514751894 30
1738724777396 168.54545808515704 31
1738724777400 171.6135671276665 32
1738724777403 168.56445400063055 33
1738724777406 169.6719044770635 34
1738724777409 167.28768188749706 35
1738724777413 167.3575412912765 36
1738724777416 169.02111170301407 37
1738724777420 168.32550120262817 38
1738724777423 170.11707655948365 39
1738724777426 167.59427269349612 40
1738724777430 168.98586834473008 41
