1738721996956 167.16034221608263 0
1738721996958 169.4867649870435 1
1738721996960 171.687634550392 2
1738721996962 168.76182188394887 3
1738721996964 169.6451481514352 4
1738721996966 170.0114908631719 5
1738721996968 167.55532446804486 6
1738721996969 168.9023095652598 7
1738721996971 167.51592070216492 8
1738721996973 166.6546120266323 9
1738721996975 170.95544324878102 10
1738721996977 172.40857373301125 11
1738721996979 171.20344866759524 12
1738721996981 168.71885456771133 13
1738721996983 167.07799618854585 14
1738721996985 166.9342881875213 15
1738721996987 170.08593670576258 16
1738721996989 170.53003544520143 17
1738721996991 169.00214181167837 18
1738721996994 170.72719433263572 19
1738721996996 169.6644690780049 20
1738721996998 170.12453672894077 21
1738721997000 167.6153960053885 22
1738721997002 168.69232978840301 23
1738721997004 166.2820878713901 24
1738721997007 168.77282664802559 25
1738721997009 168.04177609481144 26
1738721997011 168.76029997938062 27
1738721997013 168.99812404883662 28
1738721997016 164.75742144030943 29
1738721997018 168.67942238571445 30
1738721997020 169.72417500588105 31
1738721997022 168.70904669416726 32
1738721997024 170.06140208336654 33
1738721997026 167.85742545838943 34
1738721997028 168.64270554452654 35
1738721997029 167.26888015717483 36
1738721997031 167.27179136765972 37
1738721997033 169.02325705609636 38
1738721997035 166.71154797962987 39
1738721997037 166.4305369254375 40
1738721997038 171.437655754075 41
1738721997041 166.50361290478753 42
1738721997042 168.35321430581598 43
1738721997044 171.13122617984507 44
1738721997045 168.3199967631372 45
1738721997047 170.26637568671268 46
1738721997049 168.26803126709314 47
1738721997051 167.2825071200144 48
1738721997053 169.82243758246005 49
1738721997054 169.6498469916172 50
1738721997056 169.53175677507258 51
1738721997058 166.45496602986788 52
1738721997060 169.19833041292233 53
1738721997062 168.59720347313788 54
1738721997063 170.8632580023621 55
1738721997066 166.287041807347 56
1738721997067 169.0920978506714 57
1738721997069 168.51907340589202 58
1738721997071 168.54494509891404 59
1738721997072 166.50080551299382 60
1738721997074 168.35169554450005 61
1738721997076 170.0890527615752 62
1738721997078 169.93117467681094 63
1738721997079 167.12412806369673 64
1738721997081 171.48550571623272 65
1738721997083 168.14098910020923 66
1738721997085 167.00011861048765 67
1738721997087 168.94026450435285 68
1738721997088 167.59688114074 69
1738721997090 170.65173560614346 70
1738721997092 167.76137653663105 71
1738721997094 168.16748223989222 72
1738721997096 165.73826016018543 73
1738721997098 170.19726661459006 74
1738721997100 165.85974307728517 75
1738721997102 170.23847071374945 76
