1738724788144 165.82158801756376 0
1738724788176 165.89594534847336 1
1738724788208 172.1037164967635 2
1738724788240 178.26813201246847 3
1738724788273 160.25373760797635 4
1738724788306 190.64858200425894 5
1738724788338 165.79446088742716 6
1738724788370 161.4147667103975 7
1738724788403 170.95341901177244 8
1738724788435 151.87938524847888 9
1738724788466 178.1533221532773 10
1738724788498 173.279093235845 11
1738724788530 176.91929182469187 12
1738724788562 171.36478816997524 13
1738724788594 158.34731679710015 14
1738724788625 174.89648374583945 15
1738724788657 160.90734382031056 16
1738724788689 166.9250551250032 17
1738724788721 165.63399422935197 18
1738724788753 169.61142324197064 19
1738724788785 159.53331296110994 20
1738724788817 177.59250977481457 21
1738724788849 175.42884467274757 22
1738724788881 161.82077370205303 23
1738724788913 167.09316813215045 24
1738724788945 169.09537450733433 25
1738724788977 173.2409725505074 26
1738724789009 168.35250048770763 27
1738724789040 148.03029764364592 28
1738724789072 182.31209306331095 29
1738724789104 175.57693557893322 30
1738724789136 154.16632541734685 31
1738724789169 158.96074893855135 32
1738724789201 161.69189518369825 33
1738724789233 166.08541260336986 34
1738724789265 150.31592318839955 35
1738724789297 162.85839109395786 36
1738724789329 163.7401291860437 37
1738724789361 176.81412621603764 38
1738724789393 177.63537208668257 39
1738724789425 165.38724335617587 40
1738724789457 175.76179485648612 41
1738724789488 163.87907241783734 42
1738724789520 156.678442275652 43
1738724789552 175.5722338429828 44
1738724789584 168.69009732603783 45
1738724789616 178.53386061110785 46
1738724789647 157.6138394483141 47
1738724789679 167.87728228857287 48
