1738724984746 155.0050529781592 0
1738724984781 168.81160853511625 1
1738724984814 155.31172221636461 2
1738724984847 170.01347533132622 3
1738724984880 186.80859325150573 4
1738724984913 159.73060570985857 5
1738724984946 182.1651093561607 6
1738724984979 172.04865935618267 7
1738724985012 165.89877172947314 8
1738724985044 174.18564089746437 9
1738724985077 170.11916883215045 10
1738724985109 170.45813305056103 11
1738724985142 162.3474867701621 12
1738724985174 161.4798002047477 13
1738724985207 161.23862067720756 14
1738724985239 171.81699685018535 15
1738724985271 170.38765781926074 16
1738724985303 154.7895576396027 17
1738724985335 177.78645729570857 18
