1738724996147 160.61483400231984 0
1738724996178 165.4866485047329 1
1738724996209 161.59431708031858 2
1738724996240 169.71403746931225 3
1738724996271 167.21981946927977 4
1738724996301 163.8350189120835 5
1738724996333 162.91896573879876 6
1738724996364 172.57906655143634 7
1738724996394 163.9392581369312 8
1738724996424 161.10167003672478 9
1738724996455 174.73391313531766 10
1738724996486 163.74410298755132 11
1738724996516 156.89294886021122 12
1738724996547 171.10519795264446 13
1738724996577 167.13856053636033 14
1738724996608 156.45140990873048 15
1738724996638 186.54265902333293 16
1738724996669 172.03218127326153 17
1738724996699 169.91288271801014 18
1738724996729 166.49367700429661 19
1738724996759 155.97300328121753 20
1738724996789 167.69948735218554 21
1738724996818 169.15809478075062 22
1738724996848 175.00071272775259 23
1738724996878 160.11596571399974 24
1738724996907 167.59550643260982 25
1738724996938 166.98692511693994 26
1738724996968 181.85971251514107 27
1738724996999 169.66231203099204 28
1738724997030 165.1121226787158 29
1738724997061 173.50178382565855 30
1738724997092 168.04395702315662 31
1738724997123 167.96982018237526 32
1738724997154 177.98252263240101 33
1738724997184 164.98795408717203 34
1738724997215 166.40760527941714 35
1738724997244 181.37763067806006 36
1738724997274 164.49327372575684 37
1738724997304 172.56281448448547 38
1738724997357 155.5413494629976 39
1738724997393 154.5148389687393 40
1738724997423 172.94412631919002 41
1738724997453 170.68946263079883 42
1738724997483 177.43131276492159 43
1738724997513 181.1506552015023 44
1738724997543 156.2424806079947 45
1738724997572 178.13811499169609 46
