1738724434833 169.01954115593148 0
1738724434836 168.76609902370242 1
1738724434839 167.12319944823113 2
1738724434842 166.70691828882715 3
1738724434845 169.07601277754995 4
1738724434848 169.29264418813284 5
1738724434851 168.80110957994117 6
1738724434854 166.8707769475082 7
1738724434857 168.97999709274035 8
1738724434860 169.77710053728748 9
1738724434863 169.76460791422713 10
1738724434866 170.38089310410226 11
1738724434869 167.0294130488495 12
1738724434872 166.63301943383212 13
1738724434875 168.67030610968393 14
1738724434877 168.5787212588099 15
1738724434880 169.62083755628723 16
