1738722543574 175.33061337157656 0
1738722543608 184.04917381995287 1
1738722543642 153.55037442344008 2
1738722543675 174.81603975627692 3
1738722543709 166.63072618278437 4
1738722543743 143.2756870238989 5
1738722543777 169.84452373344894 6
1738722543809 149.2853386820951 7
1738722543842 172.65432040500127 8
1738722543876 169.42401334729246 9
1738722543910 165.47430787917273 10
1738722543943 171.0990147954083 11
1738722543977 170.93132008174803 12
1738722544011 154.22785658494846 13
1738722544044 149.1309607548504 14
1738722544078 170.56373254875538 15
1738722544111 174.963075805556 16
1738722544145 156.33990883526783 17
1738722544178 176.72800535521696 18
1738722544212 182.15929341921205 19
1738722544245 172.37747210972276 20
1738722544279 172.1638101502967 21
1738722544313 168.20720547837234 22
1738722544347 162.90719458471213 23
1738722544382 162.10241057311288 24
1738722544417 166.44386327886613 25
1738722544451 170.58370751684086 26
1738722544486 172.23052271434614 27
1738722544520 175.64705179952068 28
1738722544553 179.5464312176918 29
1738722544587 176.633128726181 30
1738722544620 165.3206460346302 31
1738722544654 178.75132828271416 32
1738722544687 154.6829798537548 33
1738722544721 169.06619507458456 34
1738722544755 150.25044585219493 35
1738722544788 161.48399811756573 36
1738722544822 151.79010861670073 37
1738722544856 176.9680547112515 38
1738722544889 181.4736143761873 39
1738722544922 163.96189936189947 40
1738722544956 155.4705267359962 41
1738722544990 174.0654025374198 42
1738722545024 167.985559591389 43
1738722545058 187.0958911127445 44
1738722545092 183.04024563968807 45
1738722545125 179.65240705177638 46
1738722545159 165.5894974332164 47
1738722545193 164.21158519674935 48
1738722545226 172.75159394023729 49
1738722545260 160.20368050409743 50
1738722545294 182.5383561676622 51
1738722545327 167.42392947134553 52
1738722545360 170.68135529172628 53
1738722545393 165.56552503340603 54
1738722545426 175.1283172388274 55
1738722545459 165.78682656634206 56
1738722545492 171.54980509603433 57
1738722545525 167.11097811755585 58
1738722545558 168.11920406590605 59
1738722545591 148.97808019400992 60
1738722545625 162.83435168302287 61
1738722545659 169.45622606281395 62
1738722545692 175.24246226028473 63
1738722545725 151.5144744352744 64
1738722545758 163.27438862922722 65
1738722545792 180.66052786963857 66
1738722545825 173.39021483885517 67
1738722545858 164.38408023209786 68
1738722545891 172.34724519621534 69
1738722545924 176.60799089913405 70
1738722545957 167.14708621995158 71
1738722545989 178.24773925887902 72
1738722546022 171.7537235484253 73
1738722546055 171.89744004931802 74
1738722546088 163.37642095428603 75
1738722546121 163.8297094960771 76
1738722546154 164.20674995905145 77
1738722546187 161.6963374421641 78
1738722546220 159.98561070672346 79
1738722546253 185.10071051307065 80
1738722546285 168.08001789413674 81
1738722546318 170.42240634345833 82
1738722546352 175.91419415563425 83
1738722546385 170.86061140799083 84
1738722546418 177.5749494740744 85
1738722546450 167.70335001362554 86
1738722546483 170.77286292689084 87
1738722546517 174.29589052916333 88
1738722546551 173.567614265925 89
1738722546584 170.74949165356762 90
1738722546618 157.4681060832802 91
1738722546651 177.7932961359099 92
1738722546685 174.17480957723984 93
1738722546718 177.11232614492835 94
1738722546751 148.46196216320425 95
1738722546785 165.20745707502104 96
1738722546818 146.1629819251578 97
1738722546851 182.3201743238336 98
1738722546884 172.48538770002025 99
1738722546917 167.83862852731312 100
1738722546950 187.7271171276436 101
1738722546983 169.76964499604108 102
1738722547017 174.9169518039478 103
1738722547050 172.27881937938787 104
1738722547083 175.15545579736934 105
1738722547116 165.86529493568756 106
1738722547150 163.89737299735754 107
1738722547183 177.34597950125269 108
1738722547216 166.7702437570991 109
1738722547249 160.91030530635695 110
1738722547283 158.0827432468393 111
1738722547316 165.00507240926518 112
1738722547350 183.0464653040811 113
1738722547383 164.65702722309484 114
1738722547416 167.4422757852277 115
1738722547449 174.50835627754162 116
1738722547482 175.56950970055985 117
1738722547516 168.1247112346568 118
1738722547553 165.24718756280132 119
1738722547587 173.74889992912537 120
1738722547620 176.53689753605204 121
1738722547654 176.08104740576437 122
1738722547687 164.3543935189866 123
1738722547721 165.5721683349148 124
1738722547755 180.76480365720798 125
1738722547788 164.75488806737263 126
1738722547822 176.57293181071725 127
1738722547855 158.83468520774605 128
1738722547888 177.1958283387928 129
1738722547922 177.75582633098887 130
1738722547955 169.9038903312602 131
1738722547988 156.31027084508221 132
1738722548021 166.4054900855475 133
1738722548055 170.37469746887095 134
1738722548088 178.49388864217028 135
1738722548121 168.4880667706927 136
1738722548154 176.33097399029447 137
1738722548187 178.27230803703392 138
1738722548220 183.3233238481707 139
1738722548253 174.65995266487167 140
1738722548285 170.76575202337162 141
1738722548318 168.22934504144106 142
1738722548351 156.83547573754177 143
1738722548384 160.9840432692696 144
1738722548417 165.51011215889622 145
1738722548451 162.26818471441194 146
1738722548483 165.64587366502204 147
1738722548516 187.18823587114306 148
1738722548549 144.19736743322667 149
1738722548582 167.19140558586753 150
1738722548614 162.26256135123737 151
1738722548647 144.104922129535 152
1738722548680 173.30157183371026 153
1738722548713 179.9938615674261 154
1738722548745 161.40449868340204 155
1738722548778 170.57068783310814 156
1738722548811 180.95479438667232 157
1738722548844 171.60182889391004 158
1738722548876 182.67641709682218 159
1738722548909 173.56653873280692 160
1738722548942 174.58687168000668 161
