1738724145282 168.70830028390475 0
1738724145284 168.70742618451553 1
1738724145286 168.70657863173344 2
1738724145289 168.70575675319625 3
1738724145291 168.70495970681907 4
1738724145293 168.70418667970216 5
1738724145295 168.70343688707953 6
1738724145297 168.70270957130666 7
1738724145299 168.70200400088578 8
1738724145302 168.70131946952745 9
1738724145304 168.7006552952466 10
1738724145306 168.70001081949255 11
1738724145308 168.6993854063105 12
1738724145310 168.6987784415348 13
1738724145312 168.69818933201117 14
1738724145314 168.697617504848 15
1738724145317 168.69706240669555 16
1738724145319 168.69652350305054 17
1738724145321 168.69600027758753 18
1738724145323 168.69549223151392 19
1738724145325 168.69499888294914 20
1738724145327 168.69451976632598 21
1738724145329 168.6940544318145 22
1738724145332 168.6936024447663 23
1738724145334 168.69316338517942 24
1738724145336 168.6927368471827 25
1738724145338 168.6923224385387 26
1738724145340 168.691919780165 27
1738724145343 168.69152850567252 28
1738724145345 168.69114826092087 29
1738724145347 168.6907787035896 30
1738724145349 168.69041950276502 31
1738724145351 168.69007033854206 32
1738724145353 168.68973090164027 33
1738724145356 168.689400893034 34
1738724145358 168.6890800235954 35
1738724145360 168.68876801375092 36
1738724145363 168.68846459314946 37
1738724145366 168.6881695003429 38
1738724145368 168.68788248247802 39
