1738724520247 178.01963700299484 0
1738724520288 173.6047397650935 1
1738724520331 166.59360917261688 2
1738724520372 154.67139937153974 3
1738724520412 158.99600092776976 4
1738724520447 166.6236578330151 5
1738724520482 220.47313644691545 6
1738724520516 152.13451582306132 7
1738724520552 197.00016502024823 8
1738724520587 134.55243816013913 9
1738724520621 154.43780494981317 10
1738724520655 180.23274866022453 11
1738724520689 154.5486015059986 12
1738724520722 165.571636315093 13
1738724520755 180.65594470007457 14
1738724520788 172.81686867313556 15
1738724520821 158.78131350056614 16
1738724520854 171.06132220166523 17
1738724520887 151.89579087985584 18
1738724520920 161.64120983113804 19
1738724520953 189.08814399360074 20
1738724520986 175.18711080499526 21
1738724521019 188.21717189583433 22
1738724521052 168.2965435322036 23
1738724521084 141.78507884122033 24
1738724521117 162.87696481087028 25
1738724521150 169.76299718414597 26
1738724521182 183.5389038232314 27
1738724521225 163.48398232735093 28
1738724521261 138.51461179567997 29
1738724521296 171.5805719142792 30
1738724521332 171.3013983259566 31
1738724521366 178.4797277010793 32
1738724521401 188.97765169483787 33
1738724521435 169.31523272528946 34
1738724521471 159.23405772240804 35
1738724521505 142.04834596900866 36
1738724521539 159.83488780276255 37
1738724521573 202.0699859288789 38
1738724521607 166.13756028962342 39
1738724521640 177.9237096770597 40
1738724521674 153.7771443149294 41
1738724521708 170.4968796965217 42
1738724521742 179.72573460362597 43
1738724521775 181.7158418023346 44
1738724521810 154.1005802163333 45
1738724521846 175.92075542272133 46
1738724521881 192.84839122938038 47
1738724521915 156.57069215414967 48
1738724521949 207.71927715209858 49
1738724522007 196.2243946360959 50
1738724522087 157.24196383970227 51
1738724522129 173.42797423207784 52
1738724522163 171.9694091181734 53
1738724522198 184.9300452395073 54
1738724522232 183.31137939814508 55
1738724522266 164.86969005536852 56
1738724522301 181.40320210246884 57
1738724522335 162.96959602260972 58
1738724522369 189.41101477301282 59
1738724522403 174.1373637389965 60
1738724522437 149.64276975363634 61
1738724522471 153.63232215622625 62
1738724522505 158.75971599027753 63
1738724522540 202.53770204069403 64
1738724522574 158.65913909258117 65
1738724522607 166.46681552766663 66
1738724522641 164.58049703786295 67
1738724522676 186.06307096166913 68
1738724522710 137.1273864221298 69
1738724522744 169.75325146744805 70
1738724522778 172.3449651265758 71
1738724522812 147.77272915069997 72
1738724522846 158.1541139100934 73
1738724522879 162.04232130520117 74
1738724522913 165.45752002849443 75
1738724522946 184.53689141414847 76
1738724522980 173.9356077067904 77
1738724523014 145.10246751287193 78
1738724523048 154.18824266862637 79
1738724523082 172.59491408904063 80
1738724523116 153.23504430351323 81
1738724523150 171.03091543688106 82
1738724523184 190.8218904485373 83
1738724523217 148.41410005062818 84
1738724523251 164.99288433495036 85
1738724523285 156.15026941340025 86
1738724523319 165.49799630527218 87
1738724523352 154.87802068844658 88
1738724523385 169.2991058585269 89
1738724523419 155.5477336946452 90
1738724523453 175.3855318794211 91
1738724523487 157.0081751200219 92
1738724523540 179.56854179640158 93
1738724523573 166.80491879405372 94
1738724523606 172.65378118481001 95
1738724523638 154.7647796400611 96
1738724523671 179.57594197173918 97
1738724523703 203.06422516276862 98
1738724523736 146.9847400422805 99
1738724523769 198.3859562830984 100
1738724523804 165.8829767271461 101
1738724523839 193.51487534181905 102
1738724523873 183.14597744354816 103
1738724523907 168.96379370964434 104
1738724523941 175.72130833713345 105
1738724523976 170.25737480838833 106
1738724524011 145.88309603935335 107
1738724524045 167.63530730416772 108
1738724524079 158.95080737180686 109
1738724524113 183.63470943880768 110
1738724524175 154.63948462819394 111
1738724524210 160.11245745127846 112
1738724524244 177.87299394023893 113
1738724524277 178.6688064402888 114
1738724524312 170.8757817069271 115
1738724524347 170.67913316984848 116
1738724524381 167.11091371903925 117
1738724524415 173.64059799311863 118
1738724524449 173.28053171613462 119
1738724524483 158.52728460509613 120
1738724524518 138.6683028412981 121
1738724524552 165.2740949976057 122
1738724524587 186.4196160274274 123
1738724524622 163.97916153163527 124
1738724524656 127.93695249439986 125
1738724524690 190.23007076760882 126
1738724524724 152.05783031292245 127
1738724524759 153.78483206850336 128
1738724524793 156.57078633865973 129
1738724524828 161.56848753192804 130
1738724524862 162.43278979155437 131
1738724524897 175.2300918616953 132
1738724524931 161.39596736574063 133
1738724524965 172.1439666416398 134
1738724524998 165.0799032796963 135
1738724525032 170.24183914304203 136
1738724525067 172.12748787579312 137
1738724525102 164.20653610386802 138
1738724525137 206.3518161702827 139
1738724525171 165.76007186972942 140
1738724525205 157.98337169591466 141
1738724525239 173.1140069446497 142
1738724525274 167.48769593995874 143
1738724525308 171.9860748031051 144
1738724525341 146.28155743006727 145
1738724525375 164.17248475462068 146
1738724525408 160.04896576971805 147
1738724525442 146.71411453164382 148
1738724525475 189.07170090547876 149
1738724525508 142.64411793861785 150
1738724525542 186.0570680215287 151
1738724525575 154.78498658440995 152
1738724525608 163.41308093392973 153
1738724525641 147.87796643222543 154
1738724525674 176.33154563329532 155
1738724525707 170.23362280347192 156
1738724525740 176.65865341943416 157
1738724525773 149.80958052450444 158
1738724525806 176.4048193215786 159
1738724525840 171.29400637276862 160
1738724525873 185.65852917901586 161
1738724525906 176.1332101826959 162
1738724525939 184.22700244706854 163
1738724525972 167.47694425634074 164
1738724526005 195.84398536119636 165
1738724526039 237.5534559442929 166
1738724526072 163.92199629633168 167
1738724526106 176.9998597280742 168
1738724526139 169.71251959048323 169
1738724526172 159.30633603687585 170
1738724526206 176.22555334560633 171
1738724526240 169.10998434205715 172
1738724526275 177.0897769788338 173
1738724526310 171.76764334135845 174
1738724526343 180.70130182482924 175
1738724526376 145.19842359029175 176
1738724526409 187.84224311730432 177
1738724526442 165.89968757894135 178
1738724526475 169.11014368384483 179
1738724526508 154.6918336306629 180
1738724526541 179.90049223811272 181
1738724526574 166.46270976137342 182
1738724526607 152.64769739501293 183
1738724526640 167.50124382483548 184
1738724526674 185.08694250584298 185
1738724526707 166.76454305046525 186
1738724526740 163.70896323564068 187
1738724526773 164.64528040946962 188
1738724526806 147.495677972123 189
1738724526838 181.5857832275358 190
1738724526871 149.80775300446584 191
1738724526903 149.59420710899553 192
1738724526936 181.46841591552914 193
1738724526969 156.76532887948352 194
1738724527001 152.44749706764816 195
1738724527034 168.0811869202663 196
1738724527067 157.47268628897163 197
1738724527099 184.9753866042874 198
1738724527132 174.97525435311348 199
1738724527165 195.6810024798639 200
1738724527197 134.63580578624223 201
1738724527231 138.06815248506436 202
1738724527282 187.98935501573783 203
1738724527344 181.19829150757755 204
1738724527399 167.54587184415283 205
1738724527433 122.24340987632233 206
1738724527468 166.4722778193018 207
1738724527503 168.4868130808848 208
1738724527539 175.6878340239875 209
