1738724490722 173.46000544526484 0
1738724490754 171.1819069106532 1
1738724490786 253.6429219738229 2
1738724490818 172.2939206865727 3
1738724490850 144.11435038115502 4
1738724490883 161.723277284551 5
1738724490916 169.1868348499842 6
1738724490948 172.35109612637768 7
1738724490980 165.8653452282437 8
1738724491012 147.43084350130022 9
1738724491045 193.49701975999966 10
1738724491077 155.63455943543823 11
1738724491109 161.641897463091 12
1738724491141 176.92784612959403 13
1738724491173 188.90233086668633 14
1738724491206 153.6140150951007 15
1738724491238 171.30221520263996 16
1738724491270 140.80992690630524 17
1738724491302 151.89974272334265 18
1738724491334 191.6580308711975 19
1738724491366 164.45568047378399 20
1738724491398 176.7772834816599 21
1738724491430 175.09770888868456 22
1738724491462 176.85795153515625 23
1738724491495 168.4795363234038 24
1738724491526 190.20856468780332 25
1738724491559 150.16229357265857 26
1738724491591 178.54416646839329 27
1738724491623 172.27027831727145 28
1738724491655 211.58248699118747 29
1738724491687 166.33330269082384 30
1738724491719 178.86516683980977 31
1738724491751 163.20829829869402 32
1738724491783 142.3541838713117 33
1738724491815 161.872093917355 34
1738724491847 180.8268471513063 35
1738724491879 175.98894724171348 36
1738724491910 157.04498726895665 37
1738724491942 210.7544123639631 38
1738724491974 151.68615902336884 39
1738724492006 174.37191561494714 40
1738724492038 161.08918696821524 41
1738724492070 168.07106904001162 42
1738724492101 147.69684401111897 43
1738724492133 166.20090257211177 44
1738724492165 175.28540792130622 45
1738724492197 158.7564503280969 46
1738724492230 142.11507793118142 47
1738724492262 143.64132013005653 48
1738724492293 170.03359425000542 49
1738724492329 155.84069760855502 50
1738724492361 171.21556800376374 51
1738724492393 163.28380990953187 52
1738724492425 172.1725526596555 53
1738724492457 176.62960937649558 54
1738724492489 176.78620406108237 55
1738724492521 160.19968731119755 56
1738724492553 179.68701513248226 57
1738724492585 183.99568497278295 58
1738724492617 170.01913296387076 59
1738724492649 178.18089359279477 60
1738724492681 169.35341727986997 61
1738724492713 156.24761260124944 62
1738724492745 188.6852786046086 63
1738724492776 164.97712710221984 64
1738724492808 154.75676651816858 65
1738724492840 177.33924770319493 66
1738724492872 166.2213484772584 67
1738724492904 156.99572528998056 68
1738724492935 158.21218620062646 69
1738724492967 179.36810357251935 70
1738724492999 212.76958917148647 71
1738724493031 148.2629962357332 72
1738724493062 158.2076877629116 73
1738724493094 172.26380944393816 74
1738724493126 186.57969570750146 75
1738724493157 174.43334549705807 76
1738724493189 184.59067685474997 77
1738724493221 193.88196217561946 78
1738724493253 160.63841202247144 79
1738724493284 139.22343522495015 80
1738724493316 173.37336891988394 81
1738724493348 181.9793429237913 82
1738724493380 171.60845166761996 83
1738724493412 180.65279452974445 84
1738724493443 181.29221208381534 85
1738724493475 192.46585439342712 86
1738724493507 174.0332469854255 87
1738724493539 166.5727226255364 88
1738724493571 170.72850182379497 89
1738724493602 177.0775637675779 90
1738724493634 152.2598781088176 91
1738724493666 168.61846211791809 92
1738724493698 176.41210321790692 93
1738724493730 186.81163400124362 94
1738724493761 182.46552918078214 95
1738724493793 160.6054188370361 96
1738724493825 140.49324798338887 97
1738724493857 176.53096379602212 98
1738724493889 165.7748292182881 99
1738724493920 154.0577631334716 100
1738724493952 179.4438628546245 101
1738724493984 162.55247774035547 102
1738724494016 178.68453155969559 103
1738724494048 162.73122047254705 104
1738724494079 175.9103235341476 105
1738724494111 152.81361972169216 106
1738724494143 165.42275170633144 107
1738724494175 193.03953153345435 108
1738724494206 198.865461323143 109
1738724494238 223.29523032653069 110
1738724494271 129.66155481601308 111
1738724494302 158.28147143781368 112
1738724494334 189.2294728890972 113
1738724494366 173.70808933901088 114
1738724494398 163.67796256324314 115
1738724494430 170.47485179858498 116
1738724494461 167.1566511080661 117
1738724494493 180.07504886259534 118
1738724494525 185.85376939484237 119
1738724494557 166.25716398448407 120
1738724494588 99.23717339481937 121
1738724494620 182.48984204971518 122
1738724494652 161.97174014476363 123
1738724494684 204.32605159245438 124
1738724494715 175.96921700605418 125
1738724494747 149.03314968238132 126
1738724494779 173.69770859534063 127
1738724494811 121.60109116049846 128
1738724494842 176.66837556983845 129
1738724494874 196.39251725955964 130
1738724494906 162.66426994433357 131
1738724494937 208.30657852809782 132
1738724494969 151.58916669175053 133
1738724495001 174.54674990690012 134
1738724495033 171.38146055907768 135
1738724495064 171.08010228705245 136
1738724495096 151.90170814775792 137
1738724495128 147.50391378339805 138
1738724495160 151.44499626580372 139
1738724495191 162.86404633797682 140
1738724495223 180.11818367178216 141
1738724495255 190.04241428325835 142
1738724495286 180.6225795377779 143
1738724495318 173.2410470806846 144
1738724495350 200.49280093669617 145
1738724495382 165.13886405821805 146
1738724495413 146.50670017832883 147
1738724495445 168.09006154434658 148
1738724495476 172.5609673194177 149
1738724495508 150.89428348541884 150
1738724495540 165.3501061642905 151
1738724495572 226.58189409022503 152
1738724495604 185.857425464113 153
1738724495636 171.10955280023904 154
1738724495669 175.4205430266867 155
1738724495702 165.33580765423568 156
1738724495735 173.5356266204084 157
1738724495768 165.6845049482772 158
1738724495801 186.46493965222945 159
1738724495834 173.27495236044095 160
1738724495867 157.30683970559977 161
1738724495900 152.6535957547986 162
1738724495932 148.12056576918621 163
1738724495964 170.5429917121273 164
1738724495997 182.11956083663776 165
1738724496029 180.73383045879692 166
1738724496061 160.07617616064704 167
1738724496094 170.01907896302532 168
1738724496126 171.22029749936354 169
1738724496159 177.1953150801955 170
1738724496191 163.72124516062985 171
1738724496223 155.49199212981674 172
1738724496256 187.69744341964477 173
1738724496288 168.801021881402 174
1738724496321 158.196541224214 175
1738724496353 180.26760780633168 176
1738724496386 165.3575437973188 177
1738724496418 161.1249347370778 178
1738724496450 165.53258200824192 179
1738724496483 136.8262536475209 180
1738724496515 167.90046601087556 181
1738724496547 170.33098781140347 182
1738724496579 192.8290533606427 183
1738724496611 174.28089600859923 184
1738724496644 169.07765693661915 185
1738724496676 149.75237576916498 186
1738724496708 171.26441066664674 187
1738724496740 164.69256265888558 188
1738724496772 178.9052097575211 189
1738724496804 145.34347556216514 190
1738724496836 166.15980589895238 191
1738724496868 173.08504157997754 192
1738724496900 207.47490532509872 193
1738724496932 156.7559641737531 194
1738724496964 189.25501675057865 195
1738724496996 162.04582361504293 196
1738724497028 186.44242345558683 197
1738724497061 156.6312744104953 198
1738724497093 184.6123098532528 199
1738724497125 131.95905217698376 200
1738724497157 152.50538354644823 201
1738724497189 169.23089820315073 202
1738724497221 180.75478190252815 203
1738724497253 158.45714102343243 204
1738724497285 164.12471702476546 205
1738724497317 191.66626336897963 206
1738724497349 136.85396248153964 207
1738724497381 175.751110681932 208
1738724497412 158.57355206019932 209
1738724497445 184.60253819097534 210
1738724497476 177.52253832037988 211
1738724497508 153.80402968137363 212
1738724497540 147.97649315598665 213
1738724497572 182.7272397697155 214
1738724497604 159.00785382161956 215
1738724497636 161.11365088545818 216
1738724497668 162.95792784128605 217
1738724497700 164.542843090094 218
1738724497732 197.7569057335518 219
1738724497764 185.07683807550904 220
1738724497796 184.25539503435462 221
