1738721996251 169.9553594954601 0
1738721996254 169.89486828833682 1
1738721996255 169.837003754015 2
1738721996257 169.78165138643405 3
1738721996258 169.7287017200133 4
1738721996259 169.67805010553366 5
1738721996260 169.62959649606697 6
1738721996262 169.5832452425007 7
1738721996264 169.54119790099904 8
1738721996266 169.5009063857412 9
1738721996267 169.46229578183525 10
1738721996269 169.42529443192723 11
1738721996270 169.39251576808525 12
1738721996271 169.36301830977587 13
1738721996272 169.3346824275139 14
1738721996274 169.3074593203026 15
