1738726698925 169.49359760677783 0
1738726698929 171.25250820507557 1
1738726698933 175.12294338370876 2
1738726698937 168.50114777761743 3
1738726698941 175.0487188948497 4
1738726698944 170.3100947686137 5
1738726698949 168.1989789490534 6
1738726698953 169.09607692618306 7
1738726698957 170.06709207743108 8
1738726698961 167.64936708614778 9
1738726698965 165.56290946023438 10
1738726698969 168.65396623551237 11
1738726698973 161.70701635735725 12
1738726698977 173.27134040651944 13
1738726698981 171.08439072764585 14
1738726698985 168.85081157753834 15
1738726698989 164.18723616997542 16
1738726698993 170.3912399595914 17
1738726698998 171.24352629634433 18
1738726699003 167.10492572346135 19
1738726699007 170.13694534454993 20
1738726699011 165.3339453593414 21
1738726699015 167.14717159003405 22
1738726699020 167.876251811158 23
1738726699023 170.07859825808873 24
1738726699027 167.2713370716759 25
1738726699031 165.08790345448608 26
1738726699035 174.3920991989557 27
1738726699039 169.80798870672834 28
1738726699043 169.00687449917044 29
1738726699046 169.95602501887 30
1738726699050 163.34760635855656 31
1738726699054 167.4539636854692 32
1738726699058 165.85678669613543 33
1738726699062 169.1664769191457 34
1738726699066 168.0510493095753 35
1738726699069 173.98356707257898 36
1738726699073 167.4951049521136 37
1738726699077 168.36793806303356 38
1738726699081 172.2843637204174 39
1738726699085 168.15642042555984 40
1738726699089 168.10702622795574 41
1738726699092 170.18915634073184 42
1738726699096 166.83004923584045 43
1738726699100 167.0474945573174 44
1738726699104 171.6120605567619 45
1738726699108 172.3072696035542 46
1738726699112 171.7855782361654 47
1738726699116 168.0375267272305 48
1738726699120 171.32888052369188 49
1738726699124 171.65432798709247 50
1738726699128 166.24900558199755 51
1738726699132 169.8542564680045 52
1738726699136 168.40826645832357 53
1738726699140 166.89118497212377 54
1738726699144 166.8924781345284 55
1738726699148 167.86234069307105 56
1738726699153 170.49169851170893 57
1738726699157 168.90263224992955 58
1738726699161 166.61625910320694 59
1738726699165 168.31760526426558 60
1738726699169 173.6073719066753 61
1738726699172 170.3172421887006 62
1738726699176 169.82163378363018 63
1738726699180 168.7675947641249 64
1738726699184 170.09494773971875 65
1738726699188 170.70366181092888 66
1738726699192 171.082424327978 67
1738726699196 168.26732655149897 68
1738726699199 170.08268813386985 69
1738726699203 169.9591907571103 70
1738726699207 169.74613131905525 71
1738726699211 169.96890157245394 72
1738726699215 170.88970397292067 73
1738726699219 168.3890680141414 74
1738726699222 170.38036629597184 75
1738726699226 170.37046083846263 76
1738726699230 169.72932785248665 77
1738726699234 169.37572245333016 78
1738726699238 167.76714178234732 79
1738726699242 171.80867725153934 80
1738726699245 166.61177579813977 81
1738726699249 169.47414633138067 82
1738726699253 167.06796335819067 83
1738726699257 168.9270666519238 84
1738726699261 169.31512375128975 85
1738726699265 168.89057041563083 86
1738726699269 167.8471160350245 87
1738726699272 166.8865194920497 88
1738726699276 170.260499924632 89
1738726699280 169.62475081355794 90
1738726699284 167.81101602839257 91
1738726699288 171.68770102000371 92
1738726699292 169.21758922973484 93
1738726699295 169.00968322607255 94
1738726699299 167.66445735847918 95
1738726699303 165.0230293705186 96
1738726699307 169.71052850782357 97
1738726699311 168.4299996627622 98
1738726699315 168.0380887121963 99
1738726699318 168.6252057299875 100
1738726699322 166.12766285870498 101
1738726699326 167.76355722345883 102
1738726699330 166.92329971547667 103
