1738726145169 169.73333678605775 0
1738726145172 170.11356383470897 1
1738726145176 169.15772603739399 2
1738726145179 168.55869348763918 3
1738726145183 170.34506295663658 4
1738726145187 168.04257978135897 5
1738726145190 168.46681171585828 6
1738726145194 167.71778523753727 7
1738726145198 168.3477398761429 8
1738726145201 169.2588473527025 9
1738726145205 169.8170391478794 10
1738726145209 168.11632493844573 11
1738726145212 168.97110641048567 12
1738726145216 168.10075988235346 13
1738726145219 168.70862813611473 14
1738726145223 167.0377179322624 15
1738726145226 169.08745015659264 16
1738726145234 169.8981619842694 17
1738726145241 168.59010256543078 18
1738726145246 166.04526560580462 19
1738726145249 171.15554474052612 20
1738726145253 167.926266316166 21
1738726145256 169.77191391165465 22
1738726145260 170.3714516424552 23
1738726145264 169.01621574564896 24
