1738722565175 170.1771953375978 0
1738722565177 167.1723215720606 1
1738722565179 168.42297214217996 2
1738722565182 165.09148986897347 3
1738722565184 167.59162747490578 4
1738722565186 166.6967576805117 5
1738722565188 169.0087016636242 6
1738722565190 169.4242633733118 7
1738722565192 168.31087342376134 8
1738722565194 167.86197014107375 9
1738722565196 170.24798043025473 10
1738722565198 169.1054995066171 11
1738722565200 171.01044010637068 12
1738722565202 167.5524127671502 13
1738722565204 166.7609240612316 14
