1738726277380 168.8443458953058 0
1738726277384 168.8414805408376 1
1738726277387 168.8387052994092 2
1738726277390 168.8360168634352 3
1738726277393 168.8334120621195 4
1738726277396 168.83088785546892 5
1738726277399 168.82844132857534 6
1738726277402 168.82606968615437 7
1738726277405 168.82377024732858 8
1738726277408 168.82154044064478 9
1738726277411 168.81937779931422 10
1738726277415 168.8172799566656 11
1738726277419 168.81524464180185 12
1738726277422 168.81326967545053 13
1738726277426 168.81135296599993 14
1738726277430 168.80949250571203 15
1738726277433 168.80768636710408 16
1738726277436 168.80593269949188 17
1738726277440 168.80422972568678 18
1738726277443 168.80257573883972 19
1738726277446 168.80096909942577 20
1738726277449 168.79940823236242 21
1738726277452 168.7978916242562 22
1738726277456 168.79641782077115 23
1738726277459 168.7949854241142 24
