1738723813189 188.1611186554121 0
1738723813226 180.10033583497145 1
1738723813262 163.15434179890275 2
1738723813298 166.68975629725549 3
1738723813335 204.79707816252298 4
1738723813372 187.79423785249466 5
1738723813408 158.3068539277968 6
1738723813445 151.69367660028158 7
1738723813481 194.09693834041843 8
1738723813539 147.42609061022904 9
1738723813577 175.52991085925538 10
1738723813614 161.83867051190856 11
1738723813650 159.1155220272604 12
1738723813687 160.1369289992341 13
1738723813724 170.55455324900717 14
1738723813760 141.05440687406218 15
1738723813797 148.3059172472185 16
1738723813833 126.84910356364665 17
1738723813869 158.84111340404317 18
1738723813906 150.40256669177268 19
1738723813942 215.72352646322136 20
1738723813979 157.93000029393244 21
1738723814015 149.58022934666448 22
1738723814051 180.94597893941778 23
1738723814088 174.42409892815758 24
1738723814124 173.87469000228913 25
1738723814160 159.034059407292 26
1738723814197 165.08303773066226 27
1738723814233 190.72791186815647 28
1738723814269 156.64788552567794 29
1738723814305 226.4847412370821 30
1738723814342 200.58435349626626 31
1738723814378 120.73500223144917 32
1738723814415 167.42510479505785 33
1738723814451 190.00136747107663 34
1738723814487 160.64886627215125 35
1738723814523 162.65778662771777 36
1738723814559 189.69265248374413 37
1738723814595 164.31495957753646 38
1738723814631 164.047186863796 39
1738723814667 207.8247641663123 40
1738723814703 137.7365486809994 41
1738723814739 167.29211083364328 42
1738723814776 196.727019331068 43
1738723814812 160.51214173041637 44
1738723814848 133.93562456545712 45
1738723814884 180.63372522117118 46
1738723814920 153.84050677339798 47
1738723814956 151.8013709548142 48
1738723814992 219.57335724913483 49
1738723815028 137.8974320275597 50
1738723815064 175.9552316370533 51
1738723815100 181.98055355029615 52
1738723815136 159.12345734645706 53
1738723815172 116.6666461242054 54
1738723815208 173.26090695412157 55
1738723815244 181.5201561196013 56
1738723815280 171.91285063913213 57
1738723815316 173.0885963959714 58
1738723815353 162.94468070170416 59
1738723815389 162.48063288153205 60
1738723815425 175.97430370948763 61
1738723815461 114.63971164318566 62
1738723815497 150.22794745738884 63
1738723815533 165.77562110523135 64
1738723815568 163.62730148468532 65
1738723815604 163.65457946288836 66
1738723815640 149.76214420924597 67
1738723815676 215.28664001956207 68
1738723815712 156.40514322622465 69
1738723815748 188.20757865999425 70
1738723815784 189.51136304344251 71
1738723815820 143.5414148098017 72
1738723815856 161.7469917770976 73
1738723815892 140.27639077940103 74
1738723815928 167.9325346136373 75
1738723815964 176.3828671689561 76
1738723816000 200.29385194945382 77
1738723816036 152.92760193367678 78
1738723816072 163.76507292927568 79
1738723816108 160.44619788065899 80
1738723816144 177.22622695833232 81
1738723816180 166.0017532360805 82
1738723816216 131.7073826137756 83
1738723816252 151.81913945244207 84
1738723816288 168.62921896502962 85
1738723816324 156.36656301951933 86
1738723816360 188.27678653006222 87
1738723816396 165.51504466582665 88
1738723816433 176.72933603793535 89
1738723816469 183.47240480115275 90
1738723816505 221.69996063484524 91
1738723816541 158.15450665286568 92
1738723816577 169.77608872120973 93
1738723816613 153.15691798138326 94
1738723816648 179.75822840143124 95
1738723816685 170.98293063551608 96
1738723816721 181.40856667048237 97
1738723816757 136.94780482373096 98
1738723816792 167.39328836305035 99
1738723816828 131.372708645691 100
1738723816864 168.79766829705503 101
1738723816900 172.9641130226577 102
1738723816936 156.21469150221523 103
1738723816972 166.77093954510065 104
1738723817008 157.30285233689145 105
1738723817043 198.09672162576615 106
1738723817079 164.7329647205858 107
1738723817115 138.90554399087327 108
1738723817151 138.2199050123156 109
1738723817187 129.85563193129406 110
1738723817222 170.1283606867976 111
1738723817258 160.99100571162276 112
1738723817294 184.5067125769659 113
1738723817331 167.873109366892 114
1738723817368 172.7931297111538 115
1738723817404 199.00570197759137 116
1738723817441 129.0999785429444 117
1738723817477 142.1737286546093 118
1738723817514 153.80023216596533 119
1738723817551 172.2251366856728 120
1738723817587 182.69875682507134 121
1738723817623 168.8836640662598 122
1738723817659 165.01651838373533 123
1738723817696 182.02684237224003 124
1738723817732 168.2789342554757 125
1738723817768 152.7408419136277 126
1738723817805 172.48602276357587 127
1738723817841 173.75339424908537 128
1738723817877 157.7149412505299 129
1738723817913 123.23946889557692 130
1738723817949 165.90622059810494 131
1738723817986 161.5188548267182 132
1738723818022 193.54264287653814 133
1738723818058 189.3407547764603 134
1738723818094 130.70509807817868 135
1738723818130 188.86540111190556 136
1738723818166 172.1209616756078 137
1738723818202 213.3487445710357 138
1738723818238 183.39910014074704 139
1738723818275 175.28423237986124 140
1738723818311 175.3995755232383 141
1738723818347 137.76471205176074 142
1738723818383 189.41054649334953 143
1738723818420 175.1128422389517 144
1738723818456 175.53921377796084 145
1738723818492 158.93072498999717 146
1738723818529 175.62797043598835 147
1738723818565 159.9328979381058 148
1738723818601 176.8050898408094 149
1738723818637 174.37348080215526 150
1738723818673 111.73627388050839 151
1738723818709 169.8179766624525 152
1738723818745 130.84601035129384 153
1738723818781 166.9037912955252 154
1738723818817 159.68339231849183 155
1738723818853 165.09812078731503 156
1738723818889 165.15543967071176 157
1738723818925 199.1492047349159 158
1738723818961 164.34313549785378 159
1738723818997 202.3695545697717 160
1738723819033 162.4575109499514 161
1738723819068 155.97278282089698 162
1738723819104 168.29273410281363 163
1738723819140 173.24477590705456 164
1738723819176 152.51086211652353 165
1738723819212 170.11100338870702 166
1738723819248 166.58019944052012 167
1738723819284 154.71275640813846 168
1738723819321 169.42328443559583 169
1738723819357 173.7447083837676 170
1738723819394 173.20004132864779 171
1738723819430 164.8769202477286 172
1738723819467 163.01173684511184 173
1738723819503 177.16729235346668 174
1738723819539 169.42298589757587 175
1738723819576 113.28320770074666 176
1738723819612 166.7064800335363 177
1738723819648 159.7415426124658 178
1738723819685 163.81689881897168 179
1738723819721 172.17910416203688 180
1738723819757 167.89848352312856 181
1738723819794 190.94809550660702 182
1738723819830 160.7309041510879 183
1738723819866 194.88599131490278 184
1738723819902 165.959454888552 185
1738723819938 186.225504747392 186
1738723819974 119.59213999372133 187
1738723820010 179.54468115562273 188
1738723820047 165.9704638538858 189
1738723820083 169.60029622152976 190
1738723820119 196.90336256723958 191
1738723820155 156.3160483158006 192
1738723820191 145.68651036762728 193
1738723820227 137.02750399218766 194
1738723820263 177.718028313462 195
1738723820300 159.89830830948443 196
1738723820336 154.81416631847088 197
1738723820372 262.47022403804567 198
1738723820408 167.23394204335872 199
1738723820444 153.51440799569573 200
1738723820480 173.92672363458593 201
1738723820516 191.67044010420264 202
1738723820553 149.0640724061413 203
1738723820589 161.55784949367015 204
1738723820625 142.74055749197117 205
1738723820661 165.17303927196278 206
1738723820697 175.49324225898485 207
1738723820733 182.59742532769187 208
1738723820768 161.38731362025175 209
1738723820804 212.00516323822737 210
1738723820840 210.150367796428 211
1738723820876 155.51264696091988 212
1738723820912 181.16541688544726 213
1738723820948 162.40241654431648 214
1738723820984 154.3847071625971 215
1738723821020 149.1430726257976 216
1738723821056 180.97916509874977 217
1738723821092 170.90865832439522 218
1738723821128 203.30918821888315 219
1738723821164 173.67841257772108 220
1738723821200 175.578904934901 221
1738723821236 165.31287235773004 222
1738723821272 187.3801829087694 223
1738723821308 181.96283303614203 224
1738723821344 154.6606146124737 225
1738723821381 194.33876880055516 226
1738723821417 177.33848455368334 227
1738723821453 191.57778968068712 228
1738723821489 155.4786578486523 229
1738723821525 166.80841854883562 230
1738723821561 180.20946196624584 231
1738723821597 167.94745979338032 232
1738723821633 164.89524722385292 233
1738723821669 181.86457310028592 234
1738723821705 178.72203069097614 235
1738723821743 106.17896381259922 236
1738723821779 163.1980779550608 237
1738723821815 172.70075975607847 238
1738723821851 153.04863830680665 239
1738723821887 157.9501495541861 240
1738723821923 195.64211175743264 241
1738723821959 155.82055476124057 242
1738723821995 185.94699123629792 243
1738723822031 156.35302660938552 244
1738723822066 177.59232248004747 245
1738723822102 198.64313092995963 246
1738723822138 186.47319109495402 247
1738723822174 245.11942585355393 248
1738723822210 154.94861686768797 249
1738723822246 156.3327901532001 250
1738723822281 162.10686082753583 251
1738723822325 181.8672525680375 252
1738723822362 198.10224398051963 253
1738723822399 163.05968344381992 254
1738723822436 173.51925703984722 255
1738723822473 154.144914270033 256
1738723822510 177.31168412936645 257
1738723822547 180.2760760099981 258
1738723822584 166.26509816090697 259
1738723822621 140.99144897024297 260
1738723822658 167.4730568791918 261
1738723822694 161.4529860506804 262
1738723822730 177.95996759137057 263
1738723822767 176.4095640246222 264
1738723822803 174.3949200687797 265
1738723822839 183.22857534639908 266
1738723822876 174.8163595043842 267
1738723822912 166.08483041386876 268
1738723822948 160.78392256207664 269
1738723822984 168.5712862010216 270
1738723823020 158.18636719525765 271
1738723823057 141.64175987631197 272
1738723823093 171.3146225988306 273
1738723823129 170.21308324694718 274
1738723823166 166.04874807665104 275
1738723823202 173.19091383848848 276
1738723823238 157.98604829470491 277
1738723823275 182.26975530457648 278
1738723823311 163.21003555028915 279
1738723823347 146.60464745584855 280
1738723823384 128.45090776530307 281
1738723823420 171.75184391685903 282
1738723823456 160.15875858302778 283
1738723823492 160.2531501755809 284
1738723823528 178.3002162616731 285
1738723823564 162.1361149168808 286
1738723823600 170.84908094588394 287
1738723823636 160.86301430687732 288
1738723823673 154.85475898810566 289
1738723823710 175.55080731596993 290
1738723823747 176.90384783959956 291
1738723823784 127.04567538569526 292
1738723823821 168.3623413951874 293
1738723823858 158.20612449231723 294
1738723823900 159.5125130016574 295
1738723823939 158.0235004384142 296
1738723823976 177.27452848049188 297
1738723824012 168.05062970351014 298
1738723824049 154.8025516937707 299
1738723824085 169.45306075023515 300
1738723824122 171.13900747618717 301
1738723824158 177.98500842460925 302
1738723824195 188.9513016634504 303
1738723824231 178.25971294342466 304
1738723824268 131.26730468879904 305
1738723824304 127.74186393757637 306
1738723824341 178.27114130430985 307
1738723824377 168.1284596434894 308
1738723824413 156.33044685477236 309
1738723824449 183.74591234080248 310
1738723824486 162.25929648471464 311
1738723824522 142.2109716803265 312
1738723824558 148.27757764138923 313
1738723824595 183.14835400871928 314
1738723824631 175.52589886137397 315
1738723824668 180.1845051100966 316
1738723824704 165.93656137155676 317
1738723824740 125.57143176622561 318
1738723824777 177.11243977900995 319
1738723824813 109.24485480413162 320
1738723824849 158.08573673075796 321
1738723824886 160.55134158640053 322
1738723824922 184.99765071787897 323
1738723824958 184.758927404384 324
1738723824994 164.82380529764708 325
1738723825032 206.76397941291143 326
1738723825068 199.7022648028381 327
1738723825104 187.77806259220495 328
1738723825141 152.62360130145444 329
1738723825176 150.93032735286548 330
1738723825212 147.70234273563867 331
1738723825248 178.01097915750546 332
1738723825284 142.9243535001627 333
1738723825320 185.2312355095673 334
1738723825356 165.31047275426704 335
1738723825392 200.6554195824586 336
1738723825428 174.26900117168515 337
1738723825464 214.34003250089233 338
1738723825500 180.165346699226 339
1738723825535 148.88306903755634 340
1738723825572 152.07627779088443 341
1738723825607 169.6732235210152 342
1738723825643 170.2948859849513 343
1738723825679 167.2732243784847 344
1738723825715 147.4252071831992 345
1738723825751 179.67796482006727 346
1738723825787 154.15381559902858 347
1738723825823 169.79124637760296 348
1738723825859 147.17218950389724 349
1738723825895 190.79216222019843 350
1738723825931 215.64026405766953 351
1738723825966 177.89578813204747 352
1738723826002 161.8491555785569 353
1738723826038 142.41347349524392 354
1738723826074 172.5000620174999 355
