1738726596097 165.19154890858587 0
1738726596101 169.00036379410383 1
1738726596105 167.78009012195665 2
1738726596108 168.2801511060225 3
1738726596113 174.13000554277946 4
1738726596117 168.7355172630427 5
1738726596121 170.0399142132322 6
1738726596125 170.1957446688473 7
1738726596129 167.32260490326206 8
1738726596133 168.6247254765765 9
1738726596137 166.46492382141773 10
1738726596140 172.0524444788343 11
1738726596145 167.79920812987737 12
1738726596153 168.6254608187434 13
1738726596160 167.66918903171018 14
1738726596170 165.1843127870833 15
1738726596180 170.27262532669627 16
1738726596186 168.97215663458238 17
1738726596192 169.9530985854355 18
1738726596196 170.8441630940327 19
1738726596200 171.7752566173261 20
1738726596205 166.69010755955895 21
1738726596209 172.9050864419875 22
1738726596214 172.98324931558957 23
1738726596221 169.3017463118326 24
1738726596230 173.09046441682736 25
1738726596234 170.67144746864108 26
1738726596238 169.6305172707966 27
