1738722154545 156.27961370360848 0
1738722154581 201.4737236331055 1
1738722154617 150.02319518573427 2
1738722154653 163.655164571834 3
1738722154688 145.44926208234386 4
1738722154725 151.5016926155996 5
1738722154761 166.44688375924397 6
1738722154798 157.02387534817666 7
1738722154834 173.38988760644608 8
1738722154870 208.72056173301382 9
1738722154906 155.52115061551086 10
1738722154942 170.90078763915736 11
1738722154977 174.18433259798115 12
1738722155014 199.73327697750167 13
1738722155050 207.15348681989465 14
1738722155085 163.50961066467727 15
1738722155122 157.9233016302969 16
1738722155158 147.39167787172113 17
1738722155194 146.8504787561793 18
1738722155229 142.4326347974398 19
1738722155265 176.21879536222133 20
1738722155301 176.20316679910476 21
1738722155337 164.457162332512 22
1738722155372 195.14790377546402 23
1738722155408 152.1936346623516 24
1738722155444 248.71649387986545 25
1738722155479 156.65741624241812 26
1738722155515 164.69140967299688 27
1738722155551 178.18913699446182 28
1738722155587 165.0123766599705 29
1738722155623 171.07973538811208 30
1738722155658 207.84658825116546 31
1738722155694 175.44815617088582 32
1738722155730 165.5137868090452 33
1738722155766 161.14420525718822 34
1738722155801 164.2419169551861 35
1738722155837 159.74870299265234 36
1738722155873 172.1011235775921 37
1738722155908 158.72978191399488 38
1738722155944 168.51562136483935 39
1738722155980 166.72302494245426 40
1738722156015 122.0120367057161 41
1738722156051 168.96055278272263 42
1738722156087 172.13168012609847 43
