1738724543675 165.5267840277044 0
1738724543709 185.2425448312109 1
1738724543742 157.84526474782484 2
1738724543775 170.4918511143328 3
1738724543808 174.63939410334692 4
1738724543841 160.808243440422 5
1738724543875 157.80519052772473 6
1738724543909 170.12682652630738 7
1738724543942 162.84543026734534 8
1738724543974 174.62665260617933 9
1738724544007 173.19707690869726 10
1738724544040 159.52003818357142 11
1738724544072 172.9106106330941 12
1738724544105 154.8066499282775 13
1738724544138 172.1959116864354 14
1738724544172 167.18301373750873 15
