1738724556615 168.66702385842984 0
1738724556619 168.31394721481198 1
1738724556622 171.17191863927803 2
1738724556625 166.2712024081729 3
1738724556628 166.61627658278962 4
1738724556631 168.1832395612889 5
1738724556634 168.18684984130584 6
1738724556637 167.44640754474239 7
1738724556640 170.02317009276825 8
1738724556643 166.80162636014745 9
1738724556646 168.32444594122956 10
1738724556649 170.4903652546279 11
1738724556652 169.64642326711277 12
1738724556655 170.79494846197517 13
1738724556658 169.60539505416585 14
1738724556661 167.9238407000254 15
1738724556664 166.98776801248488 16
1738724556667 169.10001060987287 17
1738724556670 167.28761681363872 18
1738724556673 168.72681781051992 19
1738724556676 171.82275864719747 20
1738724556679 168.6501985550408 21
1738724556682 170.13565475225627 22
1738724556685 168.72032293493973 23
1738724556689 170.52782034759937 24
1738724556692 169.63350358993878 25
1738724556696 169.29310926428244 26
1738724556699 169.155975748144 27
1738724556702 167.92713734218597 28
1738724556705 167.96661937699844 29
1738724556708 168.94148531878855 30
1738724556711 170.80683897251055 31
1738724556714 166.22092579189064 32
1738724556717 167.12498861982428 33
1738724556720 167.32175033261888 34
1738724556723 167.11057018000477 35
1738724556726 169.39879357519285 36
1738724556729 169.2082370157577 37
1738724556732 168.84759634115952 38
1738724556735 169.15547892962846 39
1738724556738 168.5301426289096 40
1738724556741 168.97235837175356 41
1738724556744 170.39262753016732 42
1738724556747 168.6215281109155 43
1738724556750 168.85508275388327 44
