1738726144221 169.87981864128304 0
1738726144225 169.8306837061328 1
1738726144228 169.78346308778532 2
1738726144231 169.7380790883049 3
1738726144234 169.69445726973774 4
1738726144237 169.65252631385277 5
1738726144241 169.61221788803087 6
1738726144244 169.57346651702855 7
1738726144247 169.5382247633033 8
1738726144250 169.50651689245262 9
1738726144254 169.47591900249432 10
1738726144258 169.4463895111112 11
1738726144261 169.41788848029128 12
1738726144264 169.390377548566 13
1738726144267 169.36381986612906 14
1738726144271 169.33818003271156 15
1738726144274 169.31342403809228 16
1738726144277 169.28951920512975 17
1738726144280 169.26643413520608 18
1738726144283 169.2441386559784 19
1738726144286 169.22260377133733 20
1738726144289 169.20180161347767 21
1738726144292 169.18170539698886 22
1738726144295 169.16228937487938 23
1738726144298 169.14352879644983 24
1738726144301 169.12539986693662 25
1738726144304 169.10787970884843 26
1738726144307 169.0909463249235 27
1738726144310 169.0745785626377 28
1738726144313 169.05875608019636 29
