1738722337535 237.8191515009977 0
1738722337567 216.1933905463355 1
1738722337599 255.39881959541196 2
1738722337632 144.84690170991644 3
1738722337664 106.77499188525428 4
1738722337696 224.00386202820133 5
1738722337729 235.5839319029474 6
1738722337761 200.39892809514183 7
1738722337794 140.84632853953792 8
1738722337826 229.33175522796105 9
1738722337858 158.54949723107848 10
1738722337891 153.0344591276568 11
1738722337924 285.4245200011294 12
1738722337957 254.80466379076546 13
1738722337990 119.71698622707548 14
1738722338022 115.51173392925173 15
1738722338055 190.68538554942216 16
1738722338087 94.69809971106517 17
1738722338120 148.19736823986662 18
1738722338152 185.65700894141662 19
1738722338185 225.35335454325704 20
1738722338217 145.19544280685187 21
1738722338250 165.2488262836605 22
1738722338282 172.5260681485266 23
1738722338315 223.01901677547835 24
1738722338347 75.91596021397643 25
1738722338380 140.18688891925993 26
1738722338413 210.97199453311688 27
1738722338445 94.69783623853 28
1738722338478 188.3341426414933 29
1738722338511 223.94586500411182 30
1738722338543 116.48988319572723 31
1738722338575 223.0579651639366 32
1738722338608 229.16580942417468 33
1738722338640 173.99672259487886 34
1738722338673 170.82594626411623 35
1738722338705 143.428169101464 36
1738722338738 185.60188100108516 37
1738722338770 235.0245350754128 38
1738722338803 173.15353909405687 39
1738722338835 134.25172713428705 40
1738722338868 185.97041405231352 41
1738722338900 189.54145983632716 42
1738722338932 151.61906691988392 43
1738722338965 147.6284354304104 44
1738722338997 153.73177074309618 45
1738722339030 151.63779536763926 46
1738722339062 173.61656510608523 47
1738722339094 125.97846781267832 48
1738722339126 168.26485919489576 49
1738722339159 144.77107779823882 50
1738722339191 144.3018311258601 51
1738722339224 201.7387153469639 52
1738722339256 171.89313624849623 53
1738722339288 149.1905884112197 54
1738722339321 178.6338674122649 55
1738722339354 91.02297574517708 56
1738722339387 173.7977156604581 57
1738722339420 122.70583467038031 58
1738722339452 235.23912311207283 59
1738722339485 133.39042215774472 60
1738722339517 200.51321118909615 61
1738722339550 181.46642468693284 62
1738722339582 280.1964465428828 63
1738722339615 156.61001012431976 64
1738722339647 190.8555293732759 65
1738722339680 176.74611304952737 66
1738722339712 133.0125656396927 67
1738722339745 255.31800793596756 68
1738722339777 237.90700752441137 69
1738722339810 123.61738597493935 70
1738722339842 141.9586195056681 71
1738722339875 81.14544542828183 72
1738722339907 139.6921892346929 73
1738722339939 191.7172774539694 74
1738722339972 205.64580793464356 75
1738722340004 170.67626410954645 76
1738722340036 149.77103741290014 77
1738722340068 140.20377195054652 78
1738722340100 101.82750887885867 79
1738722340133 299.03388548247625 80
1738722340165 161.25655728892818 81
1738722340197 122.299588294587 82
1738722340229 151.93438039381553 83
1738722340261 179.40705390805468 84
1738722340294 98.1974725783105 85
1738722340326 217.25940677482149 86
1738722340358 254.09946792920275 87
1738722340390 186.43359244930974 88
1738722340422 91.03195887115461 89
1738722340455 226.34696344410986 90
1738722340487 212.06947443358945 91
1738722340519 178.40296495937073 92
1738722340551 92.56840470710158 93
1738722340583 199.79868025871406 94
1738722340615 185.40526593926495 95
1738722340648 138.2736279554984 96
1738722340680 85.50292737791972 97
1738722340712 192.7238059769158 98
1738722340744 270.57004737002853 99
1738722340776 93.24683438078809 100
1738722340809 191.13347139341315 101
1738722340841 160.03513925382933 102
1738722340873 209.60739516920478 103
1738722340905 170.2542909872279 104
1738722340937 163.552872799731 105
1738722340969 140.27771646035862 106
1738722341001 95.36717021708718 107
1738722341033 196.61088213291453 108
1738722341065 164.0405308732812 109
1738722341097 169.7124443866974 110
1738722341129 227.40045816102244 111
1738722341161 160.6828552262963 112
1738722341194 102.85738672005458 113
1738722341226 102.00411685697857 114
1738722341258 214.03637498513947 115
1738722341290 110.70874861983019 116
1738722341322 189.7734238178479 117
1738722341354 156.5503365607601 118
1738722341386 314.7072500679675 119
1738722341418 151.38496613522892 120
1738722341450 215.60558313121513 121
1738722341482 114.9313859982657 122
1738722341515 133.57829371893266 123
1738722341547 138.40119004459157 124
1738722341579 155.05818629808647 125
1738722341611 214.28985418900422 126
1738722341643 211.05579445252795 127
1738722341675 200.20784047387826 128
1738722341708 187.4239604467912 129
1738722341740 214.0580007693455 130
1738722341772 256.14166515798536 131
1738722341804 214.88600597328485 132
1738722341836 314.7182643763913 133
1738722341868 161.15836378684523 134
1738722341900 216.82222917404667 135
1738722341932 142.83175702858887 136
1738722341964 217.31691664686414 137
1738722342004 161.87650856879176 138
1738722342051 136.9566282786449 139
1738722342084 412.2731856891492 140
1738722342117 191.03298260788162 141
1738722342150 156.60513443073742 142
1738722342183 502.3932054329454 143
1738722342215 133.77570264408624 144
1738722342248 245.5609420960862 145
1738722342280 135.57199520404575 146
1738722342313 160.32696360076204 147
1738722342346 210.63566043759718 148
1738722342378 151.50632645044757 149
1738722342411 147.94986845856874 150
1738722342443 235.99216995340106 151
1738722342476 156.4943699049161 152
1738722342508 97.66983409985755 153
1738722342540 153.51522363421108 154
1738722342573 105.15805255815083 155
1738722342606 86.74224735637078 156
1738722342638 226.11462075874198 157
1738722342670 95.87327816746004 158
1738722342703 170.59612266551957 159
1738722342736 176.88067477578323 160
1738722342768 208.58179607716124 161
1738722342800 206.70159676756043 162
1738722342833 211.0317096141919 163
1738722342865 168.1847501982538 164
1738722342898 143.60416290333632 165
1738722342930 218.60026885066418 166
1738722342962 97.90936444740603 167
1738722342995 115.51300343019186 168
1738722343027 204.17577526713694 169
1738722343061 169.48359183547856 170
1738722343093 201.14334829918897 171
1738722343126 177.99535507188622 172
1738722343159 67.21153432199601 173
1738722343192 130.14389900594597 174
1738722343224 191.33315289646043 175
1738722343257 209.39311151113998 176
1738722343289 181.97378215041215 177
1738722343323 197.64085718696774 178
1738722343355 259.5757886430117 179
1738722343388 121.66697928693124 180
1738722343421 96.45496574575445 181
1738722343453 188.32522708985306 182
1738722343486 183.9056204136227 183
1738722343518 154.78214802739882 184
1738722343551 279.4016452946897 185
1738722343584 150.0238777090758 186
1738722343617 130.51697265332524 187
1738722343649 106.40061588070172 188
1738722343682 259.172093563047 189
1738722343715 196.49092807755315 190
1738722343747 137.38163739012808 191
1738722343780 157.2071517558183 192
1738722343812 120.13405441612544 193
1738722343845 204.35163262382724 194
1738722343877 142.92940244473513 195
1738722343910 147.84864275493354 196
1738722343942 209.47888271958524 197
1738722343975 159.71160611353838 198
1738722344007 201.32658094813726 199
1738722344039 169.9541723778345 200
1738722344072 106.76594792052684 201
1738722344104 187.71462273118627 202
1738722344136 205.68170324829114 203
1738722344169 148.84410467634464 204
1738722344201 215.04371161643357 205
1738722344234 153.212312771379 206
1738722344266 138.84088418902127 207
1738722344299 111.10874871980612 208
1738722344331 435.834214040179 209
1738722344363 190.4865338090921 210
1738722344396 132.32612230058433 211
1738722344428 119.71199637140752 212
1738722344460 141.5363409921696 213
1738722344493 190.5615244696651 214
1738722344525 426.70874572267536 215
1738722344558 171.3219917907619 216
1738722344590 134.02742520318412 217
1738722344622 197.97580733112343 218
1738722344655 124.61783865700785 219
1738722344687 111.52901986080639 220
1738722344720 140.05941072579245 221
1738722344752 158.2396120802843 222
1738722344784 106.75444052734505 223
1738722344817 263.00239276102667 224
1738722344849 168.72941967554982 225
1738722344881 252.05088403453703 226
1738722344914 183.17130637769372 227
1738722344946 230.53302046336117 228
1738722344979 187.03548425817118 229
1738722345011 132.45637717693924 230
1738722345043 133.660674348883 231
1738722345076 239.22209072888575 232
1738722345111 194.82651183035594 233
1738722345143 322.1211894272566 234
1738722345175 212.66430061456344 235
1738722345208 293.4220252856508 236
1738722345240 184.3423780341752 237
1738722345272 103.61481841799815 238
1738722345304 135.14131033562987 239
1738722345337 178.81716837614405 240
1738722345369 147.40349981075133 241
1738722345401 183.88810176713562 242
1738722345433 75.99251780157279 243
1738722345465 143.5584587122795 244
1738722345498 223.91799085151294 245
1738722345530 147.9916349390232 246
1738722345562 92.96926978958743 247
1738722345594 171.8317428466913 248
1738722345627 193.85000472644086 249
1738722345659 143.77196367030874 250
1738722345692 192.50285384523755 251
1738722345724 268.46913493721655 252
1738722345756 141.4456368296747 253
1738722345788 189.32046989836317 254
1738722345821 169.14330927130072 255
1738722345853 346.1648865153893 256
1738722345885 241.16234404199244 257
1738722345917 203.5356012499928 258
1738722345950 166.24772366705218 259
1738722345982 182.26020611385724 260
1738722346014 164.4555188181985 261
1738722346046 158.7751592028521 262
1738722346079 199.5324048289669 263
1738722346111 153.26417782118895 264
1738722346144 225.35672092984493 265
1738722346176 257.727130516595 266
1738722346209 151.587999912572 267
1738722346241 63.109798756374644 268
1738722346273 132.84641714401806 269
1738722346305 170.07596936355716 270
1738722346338 151.24517351814282 271
1738722346370 114.52281842630893 272
1738722346402 240.76897700701764 273
1738722346435 176.51517145262108 274
1738722346468 219.89905806941903 275
1738722346501 194.36691452261599 276
1738722346533 324.53344878234446 277
1738722346566 74.75030870531752 278
1738722346599 156.89813578573074 279
1738722346631 749.035854914562 280
1738722346664 128.65622690656878 281
1738722346696 136.98270349228522 282
1738722346729 201.770961925629 283
1738722346761 161.7611775236271 284
1738722346794 244.1930790346362 285
1738722346826 190.50206133875287 286
1738722346859 164.04163602853444 287
1738722346891 65.76765005423961 288
1738722346924 202.0499373259322 289
1738722346956 187.8092939221412 290
1738722346989 175.46842366035568 291
1738722347021 199.85525331520563 292
1738722347054 166.8414639347297 293
1738722347086 183.69666073320235 294
1738722347119 64.17071875428306 295
1738722347151 158.01360232952135 296
1738722347184 189.32982077033003 297
1738722347216 239.12798088520995 298
1738722347248 163.7251174931025 299
1738722347281 160.14209722356742 300
1738722347313 198.50715492046768 301
1738722347345 131.26493764654438 302
1738722347377 155.07617046686696 303
1738722347410 118.5397143215786 304
1738722347442 137.42592344689552 305
1738722347475 105.79042398333785 306
1738722347507 183.96479186479837 307
1738722347539 189.94733057207787 308
1738722347572 168.3765668667882 309
1738722347604 189.52363904942976 310
1738722347636 197.63831175566312 311
1738722347669 147.44675971352407 312
1738722347701 152.08857085398068 313
1738722347734 174.44255675537076 314
1738722347766 124.59238796796531 315
1738722347799 175.23893107859516 316
1738722347831 247.35123653184638 317
1738722347863 202.32791337584672 318
1738722347895 155.17322716800803 319
1738722347928 176.52144421487753 320
1738722347960 173.8339170768804 321
1738722347992 129.22692537957747 322
1738722348024 192.28043502186551 323
1738722348057 182.61787560049567 324
1738722348089 197.20987884369117 325
1738722348121 32.87986448235446 326
1738722348154 137.63830290192195 327
1738722348186 151.6429167118012 328
1738722348218 216.26937861942253 329
1738722348250 189.04347901458394 330
1738722348283 155.04569051897016 331
1738722348315 201.38277724323703 332
1738722348347 136.52756125085375 333
1738722348379 159.34143755897645 334
1738722348411 369.4627552832145 335
1738722348444 114.0221673282861 336
1738722348476 158.30698575529266 337
1738722348508 507.7883938663468 338
1738722348553 173.26411066594957 339
1738722348586 232.58470809378815 340
1738722348619 160.11515913317288 341
1738722348652 154.9664458525237 342
1738722348685 206.47100976073045 343
1738722348718 168.22601423258712 344
1738722348750 190.30511650866814 345
1738722348783 113.07518526940233 346
1738722348816 140.87589749454537 347
1738722348848 142.3592559573418 348
1738722348881 127.43983574823702 349
1738722348914 134.39312791347547 350
1738722348946 97.46938706999534 351
1738722348979 178.56037501562798 352
1738722349011 215.9818837847524 353
1738722349044 206.6984164717884 354
1738722349077 218.50549111471886 355
1738722349110 209.56726030364632 356
1738722349142 254.50928392977556 357
1738722349175 137.7730308103778 358
1738722349207 190.43498922818765 359
1738722349240 205.5695871175337 360
1738722349272 70.0974529023106 361
1738722349305 93.0326374340807 362
1738722349338 199.21006179158866 363
1738722349371 154.0769867162975 364
1738722349403 153.26748861765716 365
1738722349436 67.26415710422683 366
1738722349468 181.79768230431927 367
1738722349501 286.8116746161562 368
1738722349533 155.82739303976803 369
1738722349566 193.35242355343914 370
1738722349598 120.45215204118531 371
1738722349631 126.28090609265496 372
1738722349663 272.30135077437177 373
1738722349696 175.46777062024893 374
1738722349730 164.72221204160527 375
1738722349763 495.62717425084116 376
1738722349796 101.40557493142923 377
1738722349829 189.05088496140283 378
1738722349862 138.72835626990408 379
1738722349894 202.43076243000374 380
1738722349927 183.92183290056906 381
1738722349960 69.71667144259379 382
1738722349992 161.64677457738813 383
1738722350025 185.26639445951042 384
1738722350057 153.78066406474298 385
1738722350090 159.16730565423723 386
1738722350122 418.6857615971851 387
1738722350155 201.30558298865716 388
1738722350187 155.4514437306095 389
1738722350221 162.79759404450695 390
1738722350254 171.7365934637898 391
1738722350286 159.5540662493141 392
1738722350320 153.27959132650176 393
1738722350353 351.0836993704446 394
1738722350386 197.1194701354243 395
1738722350419 193.00468922001443 396
1738722350451 115.39720617302517 397
1738722350484 191.38376352118266 398
1738722350517 240.7527266919027 399
1738722350550 149.18310835107735 400
1738722350582 65.44002844889555 401
1738722350615 161.45085211041686 402
1738722350647 183.86244889208245 403
1738722350680 198.38113761141094 404
1738722350712 218.41042975166863 405
1738722350745 183.33339988921233 406
1738722350777 152.80379642491417 407
1738722350810 187.082865157207 408
1738722350843 134.01286403964338 409
1738722350875 114.21547083168261 410
1738722350908 69.41838130843595 411
1738722350940 151.31475421092262 412
1738722350972 194.34252255026664 413
1738722351004 128.8623960686232 414
1738722351037 169.77956437660524 415
1738722351069 152.06769912948786 416
1738722351101 252.3496346213872 417
1738722351134 165.55864843016394 418
1738722351166 129.65613156120085 419
1738722351198 136.675483082397 420
1738722351230 141.65871138919707 421
1738722351263 139.3822238957301 422
1738722351295 329.4708120019529 423
1738722351327 89.354692551548 424
1738722351360 95.87195815686053 425
1738722351392 215.7482295830975 426
1738722351424 130.89476308413316 427
1738722351456 168.6101114468704 428
1738722351489 301.0254231682651 429
1738722351521 226.09438334814942 430
1738722351553 198.03021590215866 431
1738722351586 164.60546776759267 432
1738722351618 186.52909986289777 433
1738722351650 225.86733314121332 434
1738722351683 156.50307029638887 435
1738722351715 139.96277590419936 436
1738722351747 221.43095424286392 437
1738722351780 186.72209199326159 438
1738722351813 254.7109834873467 439
1738722351845 212.73044671486312 440
1738722351878 189.96160186364054 441
1738722351910 106.58748972251897 442
1738722351942 82.39470007430518 443
1738722351974 131.1785825558543 444
1738722352007 330.8463050465468 445
1738722352039 151.59371705715773 446
1738722352071 94.99073617411257 447
1738722352103 209.31719132196437 448
1738722352135 200.0599021114076 449
1738722352168 227.92326755555777 450
1738722352200 217.23599359485934 451
1738722352232 56.297563575459606 452
1738722352264 227.11808640250015 453
1738722352297 191.32473359279192 454
1738722352330 197.07765211817363 455
1738722352363 151.99190248906623 456
1738722352396 201.761127678864 457
1738722352429 154.81896623434838 458
1738722352461 128.29310732604006 459
1738722352494 153.7863767255031 460
1738722352527 126.83795680467331 461
1738722352560 159.93147336897565 462
1738722352593 146.69728754815125 463
1738722352626 155.4323822059467 464
1738722352658 184.33345984443443 465
1738722352691 229.08635888254997 466
1738722352724 182.66849727826204 467
1738722352757 156.7525255277805 468
1738722352789 203.73335135450088 469
1738722352822 268.12138797938053 470
1738722352855 208.6084048400466 471
1738722352887 208.12423116164214 472
1738722352920 145.1859922952915 473
1738722352952 241.3907877730921 474
1738722352985 218.3608319617087 475
1738722353017 158.78773680642917 476
1738722353049 172.13060865238907 477
1738722353082 148.0300782938728 478
1738722353114 172.24833748002524 479
1738722353147 147.90170212557285 480
1738722353179 222.77424378287063 481
1738722353211 197.6478346287868 482
1738722353244 154.66214367902052 483
1738722353276 199.28516897898365 484
1738722353309 181.8861405656198 485
1738722353342 243.33316250208927 486
1738722353374 221.52678047560963 487
1738722353406 38.78574815742929 488
1738722353438 120.95309369493297 489
1738722353471 86.46544481315117 490
1738722353503 237.5239140154814 491
1738722353535 198.3139965297927 492
1738722353568 156.98784632732983 493
1738722353600 168.74961105061084 494
1738722353633 156.81932819157151 495
1738722353665 140.919592456222 496
1738722353697 216.96900835625868 497
1738722353730 245.91751638487014 498
1738722353762 156.25010712981003 499
