1738726277614 176.61809504300012 0
1738726277618 173.83371387941057 1
1738726277622 168.54646717878785 2
1738726277627 167.63084041337154 3
1738726277631 169.94710122473376 4
1738726277635 168.64755117941118 5
1738726277639 167.82729264084878 6
1738726277643 168.52085810936393 7
1738726277647 167.25119683289824 8
1738726277651 167.76838185829467 9
1738726277656 167.65308007675287 10
1738726277660 168.4903577242032 11
1738726277664 169.5592628200153 12
1738726277669 167.0851768744281 13
1738726277673 169.18703774328742 14
1738726277677 168.3592085118363 15
1738726277681 168.68031367128623 16
1738726277685 171.06985180072212 17
1738726277689 170.76997642465588 18
1738726277693 167.98212104794104 19
1738726277697 167.92042667276894 20
1738726277701 166.84971519563604 21
1738726277704 166.98518314623334 22
1738726277709 170.81628378886646 23
1738726277713 170.38781127571403 24
1738726277718 172.54663184407207 25
1738726277721 165.72454899271514 26
1738726277726 169.4443621005907 27
1738726277730 169.7576517599868 28
1738726277734 168.60364074647063 29
1738726277737 170.25217041561058 30
1738726277741 170.63242994649357 31
1738726277745 166.93325211570928 32
1738726277749 168.97641730471463 33
1738726277753 170.6589278054179 34
1738726277757 169.32018289019211 35
1738726277761 165.6232761808795 36
1738726277764 168.10109874387646 37
1738726277768 170.17639697463264 38
