1738724434772 167.25330321846408 0
1738724434775 168.76169750519983 1
1738724434778 169.50988433956 2
1738724434781 168.38794335732115 3
1738724434784 169.09362848025845 4
1738724434787 169.78480249895216 5
1738724434790 168.05697220077914 6
1738724434793 172.27296429246195 7
1738724434796 168.84953158849646 8
1738724434799 167.25956085976873 9
1738724434802 169.38238965307707 10
1738724434805 168.21796599449115 11
1738724434808 168.89813098330325 12
1738724434811 167.88721976451293 13
1738724434814 169.34656580576626 14
1738724434817 169.55364254940156 15
