1738722371725 153.60507055655034 0
1738722371758 141.59573720625386 1
1738722371791 236.82772182717991 2
1738722371824 134.76305350771324 3
1738722371857 200.53993230535406 4
1738722371891 228.70726160495846 5
1738722371924 148.549500569979 6
1738722371957 82.02719739260769 7
1738722371990 172.1510666423496 8
1738722372022 124.88636388731487 9
1738722372055 180.03603910200692 10
1738722372088 188.51415909603338 11
1738722372121 181.40824417931216 12
1738722372154 144.9909949670607 13
1738722372187 177.01765831296333 14
1738722372220 38.91601447763239 15
1738722372253 151.8595945841572 16
1738722372286 195.88864076918674 17
1738722372319 173.17588011249296 18
1738722372352 165.77317803858602 19
1738722372385 168.7520146037447 20
1738722372418 148.34058592845852 21
1738722372450 128.96420995791644 22
1738722372483 197.427335487815 23
1738722372516 137.25351260838676 24
1738722372549 181.13674398949053 25
1738722372582 142.04253628712567 26
1738722372615 129.4310964495028 27
1738722372648 128.0813356425565 28
1738722372681 413.46309926196966 29
1738722372714 162.41268226780122 30
1738722372746 160.84366991753888 31
1738722372779 172.37075917669307 32
1738722372812 165.2351508086317 33
1738722372845 210.35027059384134 34
1738722372879 179.55207183023808 35
1738722372912 142.2596905980622 36
1738722372954 250.62330942470803 37
1738722372994 193.14480672626397 38
1738722373032 166.35153996794295 39
1738722373068 168.55167186470524 40
1738722373107 274.7274676387944 41
1738722373142 177.93960804714092 42
1738722373176 163.2628704301052 43
1738722373210 210.41714432309033 44
1738722373244 294.3771961903466 45
1738722373278 351.5156861460155 46
1738722373311 301.7012850670084 47
1738722373344 166.4840977888148 48
1738722373377 208.46473591807822 49
1738722373411 180.63056676114184 50
1738722373444 135.54214403230532 51
1738722373476 163.35391192715096 52
1738722373509 224.75915736811103 53
1738722373542 111.56340542006402 54
1738722373575 180.56497144252705 55
1738722373607 135.11258551612778 56
1738722373640 238.122778337288 57
1738722373673 63.00486834298793 58
1738722373705 126.33422411908153 59
1738722373738 81.93907581830325 60
1738722373770 166.26400415050625 61
1738722373803 197.72550095178778 62
1738722373836 174.47543750659761 63
1738722373868 158.39649941019454 64
1738722373901 155.07314894357177 65
1738722373934 109.18845685688021 66
1738722373966 124.83634220024392 67
1738722374000 442.1684646253244 68
1738722374039 141.01272257471692 69
1738722374073 207.0461394596275 70
1738722374108 252.8181168079303 71
1738722374144 136.88427844720457 72
1738722374179 299.4233546210536 73
1738722374214 155.9751861633618 74
1738722374247 181.12857622366587 75
1738722374281 184.46332707889567 76
1738722374316 218.85718063147263 77
1738722374350 156.48280400358027 78
1738722374383 162.14030970921522 79
1738722374416 184.47825603672354 80
1738722374449 232.09159845645956 81
1738722374481 194.68167463259059 82
1738722374514 193.1449565566537 83
1738722374547 251.20529025058508 84
1738722374580 153.35959072754125 85
1738722374612 192.82812703368225 86
1738722374645 175.8149773699077 87
1738722374678 142.02059912970446 88
1738722374711 140.2976258786882 89
1738722374743 179.04224421859436 90
1738722374776 114.52837870123531 91
1738722374809 131.4655828485459 92
1738722374842 164.87839643395495 93
1738722374874 104.99589021444213 94
1738722374907 121.86367542501185 95
1738722374939 173.02421308999786 96
1738722374972 144.22860254365708 97
1738722375004 114.17618276023617 98
1738722375037 153.47757354747483 99
1738722375069 197.39974892898744 100
1738722375102 133.84753010428997 101
1738722375134 109.33117647428648 102
1738722375167 251.64390807286475 103
1738722375199 161.9965280344867 104
1738722375232 121.26745814249577 105
1738722375264 198.41144571295703 106
1738722375296 207.75600428616028 107
1738722375329 148.69950111964383 108
1738722375361 93.69183431281205 109
1738722375394 114.97032293204127 110
1738722375427 215.247569431707 111
1738722375460 244.11189478900437 112
1738722375494 136.95322773683193 113
1738722375528 162.4898127776676 114
1738722375561 111.41893043237354 115
1738722375595 151.36142389019003 116
1738722375628 148.2049429976533 117
1738722375661 188.7905910183331 118
1738722375695 140.12357129745263 119
1738722375728 225.4657849387401 120
1738722375761 145.81240625888475 121
1738722375794 126.08284688464167 122
1738722375827 152.51263962698954 123
1738722375860 79.25642185669095 124
1738722375893 219.7332102416781 125
1738722375926 143.68432816624548 126
1738722375959 193.64443382657095 127
1738722375992 243.07001746873567 128
1738722376025 112.38225670286532 129
1738722376058 164.28008445688354 130
1738722376091 277.9718434096453 131
1738722376125 198.85697317789786 132
1738722376158 113.79646357677846 133
1738722376192 284.0862571343478 134
1738722376226 197.60405705926956 135
1738722376260 149.23563105466542 136
1738722376294 175.85248086813783 137
1738722376328 115.37224180771881 138
1738722376362 191.3990425785895 139
1738722376396 211.06821702297506 140
1738722376429 130.53866603559888 141
1738722376463 71.90021547329177 142
1738722376496 237.10842251768852 143
1738722376529 161.9936847165869 144
1738722376562 194.35039538742612 145
1738722376594 189.4634924021284 146
1738722376627 153.803839734128 147
1738722376660 151.17328611832474 148
1738722376693 92.86419276970106 149
1738722376725 224.2670905119408 150
1738722376758 274.1749272576095 151
1738722376790 176.26601773442542 152
1738722376823 123.86201810409067 153
1738722376855 146.0422775500672 154
1738722376888 186.91314305438718 155
1738722376920 144.96695926296846 156
1738722376953 207.5272547781519 157
1738722376986 209.2693650107591 158
1738722377018 219.44662656359105 159
1738722377052 118.12882085123833 160
1738722377087 191.27066169916833 161
1738722377122 186.22775277397776 162
1738722377156 229.3409430868606 163
1738722377190 96.53770304829948 164
1738722377226 168.2864363254136 165
1738722377262 214.66469761861623 166
1738722377299 67.06550923157229 167
1738722377336 162.9697672335505 168
1738722377371 254.83167523240982 169
1738722377406 185.89736282835003 170
1738722377441 207.55922078270385 171
1738722377477 227.35336390371359 172
1738722377512 184.99409342196225 173
1738722377547 102.7045347800741 174
1738722377603 139.43593727648454 175
1738722377640 209.41299052387154 176
1738722377675 215.0790010813746 177
1738722377711 121.90061852644295 178
1738722377747 140.55663250854604 179
1738722377783 70.48796300754103 180
1738722377818 266.61566446957926 181
1738722377854 231.07357686538748 182
1738722377890 143.37386124154528 183
1738722377928 189.41308324120345 184
1738722377964 125.7771027582699 185
1738722377998 155.19457176006634 186
1738722378033 231.13771706054044 187
1738722378068 100.6852956725877 188
1738722378102 179.03318933746579 189
1738722378137 230.60273908990703 190
1738722378172 54.57925316157456 191
1738722378208 220.76383837566473 192
1738722378243 126.45427192842227 193
1738722378278 107.90148517598391 194
1738722378314 124.89754487856216 195
1738722378349 264.9817976967581 196
1738722378385 263.46175041338813 197
1738722378420 203.14020840329852 198
1738722378455 152.50590412758925 199
1738722378491 249.2094215699815 200
1738722378526 210.75770819453112 201
1738722378561 187.36947344907225 202
1738722378596 179.48609839097975 203
1738722378631 209.86600097131728 204
1738722378667 137.12189669163544 205
1738722378702 230.0323453581878 206
1738722378736 179.1883894451457 207
1738722378771 206.80237777349853 208
1738722378805 155.16223977792282 209
1738722378840 76.00833671769486 210
1738722378875 191.8601813922289 211
1738722378910 172.98060811813585 212
1738722378945 131.6108293135585 213
1738722378980 118.23583796276482 214
1738722379015 168.19585343283322 215
1738722379049 115.33230850980182 216
1738722379085 133.10491769691555 217
1738722379121 102.41659492988917 218
1738722379167 113.27495143320708 219
1738722379202 177.28784634713296 220
1738722379238 171.7816486809144 221
1738722379273 320.1940085102808 222
1738722379310 117.58319267651031 223
1738722379346 64.03841869630287 224
1738722379390 152.67629025099905 225
1738722379432 54.27995172570995 226
1738722379493 156.49617837558623 227
1738722379531 199.7917175232053 228
1738722379569 150.49068820370726 229
1738722379615 108.35353128167891 230
1738722379658 165.95177381428428 231
1738722379693 147.1929994755998 232
1738722379728 178.39449268813328 233
1738722379764 351.7342216198959 234
1738722379799 225.3928623649342 235
1738722379835 149.79209784642157 236
1738722379871 108.42278221074767 237
1738722379906 168.78704741733537 238
1738722379941 210.4252355241893 239
1738722379974 175.40924713244902 240
1738722380009 185.07593663414968 241
1738722380043 165.47553901499484 242
1738722380076 61.41161943904109 243
1738722380110 88.22771683761133 244
1738722380145 218.12845143391826 245
1738722380180 182.2965809785849 246
1738722380215 166.46996455979055 247
1738722380250 195.86800660787165 248
1738722380289 144.79464735470097 249
1738722380326 155.7592765362442 250
1738722380361 232.34972232744718 251
1738722380396 69.77160478163667 252
1738722380430 196.4399201621173 253
1738722380465 185.6532686616283 254
1738722380506 138.27936187488763 255
1738722380541 289.19318006028936 256
1738722380577 231.4032131107818 257
1738722380612 199.68319803195064 258
1738722380647 198.57790204081024 259
1738722380683 144.13121985386329 260
1738722380721 198.07408274846537 261
1738722380757 198.0810094798696 262
1738722380792 269.95254148182624 263
1738722380827 165.46467970048292 264
1738722380862 101.99736173609122 265
1738722380924 136.99236898183935 266
1738722380959 147.78424490750515 267
1738722380993 151.96767318576025 268
1738722381028 289.97699959714697 269
1738722381061 159.4688506609686 270
1738722381094 172.91652912353078 271
1738722381128 159.0046624084522 272
1738722381161 202.7611205081638 273
1738722381194 63.651730300866085 274
1738722381227 194.95900647386833 275
1738722381260 91.93370616469856 276
1738722381294 154.5961114320744 277
1738722381327 205.26825971689084 278
1738722381360 203.0494466024315 279
1738722381395 150.1832203458711 280
1738722381429 172.31190232479798 281
1738722381463 216.22195915490366 282
1738722381497 132.08644552716567 283
1738722381531 259.01442377754665 284
1738722381565 203.4829866202645 285
1738722381600 141.9624147163324 286
1738722381635 195.44943451889742 287
1738722381669 189.02145628323504 288
1738722381704 198.1195148936721 289
1738722381739 120.1464469445006 290
1738722381774 163.73647778584046 291
1738722381810 243.95555021662403 292
1738722381845 221.18271504366118 293
1738722381879 105.20576182308889 294
1738722381914 297.7141764424378 295
1738722381949 158.92607489380683 296
1738722381983 74.02348870792211 297
1738722382017 99.5452452411641 298
1738722382052 187.5339540959938 299
1738722382088 184.11913125774518 300
1738722382123 118.54436290630136 301
1738722382158 117.21096565283554 302
1738722382193 199.98759310898825 303
1738722382228 146.9153645071153 304
1738722382263 141.4677384678939 305
1738722382324 163.9850591522253 306
1738722382365 116.80277324630795 307
1738722382402 230.82161973265286 308
1738722382438 168.7239457509651 309
1738722382472 192.83355916547205 310
1738722382509 139.7600208860042 311
1738722382544 119.10234193577489 312
1738722382579 57.55309014279207 313
1738722382613 176.53228776531836 314
1738722382648 121.78007761808188 315
1738722382682 147.33444429753138 316
1738722382718 178.6016425320765 317
1738722382753 212.19842084735768 318
1738722382788 156.673629698031 319
1738722382823 199.3769969731975 320
1738722382858 162.4418721477869 321
1738722382892 108.53321060819528 322
1738722382925 75.97971164599126 323
1738722382959 163.88317524246497 324
1738722382992 159.8540764441306 325
1738722383025 214.08967274942037 326
1738722383059 121.4037812675009 327
1738722383093 165.0068949978077 328
1738722383127 102.74178312598589 329
1738722383161 173.34984954415802 330
1738722383194 111.72861819112498 331
1738722383228 93.26318857786092 332
1738722383261 237.0896888469929 333
1738722383294 234.8826383696798 334
1738722383328 192.66496572357053 335
1738722383361 232.88269777664195 336
1738722383394 247.57298449732664 337
1738722383427 154.56617473274517 338
1738722383461 181.37797741703162 339
1738722383495 74.55499164037451 340
1738722383528 298.4129186301463 341
1738722383561 172.58522913780465 342
1738722383594 118.9023432982577 343
1738722383628 141.7705009623317 344
1738722383662 130.47943036959612 345
1738722383695 144.6194243142628 346
1738722383730 149.56689512518062 347
1738722383765 88.04160684114187 348
1738722383800 194.23156178153508 349
1738722383835 264.6511546519007 350
1738722383869 100.33777021138627 351
1738722383904 67.1415080219488 352
1738722383938 184.68537813362 353
1738722383972 160.0331126861513 354
1738722384007 209.51813541535827 355
1738722384041 175.35998653087643 356
1738722384075 378.21413019133485 357
1738722384109 170.74475429725894 358
1738722384144 123.07817049866216 359
1738722384177 303.7374823714665 360
1738722384211 33.44641040227681 361
1738722384244 152.2868257905372 362
1738722384279 0.04436614864138991 363
1738722384313 249.41027773943216 364
1738722384346 172.42554053899875 365
1738722384380 140.00258882232896 366
1738722384414 190.53635741611862 367
1738722384448 171.2237591621088 368
1738722384482 195.12278803242097 369
1738722384516 200.916391449461 370
1738722384551 215.499645976244 371
1738722384584 182.65495735244207 372
1738722384619 103.53382810285018 373
1738722384653 132.20715332000205 374
1738722384688 215.4596034895814 375
1738722384722 119.01320520468121 376
1738722384756 161.77572802533123 377
1738722384791 217.58271148078072 378
1738722384825 201.6635564413157 379
1738722384859 181.11830561929358 380
1738722384894 136.50071374051774 381
1738722384928 57.26625296929556 382
1738722384963 127.97779732876978 383
1738722384998 90.7941934784086 384
1738722385033 190.5220848586383 385
1738722385067 165.3555734925372 386
1738722385102 143.4567618315283 387
1738722385136 195.33310166015525 388
1738722385170 153.8623135361705 389
1738722385205 148.0082730197636 390
1738722385239 142.98619603657144 391
1738722385272 117.64252342241306 392
1738722385305 275.2210750528877 393
1738722385338 170.0934431222949 394
1738722385372 177.07707912633043 395
1738722385406 201.54257366550596 396
1738722385439 168.0963170695526 397
1738722385473 159.67962831796012 398
1738722385507 228.79579779735286 399
1738722385540 156.2414449637943 400
1738722385574 165.93282897665472 401
1738722385608 131.96430904967673 402
1738722385642 116.13178141034852 403
1738722385676 124.66188470279465 404
1738722385710 111.68708000024313 405
1738722385744 91.02057860377403 406
1738722385778 35.172738094107466 407
1738722385811 194.18059073437684 408
1738722385845 155.36619727394884 409
1738722385879 130.0471284519345 410
1738722385912 199.59020055838332 411
1738722385946 217.7360809501907 412
1738722385980 423.3201369316455 413
1738722386014 141.36943614094045 414
1738722386048 113.22967424215554 415
1738722386081 177.9880083763396 416
1738722386115 187.77035172738175 417
1738722386148 217.79516748264376 418
1738722386181 132.79489574391974 419
1738722386215 170.52674642032053 420
1738722386248 206.1727115830876 421
1738722386282 186.19047701921684 422
1738722386315 100.12179193341868 423
1738722386348 181.14924556124194 424
1738722386382 172.12315408361255 425
1738722386416 126.83588658871041 426
1738722386450 151.75956904940287 427
1738722386484 164.26450363932065 428
1738722386519 89.98278761552885 429
1738722386553 140.92916876471048 430
1738722386589 112.81363654040638 431
1738722386624 125.836736105084 432
1738722386658 362.01628676174727 433
1738722386693 183.45746364630554 434
1738722386729 123.0613312786906 435
1738722386763 160.5329379035733 436
1738722386798 229.48076107391194 437
1738722386832 109.05205733491324 438
1738722386867 146.44281693505576 439
1738722386902 190.0889097129932 440
1738722386937 123.08599701737722 441
1738722386971 180.75714414891706 442
1738722387006 164.91488373669154 443
1738722387041 117.6503977668629 444
1738722387076 155.5804857670352 445
1738722387112 283.1015574543417 446
1738722387147 48.64717327646668 447
1738722387181 145.0770965994114 448
1738722387217 165.42195324014097 449
1738722387252 175.80807632882141 450
1738722387287 231.2012186672295 451
1738722387323 183.17471741864887 452
1738722387358 156.2404247885042 453
1738722387393 127.72146589341132 454
1738722387427 169.57762797406025 455
1738722387461 182.4185294045005 456
1738722387496 175.37595516971137 457
1738722387531 99.72739358983502 458
1738722387566 134.332991732294 459
1738722387600 143.23508225114847 460
1738722387635 200.4436176290993 461
1738722387669 274.3077171137656 462
1738722387703 137.51887096108467 463
1738722387736 177.8166923162561 464
1738722387770 161.23666122260474 465
1738722387803 258.3183210977733 466
1738722387836 106.79586125525312 467
1738722387869 198.09189672847253 468
1738722387902 231.35033010836813 469
1738722387936 123.58415795037352 470
1738722387969 235.68239839571578 471
1738722388001 150.26453603708683 472
1738722388035 203.36605626683013 473
1738722388067 317.7446515007802 474
1738722388100 222.5900050957699 475
1738722388133 148.89048226843292 476
1738722388166 167.57182449602283 477
1738722388199 138.2268405471643 478
1738722388232 184.0679885713603 479
1738722388265 139.71012060778082 480
1738722388297 118.59859607350397 481
1738722388330 162.6554551430187 482
1738722388363 161.22439293735908 483
1738722388396 215.70557762659155 484
1738722388430 280.87766200396425 485
1738722388463 178.55320741396002 486
1738722388495 160.56370497383918 487
1738722388528 210.6674873982676 488
1738722388561 152.61506147678008 489
1738722388593 167.36279644990108 490
1738722388627 99.80701487473794 491
1738722388661 205.9047790870516 492
1738722388695 101.48357274902035 493
1738722388729 94.30744386641133 494
1738722388763 181.26477151131925 495
1738722388796 126.00484014560374 496
1738722388829 187.60485165702147 497
1738722388862 118.58432018179234 498
1738722388895 199.4308158078953 499
