1738724054275 159.32771300645817 0
1738724054309 155.79838766829397 1
1738724054343 188.50265575034027 2
1738724054376 153.4760611048288 3
1738724054409 148.613560766646 4
1738724054443 191.21210803030837 5
1738724054477 187.10529990558226 6
1738724054510 157.1776983247595 7
1738724054543 170.78133692362724 8
1738724054576 199.95368426696618 9
1738724054609 185.9884707747436 10
1738724054642 191.85652397299475 11
1738724054676 165.56832324532715 12
1738724054708 164.39684098020592 13
1738724054742 150.6441318398636 14
1738724054775 172.25678926826146 15
1738724054808 144.29764544848533 16
1738724054841 156.00871134822472 17
1738724054874 175.19117377009889 18
1738724054907 161.69446872971315 19
1738724054940 156.53393244274392 20
1738724054973 153.1655160585968 21
1738724055006 142.66357142001843 22
1738724055039 176.46318028846983 23
1738724055072 141.48037649170453 24
1738724055105 186.02051407313928 25
1738724055138 173.94830433158654 26
1738724055171 162.44642010066346 27
1738724055204 172.30837570824113 28
1738724055236 166.41040137612208 29
1738724055269 165.29120238006476 30
1738724055302 199.65409285122098 31
1738724055335 192.17545369702248 32
1738724055368 168.66659193692874 33
1738724055401 179.1117533581085 34
1738724055434 176.34998331482822 35
1738724055467 153.80685992999486 36
1738724055500 160.72475630951743 37
1738724055533 184.546740384656 38
1738724055565 169.23511581157464 39
1738724055598 151.77046216020204 40
1738724055631 153.5901558088955 41
1738724055664 155.59335900481048 42
1738724055697 170.35471561613824 43
1738724055730 172.82720252421134 44
1738724055763 161.96025905985329 45
1738724055796 170.44606857551315 46
1738724055829 161.3882080557124 47
1738724055862 160.3716756915044 48
1738724055895 164.05272926486043 49
1738724055928 171.5128519063905 50
1738724055961 206.33925150236618 51
1738724055994 150.80734783280863 52
1738724056027 160.25010561352752 53
1738724056060 187.2998967630598 54
1738724056093 147.36043696327465 55
1738724056126 167.8475527702735 56
1738724056159 181.9571323159874 57
1738724056192 196.5808659608099 58
1738724056224 181.162619462258 59
1738724056257 170.4775406340567 60
1738724056290 165.65687064739134 61
1738724056323 156.37598373451058 62
1738724056356 185.03261536934372 63
1738724056389 167.10878713203118 64
1738724056422 213.52470122840847 65
1738724056455 186.74431457926823 66
1738724056488 147.96192281905107 67
1738724056521 162.00348796347365 68
1738724056553 171.3952280253306 69
1738724056586 184.57982229463536 70
1738724056619 172.76295197566927 71
1738724056652 173.7045263857639 72
1738724056685 197.21177448995525 73
1738724056718 167.34771489686375 74
1738724056751 169.4793572627592 75
1738724056783 173.73734606103596 76
1738724056816 176.05684893040115 77
1738724056849 187.30790876798523 78
1738724056881 182.1031840962242 79
1738724056914 155.0200567135667 80
1738724056947 180.2571057394517 81
1738724056980 184.78424460393762 82
1738724057013 189.9724101303927 83
1738724057046 275.8700347068877 84
1738724057078 172.60288154948447 85
1738724057111 156.39486229605552 86
1738724057144 177.0687323129222 87
1738724057177 178.1348334281156 88
1738724057210 183.29606119298543 89
1738724057243 159.15260960032214 90
1738724057275 168.02450531986068 91
1738724057327 168.13964770818464 92
1738724057364 157.51041548291724 93
1738724057398 164.2028261754445 94
1738724057432 181.42860936422886 95
1738724057465 168.34436354800837 96
1738724057498 148.6406265701263 97
1738724057531 182.98743953349182 98
1738724057565 168.3842224296555 99
1738724057599 178.55415695908718 100
1738724057633 134.16747557882272 101
1738724057667 158.93530341625117 102
1738724057700 211.29603521873315 103
1738724057734 160.742775355079 104
1738724057767 178.771045008035 105
1738724057801 165.57020882273503 106
1738724057834 161.63765348408396 107
1738724057868 202.77387136943707 108
1738724057901 170.92958570104494 109
1738724057935 175.40930313091621 110
1738724057968 152.5684400037098 111
1738724058002 175.50020561880706 112
1738724058035 163.97199886749317 113
1738724058069 176.71723075980174 114
1738724058103 150.34292002838345 115
1738724058137 154.57727298748216 116
1738724058171 140.79535768073697 117
1738724058207 182.1883920606884 118
1738724058241 163.65923420867037 119
1738724058275 190.91400577999775 120
1738724058309 161.9149312664534 121
1738724058343 172.79766757654704 122
1738724058377 164.250897112382 123
1738724058411 162.24397361249143 124
1738724058445 166.06815675953555 125
1738724058482 182.94831702892873 126
1738724058515 189.6672192342716 127
1738724058549 195.2338496557751 128
1738724058583 174.9066958579417 129
1738724058617 172.40172643363292 130
1738724058650 158.14383700367898 131
1738724058684 172.58443288123178 132
1738724058717 195.16994694298407 133
1738724058751 232.43715956078583 134
1738724058784 144.8486029555566 135
1738724058818 166.8229657016594 136
1738724058851 185.37516018169094 137
1738724058885 164.6282078120461 138
1738724058918 181.40637027088832 139
1738724058952 173.5544663925692 140
1738724058985 160.05726601103987 141
1738724059019 153.7792922486189 142
1738724059052 137.76100263873212 143
1738724059086 155.3244565183997 144
1738724059119 158.44973492415758 145
1738724059152 176.0301770250099 146
1738724059186 169.8034627907329 147
1738724059219 175.55871097827557 148
1738724059253 168.0386393186768 149
1738724059286 150.72129933216243 150
1738724059320 167.61878110522343 151
1738724059353 189.2138911998807 152
1738724059387 162.7225944259972 153
1738724059420 201.8008087063963 154
1738724059454 189.49961727333903 155
1738724059487 124.69922749774689 156
1738724059521 158.47996494290783 157
1738724059554 159.4170288317836 158
1738724059588 169.5880275540367 159
1738724059621 153.97657122115834 160
1738724059654 161.52327311550832 161
1738724059688 262.85922341109006 162
1738724059721 174.8197602056753 163
1738724059755 157.25251620063747 164
1738724059788 160.58612309660734 165
1738724059821 162.44279240986836 166
1738724059854 171.323554189237 167
1738724059888 167.769886269991 168
1738724059921 133.19857106546647 169
1738724059954 173.05516107111995 170
1738724059987 192.3341379506627 171
1738724060021 159.92511338824377 172
1738724060054 156.59246594764724 173
1738724060087 155.66317730369536 174
1738724060121 176.23098699701603 175
1738724060154 165.891797892071 176
1738724060188 168.13007641926507 177
1738724060221 161.99000505470275 178
1738724060254 175.18123413047536 179
1738724060287 159.82199031668506 180
1738724060320 159.56147189897356 181
1738724060354 165.12239205177005 182
1738724060387 136.10234188601103 183
1738724060420 170.87676825270938 184
1738724060453 165.992816837347 185
1738724060487 179.9920627924427 186
1738724060520 161.12205811265622 187
1738724060554 205.80563053978685 188
1738724060587 152.91066155583317 189
1738724060620 183.08841218099442 190
1738724060653 159.64753001089653 191
1738724060686 154.8753729173351 192
1738724060719 162.3573847320043 193
1738724060752 173.61145232271818 194
1738724060786 164.60874358466265 195
1738724060819 175.9417950977014 196
1738724060852 172.8911064696355 197
1738724060885 164.17638768520752 198
1738724060918 152.9628649624535 199
1738724060952 161.14111213030455 200
1738724060985 168.43550101227586 201
1738724061018 158.18820915468132 202
1738724061051 184.78510521799322 203
1738724061084 160.3212912352054 204
1738724061117 186.37394561168614 205
1738724061150 158.23630060112217 206
1738724061183 168.07529094764 207
1738724061216 183.15879997816197 208
1738724061249 209.11556862385063 209
1738724061282 175.86074782002845 210
1738724061315 158.46477487214074 211
1738724061349 171.8969177944259 212
1738724061383 163.76166027390954 213
1738724061417 187.3298297547443 214
1738724061451 173.47383711037722 215
1738724061485 171.35575526936276 216
1738724061519 162.3252767719984 217
1738724061553 167.66053260000587 218
1738724061586 165.94069717937504 219
1738724061620 140.50596915727064 220
1738724061654 159.5299385813596 221
1738724061687 151.06504013062857 222
1738724061721 176.01428012142304 223
1738724061754 172.96947050529076 224
1738724061788 154.52265332938381 225
1738724061821 172.30143257067002 226
1738724061855 165.67983917594236 227
1738724061889 191.19841751416766 228
1738724061922 152.91976104620085 229
1738724061955 183.8362030360019 230
1738724061989 146.680619241324 231
1738724062022 149.32215536052468 232
1738724062056 175.64190130299446 233
1738724062089 184.30019740263197 234
1738724062122 139.61996636650133 235
1738724062156 184.80822661797896 236
1738724062189 157.56879798195905 237
1738724062223 189.58169093678003 238
1738724062256 151.25356324342013 239
1738724062289 175.05867708190505 240
1738724062330 136.7171241918624 241
1738724062366 166.43731310214304 242
1738724062400 167.48187184748593 243
1738724062435 163.47527822525876 244
1738724062470 173.34774219868737 245
1738724062504 132.9372945734082 246
1738724062537 163.48770854499486 247
1738724062571 163.11824645396445 248
1738724062605 165.19286712631626 249
1738724062639 172.08740779527105 250
1738724062673 161.1845923442244 251
1738724062707 154.62706485543973 252
1738724062741 155.6547513416271 253
1738724062774 201.13924533659932 254
1738724062808 165.6186763634171 255
1738724062842 226.46223062548788 256
1738724062876 206.41784907849964 257
1738724062910 176.71913474793564 258
1738724062944 208.05869085538592 259
1738724062978 146.08517073989182 260
1738724063011 182.23697544440193 261
1738724063045 149.17119339520477 262
1738724063079 151.56207922367625 263
1738724063112 202.823336967573 264
1738724063146 192.78603082649227 265
1738724063179 154.16372591357668 266
1738724063213 184.17803564893225 267
1738724063247 140.8802691883493 268
1738724063280 176.13686298861376 269
1738724063314 168.12545241452457 270
1738724063347 209.6534820695137 271
1738724063381 179.53717213127595 272
1738724063414 173.33241071062716 273
1738724063448 182.46276589458927 274
1738724063481 138.924353358703 275
1738724063514 176.34665572690525 276
1738724063547 149.52297770498967 277
1738724063581 155.57936348616064 278
1738724063614 177.42792189807068 279
1738724063647 161.53807927311144 280
1738724063681 179.99684724221402 281
1738724063715 152.09322132215618 282
1738724063748 197.95287557208195 283
1738724063782 183.03138171106374 284
1738724063815 170.67577123878434 285
1738724063848 176.57629532837748 286
1738724063881 158.61876132870896 287
1738724063915 178.70582731505226 288
1738724063947 148.54086475299448 289
1738724063981 171.9715779368036 290
1738724064014 165.47228275286872 291
1738724064047 171.4640835552199 292
1738724064081 148.02277931255472 293
1738724064114 178.86732139922375 294
1738724064147 161.28780695004173 295
1738724064181 162.1814980675844 296
1738724064214 176.829226269834 297
1738724064248 175.6897873804668 298
1738724064281 152.13818267161395 299
1738724064314 175.46452140616046 300
1738724064347 134.73285216819497 301
1738724064382 165.3785060452514 302
1738724064415 131.47616547732412 303
1738724064448 164.79857686853725 304
1738724064481 141.82273112842216 305
1738724064514 166.87070186488307 306
1738724064547 177.0511985128955 307
1738724064581 182.2797419830961 308
1738724064614 178.24364697089925 309
1738724064647 186.18860274888294 310
1738724064680 180.4035131504209 311
1738724064714 180.65495291549848 312
1738724064747 163.14981382185962 313
1738724064780 173.9402755082001 314
1738724064813 152.2517233179419 315
1738724064847 200.81919618377972 316
1738724064880 218.2765244435933 317
1738724064913 166.7902019331375 318
1738724064946 172.25965356381775 319
1738724064979 149.0096640675185 320
1738724065013 168.29860176632596 321
1738724065047 170.8547116644527 322
1738724065080 180.66215317365638 323
1738724065114 168.6508546113304 324
1738724065146 166.36322816054283 325
1738724065179 176.35769426132296 326
1738724065212 162.42731064706652 327
1738724065245 159.3426761754412 328
1738724065278 154.71558783581753 329
1738724065311 156.67439736842346 330
1738724065344 155.00107724359287 331
1738724065377 167.28042529293597 332
1738724065410 198.89565860280888 333
1738724065443 158.3218595083169 334
1738724065475 182.67721473705137 335
1738724065509 171.984233094984 336
1738724065541 176.44166318772002 337
1738724065574 160.98056602323481 338
1738724065607 167.1601907215546 339
1738724065640 227.72071661698723 340
1738724065673 203.02314776474563 341
1738724065706 164.01566192421814 342
1738724065739 179.43622920929 343
1738724065772 183.73532376192253 344
1738724065805 186.82138952690366 345
1738724065838 166.1422586399259 346
1738724065871 157.33760119245076 347
1738724065904 164.38600364048253 348
1738724065937 164.53382567077963 349
1738724065970 181.16997308573121 350
1738724066003 175.71128425660234 351
1738724066036 157.48500918899168 352
1738724066069 156.5414468386378 353
1738724066102 176.88896894367858 354
1738724066135 185.27290505462523 355
1738724066168 193.23984000995264 356
1738724066201 175.8777865270171 357
1738724066234 152.44539382807883 358
1738724066267 162.5811360508258 359
1738724066301 169.2550738855162 360
1738724066333 173.88980276778054 361
1738724066367 173.78364624346844 362
1738724066399 157.88771465552648 363
1738724066433 159.50199854315812 364
1738724066465 159.12801926766437 365
1738724066499 138.65201630043308 366
1738724066531 171.3589708686396 367
1738724066565 192.81391890893653 368
1738724066597 154.74230692837955 369
1738724066630 161.6242514398648 370
1738724066663 175.35838542262331 371
1738724066697 150.63991852303994 372
1738724066729 151.61054218043 373
1738724066762 168.94052278348846 374
1738724066795 185.38835826503816 375
1738724066828 182.659742453513 376
1738724066861 172.11161919115577 377
1738724066894 177.8579980681383 378
1738724066927 166.54312556597645 379
1738724066960 169.65872315482753 380
1738724066993 170.50847028544806 381
1738724067026 148.5910094704593 382
1738724067058 160.1663056521284 383
1738724067092 152.53457146603904 384
1738724067124 154.15578236539244 385
1738724067157 178.89740135782782 386
1738724067190 173.3108396734606 387
1738724067223 153.381454764134 388
1738724067256 179.43161138675484 389
1738724067289 168.77418821256893 390
1738724067321 168.88109286100791 391
1738724067355 157.57433447592445 392
1738724067387 180.24112361286646 393
1738724067421 169.65493947840744 394
1738724067453 177.09120745061435 395
1738724067486 186.28922344404197 396
1738724067519 171.05687527385263 397
1738724067552 176.99132490734132 398
1738724067585 118.44634557766761 399
1738724067620 172.78035898826136 400
1738724067653 190.20066768547477 401
1738724067687 177.80512336277047 402
1738724067720 189.5749861027435 403
1738724067754 180.06329442035076 404
1738724067788 171.24850390776467 405
1738724067821 180.65682983444702 406
1738724067855 158.45979413345 407
1738724067889 171.72965400543657 408
1738724067922 150.2005743827552 409
1738724067955 177.37045995004513 410
1738724067989 162.27629873438153 411
1738724068022 149.56383128826843 412
1738724068055 145.1822635271792 413
1738724068089 189.07936869910188 414
1738724068122 144.45284020483157 415
1738724068155 191.21321097318116 416
1738724068188 177.1268207498364 417
1738724068222 189.9245393730975 418
1738724068255 205.16168779567096 419
1738724068289 174.91045308505159 420
1738724068323 128.3625936179499 421
1738724068356 163.68973884233904 422
1738724068389 167.00507168287405 423
1738724068423 158.7450212376101 424
1738724068456 203.99577953360873 425
1738724068489 154.48659206676302 426
1738724068522 172.5151999514751 427
1738724068556 178.79546583779324 428
1738724068589 168.6174627536778 429
1738724068622 160.9561323408884 430
1738724068656 160.85468578966584 431
1738724068689 154.28430572885497 432
1738724068722 166.63133070073945 433
1738724068756 146.13764253762923 434
1738724068789 178.07080632365773 435
1738724068822 168.5696054438296 436
1738724068855 164.66146735009747 437
1738724068889 176.41114784069327 438
1738724068921 168.797255395034 439
1738724068955 186.75892147472095 440
1738724068988 158.81301461054517 441
1738724069021 172.21477118121956 442
1738724069054 168.01790789911047 443
1738724069088 182.15308196796778 444
1738724069121 163.48080328058998 445
1738724069154 135.91562997455878 446
1738724069187 208.73891787047745 447
1738724069220 210.72210666372277 448
1738724069253 185.85300955467136 449
1738724069287 222.8369034251752 450
1738724069320 163.00186484878085 451
1738724069354 206.03018843375992 452
1738724069390 183.00025094326492 453
1738724069424 150.01101617654058 454
1738724069458 163.48444278248542 455
1738724069492 192.5144800297346 456
1738724069526 123.391625111066 457
1738724069560 170.71272768411075 458
1738724069594 192.12542054903008 459
1738724069628 157.31141731110424 460
1738724069662 171.47453757721638 461
1738724069696 171.7795876269618 462
1738724069729 165.1701838369563 463
1738724069762 179.39912698095236 464
1738724069796 142.1186132885119 465
1738724069830 164.7112677690054 466
1738724069864 187.12600542898252 467
1738724069899 183.34225646373125 468
1738724069933 131.74040204664482 469
1738724069967 194.811167856287 470
1738724070001 173.5504051984007 471
1738724070035 166.7387138627574 472
1738724070069 186.5990941301763 473
1738724070103 173.34326744260412 474
1738724070136 198.43084640529244 475
1738724070170 163.9578487068458 476
1738724070204 191.03495809355684 477
1738724070238 161.50128982722995 478
1738724070272 181.34823940908086 479
1738724070305 178.19613746143236 480
1738724070339 194.4770770841709 481
1738724070373 183.04381612798215 482
1738724070407 162.54889395354272 483
1738724070441 169.981525089682 484
1738724070475 149.0418406865547 485
1738724070508 172.0525011272966 486
1738724070541 179.065684989565 487
1738724070575 169.7031666264103 488
1738724070608 159.69797725178105 489
1738724070642 175.28167892036967 490
1738724070676 151.33843242231637 491
1738724070709 175.84584417962787 492
1738724070743 141.9058501936605 493
1738724070776 184.9384264828168 494
1738724070809 169.45522797501042 495
1738724070843 151.08930276329582 496
1738724070876 144.25708132574752 497
1738724070909 163.83069991543024 498
1738724070942 161.83580739345516 499
