1738722867477 167.72641100614734 0
1738722867513 169.14974377018225 1
1738722867549 187.3085681500068 2
1738722867585 186.53941920890836 3
1738722867622 173.7017757740681 4
1738722867659 166.31436331211296 5
1738722867694 173.010202377568 6
1738722867730 161.8761966000292 7
1738722867765 190.5116752426187 8
1738722867800 169.65551514285184 9
1738722867835 166.31376528867227 10
1738722867870 172.83238350566248 11
1738722867905 176.016215962254 12
1738722867940 157.48175630719632 13
1738722867976 176.4997884804844 14
1738722868011 164.79946760285242 15
1738722868047 172.0790884744801 16
1738722868082 167.22784422017693 17
1738722868119 175.97106701127606 18
1738722868155 129.18210453637616 19
1738722868190 175.65133833919913 20
1738722868226 177.12652392972532 21
1738722868261 172.78876191838418 22
1738722868297 169.81687488180341 23
1738722868333 165.94934881250296 24
1738722868368 182.43279261591385 25
1738722868404 157.30794659574252 26
1738722868440 170.9393343381307 27
1738722868475 160.87533901149706 28
1738722868511 174.17175834547066 29
1738722868546 165.34771574393676 30
1738722868603 170.2646382014385 31
1738722868640 156.99299083615765 32
1738722868675 168.61475402201208 33
1738722868711 163.33937436997996 34
1738722868746 167.4281301360202 35
1738722868781 165.00597529307646 36
1738722868816 165.5683275275533 37
1738722868850 172.15898112635736 38
1738722868885 163.32358743417566 39
1738722868920 174.86278097296375 40
1738722868955 174.12656720947015 41
1738722868991 163.1671506448108 42
1738722869027 162.3844852766389 43
1738722869063 158.2913645030121 44
1738722869099 148.68141744193304 45
1738722869136 186.39212703538055 46
1738722869173 181.60925894788693 47
1738722869210 176.2787544125033 48
1738722869247 171.16792952468228 49
1738722869284 155.92437046659742 50
1738722869321 167.36407919367394 51
1738722869357 162.14177221712546 52
1738722869393 169.98583647747142 53
1738722869429 171.43641680417082 54
1738722869466 166.15188845502857 55
1738722869503 173.63985320920978 56
1738722869539 170.5756400841539 57
1738722869576 176.67895384155955 58
1738722869613 162.1925392103036 59
1738722869675 139.63159601601387 60
1738722869711 164.19227937869925 61
1738722869748 169.77655209269875 62
1738722869786 149.9218828851597 63
1738722869822 183.21168178120067 64
1738722869857 170.4532534295543 65
1738722869894 163.98685989400568 66
1738722869931 170.93402238041875 67
1738722869968 174.08802893440728 68
1738722870005 152.3035723269531 69
1738722870041 176.15256612080321 70
1738722870077 176.52673967883456 71
1738722870114 165.5271848997567 72
1738722870150 170.8827329926883 73
1738722870186 172.2181726222076 74
1738722870222 157.65803861390395 75
1738722870258 180.68731502539967 76
1738722870294 164.2078773234935 77
1738722870329 159.17309113593484 78
1738722870363 167.4972311170358 79
1738722870398 172.21147750265908 80
1738722870433 168.0677266785359 81
1738722870468 163.0039020111831 82
1738722870502 170.29290828688303 83
1738722870538 185.18233675661853 84
1738722870573 152.8858777777017 85
1738722870608 179.29867301094697 86
1738722870643 170.23566994950812 87
1738722870678 173.2218589065389 88
1738722870714 172.77106848138695 89
1738722870749 165.80832414848106 90
1738722870785 160.0264593061032 91
1738722870820 182.26562833273212 92
1738722870855 159.1895579535597 93
1738722870890 166.54514278986525 94
1738722870925 167.62199085961984 95
1738722870962 173.29238395113296 96
1738722870997 174.89846713344593 97
1738722871033 160.69191070172545 98
1738722871068 165.61909474753895 99
1738722871104 181.62842682444708 100
1738722871139 161.65063115970065 101
1738722871175 185.62364309106184 102
1738722871210 177.35735589352694 103
1738722871245 172.94150272484248 104
1738722871280 170.06185852020786 105
