1738722855479 172.21015678026347 0
1738722855481 166.62988624979155 1
1738722855483 166.82932843743433 2
1738722855486 168.81021845377896 3
1738722855488 167.23433137251007 4
1738722855490 170.21995945079965 5
1738722855493 168.97523451365066 6
1738722855495 167.37479003795505 7
1738722855497 170.04969512438285 8
1738722855499 169.38121282100164 9
1738722855502 167.40782467415835 10
1738722855505 170.815971423887 11
1738722855507 168.1454004305369 12
1738722855510 165.94907913619818 13
1738722855512 168.23212954484814 14
1738722855514 168.14916212088036 15
1738722855517 168.04309579100456 16
1738722855519 168.22420238600873 17
1738722855522 168.7427003733642 18
1738722855524 167.7301264080341 19
1738722855526 166.95779206883321 20
1738722855529 167.38581559598228 21
1738722855531 168.93163570815744 22
1738722855533 167.28848533465305 23
1738722855535 169.1156024366711 24
1738722855538 167.42767456978078 25
1738722855540 168.17053816112218 26
1738722855542 170.35562786607795 27
