1738722674282 180.33359358891386 0
1738722674317 173.77732585371385 1
1738722674352 181.6646338154021 2
1738722674388 167.36313801648302 3
1738722674423 160.7626083638613 4
1738722674459 171.05878743030922 5
1738722674494 159.69396578835799 6
1738722674529 214.06809824327902 7
1738722674564 150.37523967173595 8
1738722674599 165.37308116729045 9
1738722674633 158.7760560727621 10
1738722674668 161.1551761531252 11
1738722674702 186.1708973831727 12
1738722674737 202.6833554217188 13
1738722674772 168.45804339003345 14
1738722674806 189.30498246550826 15
1738722674841 156.75492530461923 16
1738722674875 202.2035236503141 17
1738722674910 153.92993803057786 18
1738722674945 221.62357161264265 19
1738722674981 154.6379141708234 20
1738722675018 171.11098039397365 21
1738722675055 165.42810458819213 22
1738722675092 137.0196218404052 23
1738722675128 146.24252462141027 24
1738722675164 166.35141256422122 25
1738722675200 218.8711704422059 26
1738722675236 188.93505591065644 27
1738722675272 188.50801469512905 28
1738722675308 155.41369163781985 29
1738722675345 190.16226071568383 30
1738722675381 184.2226013682795 31
1738722675417 143.75568689037462 32
1738722675453 176.4900256832111 33
1738722675489 173.62847375987454 34
1738722675525 154.32176243444476 35
1738722675560 169.09452241079686 36
1738722675596 161.15407903337413 37
1738722675631 149.97728783799522 38
1738722675667 181.06972755783084 39
1738722675702 173.05706643199082 40
1738722675737 166.5669289397406 41
1738722675772 179.1642243393211 42
1738722675807 134.24766176080593 43
1738722675842 183.52107490684935 44
1738722675876 183.0767263481082 45
1738722675911 163.34251451474483 46
1738722675946 175.10993890331858 47
1738722675981 171.13314086271978 48
1738722676016 153.3564505209883 49
1738722676050 161.1204035392323 50
1738722676085 170.4591831341913 51
1738722676120 188.03780460275786 52
1738722676154 195.53270678501224 53
1738722676189 179.89257364193287 54
1738722676224 163.27848348285258 55
1738722676258 192.73046021610907 56
1738722676294 119.47531186434937 57
1738722676328 171.12108158790002 58
1738722676363 142.18761339499994 59
1738722676398 156.20101991766964 60
1738722676432 180.73140181793124 61
1738722676467 218.73056536442718 62
1738722676501 157.83821819202956 63
1738722676536 157.07262106787414 64
1738722676572 157.29091222685733 65
1738722676608 177.7240099413405 66
1738722676644 199.33906722650215 67
1738722676680 141.5748096590242 68
1738722676716 181.23543061849543 69
1738722676752 159.26412175692082 70
1738722676789 151.35984442220717 71
1738722676825 186.54638904657463 72
1738722676861 198.82376331661794 73
1738722676896 155.6313180544465 74
1738722676932 163.62120818284131 75
1738722676968 123.36095721420017 76
1738722677003 149.7800901199341 77
1738722677039 158.2081424908732 78
1738722677074 164.81406735655528 79
1738722677110 173.47294291610413 80
1738722677146 169.82285989001903 81
1738722677181 160.80601598522315 82
1738722677216 111.28708406255991 83
1738722677251 222.90582170168864 84
1738722677286 182.65527702121597 85
1738722677321 175.40804591950385 86
1738722677355 159.82055906863565 87
1738722677391 170.8410168169787 88
1738722677427 157.04360897333703 89
1738722677462 159.80159045734067 90
1738722677499 107.45214464437757 91
1738722677534 169.53863039088088 92
1738722677569 148.6595616640055 93
1738722677605 173.45265922760805 94
1738722677640 177.1194118091911 95
1738722677675 155.1543004333666 96
1738722677710 168.17146555673807 97
1738722677744 141.81585324762153 98
1738722677779 178.36180870144673 99
1738722677814 190.97165422366993 100
1738722677848 171.45122475095508 101
1738722677883 144.08139740452566 102
1738722677918 158.92312192770603 103
1738722677952 218.7140166914135 104
1738722677987 141.2181592497826 105
1738722678021 163.93256586033388 106
1738722678056 172.07617953979246 107
1738722678091 165.15228016771334 108
1738722678127 165.63214701755123 109
1738722678163 172.64994456080285 110
1738722678198 178.55805265425462 111
1738722678234 169.83369294448633 112
1738722678269 169.58701578590535 113
1738722678304 255.0057900597184 114
1738722678340 174.1465695112828 115
1738722678375 190.69174649390717 116
1738722678410 176.85731993854424 117
1738722678446 153.0027952551212 118
1738722678481 150.76798901281606 119
1738722678516 162.97468850942923 120
1738722678551 191.38351837695453 121
1738722678586 180.76180147335307 122
1738722678621 179.0680556503756 123
1738722678656 182.16150789189933 124
1738722678690 182.16316869332124 125
1738722678725 175.75331447214657 126
1738722678760 174.3760119904751 127
1738722678796 194.59019349848165 128
1738722678833 259.66723454248427 129
1738722678874 182.60670205952454 130
1738722678910 159.34292759824032 131
1738722678945 165.94720303782208 132
1738722678980 149.5331982930934 133
1738722679015 168.2184158866413 134
1738722679050 171.51220371144174 135
1738722679084 189.11917614546823 136
1738722679119 172.99900917618803 137
1738722679154 173.55377230829706 138
1738722679189 157.19880459228452 139
1738722679223 173.0044547402948 140
1738722679258 156.73492393391027 141
1738722679294 157.99325212758842 142
1738722679330 153.32971110505804 143
1738722679366 157.86415084462314 144
1738722679402 157.33062926921417 145
1738722679437 194.98086426505552 146
1738722679472 157.72944211847 147
1738722679508 135.7243702694113 148
1738722679543 157.5680011689917 149
1738722679579 185.69893105586854 150
1738722679614 181.69759891133538 151
1738722679649 212.06614415362057 152
1738722679684 166.83527129524546 153
1738722679719 131.92675566961503 154
1738722679756 158.66634947579232 155
1738722679794 141.03269970541174 156
1738722679831 186.49423963199487 157
1738722679867 169.323740606937 158
1738722679903 149.19978165491042 159
1738722679939 143.35725086235098 160
1738722679975 177.72042931395396 161
1738722680010 163.93348806512745 162
1738722680045 194.41905952736442 163
1738722680080 148.0671701989803 164
1738722680116 169.38294419862618 165
1738722680151 161.82636765373556 166
1738722680186 214.5378457929516 167
1738722680222 173.81004428669698 168
1738722680258 174.66726719740487 169
1738722680295 184.44967539119398 170
1738722680331 167.84923921226306 171
1738722680367 186.732867172825 172
1738722680402 191.96636444838765 173
1738722680437 173.7397526408904 174
1738722680473 167.95550299955863 175
1738722680508 168.98564834986095 176
1738722680546 154.01436608764925 177
1738722680581 181.71997312209174 178
1738722680617 148.42867537939662 179
1738722680655 183.73264277299108 180
1738722680692 169.6651067814644 181
1738722680729 165.6977332457419 182
1738722680766 140.72440253140877 183
1738722680802 146.65864520642293 184
1738722680839 173.6695143672203 185
1738722680876 188.05506443720776 186
1738722680913 192.8639443384672 187
1738722680949 163.17262611955178 188
1738722680985 185.95778608979631 189
1738722681021 176.02237796201882 190
1738722681058 179.2754304252499 191
1738722681095 151.51623074665716 192
1738722681131 203.85410830637554 193
1738722681167 171.66987791649385 194
1738722681204 191.10567664598034 195
1738722681240 162.6487855541661 196
1738722681277 163.20041561065986 197
1738722681314 180.46837595517653 198
1738722681351 164.22057038926374 199
1738722681388 179.1539571381277 200
1738722681424 165.04931575183463 201
1738722681460 147.18053344322513 202
1738722681495 196.08104779331208 203
1738722681531 176.94354928056345 204
1738722681566 197.52844253861377 205
1738722681602 149.91334540520273 206
1738722681638 168.6474041892713 207
1738722681675 185.92560131477882 208
1738722681713 200.65891822842252 209
1738722681750 157.1753715937454 210
1738722681786 173.85373800808952 211
1738722681822 193.3455820016176 212
1738722681857 183.57334240169638 213
1738722681892 174.81090035115503 214
1738722681927 169.8653769336896 215
1738722681961 182.9836609586618 216
1738722681996 173.84152354271848 217
1738722682031 139.07870819954462 218
1738722682066 170.28414450397466 219
1738722682100 143.262733899935 220
1738722682135 164.91463548358098 221
1738722682170 187.33842629870045 222
1738722682205 170.9299078582017 223
1738722682240 161.9616084215307 224
1738722682275 138.98987049972587 225
1738722682322 166.17226280016848 226
1738722682360 307.9920869024735 227
1738722682397 194.83787585052212 228
1738722682433 140.93248982287665 229
1738722682469 171.99292378405377 230
1738722682505 171.28536106357572 231
1738722682541 171.7922005207546 232
1738722682577 175.8711701455623 233
1738722682612 183.831956906584 234
1738722682648 241.6608285881103 235
1738722682685 196.59057211821346 236
1738722682722 136.2627671563614 237
1738722682758 156.01894949969423 238
1738722682794 131.1189965565922 239
1738722682830 159.53368321909505 240
1738722682866 157.9915173507324 241
1738722682902 159.4423579536653 242
1738722682937 155.0194848478466 243
1738722682972 162.85370981649166 244
1738722683008 175.33777993958807 245
1738722683043 190.15354183230352 246
1738722683078 161.70093665410022 247
1738722683113 152.5691827281878 248
1738722683148 162.84516645561783 249
1738722683183 159.65850461134224 250
1738722683218 178.1974750428133 251
1738722683253 158.16399730887002 252
1738722683288 164.75809985986456 253
1738722683323 187.18157997152227 254
1738722683358 129.36799873165955 255
1738722683393 177.3655843549385 256
1738722683429 164.40946714076492 257
1738722683465 157.68971864000804 258
1738722683500 183.16707682559638 259
1738722683535 156.50196293749164 260
1738722683570 162.04438852266165 261
1738722683606 189.78275295985821 262
1738722683641 175.16203083983987 263
1738722683676 163.7026142865556 264
1738722683712 153.673737016824 265
1738722683748 177.08499867167475 266
1738722683783 160.1055622463219 267
1738722683819 98.29747498759298 268
1738722683854 171.0220914260079 269
1738722683889 286.0067292079837 270
1738722683925 174.35063461607533 271
1738722683960 166.88918974235727 272
1738722683995 217.98725666508818 273
1738722684030 162.24953087984258 274
1738722684065 168.65666664707388 275
1738722684100 214.8694037801316 276
1738722684135 144.4559628516424 277
1738722684170 181.88114866196108 278
1738722684205 184.3021963948384 279
1738722684239 218.4805567598878 280
1738722684274 166.1645112997441 281
1738722684309 146.61558195768583 282
1738722684344 168.059290907877 283
1738722684378 173.59284830009895 284
1738722684413 167.83202237794856 285
1738722684448 177.45045207462869 286
1738722684484 161.14382678918182 287
1738722684521 173.07158472660632 288
1738722684557 169.23665830293874 289
1738722684593 181.03077818662734 290
1738722684629 168.14378567119195 291
1738722684664 150.44686477933897 292
1738722684699 181.94162024730056 293
1738722684734 156.64779050300695 294
1738722684770 201.22689493251846 295
1738722684805 191.72691988986594 296
1738722684840 161.87761008952515 297
1738722684875 201.5874166149149 298
1738722684910 248.00449219753085 299
1738722684945 152.06250286802035 300
1738722684980 149.6892768061757 301
1738722685015 160.9273183080035 302
1738722685050 158.15749955019078 303
1738722685086 173.3388127265286 304
1738722685122 169.95822943912378 305
1738722685158 188.17495599810343 306
1738722685193 169.04168705220607 307
1738722685228 156.66963312623267 308
1738722685263 188.20051540451692 309
1738722685299 154.010542035928 310
1738722685334 163.52358393746925 311
1738722685369 175.32921711055346 312
1738722685404 160.893454072669 313
1738722685439 192.4333280901406 314
1738722685474 160.65942238851355 315
1738722685510 167.2096457958316 316
1738722685544 177.31004860055907 317
1738722685579 192.79969772987803 318
1738722685614 142.75064915211027 319
1738722685649 175.1321348976029 320
1738722685685 169.45685807446102 321
1738722685720 160.0759138885522 322
1738722685754 233.222517571474 323
1738722685789 161.03675707337462 324
1738722685824 167.20344106018842 325
1738722685858 161.76363618876704 326
1738722685893 170.96904126094714 327
1738722685929 177.1915238093019 328
1738722685965 167.65192688639323 329
1738722686001 165.28108874936817 330
1738722686036 155.0579621206953 331
1738722686071 155.51305161196993 332
1738722686106 164.06811001003544 333
1738722686141 179.4824422070512 334
1738722686176 220.56664795370637 335
1738722686211 122.31803052669302 336
1738722686246 152.1084975853253 337
1738722686281 147.13107857006574 338
1738722686316 148.5654018892825 339
1738722686351 172.25458449114055 340
1738722686385 171.87133523397435 341
1738722686420 170.24515753128406 342
1738722686455 223.95650905563568 343
1738722686489 155.097707869653 344
1738722686524 141.54642893281786 345
1738722686558 107.22395613605374 346
1738722686592 153.44324293795526 347
1738722686627 177.16419069490658 348
1738722686661 155.44717481626967 349
1738722686696 165.86893738495937 350
1738722686730 173.17446347463817 351
1738722686765 165.6061843440187 352
1738722686800 169.4558112325437 353
1738722686835 166.114063730771 354
1738722686870 165.81771310164262 355
1738722686905 177.31672955291282 356
1738722686939 150.79722970285152 357
1738722686974 186.83502717140473 358
1738722687009 154.66316191980746 359
1738722687043 191.18912318887024 360
1738722687078 128.46300755511143 361
1738722687112 148.18624419117268 362
1738722687147 168.85306362050764 363
1738722687182 177.22380509042452 364
1738722687216 178.26480721978575 365
1738722687251 181.81844646862547 366
1738722687285 180.49417487591313 367
1738722687320 171.1438079947233 368
1738722687355 157.35599814620957 369
1738722687391 150.94297593862794 370
1738722687427 156.91150781601442 371
1738722687463 163.18747887804557 372
1738722687499 165.79336429782916 373
1738722687534 160.13642155690155 374
1738722687570 240.61827197511016 375
1738722687606 192.8572593067744 376
1738722687641 192.95786532395945 377
1738722687676 140.62483851675177 378
1738722687712 165.21399304045403 379
1738722687748 158.63277015365122 380
1738722687783 162.17361478721912 381
1738722687818 181.58159742671373 382
1738722687853 157.0089944210502 383
1738722687888 156.94764174164388 384
1738722687923 159.31416325535474 385
1738722687958 176.34893699951627 386
1738722687993 170.6730790723469 387
1738722688028 173.90418773627079 388
1738722688063 186.01800080593765 389
1738722688098 172.6085976832632 390
1738722688134 155.7051324607695 391
1738722688170 183.32114104084258 392
1738722688206 182.65923614010902 393
1738722688242 183.68520895312136 394
1738722688278 176.20108344201012 395
1738722688314 156.68258931147165 396
1738722688349 145.29864045742664 397
1738722688384 193.38935635512203 398
1738722688418 185.87681485661452 399
1738722688453 183.68439382937763 400
1738722688488 199.12229488326537 401
1738722688523 162.5002771085968 402
1738722688557 185.10876958810312 403
1738722688592 166.39307491239035 404
1738722688626 150.2606510356522 405
1738722688661 173.90294407076092 406
1738722688695 167.48450459466687 407
1738722688729 116.98821117591453 408
1738722688764 175.98620837727026 409
1738722688798 185.10370482558062 410
1738722688833 183.2218012506709 411
1738722688867 178.78934221743816 412
1738722688903 148.60434796209262 413
1738722688939 180.0104066277089 414
1738722688975 177.65605636510847 415
1738722689011 169.84017965816426 416
1738722689048 149.6467808709986 417
1738722689084 172.45103773878367 418
1738722689120 204.57405747331507 419
1738722689156 163.30692611729563 420
1738722689191 178.00815649991424 421
1738722689228 171.45404141793475 422
1738722689263 181.82701380042366 423
1738722689299 183.83604502223002 424
1738722689336 172.03455127439952 425
1738722689372 171.08948496783395 426
1738722689407 174.4314328287585 427
1738722689443 152.00311493135246 428
1738722689478 161.14392187548162 429
1738722689513 108.87116328730869 430
1738722689549 170.97530115164125 431
1738722689584 115.34636753994987 432
1738722689619 181.80696835832987 433
1738722689654 170.72988852112704 434
1738722689689 117.68243061174044 435
1738722689724 146.896610669883 436
1738722689760 185.08013523846893 437
1738722689795 171.41268078319186 438
1738722689831 182.37370847832383 439
1738722689866 184.0484738341662 440
1738722689901 161.7352888413161 441
1738722689937 133.292445099363 442
1738722689972 153.05614145150508 443
1738722690007 177.74283644951214 444
1738722690042 169.02335618946725 445
1738722690077 150.160703026511 446
1738722690112 173.1971665953818 447
1738722690148 158.911343842078 448
1738722690183 176.54974898171463 449
1738722690218 164.61589545794683 450
1738722690253 156.57787212981643 451
1738722690288 183.38442586611134 452
1738722690323 173.1316897589749 453
1738722690359 170.39834962443865 454
1738722690394 178.58221831407863 455
1738722690429 137.02230836565803 456
1738722690464 171.90718814277625 457
1738722690499 154.67521153233903 458
1738722690534 160.24209627357493 459
1738722690569 189.78033676377663 460
1738722690603 171.46464947734867 461
1738722690639 169.69785101438885 462
1738722690673 183.92022703785466 463
1738722690708 173.45097440923485 464
1738722690743 177.99995548254043 465
1738722690778 163.5041964074342 466
1738722690813 189.46416263038898 467
1738722690848 147.85420590097368 468
1738722690882 186.52695627620997 469
1738722690917 172.260152072636 470
1738722690952 182.47554353931292 471
1738722690987 172.24458365944142 472
1738722691021 151.72551179079284 473
1738722691056 169.0686148688332 474
1738722691091 160.25773836301693 475
1738722691125 137.48845684791584 476
1738722691160 155.00003424974756 477
1738722691195 140.31562400385636 478
1738722691229 178.03840802639698 479
1738722691264 164.4078954272472 480
1738722691299 166.81899992852294 481
1738722691335 184.2079015787522 482
1738722691369 174.8501704976266 483
1738722691404 165.5986553865197 484
1738722691439 165.66467462253746 485
1738722691473 197.0521653980196 486
1738722691508 176.4128472975699 487
1738722691542 161.9533926570466 488
1738722691577 173.29245979783946 489
1738722691611 181.44350921545885 490
1738722691646 197.59067307260912 491
1738722691681 167.24847046979423 492
1738722691715 198.899903287101 493
1738722691750 166.35952630200566 494
1738722691784 178.25236846562174 495
1738722691819 153.17629874123708 496
1738722691854 153.82660167831594 497
1738722691889 175.8357810602652 498
1738722691924 154.66064422670848 499
