1738723982933 151.82607128115143 0
1738723982967 95.60159776745496 1
1738723983000 153.85425323846334 2
1738723983034 202.4802499658281 3
1738723983067 127.28858732527658 4
1738723983101 227.09659389737925 5
1738723983135 83.19128338494399 6
1738723983168 215.20989406948257 7
1738723983202 75.9488474349906 8
1738723983235 171.59787191170753 9
1738723983269 124.01366761158796 10
1738723983302 230.9709941419455 11
1738723983336 58.763394875427956 12
1738723983369 154.55783392190543 13
1738723983402 149.78538284795587 14
1738723983435 249.70402991742037 15
1738723983468 107.77203296675691 16
1738723983501 139.8934084803649 17
1738723983535 162.18462264258375 18
1738723983568 299.1016099664269 19
1738723983601 130.40265851863344 20
1738723983634 165.65759695584475 21
1738723983667 122.50812464524766 22
1738723983699 229.20723045647014 23
1738723983732 321.8670222425138 24
1738723983766 195.85546105836005 25
1738723983798 229.2864726871295 26
1738723983832 227.72390300540027 27
1738723983865 152.68213823105276 28
1738723983898 88.82860200666772 29
1738723983931 245.54648708146829 30
1738723983964 158.34984943552718 31
1738723983997 135.39826560857358 32
1738723984030 168.54898967934776 33
1738723984063 106.42527602662692 34
1738723984096 160.67641716445635 35
1738723984129 188.9406810376018 36
1738723984162 166.80539738261655 37
1738723984195 266.72377959704255 38
1738723984228 257.3335433415109 39
1738723984261 134.68577307522293 40
1738723984294 311.16545446512947 41
1738723984328 177.62864497117334 42
1738723984363 167.1222207740768 43
1738723984397 199.54713429132536 44
1738723984432 164.65460904351903 45
1738723984466 182.72000222790632 46
1738723984500 109.55642357270843 47
1738723984534 155.0607983759257 48
1738723984568 169.46029803616557 49
1738723984602 150.79154970573444 50
1738723984636 137.13177694648436 51
1738723984670 79.30428706881241 52
1738723984704 112.66622169907504 53
1738723984738 155.68877647244875 54
1738723984772 193.35629740341685 55
1738723984806 113.70485463779214 56
1738723984840 187.59396516887185 57
1738723984874 139.1835563537128 58
1738723984908 213.0428904876213 59
1738723984942 175.42774287084416 60
1738723984976 128.51170727017222 61
1738723985009 152.48304513308491 62
1738723985043 214.41472375283772 63
1738723985077 187.76415054781455 64
1738723985111 164.95008721915772 65
1738723985144 289.0299820297734 66
1738723985178 140.34193457075284 67
1738723985212 263.9628196116967 68
1738723985245 194.06376068083833 69
1738723985279 205.03407479254963 70
1738723985312 197.12292556718097 71
1738723985346 165.70785532273348 72
1738723985380 99.1015635465238 73
1738723985414 253.46301177024452 74
1738723985447 237.38734429818064 75
1738723985481 149.03622799846465 76
1738723985515 193.38416553113328 77
1738723985548 198.7951478435397 78
1738723985582 233.26810669541996 79
1738723985615 391.0855921930349 80
1738723985648 248.58606248481684 81
1738723985682 303.3667885380311 82
1738723985715 300.2421602223155 83
1738723985748 146.67221752445954 84
1738723985781 102.49204342574946 85
1738723985815 129.96127177931314 86
1738723985848 157.26051972307056 87
1738723985882 146.72162877024675 88
1738723985915 164.06668324022652 89
1738723985949 169.5138495533854 90
1738723985982 184.402029548567 91
1738723986015 168.60291970813086 92
1738723986049 166.48859456599004 93
1738723986082 112.13350851438182 94
1738723986115 148.67992937796694 95
1738723986149 189.9088193025387 96
1738723986182 121.1889371449287 97
1738723986215 122.2882959847101 98
1738723986248 122.68402968995194 99
1738723986282 81.04358741839168 100
1738723986315 157.0735555259601 101
1738723986349 264.4720310865369 102
1738723986382 155.56654374226363 103
1738723986417 82.43615850572618 104
1738723986451 184.7277093486236 105
1738723986485 167.6951607557655 106
1738723986518 189.33372919626515 107
1738723986552 142.3767295198035 108
1738723986586 261.689345443093 109
1738723986620 159.13913718319108 110
1738723986653 240.07583087973705 111
1738723986687 169.911286635713 112
1738723986721 305.99014281329437 113
1738723986754 208.19496420226997 114
1738723986788 155.73066845653474 115
1738723986822 151.70674546584283 116
1738723986855 124.7278671966865 117
1738723986889 195.7220260063963 118
1738723986923 215.61530123039952 119
1738723986956 195.2360021824264 120
1738723986990 236.51068605795538 121
1738723987024 189.2094895604866 122
1738723987057 495.51608033611 123
1738723987091 269.29486903223517 124
1738723987124 136.64942966061835 125
1738723987158 158.4483765551935 126
1738723987191 161.68449540379657 127
1738723987224 162.38856625649936 128
1738723987258 161.0288154343219 129
1738723987291 177.04022972115362 130
1738723987325 93.79763072281851 131
1738723987358 112.34137903869129 132
1738723987392 142.74643565555763 133
1738723987425 115.64657785770491 134
1738723987458 119.05680919904604 135
1738723987492 195.44311599595116 136
1738723987525 186.58666962494095 137
1738723987558 195.60812438599552 138
1738723987592 228.55614618957372 139
1738723987625 215.4978245034254 140
1738723987658 191.42390105038268 141
1738723987691 254.4225051206049 142
1738723987724 213.98625746115556 143
1738723987758 80.96869292081037 144
1738723987791 251.794216698001 145
1738723987824 147.51609789517636 146
1738723987857 192.4408221519558 147
1738723987890 184.10443101006146 148
1738723987924 135.94357407259946 149
1738723987957 207.44001040960143 150
1738723987990 188.07498719428645 151
1738723988023 98.15173093935084 152
1738723988056 111.35342714197085 153
1738723988089 102.87543985883796 154
1738723988122 139.83434365675134 155
1738723988155 203.80206822131294 156
1738723988189 204.67564463382254 157
1738723988222 180.07282849090245 158
1738723988255 197.76132189242153 159
1738723988288 137.86806062800778 160
1738723988321 213.6894468583263 161
1738723988354 225.43529095585214 162
1738723988387 95.75467941683735 163
1738723988420 222.2515523273996 164
1738723988453 68.48103455652083 165
1738723988487 150.42729492143164 166
1738723988520 212.82104348319385 167
1738723988553 179.91237008017563 168
1738723988586 223.7511669347474 169
1738723988619 180.33569316322271 170
1738723988652 166.76766884570372 171
1738723988685 114.29216702963632 172
1738723988718 429.8107286337351 173
1738723988750 147.78853433336425 174
1738723988783 122.93409694899759 175
1738723988816 150.274949940574 176
1738723988849 114.16049664062011 177
1738723988882 121.44726666949896 178
1738723988915 134.1809893610715 179
1738723988948 290.5125340362516 180
1738723988981 158.33846429071215 181
1738723989014 137.10766473872974 182
1738723989047 212.4427929137676 183
1738723989080 153.6602186016963 184
1738723989113 126.77825772730873 185
1738723989146 130.09056391630142 186
1738723989179 150.2023279605767 187
1738723989212 252.60774568530908 188
1738723989245 175.12606984286901 189
1738723989278 145.93102332069432 190
1738723989311 206.4568131878705 191
1738723989344 161.336409518587 192
1738723989377 116.16364691023357 193
1738723989410 177.73654036940852 194
1738723989443 243.42654892832047 195
1738723989476 181.44723258235624 196
1738723989509 144.67847734797903 197
1738723989542 146.16002717325853 198
1738723989575 308.5679471938703 199
1738723989608 114.94180176161434 200
1738723989641 153.0481067239354 201
1738723989673 203.5786293181717 202
1738723989706 210.35906128088976 203
1738723989739 294.6167487432324 204
1738723989772 215.24645287533795 205
1738723989805 150.34208372055963 206
1738723989838 155.7256469501062 207
1738723989871 142.09692100015948 208
1738723989903 142.21945345963437 209
1738723989936 268.09465259572903 210
1738723989969 164.2031734943088 211
1738723990002 136.88511576559029 212
1738723990035 197.65434692911015 213
1738723990067 194.15608742908162 214
1738723990100 350.0854663534036 215
1738723990133 127.78635246341598 216
1738723990166 130.46002022820855 217
1738723990199 151.44610097629695 218
1738723990231 183.05877566385203 219
1738723990264 117.89321384799425 220
1738723990297 169.3093544906327 221
1738723990330 99.25973072964054 222
1738723990362 122.75706896019396 223
1738723990395 141.8655185984786 224
1738723990428 212.32273453591873 225
1738723990461 223.68191106540817 226
1738723990494 160.35570304665404 227
1738723990527 165.41583147762574 228
1738723990560 331.07437108088965 229
1738723990593 198.71052202400176 230
1738723990625 151.29672199891135 231
1738723990658 140.93858781231017 232
1738723990691 217.12274261435178 233
1738723990724 220.96058051186031 234
1738723990756 150.9121564925394 235
1738723990789 152.89576443187505 236
1738723990822 153.2396327419699 237
1738723990855 186.5957225684668 238
1738723990888 129.08283473478022 239
1738723990920 185.01190268713697 240
1738723990953 146.0057126308501 241
1738723990986 238.66592538777493 242
1738723991018 172.44375942826673 243
1738723991051 104.65290802365843 244
1738723991084 184.72914373934165 245
1738723991117 139.37874860958806 246
1738723991150 95.67163771146505 247
1738723991183 212.13334112383046 248
1738723991216 157.12021625701033 249
1738723991249 221.64605467225263 250
1738723991281 124.13913310541996 251
1738723991316 298.41765571512127 252
1738723991350 138.61128420644386 253
1738723991384 112.92824940689697 254
1738723991417 232.81601799094707 255
1738723991451 180.57569801863153 256
1738723991485 163.4060578993655 257
1738723991519 228.20289889847692 258
1738723991552 259.44271300482706 259
1738723991586 182.99528393548715 260
1738723991620 175.09775349102134 261
1738723991653 166.80791684602707 262
1738723991687 256.7977560644065 263
1738723991721 166.8882467703064 264
1738723991754 55.50447097625938 265
1738723991788 165.17122947081006 266
1738723991821 318.30703271045326 267
1738723991855 167.56821997630257 268
1738723991889 233.09066946260373 269
1738723991922 228.54305535702443 270
1738723991956 154.77979642390778 271
1738723991989 174.76417647335896 272
1738723992023 202.44254660529407 273
1738723992056 183.78057030534794 274
1738723992090 172.9901280772913 275
1738723992123 206.50526912749285 276
1738723992157 192.83292919757028 277
1738723992190 128.0370474197285 278
1738723992224 149.12253276878658 279
1738723992257 175.83355899259564 280
1738723992291 224.0531701768446 281
1738723992324 225.74307591881876 282
1738723992357 173.46864683128567 283
1738723992391 171.4286046401735 284
1738723992424 140.81958779177194 285
1738723992458 138.46148533289323 286
1738723992491 180.48722782897562 287
1738723992525 212.02130189209134 288
1738723992559 109.59706332414416 289
1738723992594 108.07776428479524 290
1738723992628 142.4406429851365 291
1738723992661 109.6291872161755 292
1738723992695 215.89340248939635 293
1738723992729 167.74104439614655 294
1738723992762 129.32184666513024 295
1738723992795 198.35661561167626 296
1738723992829 155.46227742382382 297
1738723992862 118.65128184008083 298
1738723992896 257.5052219311173 299
1738723992929 183.92365851254635 300
1738723992963 217.68959938729625 301
1738723992996 100.14600377309705 302
1738723993029 194.41365612461968 303
1738723993063 177.33521306952127 304
1738723993096 246.58001327472303 305
1738723993130 170.63957485994956 306
1738723993163 147.67518938122487 307
1738723993196 269.0790795324947 308
1738723993230 280.27469538322526 309
1738723993263 241.7749925529902 310
1738723993296 400.8328444182547 311
1738723993330 34.25009542763932 312
1738723993363 145.0594779333567 313
1738723993396 194.44895648425802 314
1738723993430 225.4278137757127 315
1738723993463 167.20783722625595 316
1738723993496 127.41800529219981 317
1738723993530 108.5473449734743 318
1738723993563 199.76441244796737 319
1738723993596 104.8003096667371 320
1738723993630 61.62755969248418 321
1738723993663 285.6003639394942 322
1738723993696 157.57530365365363 323
1738723993730 295.3207808199056 324
1738723993763 97.11973122027369 325
1738723993796 153.26988749984133 326
1738723993829 165.50967774709943 327
1738723993863 167.3522012042017 328
1738723993896 205.30921653979516 329
1738723993929 119.03325654166267 330
1738723993962 186.15039634498888 331
1738723993995 111.67380528148016 332
1738723994029 144.17177420028025 333
1738723994062 169.6170464378804 334
1738723994095 265.04119987125557 335
1738723994128 334.8502909874056 336
1738723994161 153.1636114410139 337
1738723994195 194.66606806177455 338
1738723994228 146.47717342502565 339
1738723994261 148.25728048154215 340
1738723994294 128.38301632431015 341
1738723994327 183.99904663539812 342
1738723994360 240.95752571709738 343
1738723994393 183.91432641973816 344
1738723994426 178.26549160604614 345
1738723994460 204.19853830754917 346
1738723994493 210.76828385114663 347
1738723994526 160.14228417427586 348
1738723994559 153.64879989311183 349
1738723994593 126.52563671424674 350
1738723994626 127.15913677509 351
1738723994659 166.9956829148437 352
1738723994692 146.8595487080527 353
1738723994725 146.11715779021486 354
1738723994758 163.54976523496921 355
1738723994791 153.26236370747282 356
1738723994824 138.2924575560675 357
1738723994858 293.1553038412906 358
1738723994891 111.1567457023764 359
1738723994924 198.14312873888986 360
1738723994957 156.77918466088337 361
1738723994990 132.9155331353388 362
1738723995023 120.55548229651602 363
1738723995056 138.90432157112784 364
1738723995089 229.70757748877486 365
1738723995122 153.05779307741614 366
1738723995155 164.46520530241125 367
1738723995189 100.873412306253 368
1738723995222 155.65616165135398 369
1738723995255 281.87587553693135 370
1738723995288 207.27180377779635 371
1738723995321 82.16508107302054 372
1738723995354 227.73957895342758 373
1738723995387 191.14949403563384 374
1738723995420 107.17237254019253 375
1738723995453 152.5235048900393 376
1738723995486 148.93352849456727 377
1738723995520 222.7473560211623 378
1738723995552 175.17765195396922 379
1738723995586 114.88764808825331 380
1738723995619 165.92643995437834 381
1738723995652 150.77949263511547 382
1738723995685 103.54713013487611 383
1738723995718 184.6740167019076 384
1738723995751 99.73477760647827 385
1738723995784 131.97690180201096 386
1738723995817 158.4809971082422 387
1738723995850 220.72912891469667 388
1738723995883 158.88834946181237 389
1738723995917 150.3395847596632 390
1738723995950 113.31101338691663 391
1738723995983 172.5130958638524 392
1738723996016 139.38063027047298 393
1738723996049 152.30277654242104 394
1738723996082 175.91216707099247 395
1738723996115 146.94880950419312 396
1738723996147 230.730112091674 397
1738723996180 133.12866354228447 398
1738723996213 189.19634577480747 399
1738723996246 121.18077660875632 400
1738723996279 86.21955869617828 401
1738723996312 292.5183270225955 402
1738723996345 191.53753262149297 403
1738723996378 164.89345291344557 404
1738723996411 141.39231040778836 405
1738723996444 211.67878967413785 406
1738723996477 161.31826073887802 407
1738723996510 289.1952455189641 408
1738723996542 139.95774083341706 409
1738723996575 242.41695197790486 410
1738723996608 191.63867401069308 411
1738723996642 106.72103188391173 412
1738723996675 198.367969185778 413
1738723996708 195.6752791637006 414
1738723996741 225.15539956064256 415
1738723996774 211.51007797551264 416
1738723996806 176.24936011700996 417
1738723996839 164.1820110620994 418
1738723996872 467.7279986856387 419
1738723996905 118.29516621307643 420
1738723996938 144.54574477801938 421
1738723996971 282.4259401936942 422
1738723997004 107.57082557881034 423
1738723997037 127.82672615248033 424
1738723997070 140.5613003213719 425
1738723997103 172.7238811057963 426
1738723997136 164.02053935225675 427
1738723997169 126.53168995983249 428
1738723997202 303.882809761174 429
1738723997235 140.87104979814643 430
1738723997267 338.32718462324584 431
1738723997300 244.50199901326638 432
1738723997333 106.46679821904627 433
1738723997366 228.49106124692204 434
1738723997399 228.78460910716066 435
1738723997432 120.8251364212943 436
1738723997465 200.03820232992675 437
1738723997498 163.2254706699784 438
1738723997533 212.92783982944138 439
1738723997566 180.05384897807633 440
1738723997600 246.25262404513825 441
1738723997634 135.11278884650824 442
1738723997668 82.23328725903588 443
1738723997702 196.7659513665337 444
1738723997736 163.19880861040562 445
1738723997770 209.23592034037523 446
1738723997803 98.73728405013813 447
1738723997837 210.97821091072652 448
1738723997871 268.89670697576724 449
1738723997905 115.90848730653727 450
1738723997938 176.65068763359517 451
1738723997973 145.26979003954753 452
1738723998007 205.52148978275488 453
1738723998041 228.37450892794482 454
1738723998075 163.5645405486061 455
1738723998109 190.72535601569763 456
1738723998143 198.19308326812683 457
1738723998177 201.1811836354075 458
1738723998211 274.57327390055946 459
1738723998245 129.7073656057615 460
1738723998279 239.9827350566769 461
1738723998312 160.6604587905176 462
1738723998346 186.17642096501075 463
1738723998380 176.65835528788827 464
1738723998414 235.88478110833572 465
1738723998448 165.31482332184734 466
1738723998484 167.4010664291466 467
1738723998518 162.5368501174725 468
1738723998551 240.93334712568992 469
1738723998585 119.12363735462156 470
1738723998619 93.18615129143842 471
1738723998652 168.32331502422156 472
1738723998686 127.8916455111007 473
1738723998720 192.66593753416657 474
1738723998754 181.2447325599276 475
1738723998788 171.0289697335925 476
1738723998821 204.9580154526743 477
1738723998855 220.51729810348544 478
1738723998888 190.85522744878932 479
1738723998922 221.37210364310783 480
1738723998955 178.73153515641243 481
1738723998989 196.1213989984416 482
1738723999023 101.51813073997272 483
1738723999056 186.09510314870647 484
1738723999090 201.52010012895025 485
1738723999123 122.23439046919916 486
1738723999157 62.85195711623029 487
1738723999191 150.8957861013212 488
1738723999224 211.17840139047712 489
1738723999258 164.84465955561444 490
1738723999291 217.44421051034615 491
1738723999325 154.4576984967122 492
1738723999358 183.1372643957404 493
1738723999392 225.50331960832384 494
1738723999425 160.19462129377916 495
1738723999459 218.79355609683498 496
1738723999492 170.25952427177037 497
1738723999526 197.24099454929143 498
1738723999559 80.04819897067142 499
