1738722971794 175.06331120302096 0
1738722971830 186.47171870789418 1
1738722971865 145.41758302178042 2
1738722971901 157.8905594862 3
1738722971936 174.54355561982297 4
1738722971971 169.2254804989947 5
1738722972006 176.77021672232598 6
1738722972041 172.47827816886644 7
1738722972076 173.46256000067478 8
1738722972111 172.33236151539919 9
1738722972146 165.81236296241218 10
1738722972182 176.5440846817047 11
1738722972217 183.70032547470527 12
1738722972252 168.46854116858887 13
1738722972288 162.78416737061676 14
1738722972323 178.57561526560679 15
1738722972359 160.91620864374738 16
1738722972394 152.5968014434714 17
1738722972429 164.75945254004282 18
1738722972464 170.8958169874742 19
1738722972499 174.54867108203055 20
1738722972534 147.97955196662724 21
1738722972569 179.3010935427518 22
1738722972604 154.83024831453346 23
1738722972639 170.74464805455193 24
1738722972674 170.30731958660132 25
1738722972709 152.43920029516013 26
1738722972744 178.4486079421183 27
1738722972778 177.37814824349311 28
1738722972813 148.22785474117188 29
1738722972848 157.27408864151113 30
1738722972882 175.21655836789563 31
1738722972917 180.14404062613227 32
1738722972952 177.7898245952438 33
1738722972986 172.46529112853287 34
1738722973021 169.35281456076737 35
