1738722971112 165.78407995765536 0
1738722971115 166.0190023664241 1
1738722971117 172.6818882127951 2
1738722971119 163.84542280620587 3
1738722971122 170.79879318768252 4
1738722971124 165.67617612997873 5
1738722971126 172.3708951310441 6
1738722971128 172.58893477568662 7
1738722971131 170.53876692047007 8
1738722971133 167.58325022468256 9
1738722971135 167.2058663401667 10
1738722971138 167.56200699372596 11
1738722971140 167.1390346091798 12
1738722971142 169.28104821591984 13
1738722971144 167.6309273065805 14
1738722971147 171.01072577912157 15
1738722971149 169.43894516576066 16
1738722971151 170.22838227201478 17
1738722971153 168.83915084716892 18
1738722971156 171.04903677332427 19
1738722971158 165.72352010038142 20
1738722971160 170.1907206523322 21
1738722971162 170.76117179498738 22
1738722971165 168.91370556358723 23
1738722971167 163.80010433928146 24
1738722971169 166.44923933572528 25
1738722971171 171.06870666655556 26
1738722971173 170.42921341592344 27
1738722971176 171.34176441662848 28
1738722971178 168.6320180661371 29
1738722971180 169.96896220800895 30
1738722971182 166.43122854800748 31
1738722971185 169.10237347538558 32
1738722971187 170.79166395023546 33
1738722971189 169.43416760518934 34
1738722971191 170.68161461543343 35
1738722971194 173.2973005681533 36
1738722971196 167.51196482506379 37
1738722971198 173.2430482099824 38
1738722971200 169.45549730690152 39
1738722971202 167.01063675763965 40
1738722971205 171.6545654008475 41
1738722971207 168.5566986288673 42
1738722971209 168.9292004722893 43
1738722971211 169.93028770423228 44
1738722971214 166.68644502880122 45
1738722971216 166.22393036311493 46
1738722971218 168.46282090138786 47
1738722971220 169.08569866209075 48
1738722971223 168.70229982455623 49
1738722971225 168.94516951629882 50
1738722971227 171.06792757548277 51
1738722971229 166.22728619458164 52
1738722971231 168.46268729512704 53
1738722971234 167.28663663026038 54
1738722971236 172.54560726208283 55
1738722971238 167.08027762081002 56
1738722971240 172.33121390425958 57
1738722971243 167.67201030667118 58
1738722971245 169.7385073506217 59
1738722971247 168.36916100837163 60
1738722971249 171.1722167142322 61
1738722971252 168.89624668551917 62
1738722971254 168.35231380596633 63
1738722971256 170.75779823505428 64
1738722971258 169.0754535682229 65
1738722971261 170.57564771669482 66
1738722971263 169.81532514869403 67
1738722971265 168.308261077145 68
1738722971267 169.63507261881642 69
1738722971270 165.87038184745708 70
1738722971272 166.26826234496394 71
1738722971274 164.62167369413757 72
1738722971276 170.46733564095962 73
1738722971279 168.96541496268358 74
1738722971281 170.61550565020795 75
1738722971283 167.83258281832454 76
1738722971286 167.48507614031155 77
1738722971288 168.84022025197802 78
1738722971300 165.4671382206135 79
1738722971312 167.159259060935 80
1738722971328 168.27868390631076 81
1738722971331 170.8407996566922 82
1738722971341 168.60767637700607 83
1738722971344 168.16071020491054 84
