1738726720254 162.25881545857277 0
1738726720291 162.16791553018484 1
1738726720328 142.6031320844195 2
1738726720364 187.25060492423825 3
1738726720402 171.9628082995797 4
1738726720439 141.33447338550798 5
1738726720476 170.57644413700552 6
1738726720512 167.30120899860893 7
1738726720549 152.74968652917966 8
1738726720585 164.95583947066982 9
1738726720622 173.32461577013976 10
1738726720659 170.57916195886887 11
1738726720695 155.9427032975342 12
1738726720732 156.18821209535753 13
1738726720769 193.21553617470752 14
1738726720805 122.55320327466184 15
1738726720841 173.9525781957409 16
1738726720878 180.79345780526683 17
1738726720914 187.242815073787 18
1738726720950 181.73757111326194 19
1738726720987 171.4925688065133 20
1738726721023 146.56310777170654 21
1738726721060 174.38707607324977 22
1738726721096 163.35146880486522 23
1738726721133 137.76179832537608 24
1738726721169 158.15001299942566 25
1738726721206 162.1195392593189 26
1738726721243 162.34707910989565 27
1738726721280 163.70936068148322 28
1738726721318 170.3458542723338 29
1738726721355 162.3168608623593 30
1738726721392 144.61521284967105 31
1738726721428 143.00692055649637 32
1738726721465 167.48369215058096 33
1738726721501 172.1848975127841 34
1738726721537 141.0202361276481 35
1738726721574 171.87490077212917 36
1738726721610 164.86847997993794 37
1738726721647 167.8502295070636 38
1738726721683 153.64583036514423 39
1738726721719 171.44894656866836 40
1738726721756 226.3416083613413 41
1738726721792 170.171243170695 42
1738726721828 218.7067233771605 43
1738726721865 155.04226756669698 44
1738726721902 174.83614909876042 45
1738726721938 153.154660152805 46
1738726721978 166.65488549986765 47
1738726722014 166.52369229950725 48
1738726722050 166.4498113115407 49
1738726722087 136.32491543460688 50
1738726722123 161.7741083471577 51
1738726722159 139.90820311695197 52
1738726722195 200.32250913522546 53
1738726722232 175.91833722552465 54
1738726722268 215.90756591572242 55
1738726722304 173.15547826993216 56
1738726722340 164.59811231022167 57
1738726722377 175.68795473347168 58
1738726722413 152.26265132473782 59
1738726722449 153.77406353772736 60
1738726722486 182.2782770945716 61
1738726722524 147.0380588753514 62
1738726722561 166.8317650652423 63
1738726722598 155.0300910061471 64
1738726722635 205.5248561173722 65
1738726722672 167.8003313778358 66
1738726722709 181.04538330632863 67
1738726722746 174.39018009947316 68
1738726722782 124.49955437444864 69
1738726722819 183.06667112971488 70
1738726722856 194.21035973804717 71
1738726722893 164.35832426376044 72
1738726722929 157.0327506178797 73
1738726722966 175.18459688171697 74
1738726723002 173.87842244668184 75
1738726723038 150.87683534687324 76
1738726723075 164.953121228123 77
1738726723111 172.4631066070717 78
1738726723147 169.8564554523351 79
1738726723184 189.14190543366365 80
1738726723220 165.3384905923863 81
1738726723256 175.53560146934248 82
1738726723293 144.51221340309834 83
1738726723329 179.19961751845582 84
1738726723365 187.87928351517985 85
1738726723402 158.2890621138224 86
1738726723438 169.70620369625632 87
1738726723474 144.0272106283714 88
1738726723510 179.82039625153908 89
1738726723546 165.1468735149853 90
1738726723582 166.3184246103507 91
1738726723619 164.93452136921942 92
1738726723655 125.90073811881638 93
1738726723691 150.68715696189167 94
1738726723727 162.93685676956616 95
1738726723763 189.97674058441245 96
1738726723799 204.05380866587203 97
1738726723836 143.0508401198371 98
1738726723872 176.40534068741638 99
1738726723908 172.377951370044 100
1738726723945 195.01216234664585 101
1738726723981 180.11829114052992 102
1738726724016 133.6128100569797 103
1738726724053 163.26432650053044 104
1738726724089 152.28790479890608 105
1738726724125 172.83758945190155 106
1738726724161 154.38455491380824 107
1738726724197 161.79936881071123 108
1738726724233 183.86500590040848 109
1738726724271 168.48841127120625 110
1738726724306 118.7953226279717 111
1738726724343 157.58804686795557 112
1738726724379 142.16967748379395 113
1738726724415 164.27537639759015 114
1738726724452 177.209168297735 115
1738726724488 166.79467378898215 116
1738726724524 249.65507170978046 117
1738726724560 145.53211286871417 118
1738726724596 161.55939209175907 119
1738726724632 152.70870268317023 120
1738726724668 170.1445563247945 121
1738726724705 164.69892880600207 122
1738726724741 176.09357901543046 123
1738726724777 178.91307031230733 124
1738726724813 167.36900474619242 125
1738726724849 168.4428349704541 126
1738726724885 147.27457090106128 127
1738726724921 195.34858132693668 128
1738726724957 135.005922334851 129
1738726724993 192.88623411335575 130
1738726725029 198.57525113273434 131
1738726725065 151.03830193411932 132
1738726725101 163.58822230720276 133
1738726725138 139.98912602849447 134
1738726725173 185.603815338647 135
1738726725209 165.5013625345579 136
1738726725245 170.11123865498206 137
1738726725282 158.30913595366795 138
1738726725317 160.39652441639242 139
1738726725354 142.5702595473642 140
1738726725392 159.78293169386043 141
1738726725429 179.835488691907 142
1738726725466 176.93045867156712 143
1738726725503 176.73684398724745 144
1738726725540 159.98959976403896 145
1738726725577 149.1113837965481 146
1738726725613 169.1602998938704 147
1738726725650 158.13546385113239 148
1738726725687 212.63756542348617 149
1738726725724 186.061129380547 150
1738726725760 168.40598807183602 151
1738726725797 157.05884190685623 152
1738726725833 181.65644371349637 153
1738726725870 164.78998426977338 154
1738726725907 175.9059173815096 155
1738726725944 159.7755544285666 156
1738726725981 209.45272359239678 157
1738726726017 153.41307842482306 158
1738726726054 170.32027067738957 159
1738726726090 165.39820855359642 160
1738726726127 196.72738427956892 161
1738726726164 196.0184449762079 162
1738726726200 165.4825799498389 163
1738726726236 188.5616918320191 164
1738726726273 207.43849693186746 165
1738726726309 164.58736063857586 166
1738726726345 177.74101978711371 167
1738726726382 173.1110006253966 168
1738726726418 153.9077490091132 169
1738726726455 155.12372619021463 170
1738726726491 197.12489803869687 171
1738726726527 182.24149570752814 172
1738726726563 153.36356897236448 173
1738726726600 139.5314638475055 174
1738726726636 146.96060436335858 175
1738726726672 164.2048303395103 176
1738726726708 166.98155305418825 177
1738726726744 171.32007988992737 178
1738726726780 166.7712173321998 179
1738726726817 174.5428286175371 180
1738726726853 179.36565584896272 181
1738726726889 153.79436292567115 182
1738726726925 152.16635963939876 183
1738726726961 170.2412482384111 184
1738726726997 157.37497052262685 185
1738726727034 173.98792188358738 186
1738726727070 206.61681035352055 187
1738726727106 171.43213773283807 188
1738726727142 195.1505573991175 189
1738726727178 165.76081895641562 190
1738726727214 163.16129142359796 191
1738726727250 177.3936920354059 192
1738726727287 167.24761252856473 193
1738726727323 159.00951337890172 194
1738726727359 169.52432466968457 195
1738726727396 141.9581883325974 196
1738726727433 159.7374838406077 197
1738726727469 171.31135989811182 198
1738726727505 160.42473338356555 199
1738726727542 177.78475789468672 200
1738726727578 154.88290819411898 201
1738726727615 190.03259484889264 202
1738726727651 172.6328482073025 203
1738726727687 176.31660652851355 204
1738726727724 173.42199732503113 205
1738726727761 185.87106539611403 206
1738726727797 192.05979426136687 207
1738726727833 136.22042293057717 208
1738726727870 163.68853832321764 209
1738726727906 157.9233501787816 210
1738726727942 147.51063910743915 211
1738726727978 144.9440033954769 212
1738726728015 183.7531042615585 213
1738726728051 147.80095256711195 214
1738726728087 166.8535618992645 215
1738726728124 184.2838870337664 216
1738726728160 186.22520093994012 217
1738726728197 179.02950989242697 218
1738726728233 186.75824815711314 219
1738726728269 165.84851249779013 220
1738726728305 167.75739604586707 221
1738726728341 183.83775592505745 222
1738726728377 163.8463610502304 223
1738726728414 160.05613308790586 224
1738726728452 190.5772754658438 225
1738726728489 165.20398311829396 226
1738726728525 171.93147224181047 227
1738726728562 176.8419558085554 228
1738726728599 171.4780490917468 229
1738726728636 167.05455390708764 230
1738726728673 166.7423591126197 231
1738726728710 178.47265544520693 232
1738726728746 157.7500759180448 233
1738726728783 112.51924045511895 234
1738726728820 157.18996408142266 235
1738726728856 178.35731559147558 236
1738726728893 186.97258760265103 237
1738726728930 174.86808481084296 238
1738726728966 170.57768739479783 239
1738726729003 177.57314827576212 240
1738726729039 150.18896143520507 241
1738726729076 182.20935383387285 242
1738726729112 163.3747769860399 243
1738726729148 148.82813499365557 244
1738726729185 169.90314014038478 245
1738726729221 180.08579679404647 246
1738726729258 172.58768979733026 247
1738726729294 188.0745788627953 248
1738726729330 167.90984961177426 249
1738726729367 166.81036355044606 250
1738726729403 199.1209266177824 251
1738726729440 162.10557231753643 252
1738726729476 190.27108094116556 253
1738726729513 161.13956827989867 254
1738726729549 198.37492599372052 255
1738726729586 187.34335383573338 256
1738726729622 137.56498044522274 257
1738726729659 172.68489516752612 258
1738726729695 161.31216278075163 259
1738726729732 201.47160246708168 260
1738726729768 156.34307646630063 261
1738726729805 173.64469396164748 262
1738726729841 192.21653376676028 263
1738726729878 157.27461173582054 264
1738726729914 162.10559236794174 265
1738726729951 145.51737244427457 266
1738726729987 184.27840059494017 267
1738726730024 139.95149229690566 268
1738726730060 200.71358441309573 269
1738726730097 148.2696754169428 270
1738726730133 173.98494769616636 271
1738726730170 156.73274762171212 272
1738726730206 150.7894149715496 273
1738726730243 174.745767925944 274
1738726730279 164.43867156955565 275
1738726730315 157.73118367460702 276
1738726730352 170.00497300583996 277
1738726730388 166.64351397224144 278
1738726730424 188.68188760465867 279
1738726730460 164.07237113382365 280
1738726730497 156.83091193698385 281
1738726730533 180.22152283700333 282
1738726730569 152.47642229942429 283
1738726730609 148.29737897955894 284
1738726730646 164.56762558064602 285
1738726730682 177.30804547718014 286
1738726730718 163.83366656369452 287
1738726730754 183.53424277974656 288
1738726730790 173.9534541685634 289
1738726730826 166.6373286411305 290
1738726730862 173.07296601476858 291
1738726730898 211.5109832189783 292
1738726730934 155.7865080709914 293
1738726730971 154.69702025658404 294
1738726731007 186.9106200856335 295
1738726731043 173.26916245156565 296
1738726731079 186.3765600021497 297
1738726731115 150.92587513467257 298
1738726731151 124.11093994434985 299
1738726731187 145.1408604635427 300
1738726731224 168.23972769252975 301
