1738726705438 174.6031394660204 0
1738726705476 172.37052282729587 1
1738726705513 163.669842909246 2
1738726705550 141.5076737824354 3
1738726705587 160.3392814439534 4
1738726705623 171.37033480375234 5
1738726705660 180.558637065124 6
1738726705697 179.7420848947837 7
1738726705734 162.23166350578367 8
1738726705770 143.60507315062992 9
1738726705807 172.92324947983084 10
1738726705844 179.19767272335352 11
1738726705880 169.2583718367196 12
1738726705915 174.3499121799172 13
1738726705951 172.68010890140212 14
1738726705986 168.58912819719126 15
1738726706021 170.6883746842419 16
1738726706056 149.01125163943308 17
1738726706091 153.2484983195096 18
1738726706126 163.9170887936433 19
1738726706161 158.9958706768681 20
1738726706195 159.28255110483403 21
1738726706230 162.5360264344519 22
1738726706265 164.99246362337414 23
1738726706299 183.89028809135195 24
1738726706334 153.2842092186154 25
1738726706369 159.6277396707386 26
1738726706405 177.86120812949738 27
1738726706440 171.42850773858333 28
1738726706475 156.47648840242584 29
1738726706510 175.59289589358235 30
1738726706545 159.04674278549382 31
1738726706582 161.23979544721473 32
