1738722472231 178.5469605732742 0
1738722472264 168.95830247607498 1
1738722472297 180.6312617360117 2
1738722472330 168.38442097536725 3
1738722472363 168.44007531245512 4
1738722472396 174.4797863381505 5
1738722472429 161.94167540673456 6
1738722472462 181.79348175046016 7
1738722472494 156.7671550710974 8
1738722472527 170.41968297331925 9
1738722472560 175.2037847511381 10
1738722472593 163.51805320252112 11
1738722472626 152.11353173950448 12
1738722472659 156.92786784473572 13
1738722472691 173.1961472480644 14
1738722472724 169.37175159056008 15
1738722472756 166.63634584599697 16
1738722472789 165.6097439385181 17
1738722472821 149.47900095067627 18
1738722472853 151.62610051148403 19
1738722472886 164.81791898181544 20
1738722472918 184.26905338751556 21
1738722472950 195.70919558282367 22
1738722472983 151.23107169838963 23
1738722473015 178.35118041893162 24
1738722473047 171.21998651182668 25
1738722473079 187.19363315099727 26
1738722473112 197.1253349892038 27
1738722473144 169.84734370838962 28
1738722473176 137.6006356680608 29
1738722473208 182.81287735769996 30
1738722473241 174.57816506475555 31
1738722473273 183.85116990562415 32
1738722473305 164.47486668052164 33
1738722473337 180.9691775910654 34
1738722473369 140.426054122027 35
1738722473401 169.44931506510122 36
1738722473434 179.9381035085133 37
1738722473466 171.67156718439324 38
1738722473498 160.02587837615226 39
1738722473530 182.2026790406282 40
1738722473562 176.3453668089977 41
1738722473594 157.2781516539864 42
1738722473626 174.74468654773872 43
1738722473658 164.8192746713083 44
1738722473690 192.93889915140332 45
1738722473722 169.87562000094917 46
1738722473754 191.46896864139586 47
1738722473786 161.98170523748144 48
1738722473818 181.95139426627767 49
1738722473850 175.67071495266865 50
1738722473882 167.18558977255898 51
1738722473914 160.31529269750254 52
1738722473946 173.654779392566 53
1738722473978 170.79799857343133 54
1738722474010 150.88814033989559 55
1738722474042 189.64853332013206 56
1738722474074 183.5780321334991 57
1738722474106 186.80503749181253 58
1738722474138 165.7065453674662 59
1738722474170 169.04029752729016 60
1738722474202 138.41955877379579 61
1738722474234 171.2280644596038 62
1738722474266 169.4848421179355 63
1738722474298 177.20914486537697 64
1738722474330 171.03056629781804 65
1738722474363 131.3092040121776 66
1738722474395 164.48160378658545 67
1738722474427 192.7936309562554 68
1738722474459 165.6029938573372 69
1738722474491 162.26615450162558 70
1738722474523 130.63726439707835 71
1738722474555 133.77791261347508 72
1738722474587 174.9236738910645 73
1738722474619 164.13964552134698 74
1738722474651 167.09107763628313 75
1738722474684 172.32123553815794 76
1738722474716 165.93329963421306 77
1738722474748 137.61493006820442 78
1738722474780 148.34742073642454 79
1738722474812 137.8829210425464 80
1738722474844 159.31090616618195 81
1738722474876 138.67744661824298 82
1738722474908 158.94268006619623 83
1738722474940 177.16906315572695 84
1738722474972 175.14840494951346 85
1738722475006 163.60420976157064 86
1738722475041 176.45391598430132 87
1738722475074 209.73751538050882 88
1738722475106 185.98049965147453 89
1738722475138 180.9124820346236 90
1738722475171 149.7834135073194 91
1738722475203 147.634355115938 92
1738722475235 166.89874153490405 93
1738722475267 162.71070286635708 94
1738722475300 146.9986382263496 95
1738722475332 176.0330979476555 96
1738722475364 175.57802276833903 97
1738722475396 165.45637879421702 98
1738722475428 187.23763634439578 99
1738722475460 123.85462597203014 100
1738722475492 167.83710726249956 101
1738722475524 160.68201711866777 102
1738722475556 166.43593815511755 103
1738722475588 140.7106296495784 104
1738722475620 157.47270077500215 105
1738722475652 173.36796222746057 106
1738722475684 167.32201363524175 107
1738722475716 151.27663820849986 108
1738722475748 188.41683832058095 109
1738722475780 174.089863534194 110
1738722475812 193.75584050050168 111
1738722475844 167.51826541558296 112
1738722475876 177.52162228025682 113
1738722475908 195.72106040797044 114
1738722475941 162.65538534223714 115
1738722475973 164.13323033769706 116
1738722476005 171.10889675676302 117
1738722476036 187.23752411388807 118
1738722476068 164.77368047777082 119
1738722476100 201.55523391144945 120
1738722476132 140.0931898205719 121
1738722476164 167.81688478081136 122
1738722476196 178.97983043464384 123
1738722476228 172.8355160165331 124
1738722476259 139.8622039485869 125
1738722476291 176.28741350763747 126
1738722476323 191.42147232330822 127
1738722476355 175.70473727311156 128
1738722476387 177.3378837667608 129
1738722476419 151.48735524281508 130
1738722476451 188.7488698224955 131
1738722476483 177.20244108908318 132
1738722476514 132.67622618565647 133
1738722476547 168.69599493525294 134
1738722476579 160.27964770218725 135
1738722476611 229.01314244437464 136
1738722476644 184.52831781352634 137
1738722476676 169.6087099389209 138
1738722476709 162.80395488690948 139
1738722476742 145.4711356897383 140
1738722476774 182.8407509720292 141
1738722476806 202.2002744997678 142
1738722476838 156.8153405667024 143
1738722476870 156.50361086873662 144
1738722476902 169.73554866302007 145
1738722476935 147.66968102659882 146
1738722476967 178.7554741323657 147
1738722476999 170.94235937484174 148
1738722477031 177.66839694711032 149
1738722477064 181.5534685484769 150
1738722477096 161.39183310887137 151
1738722477128 194.7090670024633 152
1738722477160 160.71905454101915 153
1738722477192 192.6641562475264 154
1738722477225 165.8371968747498 155
1738722477257 188.09083063728232 156
1738722477289 164.7938991264078 157
1738722477321 167.4418999306213 158
1738722477353 178.4656409276685 159
1738722477385 153.71543231628002 160
1738722477417 187.17476520796328 161
1738722477449 161.53206542451719 162
1738722477481 151.64681403921892 163
1738722477513 157.14036192826387 164
1738722477546 134.06762365692197 165
1738722477578 169.60193597853527 166
1738722477610 173.05608133230012 167
1738722477642 159.82126118605916 168
1738722477674 153.89701920784995 169
1738722477706 171.27181153984327 170
1738722477738 172.69727797611247 171
1738722477770 164.46301142658928 172
1738722477802 168.04704696363592 173
1738722477834 178.03611369993712 174
1738722477866 165.92315315627954 175
1738722477898 162.13970735914714 176
1738722477930 169.75851653880923 177
1738722477962 185.81284106372104 178
1738722477994 124.44310848388245 179
1738722478026 217.0252998061803 180
1738722478058 177.30656200807894 181
1738722478090 171.1974847143962 182
1738722478122 187.03964341591984 183
1738722478154 152.45592910196828 184
1738722478186 179.68670219765184 185
1738722478218 143.68075975111174 186
1738722478250 197.4772584717286 187
1738722478282 163.5138304664599 188
1738722478315 164.25892410392194 189
1738722478349 171.94624240820255 190
1738722478382 176.38849739974563 191
1738722478415 192.59971938372965 192
1738722478448 168.0258998351142 193
1738722478481 197.65981539249472 194
1738722478514 166.1813507554664 195
1738722478547 156.64920918608584 196
1738722478580 154.45225273931777 197
1738722478613 143.90151279303635 198
1738722478645 183.79700740251693 199
1738722478678 136.40278053216886 200
1738722478711 159.9036321489832 201
1738722478744 157.3462781938488 202
1738722478777 181.43691080091594 203
1738722478810 215.05381788647404 204
1738722478843 180.8670098590092 205
1738722478875 164.13747900496793 206
1738722478908 129.21062365766355 207
1738722478940 158.20738033665523 208
1738722478973 207.28134293118055 209
1738722479006 161.34269564007226 210
1738722479039 138.51005039813904 211
1738722479071 174.4997695345164 212
1738722479104 192.48544255567856 213
1738722479137 152.06925647796717 214
1738722479169 190.68190371797817 215
1738722479202 169.43071853284872 216
1738722479234 190.53540761597603 217
1738722479266 181.77580735780225 218
1738722479299 165.20184354654953 219
1738722479331 168.15254530575035 220
1738722479363 187.7246394050872 221
1738722479396 178.10755973531957 222
1738722479428 180.6200434683078 223
1738722479461 147.3431557699478 224
1738722479493 174.9063870177019 225
1738722479526 180.19064410402834 226
1738722479558 168.20957955087437 227
1738722479591 170.20891111282793 228
1738722479623 196.10486782781905 229
1738722479656 156.87006844552806 230
1738722479688 182.28286046322563 231
1738722479721 172.41255584818705 232
1738722479753 159.8961429647584 233
1738722479785 182.9361196043995 234
1738722479817 157.26382275233115 235
1738722479850 173.44501958833584 236
1738722479882 164.14235101158323 237
1738722479915 160.0090305547642 238
1738722479947 170.94780182669683 239
1738722479979 164.09596342087295 240
1738722480012 176.46182247017262 241
1738722480044 128.58394655110004 242
1738722480076 155.10266762222372 243
1738722480109 176.51102164874888 244
1738722480145 192.07172277035824 245
1738722480178 191.27256056546813 246
1738722480211 154.27114935217062 247
1738722480244 129.72952260075482 248
1738722480278 157.70372730323479 249
1738722480311 171.09453121420788 250
1738722480344 169.29370359840274 251
1738722480377 183.37224295167613 252
1738722480410 159.35138418720268 253
1738722480443 172.95770911040884 254
1738722480476 163.17917039873225 255
1738722480509 190.42715859910078 256
1738722480542 166.81240954931414 257
1738722480575 171.45759796720412 258
1738722480608 168.99082831869197 259
1738722480640 181.21287152391793 260
1738722480673 170.13068553304322 261
1738722480706 160.8289289622284 262
1738722480738 168.32064514950736 263
1738722480771 184.3515341467094 264
1738722480804 171.75589004150828 265
1738722480836 168.18417475275785 266
1738722480868 193.44630499926018 267
1738722480901 222.78299402031143 268
1738722480933 159.0172857606108 269
1738722480966 123.72043788695673 270
1738722480998 186.17806882555678 271
1738722481031 159.54905522538522 272
1738722481063 135.64130204789893 273
1738722481095 165.55266540383874 274
1738722481128 156.7655495932901 275
1738722481160 152.50161601755119 276
1738722481192 168.3817048493229 277
1738722481225 215.70793108670017 278
1738722481257 171.75059053462653 279
1738722481289 181.50239111078199 280
1738722481322 173.09316921408717 281
1738722481354 189.90239231252684 282
1738722481387 152.66491054917768 283
1738722481419 175.34106278168213 284
1738722481452 133.65939705612337 285
1738722481484 142.9498687666413 286
1738722481516 180.01167062504703 287
1738722481549 168.37428397489347 288
1738722481581 170.3339651134398 289
1738722481614 161.68274817182433 290
1738722481646 174.9879701517097 291
1738722481679 166.44601963433897 292
1738722481711 155.67776947758844 293
1738722481743 185.01063106701685 294
1738722481776 177.85738090571897 295
1738722481808 184.3936578988512 296
1738722481840 163.28749763411457 297
1738722481873 165.47701335601718 298
1738722481905 182.3432645642968 299
1738722481937 186.05244250087557 300
1738722481970 167.96774656788492 301
1738722482002 169.0369964981583 302
1738722482034 166.86116065264704 303
1738722482067 173.1125975639403 304
1738722482099 170.48498360292706 305
1738722482131 153.98603218564347 306
1738722482163 188.82448889190522 307
1738722482196 159.64005297981413 308
1738722482228 169.22951291207394 309
1738722482260 173.8047727280919 310
1738722482292 158.9219897919645 311
1738722482324 172.73649683964132 312
1738722482356 173.59802958094744 313
1738722482388 159.7831868726601 314
1738722482420 147.06348369098117 315
1738722482452 160.98111957468225 316
1738722482484 174.10110800040212 317
1738722482517 185.74425730645657 318
1738722482549 172.10500175416576 319
1738722482581 177.93299067452955 320
1738722482613 156.2147877736876 321
1738722482645 169.0331102627145 322
1738722482677 166.89473181970465 323
1738722482710 158.41031344177568 324
1738722482742 183.9279501061257 325
1738722482774 168.99199347059078 326
1738722482806 163.88177517202286 327
1738722482844 141.129267769752 328
1738722482893 175.83264460945048 329
1738722482930 163.86001836034973 330
1738722482965 176.96324290506698 331
1738722483004 154.60186855524486 332
1738722483038 185.2424690552787 333
1738722483072 234.4978399053258 334
1738722483106 248.59327689037 335
1738722483140 181.6977146347502 336
1738722483174 122.66781061183386 337
1738722483207 160.0786797754391 338
1738722483241 159.76723771211903 339
1738722483274 176.80545230235165 340
1738722483307 165.6609170431513 341
1738722483340 175.67522662650885 342
1738722483373 167.00679543699778 343
1738722483406 143.7931042006265 344
1738722483439 193.96070933745588 345
1738722483472 168.9485271876992 346
1738722483505 153.37228039829046 347
1738722483538 130.00759249023133 348
1738722483571 186.78353283442053 349
1738722483603 165.6466147751787 350
1738722483636 184.8931544388597 351
1738722483669 152.06070367789553 352
1738722483702 194.4811763630857 353
1738722483734 167.5068880900212 354
1738722483767 160.3423458350024 355
1738722483800 164.67686251290863 356
1738722483843 177.41667889929045 357
1738722483882 160.32354826085586 358
1738722483916 166.44796784652561 359
1738722483949 168.87383468667215 360
1738722483982 165.27814809079962 361
1738722484016 161.1003371132992 362
1738722484049 166.09256246600026 363
1738722484082 174.2140747010806 364
1738722484114 130.35520126103967 365
1738722484147 141.69588332479762 366
1738722484180 168.3874347798436 367
1738722484212 164.62629520886375 368
1738722484245 196.23725126438865 369
1738722484277 200.55214322085803 370
1738722484310 164.62657273459743 371
1738722484344 173.2114642940812 372
1738722484378 187.23926309978359 373
1738722484412 166.02548273275534 374
1738722484445 166.68868377203023 375
1738722484478 141.7221523794971 376
1738722484512 138.77119123475373 377
1738722484545 172.41743805628496 378
1738722484578 166.12336000615727 379
1738722484611 158.07139647633576 380
1738722484645 177.01522038485197 381
1738722484678 169.352419154841 382
1738722484711 197.76446584921945 383
1738722484744 154.97674302100188 384
1738722484776 167.8291118096826 385
1738722484809 176.12476177332906 386
1738722484842 162.15876374186794 387
1738722484875 168.21101231877282 388
1738722484908 174.97385468765543 389
1738722484941 181.50304810955407 390
1738722484974 170.31950144093133 391
1738722485006 179.2391931871086 392
1738722485039 189.8040521153687 393
1738722485071 192.28588755227867 394
1738722485104 176.9765605306525 395
1738722485136 164.63229275814848 396
1738722485168 139.27359874444082 397
1738722485201 180.35363451121717 398
1738722485233 175.42565509294113 399
1738722485266 173.86857262499004 400
1738722485299 179.29912140562314 401
1738722485333 155.27358207802968 402
1738722485368 183.7697657679555 403
1738722485402 170.7536800760842 404
1738722485436 170.05013004624743 405
1738722485469 168.88465431225325 406
1738722485503 175.92368043466487 407
1738722485538 154.00012810186246 408
1738722485572 177.62130937279403 409
1738722485606 164.40463203024402 410
1738722485640 189.70888084042522 411
1738722485674 154.6062636614762 412
1738722485708 174.82406525220065 413
1738722485743 170.78663334182144 414
1738722485777 155.24895567008608 415
1738722485811 140.56129855931505 416
1738722485845 169.65871404087483 417
1738722485878 193.5785442852792 418
1738722485913 159.59154147798608 419
1738722485946 184.7827703759838 420
1738722485980 169.86879075587797 421
1738722486014 182.80119284814407 422
1738722486049 159.73626957479968 423
1738722486082 175.57933897295348 424
1738722486116 162.48831433496034 425
1738722486149 179.62519912634468 426
1738722486182 159.4203064421035 427
1738722486215 167.39255243544127 428
1738722486247 176.56909309177055 429
1738722486280 219.81933237070402 430
1738722486314 182.9761150610421 431
1738722486348 157.05493990710798 432
1738722486382 168.74484820042437 433
1738722486415 158.24199153937258 434
1738722486448 181.59504938075557 435
1738722486481 165.13325809935836 436
1738722486514 159.29485705206673 437
1738722486548 178.87533346237615 438
1738722486581 170.0784669202448 439
1738722486615 182.9589287181683 440
1738722486648 149.40989225381628 441
1738722486682 165.07209191154456 442
1738722486716 187.8220288512647 443
1738722486750 181.2810357821813 444
1738722486784 162.38951089772212 445
1738722486818 190.06658281788575 446
1738722486889 172.23302981205413 447
1738722486936 167.3728425388751 448
1738722486976 168.15820578859217 449
1738722487014 165.2229911985019 450
1738722487048 146.8847809470235 451
1738722487082 166.15739202051319 452
1738722487116 162.6831194264791 453
1738722487152 160.29017492795782 454
1738722487186 167.32351802431637 455
1738722487220 156.22936280631296 456
1738722487254 168.84359653531442 457
1738722487288 162.21687637437068 458
1738722487321 177.6962036860042 459
1738722487354 163.66598235083276 460
1738722487387 148.35437169842712 461
1738722487420 187.47672152223168 462
1738722487453 179.43415152651798 463
1738722487487 169.7826982711296 464
1738722487520 188.72112243912738 465
1738722487554 161.1346461364088 466
1738722487588 133.79091360897692 467
1738722487622 168.58805804657032 468
1738722487657 176.1087444678817 469
1738722487690 157.70259105435136 470
1738722487723 208.18244328268665 471
1738722487756 182.39319303189444 472
1738722487788 166.59441763347152 473
1738722487821 152.45661106186247 474
1738722487854 170.35782078005604 475
1738722487886 161.3656781764193 476
1738722487919 159.23845660925116 477
1738722487952 173.23779409937242 478
1738722487985 146.5665483192367 479
1738722488018 167.02196238765094 480
1738722488052 187.3761615646173 481
1738722488085 204.62197750628403 482
1738722488117 186.24453127961021 483
1738722488150 149.23050482423497 484
1738722488183 144.6356942677422 485
1738722488216 176.01809623401937 486
1738722488248 170.4660143486593 487
1738722488281 163.38196969989414 488
1738722488314 146.86224090633308 489
1738722488347 168.79888514805478 490
1738722488380 167.39999740189742 491
1738722488412 167.5009326298496 492
1738722488445 175.03288888502144 493
1738722488478 214.8650678548524 494
1738722488510 166.36387774338718 495
1738722488543 196.3039672732777 496
1738722488576 155.25135232324828 497
1738722488608 170.0416094840525 498
1738722488641 180.10816496129678 499
