1738724140667 193.84527805052463 0
1738724140701 193.32654194053285 1
1738724140734 182.30012522939222 2
1738724140767 178.11710661795448 3
1738724140801 166.69239555991402 4
1738724140834 168.88022756520053 5
1738724140868 154.20277896218008 6
1738724140901 168.63786621851364 7
1738724140935 152.7424582350088 8
1738724140968 167.49915494421538 9
1738724141001 168.87161744026537 10
1738724141034 170.65217826746502 11
1738724141067 153.9840662257701 12
1738724141100 154.41927947130068 13
1738724141133 167.4608689698669 14
1738724141166 185.9950181510597 15
1738724141199 177.85983691767763 16
1738724141232 176.24310708045067 17
1738724141265 184.80301595356303 18
1738724141298 144.37886908620425 19
1738724141331 168.59017009427066 20
1738724141364 164.3599484111288 21
1738724141397 169.31203348223778 22
1738724141430 198.60584815534295 23
1738724141463 159.49186038865096 24
1738724141496 148.91944209482153 25
1738724141529 167.04704688679465 26
1738724141562 173.60218210317544 27
1738724141595 164.0415305498599 28
1738724141627 187.66305500132327 29
1738724141660 162.21275798139405 30
1738724141693 164.1825497438604 31
1738724141726 187.01936827797147 32
1738724141759 191.75479084867885 33
1738724141792 175.17036994327728 34
1738724141825 162.737119065843 35
1738724141858 168.6791358982803 36
1738724141891 172.61892421803037 37
1738724141924 163.71331799874477 38
1738724141957 174.219575709069 39
1738724141990 166.6750240821853 40
1738724142023 168.17935841403593 41
1738724142057 148.10194918462844 42
1738724142089 156.45216385187183 43
1738724142122 164.7539364678585 44
1738724142155 163.5477849584545 45
1738724142188 158.27044827153543 46
1738724142221 169.07397092962012 47
1738724142254 169.8325725551455 48
1738724142286 146.08212196588073 49
1738724142338 178.0381918086174 50
1738724142375 161.62092746615443 51
1738724142409 172.72417710294513 52
1738724142442 157.75200910965253 53
1738724142475 168.31289280457003 54
1738724142508 166.81594332665756 55
1738724142542 171.93573205217186 56
1738724142574 168.68012564901963 57
1738724142607 185.0410653976593 58
1738724142640 182.93219629245345 59
1738724142673 160.92183003558634 60
1738724142706 176.096939304836 61
1738724142739 159.53402782659737 62
1738724142772 170.21860234983058 63
1738724142805 151.67752761072384 64
1738724142838 150.97041813769752 65
1738724142871 172.92150820133574 66
1738724142904 187.31060965818207 67
1738724142937 168.26181015981876 68
1738724142969 174.5222913192388 69
1738724143002 171.7496969562843 70
1738724143035 179.61984548710808 71
1738724143068 161.9181670594473 72
1738724143101 188.07919025806265 73
