1738726676804 168.89634765008023 0
1738726676839 208.28650299101585 1
1738726676874 152.78847898636752 2
1738726676910 169.57788750216966 3
1738726676945 171.0607630362614 4
1738726676980 152.19374851844637 5
1738726677015 174.29310554640105 6
1738726677049 174.46449164094167 7
1738726677084 156.21793799528842 8
1738726677138 155.81094311040619 9
1738726677178 181.07775125575768 10
1738726677213 156.26758393694465 11
1738726677248 163.88637824862553 12
1738726677282 177.6353084301352 13
1738726677317 182.27600516744164 14
1738726677351 166.25441125924476 15
1738726677385 188.55514491184013 16
1738726677420 162.57345895219274 17
1738726677454 170.58054133613453 18
1738726677488 226.05645752969372 19
1738726677523 172.04458824906698 20
1738726677557 180.85552669537378 21
1738726677592 163.75240516191434 22
1738726677629 191.64510132146015 23
1738726677664 159.24843696258185 24
1738726677699 171.3790335031782 25
1738726677734 118.31284172848856 26
1738726677769 166.0399904054502 27
1738726677805 166.08888617299073 28
1738726677844 154.37648031676704 29
1738726677879 165.65962670663282 30
1738726677915 181.9689648987781 31
1738726677950 181.75386169204353 32
1738726677985 220.29840904901883 33
1738726678019 173.41765190727787 34
1738726678055 149.78797624919042 35
1738726678093 158.51689553837087 36
1738726678128 175.38503436195134 37
1738726678169 187.38146454976481 38
1738726678204 171.97325290892528 39
1738726678239 169.67595665354239 40
1738726678274 176.18335628079038 41
1738726678309 170.57120883656503 42
1738726678345 177.31934429722133 43
1738726678380 170.36763356748128 44
1738726678416 175.81021822824502 45
1738726678451 155.03574708042657 46
1738726678486 178.03519626213347 47
1738726678521 169.50042698833744 48
1738726678556 156.86377042607825 49
1738726678591 159.20852932375672 50
1738726678626 171.2539183778282 51
1738726678660 129.5038391971494 52
1738726678695 175.9863848966921 53
1738726678729 167.3932222591532 54
1738726678764 182.90275578877564 55
1738726678798 152.77440577653738 56
1738726678833 140.11454858785478 57
1738726678868 192.68803992165442 58
1738726678904 179.42408968982312 59
1738726678938 172.98177994032173 60
1738726678973 164.83645159648253 61
1738726679007 153.80691116095457 62
1738726679041 180.73923592567354 63
1738726679076 161.52975893533375 64
1738726679110 140.73862860328458 65
1738726679145 148.75987522766275 66
1738726679180 181.8852214241496 67
1738726679214 138.5868764213033 68
1738726679249 140.16736847724445 69
1738726679283 153.7363703264117 70
1738726679318 157.88967659030246 71
1738726679353 179.86759548852888 72
1738726679388 170.97537068472295 73
1738726679422 156.01012303650498 74
1738726679457 171.22672411123133 75
1738726679491 181.82308901894498 76
1738726679525 167.77012915167225 77
1738726679559 168.07311369809773 78
1738726679594 180.0861721731835 79
1738726679628 150.94600546992623 80
1738726679662 169.73698497310906 81
1738726679697 154.14391659149737 82
1738726679731 161.6846565869675 83
1738726679765 175.97785139758142 84
1738726679799 170.56897768537303 85
1738726679833 176.58491841709994 86
1738726679867 185.71562562879672 87
1738726679901 184.36803818395703 88
1738726679935 154.49063959041624 89
1738726679970 170.63634387543237 90
1738726680004 162.6227509313523 91
1738726680038 176.9954766215117 92
1738726680072 149.84813502042127 93
1738726680106 168.52624951651313 94
1738726680140 159.67898118161992 95
1738726680174 175.7828964530101 96
1738726680210 187.45970479805968 97
1738726680245 142.13092747584577 98
1738726680281 171.18248551000408 99
1738726680317 156.2263675867488 100
1738726680353 167.58639568733292 101
1738726680388 177.94929636654356 102
1738726680424 149.82954642680608 103
1738726680459 174.77366850995864 104
1738726680494 168.4494112315861 105
