1738724143498 171.35514299455588 0
1738724143500 171.22859810522723 1
1738724143502 171.21916834562208 2
1738724143504 171.20723653610722 3
1738724143506 171.1954174135174 4
1738724143509 171.18365232674083 5
1738724143511 171.17194232116984 6
1738724143513 171.1602871037689 7
1738724143515 171.14868641293253 8
1738724143517 171.1371399876453 9
1738724143519 171.1256475681706 10
1738724143521 171.11420889602886 11
1738724143523 171.10282371399185 12
1738724143525 171.09149176607662 13
1738724143528 171.08021279753928 14
1738724143530 171.06898655486899 15
1738724143532 171.05781278578218 16
1738724143535 171.0466912392163 17
1738724143537 171.0356216653239 18
1738724143539 171.024603815467 19
1738724143541 171.01363744221078 20
1738724143543 171.002722299318 21
1738724143545 170.99185814174328 22
1738724143547 170.98104472562687 23
1738724143549 170.9702818082893 24
1738724143552 170.95956914822534 25
1738724143554 170.94890650509848 26
1738724143556 170.93829363973518 27
1738724143558 170.92773031411912 28
1738724143560 170.91721629138567 29
1738724143562 170.90675133581632 30
1738724143565 170.89633521283292 31
1738724143567 170.88596768899234 32
1738724143569 170.87564853198077 33
1738724143572 170.86537751060837 34
1738724143574 170.85515439480366 35
1738724143576 170.8449789556081 36
1738724143578 170.8348509651709 37
1738724143580 170.82477019674323 38
1738724143582 170.8147364246732 39
1738724143585 170.8047494244004 40
1738724143587 170.79480897245045 41
1738724143589 170.78491484642996 42
1738724143591 170.77506682502104 43
1738724143594 170.76526468797636 44
1738724143603 170.7555082161135 45
1738724143606 170.7457971913102 46
1738724143608 170.736131396499 47
1738724143610 170.72651061566208 48
1738724143612 170.71693463382618 49
1738724143615 170.70740323705755 50
1738724143617 170.697916212457 51
1738724143619 170.68847334815453 52
1738724143622 170.67907443330466 53
1738724143624 170.6697192580813 54
1738724143626 170.66040761367276 55
1738724143628 170.65113929227698 56
1738724143630 170.6419140870963 57
1738724143633 170.63273179233292 58
1738724143635 170.62359220318382 59
1738724143638 170.61449511583604 60
1738724143640 170.60544032746174 61
1738724143642 170.5964276362135 62
1738724143644 170.58745684121948 63
1738724143646 170.5785277425788 64
1738724143648 170.56964014135664 65
1738724143651 170.5607938395797 66
1738724143653 170.55198864023137 67
1738724143655 170.54322434724727 68
1738724143657 170.5345007655104 69
1738724143660 170.52581770084663 70
1738724143663 170.5171749600203 71
1738724143665 170.50857235072917 72
1738724143667 170.50000968160043 73
1738724143669 170.49148676218584 74
1738724143672 170.48300340295728 75
1738724143674 170.47455941530237 76
1738724143676 170.46615461152 77
1738724143678 170.45778880481575 78
1738724143680 170.44946180929776 79
1738724143682 170.4411734399719 80
1738724143684 170.43292351273791 81
1738724143686 170.4247118443847 82
1738724143688 170.41653825258618 83
1738724143690 170.40840255589686 84
1738724143692 170.40030457374777 85
1738724143694 170.39224412644185 86
1738724143696 170.38422103514998 87
1738724143698 170.37623512190675 88
1738724143700 170.3682862096061 89
1738724143703 170.36037412199732 90
1738724143705 170.35249868368075 91
1738724143707 170.3446597201037 92
1738724143709 170.33685705755636 93
1738724143711 170.32909052316765 94
1738724143713 170.3213599449011 95
1738724143715 170.313665151551 96
1738724143717 170.30600597273812 97
1738724143719 170.2983822389057 98
1738724143721 170.2907937813157 99
1738724143723 170.28324043204455 100
1738724143725 170.2757220239793 101
1738724143727 170.26823839081374 102
1738724143729 170.26078936704428 103
1738724143731 170.25337478796635 104
1738724143733 170.24599448967015 105
1738724143736 170.2386483090371 106
1738724143738 170.2313360837359 107
1738724143740 170.22405765221856 108
1738724143742 170.21681285371673 109
1738724143744 170.20960152823804 110
1738724143746 170.2024235165619 111
1738724143748 170.19527866023628 112
1738724143750 170.1881668015736 113
1738724143752 170.18108778364706 114
1738724143754 170.17404145028715 115
1738724143756 170.1670276460777 116
1738724143759 170.16004621635244 117
1738724143761 170.15309700719126 118
1738724143763 170.14617986541654 119
1738724143765 170.1392946385896 120
1738724143767 170.13244117500707 121
1738724143769 170.12561932369744 122
1738724143771 170.11882893441725 123
1738724143773 170.1120698576478 124
1738724143775 170.1053419445916 125
1738724143777 170.09864504716865 126
1738724143779 170.09197901801318 127
1738724143782 170.08534371047008 128
1738724143784 170.07873897859153 129
1738724143786 170.07216467713337 130
1738724143788 170.06562066155195 131
1738724143790 170.05910678800046 132
1738724143792 170.05262291332582 133
1738724143794 170.046168895065 134
1738724143796 170.03974459144186 135
1738724143798 170.03334986136394 136
1738724143800 170.02698456441874 137
1738724143802 170.0206485608708 138
1738724143804 170.01434171165823 139
1738724143806 170.00806387838944 140
1738724143808 170.00181492333996 141
1738724143810 169.99559470944914 142
1738724143813 169.98940310031693 143
1738724143815 169.98323996020062 144
1738724143817 169.9771051540118 145
1738724143819 169.97099854731312 146
1738724143821 169.9649200063149 147
1738724143823 169.95886939787235 148
1738724143825 169.95284658948222 149
1738724143827 169.94685144927968 150
1738724143829 169.94088384603535 151
1738724143831 169.93494364915207 152
1738724143833 169.92903072866193 153
1738724143835 169.92314495522308 154
1738724143837 169.9172862001169 155
1738724143839 169.9114543352448 156
1738724143841 169.9056492331253 157
1738724143843 169.89987076689093 158
1738724143845 169.8941188102854 159
1738724143847 169.88839323766035 160
