1738726718810 168.7968461305856 0
1738726718814 167.34434997117216 1
1738726718818 167.9746835277149 2
1738726718822 171.1455270422695 3
1738726718826 167.79687800452047 4
1738726718830 170.43708525836976 5
1738726718834 169.08498758074856 6
1738726718838 172.80962309796098 7
1738726718842 168.62706944390968 8
1738726718846 164.72689365477692 9
1738726718850 168.2610079645978 10
1738726718854 166.99084926479713 11
1738726718858 170.80120652112606 12
1738726718862 169.91191162234662 13
1738726718866 170.53071727684784 14
1738726718869 168.70015931389617 15
1738726718873 169.10972393394474 16
1738726718877 169.1765167099609 17
1738726718881 167.48180647623198 18
1738726718885 168.39828535301066 19
1738726718889 168.96211623633224 20
1738726718893 168.50848515814351 21
1738726718897 169.38508200250934 22
1738726718901 167.91209731398533 23
1738726718905 169.76873777812645 24
1738726718908 168.19771680885805 25
1738726718912 171.73564587501141 26
1738726718916 170.46644076516912 27
1738726718920 166.39324743403856 28
1738726718924 170.09858398744007 29
1738726718928 171.37698666693385 30
1738726718932 168.07271057707666 31
1738726718936 167.30779536411688 32
1738726718939 167.43558029941093 33
1738726718943 171.35643627838027 34
1738726718947 168.15738491801633 35
1738726718951 168.3211130069326 36
1738726718955 167.33833160061081 37
1738726718959 167.88937826418444 38
1738726718963 169.19517216017027 39
1738726718967 171.50356444179477 40
1738726718971 169.52082620144876 41
1738726718974 170.10724754992654 42
1738726718978 170.09356936335604 43
1738726718982 168.22790382354253 44
1738726718986 169.1375672070684 45
1738726718990 170.46476238637396 46
1738726718995 170.9402234636824 47
1738726718999 168.32621308924303 48
1738726719003 169.6963142636366 49
1738726719007 172.07900030782898 50
1738726719011 168.16644146697047 51
1738726719015 168.16211624953917 52
1738726719019 167.65157749532946 53
1738726719023 168.78169069766668 54
1738726719026 170.63188732316027 55
1738726719030 169.6934049658276 56
1738726719034 171.34892630805462 57
1738726719038 170.11254682120466 58
1738726719042 170.41938079594658 59
1738726719046 169.1798326066568 60
1738726719050 168.33796276196 61
1738726719054 169.85287109702847 62
1738726719058 168.07109467488655 63
1738726719062 167.4834214036699 64
1738726719066 172.65979187493497 65
1738726719070 166.7658039498193 66
1738726719074 167.78208636008364 67
1738726719078 169.0803962105294 68
1738726719082 170.31032556680722 69
1738726719085 166.30523113805538 70
1738726719089 169.54379904564095 71
1738726719093 168.42704711123588 72
1738726719097 167.76067256658072 73
1738726719101 169.6840336639072 74
1738726719105 167.52343687687218 75
1738726719109 170.89175437460045 76
1738726719113 170.89924544692084 77
1738726719117 168.7139992762679 78
1738726719121 168.38440708063723 79
1738726719125 170.3004531551956 80
