1738721995711 169.24352203158307 0
1738721995714 169.24732516515738 1
1738721995716 169.24566846021924 2
1738721995717 169.24412996801018 3
1738721995718 169.24259510764162 4
1738721995720 169.24106617895458 5
1738721995721 169.23954311013617 6
1738721995723 169.2380258778309 7
1738721995726 169.2365144577974 8
1738721995727 169.2350088259194 9
1738721995729 169.23350895818453 10
1738721995730 169.23201483068397 11
1738721995732 169.23052641961237 12
1738721995734 169.22904370126716 13
1738721995735 169.2275666520482 14
1738721995736 169.22609524845728 15
1738721995737 169.2246294670976 16
1738721995738 169.2231692846735 17
1738721995739 169.22171467798995 18
1738721995740 169.22026562395195 19
1738721995742 169.2188220995643 20
1738721995743 169.2173840819311 21
1738721995744 169.21595154825516 22
1738721995745 169.21452447583783 23
1738721995746 169.21310284207829 24
1738721995748 169.2116866244734 25
1738721995749 169.210275800617 26
1738721995750 169.20887034819975 27
1738721995751 169.20747024500832 28
1738721995752 169.20607546892546 29
1738721995753 169.20468599792918 30
1738721995754 169.20330181009254 31
1738721995755 169.20192288358305 32
1738721995756 169.20054919666254 33
1738721995757 169.19918072768644 34
1738721995758 169.19781745510352 35
1738721995759 169.19645935745555 36
1738721995760 169.19510641337666 37
1738721995762 169.19375860159315 38
1738721995763 169.19241590092304 39
1738721995764 169.19107829027553 40
1738721995765 169.18974574865078 41
1738721995767 169.1884182551394 42
1738721995769 169.1870957889221 43
1738721995770 169.18577832926923 44
1738721995771 169.18446585554048 45
1738721995772 169.18315834718442 46
1738721995773 169.18185578373814 47
1738721995774 169.18055814482673 48
1738721995775 169.17926541016317 49
1738721995776 169.17797755954774 50
1738721995777 169.17669457286758 51
1738721995778 169.17541643009648 52
1738721995779 169.17414311129446 53
1738721995780 169.17287459660722 54
1738721995781 169.17161086626606 55
1738721995783 169.17035190058718 56
1738721995784 169.16909767997154 57
1738721995785 169.1678481849045 58
1738721995786 169.16660339595518 59
1738721995787 169.16536329377638 60
1738721995788 169.16412785910413 61
1738721995789 169.16289707275715 62
1738721995790 169.16167091563685 63
1738721995791 169.16044936872655 64
1738721995792 169.15923241309144 65
