1738724886009 169.29575197934756 0
1738724886038 155.03189711923508 1
1738724886067 190.0149223926476 2
1738724886097 191.63169190535726 3
1738724886126 168.04492929067436 4
1738724886155 169.45842892270147 5
1738724886184 185.7866225643175 6
1738724886213 161.55118681140283 7
1738724886242 182.0797394686938 8
1738724886271 178.33968680679848 9
1738724886302 171.03470660665334 10
1738724886334 169.5465594928203 11
1738724886363 155.09652093583242 12
1738724886392 186.49970035370623 13
1738724886422 174.5697139595856 14
1738724886451 174.12395949989084 15
1738724886479 182.39827209977628 16
1738724886508 147.84160008108583 17
1738724886536 163.29646386364212 18
1738724886565 167.32769342674086 19
1738724886593 155.3169739305055 20
1738724886622 178.5417010251068 21
1738724886651 155.6886485057817 22
1738724886679 179.14889550531095 23
1738724886708 170.07557871913113 24
1738724886736 170.56232316679487 25
1738724886765 181.05351552076704 26
1738724886793 163.76583790728213 27
1738724886822 158.37822527610467 28
1738724886850 168.55402574836907 29
1738724886878 200.88273526665762 30
1738724886907 151.55192821961623 31
1738724886935 164.49135574967374 32
1738724886964 162.9182952868677 33
1738724886992 166.18666974276528 34
1738724887021 163.22778287635572 35
1738724887049 178.04495318104333 36
1738724887077 134.64626380908757 37
1738724887106 156.69801285526955 38
1738724887134 138.39993938504142 39
1738724887163 139.51983611518486 40
1738724887191 160.6581367492372 41
1738724887219 171.94633291103375 42
1738724887248 174.22704250610994 43
1738724887276 163.09370256811866 44
1738724887305 186.29143205305732 45
1738724887333 167.7846709078206 46
1738724887362 249.49115612086854 47
1738724887390 160.2306401883945 48
1738724887419 204.3086610201874 49
1738724887447 168.27775150185192 50
1738724887476 179.03071964605346 51
1738724887506 176.99051155547684 52
1738724887536 162.50853626565225 53
1738724887565 161.2201374797791 54
1738724887594 174.91613107535395 55
1738724887623 174.79910630875492 56
1738724887652 180.82518594088577 57
1738724887680 151.53705121115388 58
1738724887709 163.2052557942576 59
1738724887738 179.04483838371291 60
1738724887767 177.08221245354486 61
1738724887796 158.3134108254127 62
1738724887825 178.04222000086878 63
1738724887854 157.8760037130479 64
1738724887883 138.15723117774348 65
1738724887911 187.0332328163523 66
1738724887940 155.75807293659824 67
1738724887969 160.74912167506588 68
1738724887998 186.6873432361706 69
1738724888027 181.692761938428 70
1738724888056 133.07125134713166 71
1738724888084 205.00790621045493 72
1738724888113 175.245541428237 73
1738724888142 187.81369446972678 74
1738724888171 174.62283586529728 75
1738724888199 179.32498040813977 76
1738724888228 155.87192655460703 77
1738724888257 154.31215906676363 78
1738724888285 166.2407427305298 79
1738724888314 175.410291710201 80
1738724888343 165.92503068342202 81
1738724888372 167.33038600464485 82
1738724888401 175.3801076859196 83
1738724888430 160.5336638973423 84
1738724888458 191.62505950495293 85
1738724888487 172.6115988154654 86
1738724888516 173.0713569574539 87
1738724888544 178.69650386375088 88
1738724888573 162.18686245574014 89
1738724888601 228.21466886027264 90
1738724888630 166.3734563533519 91
1738724888659 156.33740622096974 92
1738724888687 170.93442389020754 93
1738724888716 172.08879614311277 94
1738724888745 231.1542551422949 95
1738724888773 130.2320845979974 96
1738724888802 178.25755581048873 97
1738724888830 132.14666769145126 98
1738724888859 172.92708637081552 99
1738724888888 175.62141116292526 100
1738724888916 153.60525754780596 101
1738724888945 175.22000519630674 102
1738724888973 165.97553422302275 103
1738724889002 168.90809684187798 104
1738724889030 176.58216245694865 105
1738724889059 142.37424587952546 106
1738724889088 178.1716341541541 107
1738724889116 148.0051129723886 108
1738724889145 163.7104711117125 109
1738724889173 212.89921640434335 110
1738724889202 183.44571537371888 111
1738724889231 175.57873117289958 112
1738724889259 162.80107853463568 113
1738724889288 125.24822533896315 114
1738724889317 164.3491249427171 115
1738724889345 172.90806664512067 116
1738724889374 180.6289587747158 117
1738724889402 178.86223163823738 118
1738724889431 177.91288514256073 119
1738724889460 176.8236687475726 120
1738724889488 162.57819175046862 121
1738724889517 181.76439006865564 122
1738724889546 159.7850590928731 123
1738724889575 166.0283187910749 124
1738724889603 163.61000209041484 125
1738724889632 167.15006572945563 126
1738724889661 159.48067522567803 127
1738724889689 180.3492043247046 128
1738724889718 142.8726922644358 129
1738724889746 176.05495374614512 130
1738724889775 150.96415524973722 131
1738724889804 168.77018242582255 132
1738724889832 172.00840346572528 133
1738724889861 156.2075220297338 134
1738724889890 188.50157773816554 135
1738724889918 180.2938847218221 136
1738724889947 172.82835220226775 137
1738724889976 179.8549651086007 138
1738724890005 170.83889727255175 139
1738724890033 167.85632922865702 140
1738724890062 181.88650152730023 141
1738724890090 174.28767970494258 142
1738724890119 182.89252184849155 143
1738724890147 171.708675243074 144
1738724890176 160.80554633542712 145
1738724890205 106.60716161230505 146
1738724890233 185.0477384692072 147
1738724890262 186.8752429826972 148
1738724890290 179.1674305616296 149
1738724890320 149.05694663405308 150
1738724890350 144.86101963812604 151
1738724890379 157.76124952822914 152
1738724890409 226.33711856193287 153
1738724890438 168.67861087293494 154
1738724890467 151.5326386265897 155
1738724890496 189.05453799569082 156
1738724890525 153.8873380038418 157
1738724890554 198.51978440705167 158
1738724890583 177.0621044782176 159
1738724890612 154.60605432969018 160
1738724890642 178.1654622223308 161
1738724890670 177.70494347593333 162
1738724890699 148.04675858491103 163
1738724890728 149.57160519388472 164
1738724890757 171.98937275015726 165
1738724890786 153.91971932420532 166
1738724890815 181.44909803553614 167
1738724890844 164.95545434208236 168
1738724890873 171.8796901901949 169
1738724890902 163.77104477847365 170
1738724890931 168.18459835532624 171
1738724890959 147.39883344606065 172
1738724890988 145.86770579838864 173
1738724891017 159.30030973989682 174
1738724891046 185.53026795035473 175
1738724891075 234.1144508653027 176
1738724891103 182.16178282537643 177
1738724891132 158.65590533583574 178
1738724891161 184.11894423317148 179
1738724891190 178.7410362709732 180
1738724891218 170.91064913000662 181
1738724891247 153.04660323850095 182
1738724891276 154.65022826788316 183
1738724891305 143.32738278036624 184
1738724891334 147.82998014734974 185
1738724891363 163.64953463469237 186
1738724891392 143.91304078538622 187
1738724891420 142.30525582950406 188
1738724891449 172.08679495635883 189
1738724891478 173.02996364129936 190
1738724891506 158.18667530900007 191
1738724891535 191.13160180200526 192
1738724891563 166.88588725930083 193
1738724891592 165.91780352733517 194
1738724891621 166.3992094832214 195
1738724891650 192.2963428961893 196
1738724891678 143.10595572410878 197
1738724891707 164.7517031228121 198
1738724891735 180.59624106236413 199
1738724891764 175.26827043950135 200
1738724891792 180.32215813243124 201
1738724891821 175.66736858805143 202
1738724891849 160.61904002434264 203
1738724891878 173.85217689160115 204
1738724891906 231.59283155381 205
1738724891935 188.71393979084186 206
1738724891963 141.66928645272742 207
1738724891992 186.26696192368385 208
1738724892020 178.51879050739052 209
1738724892048 166.281413929498 210
1738724892077 150.57829627975323 211
1738724892105 170.3064715485126 212
1738724892134 175.73681617491494 213
1738724892162 159.05491642087716 214
1738724892191 178.82294014533275 215
1738724892219 177.75477124629458 216
1738724892247 164.83842859444576 217
1738724892276 155.75489633744834 218
1738724892304 168.74752381808833 219
1738724892333 160.1204497149843 220
1738724892362 180.17071764691605 221
1738724892391 171.79691507854912 222
1738724892419 185.33988841743934 223
1738724892447 181.7060799403281 224
1738724892476 195.8468529267699 225
1738724892504 153.91822348261385 226
1738724892533 154.37650570116125 227
1738724892561 180.49098669176698 228
1738724892590 182.18095197491442 229
1738724892619 188.33206948428702 230
1738724892647 142.04356206798047 231
1738724892675 143.1585902556463 232
1738724892704 159.19328141195209 233
1738724892733 157.95837549308874 234
1738724892761 170.4523522067204 235
1738724892790 163.3308686287229 236
1738724892818 161.8855195316596 237
1738724892847 137.4480623563688 238
1738724892875 165.64268572589876 239
1738724892904 141.57507673740992 240
1738724892933 246.35137317801414 241
1738724892962 159.26754663697275 242
1738724892991 143.913847558893 243
1738724893019 174.48518685151822 244
1738724893048 158.8764494698325 245
1738724961275 184.94221372580856 246
1738724961418 166.18916192490406 247
1738724961451 189.56975947708423 248
1738724961485 153.99634713853803 249
1738724961516 151.7967016458214 250
1738724961546 172.78695765084532 251
1738724961576 173.2198042737557 252
1738724961607 161.10658709789018 253
1738724961637 177.52760056621236 254
1738724961667 165.25794077561167 255
1738724961696 161.1562478462892 256
1738724961726 192.70958404190668 257
1738724961755 177.99854050798487 258
1738724961785 215.45940206393618 259
1738724961814 157.73992657837616 260
1738724961843 166.83108455968502 261
1738724961873 216.9517735173418 262
1738724961902 138.35532154101014 263
1738724961932 167.0491435790183 264
1738724961961 167.92543687433835 265
1738724961990 169.68628821360568 266
1738724962020 165.15782428010067 267
1738724962049 183.0756140703505 268
1738724962079 173.0924354298261 269
1738724962108 158.3506353413464 270
1738724962138 177.18029393768597 271
1738724962167 169.8184950830123 272
1738724962196 191.41195617910276 273
1738724962226 159.52086684129247 274
1738724962255 150.9594543437652 275
1738724962284 161.35111331834878 276
1738724962313 175.00539176048835 277
1738724962342 164.68741901476818 278
1738724962372 180.37094575970696 279
1738724962401 167.2665393335212 280
1738724962432 156.26799071642242 281
1738724962461 193.35031495968485 282
1738724962493 174.66196858356787 283
1738724962539 156.9868218005349 284
1738724962575 202.74727206877486 285
1738724962611 158.05451640914688 286
1738724962644 163.01313188779207 287
1738724962676 179.7055697710579 288
1738724962707 162.46844847192722 289
1738724962738 181.9719643560714 290
1738724962769 161.59121134210085 291
1738724962800 180.04988698812852 292
1738724962830 166.01964777470786 293
1738724962860 173.08402760722402 294
1738724962890 176.50035138969866 295
1738724962919 166.48019334394436 296
1738724962949 167.3842299745367 297
1738724962978 178.27120400483614 298
1738724963008 170.24696527672015 299
1738724963037 169.62463846285777 300
1738724963066 192.15877858505254 301
1738724963096 176.8120584031357 302
1738724963125 162.59470921889502 303
1738724963155 147.68966945956936 304
1738724963184 171.2477836701737 305
1738724963213 161.5224862625403 306
1738724963242 173.40086275081754 307
1738724963271 184.4157368989142 308
1738724963301 162.9571059928541 309
1738724963329 189.10167734753864 310
1738724963358 155.24114525406722 311
1738724963388 175.51611605631768 312
1738724963420 114.61339883350868 313
1738724963450 158.72368820804056 314
1738724963480 162.5931237314308 315
1738724963509 144.68187278470063 316
1738724963539 148.00487455515787 317
1738724963568 169.59742682587742 318
1738724963597 165.26206606879444 319
1738724963625 147.04956382743316 320
1738724963654 132.81608949101664 321
1738724963683 180.87486789061106 322
1738724963712 170.92433996590418 323
1738724963741 173.9580449267363 324
1738724963770 177.15957376299443 325
1738724963798 154.76262858621772 326
1738724963827 187.30541180032094 327
1738724963855 186.802715412025 328
1738724963884 170.89902563609533 329
1738724963912 179.14138360721532 330
1738724963941 177.96491222430274 331
1738724963970 193.33724318875431 332
1738724963998 172.44497625067459 333
1738724964027 164.50782043068506 334
1738724964055 151.75063386859816 335
1738724964084 164.48532302091678 336
1738724964113 173.46516600403478 337
1738724964141 167.99614317679314 338
1738724964170 186.88696812511407 339
1738724964199 146.77484090586796 340
1738724964227 176.62658806573936 341
1738724964256 169.41826636620698 342
1738724964285 161.05607133659154 343
1738724964313 177.85081462177592 344
1738724964341 160.2218214204664 345
1738724964370 169.9315241531702 346
1738724964399 195.38394664056005 347
1738724964428 180.358275354942 348
1738724964458 161.73087713452753 349
1738724964487 169.58737463156118 350
1738724964516 196.28057122236845 351
1738724964546 174.56870824980558 352
1738724964575 180.6699096439234 353
1738724964604 167.23340009345083 354
1738724964633 174.84784278063356 355
1738724964662 175.02451603292005 356
1738724964691 150.03443933641466 357
1738724964720 184.78922570962123 358
1738724964749 166.1473581672714 359
1738724964778 162.37133003210332 360
1738724964807 179.952218456782 361
1738724964836 169.31411382299933 362
1738724964865 164.46624627676684 363
1738724964894 168.0852244488469 364
1738724964923 170.0735834261604 365
1738724964952 180.59233569148358 366
1738724964981 182.63433545029105 367
1738724965010 159.68006764442572 368
1738724965039 182.24381652170345 369
1738724965068 214.60337397193769 370
1738724965097 165.1226542696201 371
1738724965125 149.70224793560604 372
1738724965154 162.09081260545318 373
1738724965183 191.44363713361773 374
1738724965212 182.30744653007088 375
1738724965241 175.0499781707397 376
1738724965270 150.86110762051464 377
1738724965298 174.38984277816508 378
1738724965327 155.19730583054223 379
1738724965356 140.23508683914596 380
1738724965385 164.58439309264827 381
1738724965414 149.05458300395895 382
1738724965443 152.25758742636583 383
1738724965472 171.59432098240953 384
1738724965501 175.71621088474743 385
1738724965529 167.5255679099977 386
1738724965559 160.46186988376832 387
1738724965587 158.92394090048856 388
1738724965616 161.08965060941568 389
1738724965645 161.83698637611016 390
1738724965674 141.2954431617068 391
1738724965702 137.81498426527116 392
1738724965731 183.83171567977516 393
1738724965760 170.0598088693163 394
1738724965789 185.4215262083129 395
1738724965817 162.39043161802562 396
1738724965846 212.862903120722 397
1738724965875 165.08512885414206 398
1738724965904 177.9390138436399 399
1738724965933 157.85286144195294 400
1738724965961 180.61359429514445 401
1738724965990 166.66574541099567 402
1738724966019 178.42416783872545 403
1738724966047 158.29431603188402 404
1738724966076 172.2038844694374 405
1738724966104 159.79133371226285 406
1738724966133 148.82795289789883 407
1738724966162 161.3005405527034 408
1738724966190 145.5900601252751 409
1738724966219 156.1004044537794 410
1738724966248 184.05575836594332 411
1738724966276 188.34909244218454 412
1738724966305 129.5586337621697 413
1738724966333 160.87472712215953 414
1738724966362 173.57216437397904 415
1738724966391 161.4773101816899 416
1738724966420 195.10506928700818 417
1738724966450 172.14095286615375 418
1738724966481 172.7397843458626 419
1738724966510 174.7343125303003 420
1738724966540 172.91771546801326 421
1738724966569 165.5270810336053 422
1738724966598 258.3563512862142 423
1738724966627 189.3280884237888 424
1738724966657 137.54760377571296 425
1738724966686 185.56579201739427 426
1738724966715 187.8630602720897 427
1738724966744 179.45308341395867 428
1738724966773 166.24556467589835 429
1738724966802 169.48095298740103 430
1738724966832 154.88070302562366 431
1738724966861 163.10313871049698 432
1738724966890 168.68151310000877 433
1738724966919 142.49122779974542 434
1738724966948 183.98783896312776 435
1738724966978 154.71361274854664 436
1738724967007 187.40634871015465 437
1738724967036 168.3370266268884 438
1738724967065 211.9236086702531 439
1738724967094 167.5262710614043 440
1738724967123 171.36985690139943 441
1738724967152 175.51909156585765 442
1738724967182 176.33303625699816 443
1738724967211 192.78718067575744 444
1738724967240 140.386806580402 445
1738724967269 161.20890816779243 446
1738724967298 155.3351385899336 447
1738724967327 185.36327870037448 448
1738724967356 145.7651238294005 449
1738724967385 153.1226002531396 450
1738724967414 190.045838428998 451
1738724967443 194.27542223620037 452
1738724967472 220.43725745320975 453
1738724967502 178.78132200959902 454
1738724967532 165.52223785986797 455
1738724967562 157.32875202797788 456
1738724967594 189.20360063592597 457
1738724967625 163.44529153395217 458
1738724967655 171.3557774862412 459
1738724967685 165.31960759764564 460
1738724967715 165.94817565266158 461
1738724967747 153.7404685753698 462
1738724967777 191.39159359654008 463
1738724967808 184.5823912004674 464
1738724967838 191.69652285123817 465
1738724967868 146.77685748316824 466
1738724967898 161.24317705639984 467
1738724967928 154.11777333059086 468
1738724967958 197.37308186703078 469
1738724967988 174.93231748711193 470
1738724968018 166.6983707552227 471
1738724968047 176.4984386231275 472
1738724968076 170.78342825372687 473
1738724968106 175.64752991021248 474
1738724968135 158.90584453279672 475
1738724968164 172.11547288475685 476
1738724968194 148.39517969609085 477
1738724968223 155.90768634396716 478
1738724968253 165.19051839724636 479
1738724968282 169.174561993447 480
1738724968311 138.0914197179649 481
1738724968340 180.09486017535383 482
1738724968370 170.02825090093458 483
1738724968399 163.17934350196631 484
1738724968428 150.180391668857 485
1738724968457 226.49673994976843 486
1738724968487 133.3603260919138 487
1738724968515 203.83849504420985 488
1738724968544 182.5923607819095 489
1738724968573 174.0946354444584 490
1738724968603 172.97097054272635 491
1738724968632 170.26125310371594 492
1738724968661 176.68702569305842 493
1738724968690 171.55167478293185 494
1738724968719 169.72268906048902 495
1738724968747 163.62116963439487 496
1738724968776 148.26515939657259 497
1738724968805 182.0295120798705 498
1738724968833 160.0230116408283 499
