1738724016966 178.1821131391081 0
1738724017002 178.74120699715604 1
1738724017039 160.9309218126702 2
1738724017075 172.7764348670639 3
1738724017112 163.66241973062805 4
1738724017149 166.0331473021037 5
1738724017186 160.23215804606693 6
1738724017223 153.30135476882037 7
1738724017259 164.7384445109456 8
1738724017296 177.50575129121992 9
1738724017332 150.89733228386058 10
1738724017368 165.66412472984254 11
1738724017405 181.93499784656012 12
1738724017441 171.91366241500168 13
1738724017478 167.55207923553664 14
1738724017514 174.11151996004259 15
1738724017552 171.22517823628513 16
1738724017589 174.48130333723913 17
1738724017626 151.44700606887258 18
1738724017662 166.1607371670901 19
1738724017699 166.13118110098318 20
1738724017736 164.48032332187626 21
1738724017773 165.91191213181023 22
1738724017810 165.74222153730554 23
1738724017846 184.260511230704 24
1738724017883 168.78026691481142 25
1738724017920 169.32383927078064 26
1738724017957 165.0752496646923 27
1738724017993 169.53878665559967 28
1738724018030 175.75353242835055 29
1738724018067 169.39349926017877 30
1738724018103 154.94249021252517 31
1738724018140 176.7942950548039 32
1738724018177 167.67424065743424 33
1738724018213 171.15484308334473 34
1738724018250 181.68933369743638 35
1738724018287 168.5527508396195 36
1738724018323 175.7846304958206 37
1738724018360 160.64597433613835 38
1738724018397 180.79698587287962 39
1738724018434 174.88540451143066 40
1738724018470 196.87626819524849 41
1738724018507 165.51756731478227 42
1738724018543 175.20068731223037 43
1738724018580 182.18531826249443 44
1738724018616 172.65854801066024 45
1738724018653 180.74779314038568 46
1738724018689 162.63489686508362 47
1738724018726 163.55404179114802 48
1738724018762 166.917236055904 49
1738724018799 178.52423970710208 50
1738724018835 176.9004785382454 51
1738724018872 181.41169277744487 52
1738724018908 159.83152999013686 53
1738724018944 166.53704144438552 54
1738724018981 166.04859819209082 55
1738724019017 179.74567146198478 56
1738724019054 163.79019866889473 57
1738724019090 174.56938386304776 58
1738724019127 157.90973884121303 59
1738724019163 139.23221114477096 60
1738724019200 177.30011602448323 61
1738724019236 169.15437164468773 62
1738724019273 174.95576681205844 63
1738724019309 150.6001583529187 64
1738724019345 175.4941458142706 65
1738724019382 157.00906795782697 66
1738724019418 175.49592294679366 67
1738724019454 153.78868966017185 68
1738724019490 172.52644111237652 69
1738724019527 154.30252815629177 70
1738724019563 175.48355916252106 71
1738724019599 157.9085230509673 72
1738724019636 170.4215656117567 73
1738724019672 181.2870350937708 74
1738724019708 165.73809559417472 75
1738724019745 177.1046623452225 76
1738724019781 185.31696185122897 77
