1738722564467 169.36461083580443 0
1738722564474 169.5966430915431 1
1738722564477 167.47600934670396 2
1738722564479 168.1679447821004 3
1738722564481 169.7747759530014 4
1738722564483 167.35612450719128 5
1738722564485 168.06063844149827 6
1738722564487 172.1200924760919 7
1738722564490 169.94776268062284 8
1738722564492 167.67089163927218 9
1738722564494 169.03630295033017 10
1738722564496 171.53390755680113 11
1738722564498 168.59382024813902 12
1738722564500 169.363265559657 13
1738722564502 170.55368313098572 14
1738722564504 169.11144448141545 15
1738722564506 169.75453906682537 16
1738722564509 169.38089713072765 17
1738722564512 168.7079777170189 18
1738722564514 169.45025355238377 19
1738722564517 169.37630307942405 20
1738722564519 166.7651496998043 21
1738722564522 167.59640487336108 22
1738722564524 167.10501149944417 23
1738722564527 167.68787713138258 24
1738722564530 169.77733570981124 25
1738722564533 167.66395816067833 26
1738722564535 168.8713626595212 27
1738722564538 169.17264762983848 28
1738722564540 166.56103256433545 29
