1738721996283 169.17562496972525 0
1738721996284 169.1624859428175 1
1738721996286 169.14983542050402 2
1738721996287 169.13765340836082 3
1738721996288 169.12592077360708 4
1738721996289 169.11461920702183 5
1738721996290 169.1037311865669 6
1738721996291 169.09323994263747 7
1738721996292 169.08312942486884 8
1738721996293 169.0733842704275 9
1738721996295 169.06398977372066 10
1738721996296 169.05493185745954 11
1738721996298 169.04619704501638 12
1738721996300 169.03777243401595 13
1738721996301 169.02964567110635 14
1738721996302 169.021804927856 15
1738721996303 169.0142388777262 16
1738721996304 169.00693667407066 17
1738721996305 168.99988792911577 18
1738721996306 168.99308269387762 19
1738721996307 168.98651143897368 20
1738721996308 168.98016503628858 21
1738721996309 168.97403474145628 22
1738721996310 168.96811217712073 23
1738721996311 168.96238931694143 24
1738721996312 168.95685847030984 25
1738721996313 168.95151226774377 26
1738721996315 168.94634364693135 27
1738721996316 168.94134583939342 28
1738721996317 168.93651235773794 29
1738721996318 168.93183698347895 30
1738721996319 168.92731375539546 31
1738721996320 168.9229369584058 32
1738721996321 168.9187011129341 33
1738721996322 168.91573195769288 34
1738721996323 168.9128432136848 35
1738721996324 168.9100322807765 36
1738721996325 168.9072966538203 37
1738721996326 168.90463391889074 38
1738721996327 168.90204174967812 39
1738721996328 168.89951790403254 40
1738721996329 168.8970602206518 41
1738721996330 168.89466661590703 42
1738721996332 168.89233508080014 43
1738721996333 168.89006367804708 44
1738721996334 168.88785053928237 45
1738721996335 168.88569386237836 46
1738721996336 168.8835919088759 47
1738721996337 168.8815430015202 48
1738721996338 168.87954552189822 49
1738721996340 168.87759790817293 50
1738721996341 168.8756986529107 51
1738721996342 168.8738463009971 52
1738721996343 168.87203944763812 53
1738721996344 168.8702767364428 54
1738721996345 168.86855685758377 55
1738721996346 168.8668785460325 56
1738721996347 168.86524057986605 57
1738721996349 168.86364177864252 58
1738721996350 168.86208100184191 59
1738721996351 168.86055714736972 60
1738721996352 168.85906915012103 61
1738721996353 168.85761598060188 62
1738721996354 168.8561966436062 63
1738721996355 168.85481017694536 64
1738721996356 168.85345565022863 65
1738721996357 168.85213216369195 66
1738721996358 168.85083884707348 67
1738721996359 168.84957485853351 68
1738721996360 168.84833938361714 69
1738721996361 168.84713163425818 70
1738721996362 168.84595084782183 71
1738721996363 168.84479628618521 72
1738721996365 168.843667234854 73
1738721996366 168.84256300211342 74
1738721996367 168.8414829182127 75
1738721996368 168.8404263345808 76
1738721996369 168.8393926230729 77
1738721996370 168.83838117524627 78
1738721996371 168.83739140166355 79
1738721996372 168.83642273122356 80
1738721996374 168.83547461051728 81
1738721996375 168.8345465032088 82
1738721996376 168.83363788944024 83
1738721996377 168.83274826525852 84
1738721996378 168.83187714206505 85
1738721996379 168.8310240460856 86
1738721996380 168.83018851786014 87
1738721996381 168.82937011175264 88
1738721996383 168.82856839547867 89
1738721996384 168.82778294965112 90
1738721996385 168.82701336734266 91
1738721996386 168.82625925366494 92
1738721996387 168.82552022536294 93
