1738722805988 221.15889548977003 0
1738722806021 164.98255566284615 1
1738722806053 265.0899112544769 2
1738722806086 206.23529757697483 3
1738722806119 159.6966677902566 4
1738722806152 90.48721356071505 5
1738722806185 209.7414824679955 6
1738722806219 136.17684757544887 7
1738722806252 260.84242362126594 8
1738722806285 208.98596116623048 9
1738722806318 130.9697924984257 10
1738722806351 153.6490053790131 11
1738722806384 156.98636199833808 12
1738722806417 160.88530350292973 13
1738722806450 173.33757233754855 14
1738722806483 281.11881023791796 15
1738722806516 168.3539362318371 16
1738722806549 326.32679043000775 17
1738722806582 159.7605274642511 18
1738722806615 244.74687465318627 19
1738722806647 191.57881425572367 20
1738722806680 157.0608037489807 21
1738722806713 252.00160103895257 22
1738722806746 122.87631201631055 23
1738722806778 261.30475389648274 24
1738722806811 145.64823877124226 25
1738722806844 123.99865099245345 26
1738722806877 199.79717459803783 27
1738722806911 272.35289810558186 28
1738722806944 165.1299561710834 29
1738722806977 149.45003023811114 30
1738722807011 189.00414237298227 31
1738722807044 137.52996083692494 32
1738722807078 159.75652536745218 33
1738722807111 137.15920716211534 34
1738722807145 127.35272911532213 35
1738722807179 301.6906573925235 36
1738722807213 131.87303305424643 37
1738722807246 181.80560368785112 38
1738722807280 200.03849249568918 39
1738722807313 37.80083090540971 40
1738722807346 243.4916582501785 41
1738722807379 159.70366191314258 42
1738722807412 199.59726670956243 43
1738722807445 211.34429191597133 44
1738722807477 100.46533244896361 45
1738722807510 162.71459391594968 46
1738722807543 231.3001507265698 47
1738722807576 162.1712572661473 48
1738722807608 196.58116849478114 49
1738722807640 126.29049651945783 50
1738722807672 201.29297901532536 51
1738722807704 290.08017823723196 52
1738722807736 206.73469498914827 53
1738722807768 199.46449784173893 54
1738722807800 90.98901255051939 55
1738722807831 40.89670878071936 56
1738722807864 231.1317288355518 57
1738722807897 184.90618513123124 58
1738722807930 156.01606909144837 59
1738722807963 109.28854653068649 60
1738722807996 167.18160084326226 61
1738722808028 153.4511065545686 62
1738722808061 204.12775956515569 63
1738722808116 267.89821232422116 64
1738722808149 143.46587038172405 65
1738722808181 142.68847186341128 66
1738722808215 167.46135687428173 67
1738722808248 158.7884399876286 68
1738722808282 177.01406461968176 69
1738722808315 229.41184861587365 70
1738722808349 191.52359154500098 71
1738722808383 207.82377500821534 72
1738722808416 176.1988330855209 73
1738722808449 72.96371324833989 74
1738722808482 198.62613287270247 75
1738722808515 192.3196933430417 76
1738722808547 349.4241533650059 77
1738722808579 188.84536310432418 78
1738722808612 122.85872309686073 79
1738722808646 249.08218376164422 80
1738722808678 134.3910562498016 81
1738722808712 239.44702822074666 82
1738722808745 107.97349484571743 83
1738722808777 146.83971243425046 84
1738722808810 149.13844407383766 85
1738722808842 88.26456328620247 86
1738722808874 183.53593409124792 87
1738722808906 206.50701221399407 88
1738722808939 125.15981695973552 89
1738722808971 196.38237678225326 90
1738722809003 95.24241085649528 91
1738722809035 106.60208604005753 92
1738722809067 54.15620466656299 93
1738722809099 151.23873970509192 94
1738722809132 242.11141345367764 95
1738722809164 162.3175109857316 96
1738722809197 155.56316291111924 97
1738722809231 119.63446534549449 98
1738722809265 169.911732574788 99
1738722809298 181.72456947590854 100
1738722809331 264.56208881365137 101
1738722809365 136.04622096658295 102
1738722809399 157.2468698137727 103
1738722809433 171.48467808606654 104
1738722809468 219.31617516185852 105
1738722809501 201.24352934023622 106
1738722809536 343.0124320171013 107
1738722809570 173.38774596320368 108
1738722809604 120.64248062527807 109
1738722809637 141.79531106222726 110
1738722809671 255.71486545090858 111
1738722809704 217.28110508625582 112
1738722809738 203.50511897276027 113
1738722809773 137.4795499864986 114
1738722809806 226.6820707543041 115
1738722809839 191.43797384407534 116
1738722809872 236.40492513805796 117
1738722809904 176.9989372253498 118
1738722809936 187.26670524969063 119
1738722809968 185.71182773973928 120
1738722810000 161.0616958401173 121
1738722810033 187.91440315249667 122
1738722810066 211.825718640062 123
1738722810098 230.78993186992818 124
1738722810131 122.75581749129539 125
1738722810163 157.77541080546064 126
1738722810195 186.23357667973772 127
1738722810228 178.77342868899348 128
1738722810261 189.42163303298378 129
1738722810294 159.20953343778854 130
1738722810327 155.95538294990106 131
1738722810361 139.54934456755396 132
1738722810395 214.73136506038236 133
1738722810450 111.74884621606753 134
1738722810484 172.26162072505733 135
1738722810518 208.80008762089972 136
1738722810551 178.03979147689967 137
1738722810585 95.90161289267381 138
1738722810618 200.86795660806715 139
1738722810651 246.29256833930623 140
1738722810684 182.57905185576783 141
1738722810716 352.0329546467611 142
1738722810749 222.65907709113262 143
1738722810782 159.64370528151315 144
1738722810815 246.4263148782963 145
1738722810847 142.46491618111116 146
1738722810880 136.23880873705673 147
1738722810912 105.11357448000801 148
1738722810944 166.33934563957453 149
1738722810976 176.21763351131546 150
1738722811008 197.12246771651812 151
1738722811040 138.52662018857015 152
1738722811072 150.0328949035469 153
1738722811104 173.57267388266007 154
1738722811137 172.84803970143045 155
1738722811170 158.1399823466308 156
1738722811203 98.52632441115138 157
1738722811235 140.9950718894713 158
1738722811268 177.88434408761236 159
1738722811301 134.15147444869075 160
1738722811333 183.05949617700315 161
1738722811366 226.284125244302 162
1738722811400 119.43893341063972 163
1738722811434 208.30405709185155 164
1738722811469 169.2963927570257 165
1738722811502 82.86939668980489 166
1738722811537 166.64962053460064 167
1738722811571 251.9942384754922 168
1738722811606 179.1458105399877 169
1738722811640 99.41759123955012 170
1738722811673 174.71699419180402 171
1738722811705 164.66052964480005 172
1738722811739 284.5626004910156 173
1738722811772 180.77604813928951 174
1738722811806 132.76644599528964 175
1738722811839 171.6310939526332 176
1738722811873 94.94149304631988 177
1738722811906 165.68376717989926 178
1738722811961 169.0611930837017 179
1738722811994 160.91327965186554 180
1738722812026 198.12090238148537 181
1738722812057 207.4824226815226 182
1738722812089 226.013219106722 183
1738722812121 179.5370157993468 184
1738722812152 121.22707312482201 185
1738722812184 181.16088743132462 186
1738722812216 214.3247721756072 187
1738722812247 136.7732739725641 188
1738722812279 174.23186797427266 189
1738722812310 179.1206009321712 190
1738722812342 117.84736558073082 191
1738722812373 140.20462394121964 192
1738722812405 121.84824165518398 193
1738722812436 153.85126410391206 194
1738722812468 187.36631486568103 195
1738722812499 154.1545246099736 196
1738722812530 137.9357876464753 197
1738722812562 232.25015518988718 198
1738722812596 131.61998977321815 199
1738722812629 156.3890813852884 200
1738722812664 135.9436019149912 201
1738722812697 165.3509327825995 202
1738722812731 121.36535612235772 203
1738722812764 180.7211499515971 204
1738722812798 210.7577250256686 205
1738722812831 278.47303430311456 206
1738722812864 243.45117753666193 207
1738722812897 98.2695182004228 208
1738722812930 118.39592094146742 209
1738722812963 198.40020335130734 210
1738722812996 259.30156815526516 211
1738722813030 167.6059277055127 212
1738722813063 245.07581744637645 213
1738722813097 155.21285775946532 214
1738722813130 259.89079013219026 215
1738722813163 129.26462917214235 216
1738722813197 205.48008393686015 217
1738722813231 115.42256051674157 218
1738722813265 204.1896651582577 219
1738722813298 95.6293098812009 220
1738722813330 194.77181326696711 221
1738722813362 174.28023120761316 222
1738722813394 211.41741359011093 223
1738722813425 108.16395394742719 224
1738722813457 201.15913478962173 225
1738722813489 140.4473622894148 226
1738722813521 145.4077832550959 227
1738722813553 177.01743141605627 228
1738722813585 100.217822011119 229
1738722813619 235.47443989614936 230
1738722813653 190.09482612270824 231
1738722813685 217.8619800326948 232
1738722813718 224.97976126609996 233
1738722813751 137.84061897289445 234
1738722813785 173.28540884789427 235
1738722813819 158.86500337930988 236
1738722813853 218.80090310397264 237
1738722813886 137.092584432247 238
1738722813920 194.15418930410178 239
1738722813953 232.19993179750122 240
1738722813986 189.67160503028694 241
1738722814020 227.60399959638275 242
1738722814053 115.92565121546137 243
1738722814086 75.24180535282821 244
1738722814119 155.15220209238586 245
1738722814152 299.82276479662164 246
1738722814185 211.3946838228853 247
1738722814218 199.47097950855047 248
1738722814251 102.5631438811969 249
1738722814284 174.73290111096918 250
1738722814317 175.19770313665916 251
1738722814351 155.94092672364528 252
1738722814384 130.69402042942374 253
1738722814418 106.80210965407149 254
1738722814451 166.86198642352514 255
1738722814484 224.60377434370992 256
1738722814517 185.31286261291456 257
1738722814549 106.86425922214448 258
1738722814582 137.77650360932762 259
1738722814615 142.8379721982835 260
1738722814648 216.11597756916592 261
1738722814681 247.63539372127528 262
1738722814713 168.8944030842752 263
1738722814746 173.7501540177628 264
1738722814779 122.3358889027525 265
1738722814811 191.79891050056065 266
1738722814843 181.92331438903102 267
1738722814875 175.53363297972123 268
1738722814907 241.7327958893301 269
1738722814939 165.16398762812295 270
1738722814971 152.27823072818975 271
1738722815004 164.29256070289148 272
1738722815036 141.71222605803473 273
1738722815067 146.02808729731962 274
1738722815099 239.2018334384127 275
1738722815131 196.48137611073605 276
1738722815162 159.60504623216286 277
1738722815194 158.00256711510954 278
1738722815226 216.8649766738949 279
1738722815258 188.5036020399874 280
1738722815290 165.62830330749367 281
1738722815321 88.620525892719 282
1738722815353 185.2612900126697 283
1738722815384 109.7359516116178 284
1738722815416 179.96978356763822 285
1738722815448 219.5362676951726 286
1738722815480 156.73544579238916 287
1738722815511 588.0712856586723 288
1738722815543 131.53447977615474 289
1738722815574 180.7375339869071 290
1738722815606 165.52747456455083 291
1738722815637 160.91491608754686 292
1738722815669 178.55081013645824 293
1738722815700 105.3356095984948 294
1738722815732 172.25225278114246 295
1738722815763 261.9794286130702 296
1738722815795 105.84551325430938 297
1738722815826 164.76064788841285 298
1738722815858 220.37989760575357 299
1738722815889 120.02873704936569 300
1738722815921 98.46774855369507 301
1738722815952 193.61012097786636 302
1738722815984 112.01394293370033 303
1738722816015 239.3788141832888 304
1738722816047 133.97348256335513 305
1738722816078 194.46436064404833 306
1738722816110 167.59562739463794 307
1738722816142 205.70408958018123 308
1738722816173 157.13337983870977 309
1738722816204 176.103092142125 310
1738722816236 178.8281140803377 311
1738722816267 162.9915291509667 312
1738722816299 168.89318921163908 313
1738722816331 171.96205865185706 314
1738722816364 95.65484508231863 315
1738722816395 158.58634064641217 316
1738722816427 162.25954388744745 317
1738722816459 126.21010918945846 318
1738722816490 159.20524886923084 319
1738722816522 181.32347102551657 320
1738722816554 176.93479883079814 321
1738722816585 179.10878139892515 322
1738722816617 150.42088008063993 323
1738722816649 150.7941137475137 324
1738722816681 182.55220072248895 325
1738722816713 162.27852910919222 326
1738722816747 189.99472794496774 327
1738722816779 168.70472496448875 328
1738722816811 204.09623168422763 329
1738722816842 190.88874672841092 330
1738722816874 191.84100249570741 331
1738722816905 113.4740906407133 332
1738722816937 140.82475018238094 333
1738722816969 196.21358983890255 334
1738722817000 213.83903284552366 335
1738722817032 192.6380808129049 336
1738722817064 127.18697577241913 337
1738722817095 138.5734781508911 338
1738722817127 160.13942614562004 339
1738722817159 141.85689139751852 340
1738722817190 140.4830365658497 341
1738722817223 134.62782668732854 342
1738722817256 269.02108199632545 343
1738722817288 72.50100674087349 344
1738722817321 177.1077409147945 345
1738722817354 163.6635731243851 346
1738722817386 153.8694040423179 347
1738722817418 256.3987023386898 348
1738722817450 201.51659165947592 349
1738722817482 188.0537720915661 350
1738722817514 107.88093069602158 351
1738722817546 171.08925130165485 352
1738722817578 208.20561570755268 353
1738722817609 204.07073668741583 354
1738722817641 200.6125646234107 355
1738722817673 207.2267441860019 356
1738722817704 92.57315078214707 357
1738722817736 171.11375155759347 358
1738722817768 203.08618007033692 359
1738722817800 160.37306126840645 360
1738722817831 214.4437069382337 361
1738722817863 255.6968581568563 362
1738722817895 118.39374183144366 363
1738722817927 192.39047147741232 364
1738722817958 292.48991126666806 365
1738722817990 129.19996619360876 366
1738722818022 191.51572139886156 367
1738722818054 181.07099488970135 368
1738722818086 164.19026608147269 369
1738722818117 191.72159008802913 370
1738722818149 176.51422861334987 371
1738722818181 127.28340765291433 372
1738722818213 204.86947939604315 373
1738722818246 153.94442789096982 374
1738722818277 260.1268467525086 375
1738722818310 155.10407627716853 376
1738722818342 124.05604414576423 377
1738722818374 179.7594112694805 378
1738722818406 110.48488524975728 379
1738722818438 195.38614212820877 380
1738722818470 194.48292862972522 381
1738722818502 120.14998303077897 382
1738722818533 95.25562244426531 383
1738722818565 170.30655382450817 384
1738722818597 168.84199958742238 385
1738722818629 132.9616126529417 386
1738722818660 185.35099459023502 387
1738722818692 210.37550061023515 388
1738722818724 224.09643656984318 389
1738722818756 164.04744865833226 390
1738722818788 165.2174441768327 391
1738722818820 177.45532370719644 392
1738722818852 115.79307644433507 393
1738722818884 202.3708789474754 394
1738722818916 269.9445537697288 395
1738722818948 191.70285390311705 396
1738722818979 113.49218624752777 397
1738722819011 211.85518391029893 398
1738722819043 191.33226496418666 399
1738722819074 219.464731490891 400
1738722819106 265.2422036707023 401
1738722819137 83.65091292922952 402
1738722819170 125.60036125879259 403
1738722819203 199.57660998913113 404
1738722819235 124.61452318002999 405
1738722819267 174.14177647086424 406
1738722819299 234.4261310316793 407
1738722819331 273.1658161116984 408
1738722819363 91.67359266789626 409
1738722819395 205.85674544870395 410
1738722819427 169.6779415956197 411
1738722819458 157.40636193913934 412
1738722819490 186.78739708897373 413
1738722819522 176.2439765706764 414
1738722819555 116.85885729808338 415
1738722819587 194.67649534113073 416
1738722819619 190.37502640167685 417
1738722819651 246.272845260051 418
1738722819683 178.68201482103663 419
1738722819715 195.78461407291144 420
1738722819746 127.75204997241462 421
1738722819778 222.72859433180767 422
1738722819811 159.74522790979734 423
1738722819843 209.9196609878987 424
1738722819875 166.77079284725792 425
1738722819907 127.44731526148736 426
1738722819939 136.70104447987322 427
1738722819971 172.07404625901884 428
1738722820003 154.70699810705742 429
1738722820035 180.9627704621141 430
1738722820067 106.87468727655572 431
1738722820098 135.90681098055381 432
1738722820130 195.12524626852405 433
1738722820162 293.9246917178103 434
1738722820193 182.99127733054053 435
1738722820225 160.32519633788723 436
1738722820257 158.31343491405792 437
1738722820292 148.42805326743917 438
1738722820323 112.89148781765404 439
1738722820356 130.8701479751138 440
1738722820388 174.19827046946904 441
1738722820420 151.79143418047576 442
1738722820453 173.24764637602536 443
1738722820485 188.98468279912325 444
1738722820517 163.3127933922724 445
1738722820549 92.57053606840067 446
1738722820581 222.29956652633987 447
1738722820613 268.9691210152454 448
1738722820644 82.87209736742203 449
1738722820676 189.2972116254473 450
1738722820708 162.2865128676401 451
1738722820741 235.47136088712634 452
1738722820778 44.71534649430959 453
1738722820812 167.50660996805016 454
1738722820886 147.80331975767461 455
1738722820936 220.56243511241675 456
1738722820973 214.17277282682753 457
1738722821007 83.5682004334494 458
1738722821042 118.15443853267463 459
1738722821089 163.668254445881 460
1738722821124 161.8785758549504 461
1738722821158 265.0899888810779 462
1738722821191 187.70191620143504 463
1738722821225 192.98071974723211 464
1738722821260 264.7612050591901 465
1738722821302 203.9709520447757 466
1738722821339 162.55474522093326 467
1738722821374 185.31618554118828 468
1738722821409 216.8258732211414 469
1738722821444 185.73581904117597 470
1738722821478 146.0301975738162 471
1738722821511 207.95375097926336 472
1738722821545 97.31649623537398 473
1738722821579 95.08026689308493 474
1738722821613 112.3242873677686 475
1738722821646 151.10721959724262 476
1738722821680 171.11438541455024 477
1738722821713 190.89076839876893 478
1738722821747 231.7392973407979 479
1738722821780 179.70220788874965 480
1738722821818 176.19913519762187 481
1738722821852 136.92696047902137 482
1738722821885 107.20992418027521 483
1738722821918 158.45149839836898 484
1738722821951 107.28433278784703 485
1738722821984 146.44509281798938 486
1738722822017 164.99331589921064 487
1738722822051 194.38028724663013 488
1738722822084 152.74467228496013 489
1738722822117 55.53586478016912 490
1738722822149 187.62629869884697 491
1738722822181 199.7796012881409 492
1738722822214 175.62295815209254 493
1738722822246 108.35876386932101 494
1738722822278 172.90795856084887 495
1738722822310 99.6476619235535 496
1738722822342 182.08150564579822 497
1738722822374 142.5844783975584 498
1738722822407 248.59567068172032 499
