1738722855617 168.87079434139187 0
1738722855620 168.53814832226237 1
1738722855622 165.19257278928814 2
1738722855624 166.90165015490115 3
1738722855626 169.33009764054162 4
1738722855629 171.6170082677295 5
1738722855631 168.28671100938513 6
1738722855633 165.20403485230892 7
1738722855635 170.3235214020338 8
1738722855637 168.3578415617184 9
1738722855639 170.2215896423805 10
1738722855642 170.09678793435185 11
1738722855644 170.38006026212284 12
1738722855646 167.67440236421632 13
1738722855648 170.75202986545563 14
1738722855650 169.31423118062017 15
1738722855652 167.64466290327601 16
1738722855654 170.28462259813156 17
1738722855657 169.91525911160463 18
