1738726595646 170.02202659763583 0
1738726595650 168.255318067498 1
1738726595654 169.5112753899747 2
1738726595658 169.73572898112627 3
1738726595662 167.43089988458965 4
1738726595666 166.4252774921545 5
1738726595670 168.8697302951247 6
1738726595674 167.66577488452825 7
1738726595678 165.67784461160986 8
1738726595682 172.3679009612147 9
1738726595686 170.50562254296247 10
1738726595689 165.5981276725435 11
1738726595693 167.60281781165517 12
1738726595697 168.99227505401146 13
1738726595701 173.05081704062562 14
1738726595705 169.21555931492824 15
1738726595709 175.16941245816116 16
1738726595713 166.16651313757177 17
1738726595717 168.7079452032315 18
1738726595721 172.85218196226455 19
1738726595725 168.51519271692763 20
1738726595730 170.14407588324377 21
1738726595734 168.2584783380318 22
1738726595738 171.86961675337568 23
1738726595742 167.64833445498036 24
1738726595746 168.6088965537898 25
1738726595749 170.2568052607116 26
1738726595754 166.74772838994784 27
