1738721996695 168.7200203718595 0
1738721996697 168.63776883354362 1
1738721996699 167.8901667271246 2
1738721996700 171.06326159838468 3
1738721996702 168.56919404295803 4
1738721996704 168.44537479767408 5
1738721996705 170.97398799737726 6
1738721996707 169.01726783950977 7
1738721996709 170.3279248789398 8
1738721996711 168.00771650646635 9
1738721996713 168.06961192419223 10
1738721996714 167.35380328904995 11
1738721996716 169.45680102302555 12
1738721996718 165.7407117511561 13
1738721996720 168.5846651036914 14
1738721996722 166.68955523121318 15
1738721996724 167.99514372594876 16
1738721996726 166.46297050367386 17
1738721996728 168.60622398165768 18
1738721996729 168.80425668395935 19
1738721996731 166.94210063063966 20
