1738726281325 167.56005672548213 0
1738726281328 167.66668380522137 1
1738726281332 167.57406348825035 2
1738726281336 169.67374463088203 3
1738726281339 168.11915741007815 4
1738726281343 168.762410974784 5
1738726281346 169.9466801320935 6
1738726281350 166.81245935071695 7
1738726281354 168.37725349400503 8
1738726281357 169.13532629970538 9
1738726281361 167.91608595980176 10
1738726281365 168.21570424352922 11
1738726281368 169.5222582832879 12
1738726281372 171.25414241230584 13
1738726281376 170.82077454871427 14
1738726281380 168.6451957577087 15
1738726281383 171.05400952745038 16
1738726281387 167.27187563021826 17
1738726281390 169.04275135403046 18
1738726281394 167.24954586516563 19
1738726281397 167.63868478595478 20
1738726281401 167.88085563406034 21
1738726281405 169.97298004536415 22
1738726281409 170.85673513267784 23
1738726281412 169.46649636376236 24
1738726281416 168.61316441889772 25
1738726281420 168.37008651683024 26
1738726281423 169.90196381341187 27
1738726281427 169.06971738148886 28
1738726281430 167.38206670085458 29
1738726281434 167.12059118453902 30
1738726281438 166.60327771107785 31
1738726281441 169.52912933847702 32
1738726281445 167.2729374818246 33
1738726281448 168.99424477507276 34
1738726281452 169.19393306683114 35
1738726281456 168.5640664789194 36
1738726281459 170.21767925199228 37
1738726281463 168.2148451480904 38
1738726281466 170.07325876599825 39
1738726281470 167.5740272905212 40
1738726281474 169.2403028160251 41
1738726281477 169.74706336460866 42
1738726281481 169.2629508740652 43
1738726281484 167.63299292652576 44
1738726281488 169.1602679349794 45
1738726281491 170.7803323687337 46
1738726281495 171.164526209389 47
1738726281499 166.97931158653614 48
1738726281502 168.01673372368379 49
1738726281506 167.75387744445447 50
1738726281509 168.73272134564024 51
1738726281513 169.42507794736426 52
1738726281517 168.5045109079472 53
1738726281520 168.40255395424083 54
1738726281524 166.67047459186753 55
1738726281527 167.30043989095245 56
1738726281531 167.5707406525843 57
1738726281535 169.2006060500744 58
1738726281538 168.69597845958677 59
1738726281542 170.5487558361226 60
1738726281545 174.69861253424153 61
1738726281549 169.49146500593952 62
1738726281552 168.49613010463727 63
1738726281556 168.1426318198842 64
1738726281560 167.096962272896 65
1738726281563 169.57058253181114 66
1738726281567 169.11597638823505 67
1738726281570 171.08012192201926 68
1738726281574 168.44107801752517 69
1738726281577 169.52539550377824 70
1738726281581 167.7861231318241 71
1738726281585 169.08347936136445 72
1738726281588 168.88897138251468 73
1738726281592 168.67400207086376 74
1738726281595 169.65358974734764 75
1738726281599 168.67258410067646 76
1738726281603 167.55636987371398 77
1738726281606 166.17063973367954 78
1738726281610 167.8184289726365 79
1738726281613 167.83489576695308 80
1738726281617 168.28374829095267 81
1738726281620 169.90031861321836 82
1738726281624 167.2271036031103 83
1738726281628 169.16189266877586 84
1738726281631 170.49835444589095 85
1738726281635 168.3400390418913 86
1738726281638 173.04117687426478 87
1738726281642 167.00255483417135 88
1738726281646 170.2806024383815 89
