1738723692462 166.54738912853838 0
1738723692499 155.36942899773535 1
1738723692537 143.75494244758784 2
1738723692575 177.8966239552233 3
1738723692613 151.24503229500704 4
1738723692650 173.29387506301268 5
1738723692688 180.32323090661455 6
1738723692725 165.15120698672743 7
1738723692764 166.3776676311049 8
1738723692802 174.22955608951196 9
1738723692839 174.87976990462673 10
1738723692876 158.90141396930605 11
1738723692913 164.13866082669105 12
1738723692950 161.62177334833527 13
1738723692987 158.73186461942734 14
1738723693024 169.57414935611834 15
1738723693062 138.8006428270167 16
1738723693100 185.4240498090447 17
1738723693138 177.25135573042442 18
1738723693176 172.95283237861403 19
1738723693214 166.2642205350273 20
1738723693251 159.56125949853134 21
1738723693289 174.05353608158188 22
1738723693326 179.80025123964802 23
1738723693363 146.30124983619328 24
1738723693401 171.5872966585626 25
1738723693438 168.60194559190035 26
1738723693476 179.31129329216313 27
1738723693514 262.2412294378844 28
1738723693553 160.77051381191754 29
1738723693591 174.8801505164432 30
1738723693629 178.20574859886173 31
1738723693667 165.71603349428713 32
1738723693704 158.01994818892658 33
1738723693741 136.74649928975174 34
1738723693779 195.48394163100502 35
1738723693815 172.26461824035397 36
1738723693852 150.26705252273604 37
1738723693890 156.22465611478853 38
1738723693927 145.52980926782683 39
1738723693964 179.49992464115704 40
1738723694001 186.48183425116827 41
1738723694037 155.39151226355966 42
1738723694074 159.42613909223016 43
1738723694111 179.92437816245018 44
1738723694148 165.69946625482257 45
1738723694185 149.72442169679823 46
1738723694222 167.05719451756823 47
1738723694259 137.92222560787158 48
1738723694297 155.04003591165807 49
1738723694335 181.63806789865265 50
1738723694372 182.17570275764044 51
1738723694409 168.87888510226108 52
1738723694446 144.9772535388988 53
1738723694483 184.74541243107683 54
1738723694520 180.43184201302878 55
1738723694557 168.29581314630613 56
1738723694595 189.90944641461255 57
1738723694632 146.91932137671157 58
1738723694669 215.44315159674989 59
1738723694706 160.06315386404964 60
1738723694744 176.79821737499296 61
1738723694781 172.83954593807763 62
1738723694818 192.3370816948978 63
1738723694856 170.43282538055297 64
1738723694894 164.13312032053594 65
1738723694932 159.9434285433932 66
1738723694970 159.97130988013618 67
1738723695007 187.97724194663556 68
1738723695045 174.37180117837238 69
1738723695083 165.26775707439404 70
1738723695121 174.7767255868861 71
1738723695158 143.13754577269876 72
1738723695196 158.64300808153155 73
1738723695234 202.13058099772127 74
1738723695272 187.27284852035183 75
1738723695309 147.8855483407337 76
1738723695347 152.0292685430171 77
1738723695384 183.89167129479407 78
1738723695421 157.69677178539575 79
1738723695459 188.92584387004084 80
1738723695496 180.200593881695 81
1738723695533 160.49337597210263 82
1738723695570 152.86719659675833 83
1738723695609 175.73237888002927 84
1738723695647 175.40078195182002 85
1738723695685 167.7966796331687 86
1738723695723 171.9678704011117 87
1738723695761 173.40957252385257 88
1738723695800 171.79190261328506 89
1738723695838 188.64274842898706 90
1738723695876 168.27789843024408 91
1738723695913 165.38551103012452 92
1738723695951 151.39331854242357 93
1738723695988 153.6430428361097 94
1738723696025 174.56687654973643 95
1738723696063 157.09223486468227 96
1738723696100 163.09126655109858 97
1738723696138 167.96884950682733 98
1738723696176 163.2724554781911 99
1738723696214 181.2239938823991 100
1738723696256 189.95460602599732 101
1738723696295 159.168615764036 102
1738723696333 172.00387754295278 103
1738723696372 155.27563965384502 104
1738723696411 137.99057335983676 105
1738723696449 165.22084870860073 106
1738723696487 188.0572359637402 107
1738723696526 183.90077315526818 108
1738723696565 144.65197985979188 109
1738723696603 190.28739359676212 110
1738723696641 211.41182032768162 111
1738723696680 159.1683371993277 112
1738723696718 160.55089307481805 113
1738723696757 155.48000468347718 114
1738723696796 131.0608591066726 115
1738723696834 166.91674530154336 116
1738723696873 181.54257920322533 117
1738723696912 156.44604782782665 118
1738723696950 171.9309422519723 119
1738723696988 161.851238956344 120
1738723697027 196.8175863843147 121
1738723697065 164.22264818562854 122
1738723697103 177.623819930626 123
1738723697142 145.37333631123406 124
1738723697180 168.55743951274525 125
1738723697218 146.73646054630845 126
1738723697256 149.80275190762313 127
1738723697295 125.45052838091509 128
1738723697335 187.48950334898834 129
1738723697374 161.5255701055567 130
1738723697413 137.56544267749575 131
1738723697453 153.16952273914995 132
1738723697490 166.1495280812537 133
1738723697528 187.00541631150705 134
1738723697565 162.82477350980224 135
1738723697602 156.98069390779253 136
1738723697640 188.9050602810758 137
1738723697677 197.8621294357098 138
1738723697713 160.02776708303966 139
1738723697750 161.56367621185336 140
1738723697787 173.94985882817858 141
1738723697824 189.676019606134 142
1738723697860 184.4320836436783 143
1738723697897 159.77712493231206 144
1738723697934 166.14751116384176 145
1738723697970 152.06267158909122 146
1738723698007 179.69854905262642 147
1738723698043 174.63057690601522 148
1738723698081 163.2292910381112 149
1738723698119 170.38774225388067 150
1738723698157 196.96492338965106 151
1738723698194 175.76319429620273 152
1738723698232 149.28860393006445 153
1738723698270 170.05192304345056 154
1738723698308 169.22481958802274 155
1738723698346 169.73322590816616 156
1738723698384 163.38565575490367 157
1738723698421 180.4887885737011 158
1738723698458 158.6035176855403 159
1738723698497 171.5441287091457 160
1738723698534 174.78302343134158 161
1738723698572 190.87942161607728 162
1738723698610 157.32389948824837 163
1738723698647 172.36463026668474 164
1738723698684 148.40746870369972 165
1738723698721 179.47225411713697 166
1738723698759 154.74851795688068 167
1738723698796 174.98149547574698 168
1738723698833 157.51605708285055 169
1738723698870 171.20442357823381 170
1738723698907 152.53815280140094 171
1738723698944 194.92485028744824 172
1738723698982 181.16123953802548 173
1738723699020 154.42406791426947 174
1738723699058 177.98235793604192 175
1738723699096 165.44843444143768 176
1738723699133 179.2981068189319 177
1738723699170 169.29163674832242 178
1738723699207 151.5824144059746 179
1738723699244 174.4880138295277 180
1738723699281 157.79732387428902 181
1738723699317 146.96151922427555 182
1738723699354 148.08899715732585 183
1738723699391 186.55346041895197 184
1738723699427 167.0371013188284 185
1738723699464 182.684618891644 186
1738723699500 228.02344050350476 187
1738723699537 162.90075741436254 188
1738723699574 156.29276352938155 189
1738723699610 177.31522610946175 190
1738723699647 161.7482227572219 191
1738723699683 202.22494813573456 192
1738723699721 220.29134732437538 193
1738723699760 181.94728813660353 194
1738723699800 136.58144265799663 195
1738723699839 165.04503478716578 196
1738723699877 198.11304544838634 197
1738723699915 190.5247019419902 198
1738723699953 211.8456439400695 199
1738723699991 166.96018088631223 200
1738723700028 164.2783800367388 201
1738723700066 173.75646938359608 202
1738723700103 171.18617757087816 203
1738723700141 199.35686303225197 204
1738723700178 180.29642782903517 205
1738723700216 167.87555423347968 206
1738723700255 185.61739814490727 207
1738723700294 165.73973789904397 208
1738723700333 176.29100588834623 209
1738723700371 154.40871070647174 210
1738723700410 164.61374959409207 211
1738723700448 168.23405025423554 212
1738723700486 189.6000628883553 213
1738723700524 200.62684625559743 214
1738723700561 165.87227330547518 215
1738723700599 168.050022107875 216
1738723700636 192.21017708963302 217
1738723700674 180.6352782960322 218
1738723700711 166.69774874009536 219
1738723700750 149.27626806132523 220
1738723700789 181.9647074831598 221
1738723700827 236.05594191313313 222
1738723700865 192.34918122184084 223
1738723700903 198.62640925556508 224
1738723700941 185.10084814280094 225
1738723700979 163.07919384702174 226
1738723701016 161.92677437426403 227
1738723701054 167.18264123677363 228
1738723701092 190.71038183402342 229
1738723701130 166.47519347584208 230
1738723701168 159.93055694205077 231
1738723701206 177.68050741966996 232
1738723701244 174.03519759055467 233
1738723701281 157.63923958896814 234
1738723701319 129.86472484903427 235
1738723701356 175.01039614425142 236
1738723701394 148.68871808966585 237
1738723701432 150.434165483259 238
1738723701469 206.37209001858835 239
1738723701507 172.0598737139154 240
1738723701544 148.84273299304547 241
1738723701581 165.66242009658822 242
1738723701618 166.57579745249586 243
1738723701655 181.41455800437424 244
1738723701692 141.96818820216225 245
1738723701730 131.13399183627905 246
1738723701769 182.3117393376665 247
1738723701809 161.65358391386863 248
1738723701848 150.08396819041306 249
1738723701887 161.50616252691648 250
1738723701925 140.39132907023938 251
1738723701965 170.4070599663856 252
1738723702004 153.40507309567897 253
1738723702083 148.6986932281989 254
1738723702148 200.90568024436632 255
1738723702197 162.04261393108558 256
1738723702237 174.08490794256943 257
1738723702276 172.01950541340577 258
1738723702331 157.16098166117627 259
1738723702370 183.04271634213202 260
1738723702410 173.03516131380687 261
1738723702451 161.87719942479774 262
1738723702490 133.0289668375615 263
1738723702529 177.4503900746387 264
1738723702568 157.34409911629263 265
1738723702606 174.6057348802132 266
1738723702644 165.7469393688115 267
1738723702683 191.7262738777234 268
1738723702722 160.36942564948822 269
1738723702762 245.1256862624862 270
1738723702802 173.99727700983055 271
1738723702842 159.91976208687842 272
1738723702882 166.2842857416653 273
1738723702922 206.3863028790875 274
1738723702962 186.711064621968 275
1738723703001 173.13682079507743 276
1738723703040 172.19093234563482 277
1738723703079 166.35431877982614 278
1738723703117 149.01235405333122 279
1738723703156 172.08918297070267 280
1738723703194 153.29004643044652 281
1738723703233 161.9018828911651 282
1738723703271 170.08300466320878 283
1738723703310 180.0580537453067 284
1738723703348 165.88141606010703 285
1738723703387 137.72228517820844 286
1738723703424 158.12575980598712 287
1738723703462 161.38036648470123 288
1738723703500 151.88956851801723 289
1738723703538 139.68397766751147 290
1738723703576 190.9848408470603 291
1738723703613 183.16484524159208 292
1738723703650 167.59791990886055 293
1738723703689 179.0211646945327 294
1738723703727 168.05345273709003 295
1738723703765 120.44932820814691 296
1738723703804 170.687399068593 297
1738723703842 165.8805039697609 298
1738723703880 181.38763262857827 299
1738723703917 168.5579308436979 300
1738723703954 160.2805808373616 301
1738723703992 172.4406924659972 302
1738723704029 209.95672438691685 303
1738723704067 176.07924190357446 304
1738723704104 139.5778422937896 305
1738723704145 171.05132536553458 306
1738723704185 179.38908323855404 307
1738723704228 141.314358659009 308
1738723704269 147.33489637514953 309
1738723704309 139.63194375390245 310
1738723704348 157.82925800155422 311
1738723704386 210.5104189046339 312
1738723704424 161.36475646491678 313
1738723704462 181.73546703266274 314
1738723704503 193.31839338609853 315
1738723704543 165.458892516435 316
1738723704582 173.0002990238781 317
1738723704620 189.83764125569726 318
1738723704658 229.96350711084406 319
1738723704696 177.09064222048156 320
1738723704735 159.2329745391124 321
1738723704773 172.38054609855016 322
1738723704811 107.3160047662135 323
1738723704849 148.3631548108124 324
1738723704886 152.8484449800602 325
1738723704924 152.07179790298227 326
1738723704961 184.88681551458882 327
1738723704999 151.8995315810027 328
1738723705037 141.99452268416704 329
1738723705074 137.5691234207706 330
1738723705110 171.89565518212507 331
1738723705147 161.39967039402373 332
1738723705183 175.73547181272596 333
1738723705220 171.46064662021692 334
1738723705256 135.15572915593344 335
1738723705320 197.9112259180634 336
1738723705380 138.20998540614988 337
1738723705423 182.39024003336723 338
1738723705462 188.2741958910626 339
1738723705501 150.54372862081448 340
1738723705539 153.8224348931865 341
1738723705577 176.193841032029 342
1738723705615 185.01303428728534 343
1738723705652 103.83679914206712 344
1738723705690 185.97707715072718 345
1738723705727 196.26822015445032 346
1738723705765 163.07100186706768 347
1738723705802 185.51976376939314 348
1738723705840 181.30456360039136 349
1738723705878 162.18632182110323 350
1738723705915 191.1564973505917 351
1738723705952 181.6101096477934 352
1738723705991 193.62931676000326 353
1738723706029 173.57308938120752 354
1738723706068 185.51056533828748 355
1738723706106 170.96897752540156 356
1738723706144 173.80158818977714 357
1738723706183 162.25373062048973 358
1738723706222 184.48335230110595 359
1738723706260 201.33497506757243 360
1738723706300 186.2629938325417 361
1738723706338 168.08201306992663 362
1738723706377 175.8296904782538 363
1738723706415 204.91065250495137 364
1738723706453 152.71408616957572 365
1738723706490 162.1882050328629 366
1738723706528 196.4653669543159 367
1738723706565 167.29579140814445 368
1738723706603 129.4928098039244 369
1738723706640 176.53256220119408 370
1738723706678 185.3313037024276 371
1738723706715 196.17424077645714 372
1738723706752 163.3663860274983 373
1738723706790 204.0227649430589 374
1738723706827 155.710887839557 375
1738723706864 194.38452272343773 376
1738723706901 160.9178090799166 377
1738723706938 173.98345773431217 378
1738723706976 162.91686485555593 379
1738723707013 165.2015920582842 380
1738723707050 158.9747220201787 381
1738723707087 176.36224871364712 382
1738723707124 180.47048204514684 383
1738723707161 198.065280240706 384
1738723707199 169.65444534468023 385
1738723707237 144.98954564524294 386
1738723707274 172.1791134893435 387
1738723707312 157.53241084794075 388
1738723707349 183.03462772221278 389
1738723707387 136.7409135977128 390
1738723707425 166.02464132204761 391
1738723707462 168.04554252313505 392
1738723707500 160.87584832788332 393
1738723707537 159.9846021113727 394
1738723707574 180.7687067500907 395
1738723707612 138.09013712326882 396
1738723707650 188.24130279874765 397
1738723707688 155.66273474427553 398
1738723707726 149.67806646033915 399
1738723707763 179.13818951374168 400
1738723707801 153.29813179848253 401
1738723707838 156.72630440515982 402
1738723707876 197.99072688418636 403
1738723707913 174.29172696196622 404
1738723707951 185.85578329457093 405
1738723707988 172.43515177274494 406
1738723708025 158.38571791526618 407
1738723708062 146.26484542964664 408
1738723708099 171.22623483768237 409
1738723708137 162.15965074596923 410
1738723708175 152.50153568764998 411
1738723708212 129.94361933398596 412
1738723708250 157.66585728433887 413
1738723708287 155.84273407068864 414
1738723708324 176.30901082371577 415
1738723708361 169.1341376975907 416
1738723708398 146.34864277254863 417
1738723708434 160.89062368720613 418
1738723708473 196.9083361897474 419
1738723708510 180.61906093126143 420
1738723708546 174.10446758003434 421
1738723708583 141.12444822032234 422
1738723708620 191.32557520322328 423
1738723708658 184.28922947416504 424
1738723708694 176.93129896062015 425
1738723708731 142.0239143514695 426
1738723708767 155.0611160062678 427
1738723708804 151.95732029506675 428
1738723708840 160.45862165362672 429
1738723708876 154.06849328297875 430
1738723708913 169.7984300897845 431
1738723708949 167.18884599602174 432
1738723708985 172.24563089993248 433
1738723709021 167.17062535379043 434
1738723709058 222.19534633898934 435
1738723709095 151.7774382116269 436
1738723709133 164.54680469877482 437
1738723709171 176.15157219296043 438
1738723709208 145.96562590092464 439
1738723709245 176.23626930940912 440
1738723709283 188.03258599903322 441
1738723709321 184.75040936433257 442
1738723709359 175.67913121098914 443
1738723709396 201.42670227942057 444
1738723709433 169.73676101813123 445
1738723709470 174.8169168073404 446
1738723709507 199.3635064399766 447
1738723709544 183.1664925697654 448
1738723709581 153.36253523981068 449
1738723709618 177.2621147052784 450
1738723709655 156.24037706889038 451
1738723709692 195.613040841512 452
1738723709729 174.73551898066083 453
1738723709767 161.66204832469626 454
1738723709804 179.23384472038114 455
1738723709841 166.06597866539627 456
1738723709879 169.36465060139992 457
1738723709917 150.4247062510211 458
1738723709955 151.78491594489483 459
1738723709992 171.25081711005333 460
1738723710029 150.05601682868394 461
1738723710065 148.64634382225873 462
1738723710102 159.84587149563194 463
1738723710139 165.93950174389474 464
1738723710176 185.42937175743634 465
1738723710212 140.434152387381 466
1738723710249 167.17066721810872 467
1738723710287 167.72337883307276 468
1738723710323 185.82384950133581 469
1738723710360 172.8989088299457 470
1738723710396 162.75489859424627 471
1738723710433 160.1489047251617 472
1738723710469 166.14494355308105 473
1738723710505 164.5493733389274 474
1738723710542 195.49106412870046 475
1738723710578 171.88817749567528 476
1738723710614 169.45032205502952 477
1738723710650 158.7750133182049 478
1738723710687 197.79809808986536 479
1738723710723 158.75167796308673 480
1738723710759 167.1600983936992 481
1738723710796 170.1659503203887 482
1738723710832 169.61258827392837 483
1738723710868 157.92263860691529 484
1738723710904 218.7235413565627 485
1738723710940 192.00927331966184 486
1738723710976 144.83352207911335 487
1738723711012 146.825224947817 488
1738723711048 194.8584576935248 489
1738723711085 168.02723172926997 490
1738723711121 171.8677877884032 491
1738723711157 164.67087640903273 492
1738723711193 182.0639174796659 493
1738723711229 163.58057911116902 494
1738723711266 177.71687101113707 495
1738723711302 173.49121857908804 496
1738723711338 166.96560115832546 497
1738723711374 169.93550091611064 498
1738723711410 173.36762656722678 499
