1738724434668 172.88505883429846 0
1738724434671 165.9133525172185 1
1738724434674 165.3701156467322 2
1738724434676 167.1122926186804 3
1738724434679 167.26646985230957 4
1738724434682 169.08183335130315 5
1738724434685 169.2593866402533 6
1738724434688 170.45512435652068 7
1738724434691 170.51059533508638 8
1738724434694 169.6756538686194 9
1738724434697 168.62344113447188 10
1738724434700 166.5734459114524 11
1738724434714 171.41417841486896 12
1738724434727 169.21593995660655 13
1738724434731 168.72981432577674 14
1738724434739 168.66178747069446 15
1738724434742 169.80212750918344 16
1738724434745 168.39322023088596 17
1738724434747 168.25459731998572 18
1738724434750 170.70298589301086 19
1738724434754 167.68678998941448 20
