1738724982045 161.7933615628479 0
1738724982050 170.46208776151553 1
1738724982053 167.61933258643208 2
1738724982058 168.03829829683707 3
1738724982062 168.08057697685723 4
1738724982067 177.34328075052048 5
1738724982070 166.23418007765346 6
1738724982075 170.72155777335811 7
1738724982080 170.57886528279604 8
1738724982084 168.13732640082546 9
1738724982088 168.53070190415443 10
1738724982092 165.9892052422212 11
1738724982096 168.77380250382546 12
1738724982100 166.0020195618545 13
1738724982104 167.6980686483461 14
1738724982109 164.89395204163222 15
1738724982113 163.8016243196363 16
1738724982117 170.9770315042117 17
1738724982120 166.94576353708905 18
1738724982124 163.81497413051633 19
1738724982128 167.52618828331143 20
1738724982133 168.94464912539038 21
1738724982137 165.02936607390342 22
1738724982142 172.3728507204357 23
1738724982146 171.40549236028224 24
1738724982150 166.91779735424856 25
1738724982154 171.2354296674555 26
1738724982158 169.32286734544178 27
1738724982161 171.18051739745718 28
1738724982165 169.68596859166752 29
1738724982169 169.64282585559158 30
1738724982173 172.49877938095534 31
1738724982176 168.0911579258621 32
1738724982181 167.43810899239955 33
1738724982184 167.05306561847203 34
1738724982188 169.05643983043717 35
1738724982192 167.16565711806965 36
1738724982197 168.724682029839 37
1738724982203 170.2331993580532 38
1738724982210 169.90017237826214 39
1738724982215 169.33301977189643 40
1738724982219 171.9439340944192 41
1738724982225 167.3223673725234 42
1738724982231 172.7720698569327 43
1738724982235 168.59133051185137 44
1738724982240 167.9865149999371 45
1738724982244 169.51033572095906 46
1738724982249 170.31233417555347 47
1738724982253 171.09205491732206 48
1738724982257 169.3420757686983 49
1738724982261 167.41923638946534 50
1738724982266 167.5051567205399 51
1738724982270 166.8136071122102 52
1738724982275 170.26527041548377 53
1738724982280 170.37631190937404 54
1738724982284 168.57036300945023 55
1738724982289 167.65578238878305 56
1738724982293 170.52072073990192 57
1738724982298 168.49914043996102 58
1738724982307 169.14350349457757 59
1738724982316 170.47824311292595 60
1738724982323 166.63370720606332 61
1738724982329 167.3118829296771 62
1738724982340 172.14035864791668 63
1738724982350 168.6433526038444 64
1738724982357 168.08928083117706 65
1738724982367 166.9514134089513 66
1738724982375 169.48186348927726 67
1738724982381 168.8921662291176 68
1738724982387 170.36907216310343 69
1738724982394 168.95568402008442 70
1738724982401 169.83553270042685 71
1738724982406 168.47691651083423 72
1738724982411 170.74063336382994 73
1738724982416 170.4675493796122 74
1738724982420 163.79595538476394 75
1738724982424 167.63469092167472 76
1738724982428 166.24772553799977 77
1738724982432 170.6052804133424 78
1738724982435 168.56849396427566 79
1738724982439 173.210262711297 80
1738724982443 167.86033019595635 81
1738724982449 169.99852112226696 82
1738724982453 168.82237612867073 83
1738724982458 165.14311055801224 84
1738724982462 171.31695708046158 85
1738724982466 169.93116979640334 86
1738724982470 168.12765556942512 87
1738724982474 167.86342207878474 88
1738724982478 168.85042895043887 89
1738724982482 170.3248133896411 90
1738724982486 169.65507235046528 91
1738724982489 169.40952335310297 92
1738724982493 168.71426004546387 93
1738724982497 169.35988908007343 94
1738724982501 167.51035814176223 95
1738724982504 167.28022069201725 96
1738724982509 169.35459978311732 97
1738724982512 166.6454329686313 98
1738724982516 169.2373812523209 99
1738724982519 168.55888623618944 100
1738724982523 166.56444088721585 101
1738724982527 168.25187864699214 102
1738724982531 169.76302027944817 103
1738724982534 170.5674335514411 104
1738724982538 171.09494679797146 105
1738724982541 168.85534187802514 106
1738724982545 168.80737413839333 107
1738724982549 169.2951026099858 108
1738724982553 167.61213803699218 109
