1738726715754 169.74018604595636 0
1738726715758 168.27154872156405 1
1738726715762 169.5722039671657 2
1738726715766 168.38290826634076 3
1738726715770 168.8525124246688 4
1738726715774 168.37674367607192 5
1738726715778 170.155855654813 6
1738726715782 167.47468276397385 7
1738726715787 170.5875503797611 8
1738726715791 168.62653251549878 9
1738726715795 166.2281008557759 10
1738726715799 165.56847083983817 11
1738726715804 168.310621829171 12
1738726715808 167.34682214520979 13
1738726715812 166.5239146888575 14
1738726715816 168.22873266635963 15
1738726715820 167.94211729584697 16
1738726715824 168.9321096413237 17
1738726715829 170.66255751787656 18
1738726715833 169.7248563263567 19
1738726715837 169.07218747064732 20
1738726715841 168.3373320880684 21
1738726715845 168.789742369072 22
1738726715849 170.26353127399008 23
1738726715853 166.56284978973895 24
1738726715858 168.73503608571983 25
1738726715862 170.00426470092975 26
1738726715867 167.2958906827508 27
1738726715871 168.8476983624519 28
1738726715876 168.5839019557278 29
1738726715881 168.49442917839033 30
1738726715885 167.78668961091617 31
1738726715890 168.4960086572154 32
1738726715894 169.37456625079633 33
1738726715898 171.00996283403177 34
1738726715902 168.52494482015865 35
1738726715906 165.4280019192014 36
1738726715910 167.49177514701415 37
1738726715914 168.43056126290617 38
1738726715919 169.6427901637176 39
1738726715923 165.82865273774271 40
1738726715928 168.30174630260078 41
1738726715932 167.8506662811183 42
1738726715936 167.72388203626832 43
1738726715940 168.1539292714075 44
1738726715945 167.142117716746 45
1738726715949 168.42893551809055 46
1738726715953 169.19279463428376 47
