1738724451062 175.06376509133855 0
1738724451098 168.14616077150458 1
1738724451134 166.5145025722668 2
1738724451170 173.56782885250743 3
1738724451206 177.45459846447213 4
1738724451243 191.0396859911826 5
1738724451280 172.06298526364364 6
1738724451316 175.12455773936085 7
1738724451352 164.16501805760143 8
1738724451387 175.08422088303536 9
1738724451423 176.3109110226618 10
1738724451458 171.25640949267463 11
1738724451494 143.98494726793623 12
1738724451529 168.47596401901427 13
1738724451565 165.51711433738828 14
1738724451600 175.05286644977653 15
1738724451636 162.85551799772853 16
1738724451671 173.49847955013624 17
1738724451707 198.59020998871284 18
1738724451742 176.53825671810534 19
1738724451777 178.06207564002005 20
1738724451812 175.70544739412864 21
1738724451848 159.87703883675826 22
1738724451883 163.70802404324235 23
1738724451918 157.1762343731533 24
1738724451953 161.80658394213526 25
1738724451989 153.2436985213417 26
1738724452024 154.2724303449898 27
1738724452059 168.69937622876478 28
1738724452094 178.7227836212443 29
1738724452130 169.77446556092352 30
1738724452165 169.2453773743924 31
1738724452200 180.94960881283887 32
1738724452235 173.82250196622326 33
1738724452270 156.92320849055739 34
1738724452305 185.69876542245686 35
1738724452344 156.99535640504973 36
1738724452378 164.23706045689448 37
1738724452414 181.24015423724097 38
1738724452448 162.75650658587716 39
1738724452484 168.80885940575885 40
1738724452518 159.08865541996954 41
1738724452554 169.42894599937927 42
1738724452588 169.48672226426285 43
1738724452623 168.71759561591406 44
1738724452658 161.10110061670923 45
1738724452693 157.8800348262228 46
1738724452728 179.32290073731795 47
1738724452763 166.14850904531573 48
1738724452798 171.40927094138502 49
1738724452833 172.75603786689996 50
1738724452869 171.62178050988365 51
1738724452907 159.75760107343982 52
1738724452943 171.05018987705526 53
1738724453005 173.8543299005871 54
1738724453042 164.67921769769842 55
1738724453081 169.23633328552157 56
1738724453121 146.85146850185387 57
1738724453158 173.87334786264694 58
1738724453194 175.99229515149756 59
1738724453231 159.99906258807195 60
1738724453267 175.5085528015095 61
1738724453304 173.36930318010482 62
1738724453340 181.8046742931044 63
1738724453377 178.29654129011365 64
1738724453414 161.86623515780462 65
1738724453451 159.85611587536954 66
1738724453488 178.42910917896276 67
1738724453527 178.78055795294267 68
1738724453584 176.88385560485617 69
1738724453620 161.3051930821138 70
1738724453657 169.29926119210475 71
1738724453693 172.99927524565666 72
1738724453729 164.00436561258448 73
1738724453765 153.44003451201164 74
1738724453801 159.96353778408204 75
1738724453837 168.47275484712378 76
1738724453872 174.6059192611481 77
1738724453908 169.94285102010997 78
1738724453943 167.7461470635415 79
1738724453980 182.64076009288493 80
1738724454016 167.24205438584622 81
1738724454052 175.93241397554408 82
1738724454088 188.27883655041344 83
1738724454123 162.42143027032355 84
1738724454159 154.3285895713076 85
1738724454195 167.89422662465142 86
1738724454230 140.5096091148755 87
1738724454266 177.15337744529026 88
1738724454301 177.5714639268069 89
1738724454337 167.59507196733918 90
1738724454373 165.2687032570272 91
1738724454408 168.9981009537569 92
