1738724471153 173.98841100294715 0
1738724471185 169.38312093581067 1
1738724471218 163.7594958842976 2
1738724471250 178.2194388247057 3
1738724471283 147.5127827298267 4
1738724471316 171.1832426099567 5
1738724471348 170.05546809204188 6
1738724471411 196.70376878421524 7
1738724471444 173.80565036560077 8
1738724471477 186.06879132977593 9
1738724471510 173.03389415994226 10
1738724471543 161.05510431376936 11
1738724471576 182.41060073530855 12
1738724471609 197.82924708454743 13
1738724471641 171.1099503099238 14
1738724471674 161.81369965849976 15
1738724471707 168.87875361733984 16
1738724471740 204.21262291299692 17
1738724471773 155.4121595411607 18
1738724471805 129.36563110614438 19
1738724471838 135.29941714080672 20
1738724471870 158.82791809941597 21
1738724471902 196.6802383190784 22
1738724471935 178.5866844383808 23
1738724471967 167.5761995305751 24
1738724471999 160.6641323255007 25
1738724472049 185.5453396172248 26
1738724472086 150.63374088508428 27
1738724472119 166.15660614828573 28
1738724472152 187.21004770485052 29
1738724472185 162.57136171579583 30
1738724472217 169.18216570358578 31
1738724472250 178.43852195009825 32
1738724472282 163.58010537582626 33
1738724472315 174.31744087786748 34
1738724472348 156.69564228807985 35
1738724472380 158.6003903834613 36
1738724472413 171.8588939304903 37
1738724472445 158.16285983011716 38
1738724472478 153.69104233443272 39
1738724472510 176.31030694341118 40
1738724472543 189.64410695935874 41
1738724472575 170.10519603613048 42
1738724472608 166.3157932126219 43
1738724472640 187.4402854051919 44
1738724472673 180.5523503377962 45
1738724472705 171.18046880549846 46
1738724472737 170.88542474340719 47
1738724472770 175.5943056168808 48
1738724472802 182.8430654220969 49
1738724472834 171.93155883051463 50
1738724472866 152.1345991220876 51
1738724472898 166.92017830951644 52
1738724472931 168.30137011389854 53
1738724472963 152.19970628564548 54
1738724472995 158.78491377555173 55
1738724473027 134.5755661310658 56
1738724473062 167.30234787397345 57
1738724473095 133.61028970072064 58
1738724473127 173.2764815020404 59
1738724473159 188.35180500548904 60
1738724473191 179.79730596427714 61
1738724473223 167.35842160361344 62
1738724473256 151.2541114259974 63
1738724473288 159.49613439908435 64
1738724473320 173.47877576281886 65
1738724473353 167.90552139908678 66
1738724473385 166.65103682395906 67
1738724473418 152.52294606086255 68
1738724473450 175.36155587116957 69
1738724473482 141.36305847164465 70
1738724473515 157.29911239429077 71
1738724473547 212.79541999451098 72
1738724473580 174.16625602134442 73
1738724473612 197.49008456554822 74
1738724473645 139.84479309239467 75
1738724473677 166.11199173383196 76
1738724473709 202.42918052037754 77
1738724473742 178.82359360736692 78
1738724473775 191.99978472059547 79
1738724473808 180.56872102086623 80
1738724473840 161.60567924615688 81
1738724473872 183.54959816253148 82
1738724473904 163.51631704656583 83
1738724473937 168.40372148731504 84
1738724473969 167.04563967359016 85
1738724474001 149.6145833887335 86
1738724474033 175.11318832428842 87
1738724474066 157.0856917749228 88
1738724474098 178.72448555721982 89
1738724474130 187.5859476151488 90
1738724474162 182.4163925395809 91
1738724474194 188.14739168422457 92
1738724474226 154.10590670092367 93
1738724474259 179.08289588593792 94
1738724474291 161.65915685415905 95
1738724474323 171.42096246422827 96
1738724474355 178.98466249963153 97
1738724474387 123.78602823030553 98
1738724474419 173.48787710888357 99
1738724474451 172.9440546163253 100
1738724474483 155.25647536308352 101
1738724474515 177.6706042250986 102
1738724474547 164.84038795914378 103
1738724474580 166.5432612758352 104
1738724474612 162.78482939371582 105
1738724474644 181.9070074445292 106
1738724474676 167.47977744922446 107
1738724474708 174.33563921305165 108
1738724474740 213.70273879888882 109
1738724474772 175.13614680159108 110
1738724474805 132.71889492853745 111
1738724474837 166.49285528826434 112
1738724474869 179.9144762077473 113
1738724474900 170.94880961285403 114
1738724474933 155.7595270322811 115
1738724474965 152.46369206082787 116
1738724475000 178.79656951314746 117
1738724475033 178.53795053306425 118
1738724475065 163.14727393811864 119
1738724475098 153.6890869747513 120
1738724475131 187.01757535117056 121
1738724475164 177.20032286678602 122
1738724475197 178.98654633005742 123
1738724475230 143.95803318239933 124
1738724475262 160.78256459997152 125
1738724475295 184.35352204105936 126
1738724475327 182.11316163383057 127
1738724475360 177.28960278890747 128
1738724475392 216.5498864335125 129
1738724475425 166.61053329998433 130
1738724475457 181.41265050225078 131
1738724475490 155.16612957861227 132
1738724475522 172.7077809147076 133
1738724475554 167.75993792469262 134
1738724475587 172.77003997626244 135
1738724475619 169.826988859432 136
1738724475652 176.86891584022754 137
1738724475684 148.56132484894923 138
1738724475717 186.84479738805925 139
1738724475749 181.34264750825713 140
1738724475781 179.87549830122737 141
1738724475814 148.33525844114143 142
1738724475847 159.48367667982322 143
1738724475879 156.78419570203494 144
1738724475911 157.37356046911304 145
1738724475944 222.23090899892426 146
1738724475976 162.13508327424776 147
1738724476010 203.50325305509062 148
1738724476043 167.93549365730738 149
1738724476076 170.44911764174452 150
1738724476109 182.6093731350865 151
1738724476142 176.46228551535532 152
1738724476175 164.16172364423105 153
1738724476207 159.82565117369728 154
1738724476240 154.76901876783649 155
1738724476273 180.70491727232445 156
1738724476306 176.14163364465998 157
1738724476338 159.9312252243238 158
1738724476371 162.62625368448548 159
1738724476404 180.69101782134405 160
1738724476436 171.30409161110387 161
1738724476469 172.06765526288106 162
1738724476501 151.55866144364043 163
1738724476534 159.92967952270916 164
1738724476566 150.99957201122652 165
1738724476599 133.03083271512133 166
1738724476631 165.9615787308062 167
1738724476664 162.41988054086949 168
1738724476696 126.58490492283306 169
1738724476728 199.1485490226005 170
1738724476761 152.23337420478452 171
1738724476793 171.85569895704052 172
1738724476826 165.56316379841795 173
1738724476858 163.38960912300675 174
1738724476891 178.6704182101399 175
1738724476923 165.17210356072442 176
1738724476955 173.33227157331103 177
1738724476987 181.59046108595996 178
1738724477020 174.2978396360724 179
1738724477052 174.38170690257593 180
1738724477085 169.6108387768218 181
1738724477117 181.1606087934525 182
1738724477149 170.60624353734553 183
1738724477181 179.3544159922992 184
1738724477213 167.46159915820644 185
1738724477245 160.7277156846657 186
1738724477278 154.67406097176507 187
1738724477324 177.91265353356124 188
1738724477358 162.15077510940512 189
1738724477391 160.12867152415697 190
1738724477423 162.0526287995727 191
1738724477456 163.04749948555732 192
1738724477489 179.26796760910116 193
1738724477521 182.2696753466554 194
1738724477554 156.2657300654616 195
1738724477586 151.85657009679946 196
1738724477619 169.31548060987691 197
1738724477651 189.51464117591323 198
1738724477684 179.62911835816988 199
1738724477717 184.3485982679284 200
1738724477749 165.5176071037065 201
1738724477782 167.80156887207625 202
1738724477814 160.39953334607858 203
1738724477846 165.1348916372551 204
1738724477879 181.20415432529785 205
1738724477911 175.70329887914113 206
1738724477944 169.18502317556005 207
1738724477976 159.79598048778067 208
1738724478008 164.2284952653458 209
1738724478040 182.97177679744374 210
1738724478073 176.09710577183697 211
1738724478105 141.00287368632866 212
1738724478137 177.1208376870692 213
1738724478169 201.74689398230947 214
1738724478201 148.90316695436258 215
1738724478234 172.1594925604136 216
1738724478266 173.50923572336785 217
1738724478298 185.01462097171154 218
1738724478331 175.79335698463333 219
1738724478364 181.91047545431678 220
1738724478398 184.56176126060362 221
1738724478430 151.5232273997468 222
1738724478463 177.8248567030722 223
1738724478496 124.29702664813415 224
1738724478529 184.95835645956788 225
1738724478562 169.2736581954203 226
1738724478595 180.89256567719016 227
1738724478628 177.8181242684663 228
1738724478660 173.39920342742374 229
1738724478692 187.13660572157875 230
1738724478724 174.80182639145224 231
1738724478757 157.35547471662883 232
1738724478789 184.1989101054155 233
1738724478822 118.6789386411599 234
1738724478854 165.12696534638295 235
1738724478886 159.78017294665565 236
1738724478919 95.68051745362101 237
1738724478951 175.1211484745315 238
1738724478983 238.3839879422793 239
1738724479016 141.28608671566968 240
1738724479048 165.77276680406342 241
1738724479081 170.32080249640362 242
1738724479113 163.81712340520863 243
1738724479145 154.0659704331664 244
1738724479177 165.32992751249057 245
1738724479209 160.32007199149874 246
1738724479242 159.55090993438978 247
1738724479274 176.74045051446947 248
1738724479306 175.31646610126876 249
1738724479338 169.45925166402833 250
1738724479370 168.0860016561123 251
1738724479402 192.94073809674322 252
1738724479435 171.04979993781245 253
1738724479467 178.86112567482385 254
1738724479499 221.43327156264945 255
1738724479531 154.46618170922824 256
1738724479564 189.83848029946654 257
1738724479596 168.96400044513084 258
1738724479628 184.18033491867484 259
1738724479660 196.99715218077665 260
1738724479693 174.05949641435583 261
1738724479726 145.7916538783904 262
1738724479759 169.05574257595947 263
1738724479791 167.0804076144961 264
1738724479824 154.76250402101607 265
1738724479856 184.15924800362922 266
1738724479889 164.7238632489584 267
1738724479922 162.53995492018333 268
1738724479955 157.48864355991296 269
1738724479987 154.649922643457 270
1738724480020 176.48167952878043 271
1738724480052 170.23537932193827 272
1738724480085 154.11771483713315 273
1738724480117 165.85488581473436 274
1738724480150 151.2137909502074 275
1738724480182 156.26866586963538 276
1738724480214 186.7604492499376 277
1738724480246 163.34518021760536 278
1738724480279 179.6710081042072 279
1738724480311 139.09564521506812 280
1738724480344 160.33911922438872 281
1738724480376 158.05142277220088 282
1738724480408 160.71304973565574 283
1738724480441 194.30766265799372 284
1738724480474 174.76690061340867 285
1738724480506 162.80222994839175 286
1738724480543 179.59207308904905 287
1738724480575 152.25089431490048 288
1738724480607 169.55438491998615 289
1738724480639 154.5335878605952 290
1738724480672 144.25123125403036 291
1738724480704 182.697233954206 292
1738724480736 170.6173828717263 293
1738724480768 133.028840352363 294
1738724480800 170.1753056605352 295
1738724480832 161.12361070740124 296
1738724480864 97.26065543044234 297
1738724480896 168.3182950431033 298
1738724480928 166.7208343021725 299
1738724480960 138.64208505104762 300
1738724480992 176.77837837290124 301
1738724481024 140.6836812533167 302
1738724481056 165.87356606156243 303
1738724481088 170.41954856562933 304
1738724481120 164.51220593992664 305
1738724481152 158.85221204418178 306
1738724481184 175.16167920664742 307
1738724481216 148.24964703686234 308
1738724481248 153.75548145439583 309
1738724481280 172.41936109689232 310
1738724481312 173.0963812435642 311
1738724481344 178.3541004153767 312
1738724481376 169.23308907491523 313
1738724481408 158.36062586477124 314
1738724481440 179.32538137051696 315
1738724481472 192.4575922619223 316
1738724481504 149.78384490904733 317
1738724481536 151.69050065576175 318
1738724481568 166.5471467344492 319
1738724481600 130.85495037981178 320
1738724481631 177.87225899925312 321
1738724481665 163.06476243905124 322
1738724481701 192.8609072758458 323
1738724481735 150.97843736500585 324
1738724481768 184.06303115200276 325
1738724481801 183.70030186752902 326
1738724481834 138.38655606539868 327
1738724481866 153.38384283452348 328
1738724481899 177.14194563666535 329
1738724481932 171.73294313685278 330
1738724481966 157.58557667120846 331
1738724481999 169.1450330736099 332
1738724482032 183.73506248212288 333
1738724482065 180.04767648497224 334
1738724482098 183.98781311044203 335
