1738726713060 169.16748048763887 0
1738726713064 169.15088188821377 1
1738726713068 169.1350413207967 2
1738726713072 169.11992265474672 3
1738726713075 169.10549151338796 4
1738726713079 169.09171518811564 5
1738726713082 169.07856255672655 6
1738726713086 169.06600400576656 7
1738726713090 169.05401135669754 8
1738726713094 169.04255779569394 9
1738726713098 169.0316178068916 10
1738726713102 169.02116710891738 11
1738726713106 169.01118259453935 12
1738726713110 169.00164227328182 13
1738726713114 168.99252521686088 14
1738726713118 168.98381150730063 15
1738726713122 168.9754821875978 16
1738726713126 168.96751921480993 17
1738726713130 168.95990541544677 18
1738726713134 168.95262444305263 19
1738726713138 168.94566073787033 20
1738726713146 168.9389994884857 21
1738726713153 168.9326265953539 22
1738726713159 168.9265286361154 23
1738726713168 168.92069283261375 24
1738726713186 168.91510701953084 25
1738726713198 168.9097596145601 26
1738726713205 168.90463959004268 27
1738726713212 168.8997364459931 28
1738726713215 168.89504018444796 29
1738726713218 168.89054128507053 30
1738726713222 168.88623068195113 31
1738726713225 168.8820997415434 32
1738726713228 168.87814024168154 33
1738726713232 168.87434435162365 34
1738726713235 168.87070461307317 35
1738726713238 168.8672139221281 36
1738726713241 168.86386551211356 37
1738726713245 168.86065293725397 38
1738726713248 168.8575700571436 39
1738726713251 168.85461102197624 40
1738726713254 168.8517702584966 41
1738726713257 168.84904245663833 42
1738726713261 168.8464225568142 43
1738726713264 168.84390573782744 44
1738726713267 168.8414874053728 45
1738726713270 168.83916318109885 46
1738726713274 168.8369288922039 47
1738726713278 168.83478056153913 48
1738726713281 168.8327143981947 49
1738726713285 168.83072678854396 50
1738726713288 168.82881428772453 51
1738726713291 168.8269736115342 52
1738726713295 168.82520162872106 53
1738726713298 168.82349535364924 54
1738726713301 168.82185193932122 55
1738726713304 168.82026867073964 56
1738726713308 168.81874295859168 57
1738726713311 168.8172723332402 58
1738726713314 168.81585443900718 59
1738726713318 168.8144870287344 60
1738726713321 168.81316795860803 61
1738726713324 168.81189518323447 62
1738726713327 168.81066675095497 63
1738726713331 168.80948079938702 64
1738726713334 168.8083355511823 65
1738726713337 168.80722930998945 66
1738726713340 168.8061604566125 67
1738726713344 168.80512744535514 68
1738726713347 168.80412880054172 69
1738726713350 168.80316311320635 70
1738726713353 168.80222903794166 71
1738726713357 168.80132528990026 72
1738726713360 168.80045064194007 73
1738726713363 168.79960392190804 74
1738726713366 168.79878401005428 75
1738726713370 168.7979898365707 76
1738726713373 168.79722037924847 77
1738726713377 168.7964746612478 78
1738726713380 168.79575174897502 79
1738726713383 168.7950507500618 80
1738726713387 168.7943708114409 81
