1738726709606 175.23350757301935 0
1738726709642 160.814690437263 1
1738726709677 175.09703141647805 2
1738726709712 153.68830447228785 3
1738726709748 166.5269777926202 4
1738726709783 151.2812091490106 5
1738726709819 162.7557534340991 6
1738726709854 168.40520829895055 7
1738726709889 160.22221284751424 8
1738726709925 164.65606783709947 9
1738726709961 169.89956692210035 10
1738726709996 170.46652353173724 11
1738726710031 172.2596215445371 12
1738726710067 172.71101379011455 13
1738726710102 167.0000825372869 14
1738726710137 180.30565912514368 15
1738726710172 168.95932301574194 16
1738726710207 171.79555353735736 17
1738726710241 162.84989829197607 18
1738726710276 162.50757360157033 19
1738726710313 165.88162030499203 20
1738726710349 171.97669825670738 21
1738726710385 164.34728769772724 22
1738726710421 175.77603498531946 23
1738726710471 170.85434226695122 24
1738726710523 176.260322559494 25
1738726710560 176.9037405635355 26
1738726710595 170.81805497681006 27
1738726710630 164.44663103111543 28
1738726710666 166.14158580981572 29
1738726710702 146.24545223593168 30
1738726710737 158.8023180701317 31
1738726710772 171.80419013377804 32
1738726710807 171.1655567932755 33
1738726710843 160.08847465425538 34
1738726710878 161.96385749277908 35
1738726710913 170.2858597383934 36
1738726710949 146.19430740318282 37
1738726710985 150.43613350266543 38
1738726711022 172.07218034796938 39
1738726711059 152.44773110099442 40
1738726711096 182.1708983489432 41
1738726711134 182.64513211739288 42
1738726711171 137.96951204268038 43
1738726711209 163.02101474461912 44
1738726711245 168.85067475881985 45
1738726711282 167.2233953981552 46
1738726711319 165.7143044200896 47
1738726711357 163.13802680044572 48
1738726711394 162.96674854155629 49
1738726711429 170.86581648018756 50
1738726711465 154.81225164745965 51
1738726711502 174.58018343453972 52
1738726711539 168.600645029565 53
1738726711576 154.29206709072398 54
1738726711614 160.4936269058166 55
1738726711651 174.78260059676563 56
1738726711688 169.78973829781035 57
1738726711724 165.05894217448733 58
1738726711762 169.93321390766988 59
1738726711798 161.5116975812699 60
1738726711834 162.50270857489343 61
