1738724547391 178.6116221117285 0
1738724547425 179.31534629795158 1
1738724547459 171.54703670107335 2
1738724547493 192.52838257810546 3
1738724547528 148.57741128655468 4
1738724547563 150.60209289299974 5
1738724547597 170.09673065886685 6
1738724547631 175.79585169534843 7
1738724547665 180.83177728013385 8
1738724547700 147.37294786632987 9
1738724547734 177.60456327426402 10
1738724547768 171.06784179376444 11
1738724547802 156.4452529563746 12
1738724547836 155.2904621450644 13
1738724547869 167.3137774846816 14
1738724547902 173.8555207252297 15
1738724547935 175.35536887665364 16
1738724547968 137.0757995949014 17
1738724548001 173.412311522664 18
1738724548035 159.32624118164782 19
1738724548069 163.6593674269227 20
1738724548103 158.63350995473638 21
1738724548136 153.7972440563622 22
1738724548170 182.87379085742202 23
1738724548204 168.882525534844 24
1738724548237 179.6743823910077 25
1738724548270 185.00233821095685 26
1738724548304 170.7950907918658 27
1738724548337 150.0105139295683 28
1738724548370 161.4332013081551 29
1738724548403 170.4138311112756 30
1738724548436 161.891176959638 31
1738724548469 167.21054715567283 32
1738724548502 179.99367426423726 33
1738724548535 165.02569040266744 34
1738724548569 167.91656491644503 35
1738724548602 173.00789427497185 36
1738724548636 180.19179036781517 37
1738724548669 156.59063937922386 38
