1738726714384 168.6799963185239 0
1738726714388 168.67924022332517 1
1738726714391 168.67849882929283 2
1738726714394 168.6777717260256 3
1738726714398 168.6770585180754 4
1738726714401 168.67635882431588 5
1738726714405 168.67567227733974 6
1738726714408 168.67499852288339 7
1738726714412 168.6743372192775 8
1738726714415 168.67368803692239 9
1738726714418 168.67305065778737 10
1738726714422 168.67242477493198 11
1738726714425 168.67181009204938 12
1738726714428 168.67120632303005 13
1738726714431 168.67061319154448 14
1738726714435 168.67003043064537 15
1738726714438 168.6694577823866 16
