1738722577660 185.552887991782 0
1738722577695 181.82989991534146 1
1738722577730 168.33712689820027 2
1738722577765 156.99975731569168 3
1738722577800 169.4832012453228 4
1738722577836 139.6796454507676 5
1738722577872 181.92280052449797 6
1738722577907 171.3134644651999 7
1738722577942 144.89429217517105 8
1738722577978 187.55009453737293 9
1738722578013 171.4997719649584 10
1738722578048 158.3025991800449 11
1738722578084 176.05050235624685 12
1738722578119 158.4327502328095 13
1738722578154 151.92983384644305 14
1738722578189 144.74360897877582 15
1738722578224 183.489999699929 16
1738722578259 182.8532141929536 17
1738722578293 157.52749011542144 18
1738722578328 177.41183336153767 19
1738722578363 173.42003509764297 20
1738722578398 198.47278983439642 21
1738722578433 141.29905570511076 22
1738722578468 183.75507914297674 23
1738722578503 171.57151044705302 24
1738722578539 170.69905974813182 25
1738722578576 170.6625482408022 26
1738722578612 156.4569649069194 27
1738722578648 178.32716636831148 28
1738722578683 178.81218972447212 29
1738722578718 177.36255546624253 30
1738722578753 195.77460913098656 31
1738722578788 162.15371713012036 32
1738722578822 164.76951040774236 33
1738722578857 161.4244607283843 34
1738722578894 157.4759916433854 35
1738722578930 163.55512279971882 36
1738722578965 163.7236033147325 37
1738722579000 182.67490989500328 38
1738722579035 168.5247348625023 39
1738722579070 161.742887667171 40
1738722579105 172.59095225958686 41
1738722579139 177.8792928806682 42
1738722579175 151.7655737461596 43
1738722579210 169.12371293966945 44
1738722579245 160.68582110694496 45
1738722579279 158.90353632922833 46
1738722579314 183.21627158634396 47
1738722579349 128.02491876048882 48
1738722579383 163.57240191951703 49
1738722579418 177.0465958308536 50
1738722579453 199.7349273949231 51
1738722579487 193.17591049996156 52
1738722579522 171.73411931439037 53
1738722579557 176.0086971730321 54
1738722579591 175.052820802516 55
1738722579626 171.8424929278684 56
1738722579661 158.56582260212434 57
1738722579696 148.324997260747 58
1738722579732 169.8712685626171 59
1738722579768 195.12599862683325 60
1738722579803 160.03595084604845 61
1738722579838 191.13036362615264 62
1738722579873 203.52068762944225 63
1738722579908 184.64083943866132 64
1738722579943 170.4416900133509 65
1738722579978 202.79709513451468 66
1738722580014 167.7186527568215 67
1738722580049 165.22468791273158 68
1738722580084 151.64853700580406 69
1738722580119 195.5821449324491 70
1738722580154 140.66460383613193 71
1738722580189 184.2393445439094 72
1738722580224 181.4446113021164 73
1738722580259 149.41844612551566 74
1738722580294 189.24694670518357 75
1738722580329 182.66176439910083 76
1738722580364 164.5932144958553 77
1738722580399 173.89138802396192 78
1738722580433 163.19927126800982 79
1738722580468 162.8552300065297 80
1738722580503 188.44836051347602 81
1738722580538 245.93855722202105 82
1738722580572 157.20194777909066 83
1738722580607 173.41308726881903 84
1738722580642 177.5673845011504 85
1738722580676 166.57152336821585 86
1738722580711 137.20462342590682 87
1738722580745 190.10481976503584 88
1738722580780 136.69073804915618 89
1738722580814 164.50608868351833 90
1738722580849 142.84774204992837 91
1738722580883 223.48707774777066 92
1738722580919 140.503406653675 93
1738722580954 160.97591568420464 94
1738722580989 159.20114645835133 95
1738722581024 170.79822564749588 96
1738722581059 169.06817074179295 97
1738722581094 193.04772046104895 98
1738722581129 143.83110044928745 99
1738722581164 172.6177710061346 100
1738722581199 169.8948959487951 101
1738722581234 166.22252593322798 102
1738722581269 189.27227751634965 103
1738722581304 187.5472351618733 104
1738722581339 208.3497055122969 105
1738722581374 160.24682039780708 106
1738722581409 165.28084895556742 107
1738722581444 182.2058533276865 108
1738722581479 162.61944751384524 109
1738722581513 173.28486988540948 110
1738722581548 162.49865604742718 111
1738722581583 136.12468617436687 112
1738722581618 159.88686213498787 113
1738722581652 155.73459741575684 114
1738722581687 176.2526841063072 115
1738722581722 163.06120501882265 116
1738722581757 176.59975861071095 117
1738722581791 179.5343155526553 118
1738722581826 133.44039501193367 119
1738722581861 167.2516013627758 120
1738722581895 187.54994258106979 121
1738722581930 185.3299803876756 122
1738722581965 163.90925666012876 123
1738722582000 179.3979965017354 124
1738722582034 151.58084623710906 125
1738722582068 179.4358798153054 126
1738722582103 153.91194287221208 127
1738722582138 152.58934031880744 128
1738722582172 180.26928623400235 129
1738722582206 194.477374263376 130
1738722582241 219.73202239022515 131
1738722582276 157.3714246332136 132
1738722582310 162.0172319275329 133
1738722582345 173.40881553386245 134
1738722582379 168.5716853986477 135
1738722582413 212.20484277140102 136
1738722582448 133.27329428011296 137
1738722582482 180.29294877296917 138
1738722582516 161.84057795011017 139
1738722582551 176.92340512544254 140
1738722582585 156.73315154815336 141
1738722582619 217.23398816474347 142
1738722582654 170.78026982963698 143
1738722582688 176.4078152588406 144
1738722582722 157.0977333344783 145
1738722582757 151.1846854109301 146
1738722582791 162.79294915145778 147
1738722582826 161.19804226393984 148
1738722582860 165.78509077153882 149
1738722582894 151.63200319906682 150
1738722582928 181.15521466019754 151
1738722582963 169.85305932610032 152
1738722582997 179.5350649689406 153
1738722583031 192.1386425101544 154
1738722583065 128.11123329196943 155
1738722583100 144.40367169339052 156
1738722583134 198.18005034639464 157
1738722583168 164.99631405540148 158
1738722583202 195.45849892463232 159
1738722583237 209.74280811872055 160
1738722583271 189.01951754467882 161
1738722583306 177.88987323565794 162
1738722583341 159.267256761404 163
1738722583377 167.15849325452604 164
1738722583413 195.50362301515233 165
1738722583450 189.59300823070348 166
1738722583486 159.22265306846353 167
1738722583522 171.36580001052135 168
1738722583557 153.9440875030245 169
1738722583593 158.772503228511 170
1738722583633 180.5519910345169 171
1738722583669 160.32820128525378 172
1738722583704 155.88857876212555 173
1738722583739 124.31684894874216 174
1738722583774 171.61520420421797 175
1738722583809 135.08168922351422 176
1738722583844 151.38162064278654 177
1738722583879 135.2069900174593 178
1738722583914 156.93604397894828 179
1738722583949 131.72776406944402 180
1738722583983 155.9066564824892 181
1738722584018 176.1940207443048 182
1738722584053 139.31892939864468 183
1738722584087 161.8042104376557 184
1738722584122 171.8411642552625 185
1738722584157 184.3595475537966 186
1738722584191 155.8281610580675 187
1738722584226 145.3995640739639 188
1738722584260 145.5822296543899 189
1738722584295 159.7567111137727 190
1738722584329 172.11454365819944 191
1738722584363 186.1249971455359 192
1738722584398 179.64926711994593 193
1738722584432 158.76363256221936 194
1738722584467 168.8401343464318 195
1738722584501 178.89139497406012 196
1738722584536 173.11316558815102 197
1738722584570 185.77973572005408 198
1738722584605 155.8789980433841 199
1738722584646 186.33453682576837 200
1738722584680 175.23622529949284 201
1738722584715 163.57367933778266 202
1738722584749 170.74781148842214 203
1738722584783 171.64023617565132 204
1738722584818 193.0904523800789 205
1738722584852 128.82815814487375 206
1738722584887 150.53455108639872 207
1738722584921 183.65896085886178 208
1738722584956 168.66200016757278 209
1738722584990 164.0665425084064 210
1738722585025 164.3568732588935 211
1738722585059 174.09096914941057 212
1738722585093 190.1698812491674 213
1738722585127 161.867393401755 214
1738722585162 195.43246011772652 215
1738722585196 191.49778957852843 216
1738722585230 209.35973870551595 217
1738722585264 166.84736974115 218
1738722585299 148.25604301365067 219
1738722585333 161.2935046698189 220
1738722585368 167.0832083621252 221
1738722585403 156.46495617077463 222
1738722585439 168.53528675838615 223
1738722585474 152.12399863287973 224
1738722585509 173.9148244857545 225
1738722585545 165.70314663371207 226
1738722585580 171.827896586215 227
1738722585615 155.69937515451684 228
1738722585649 166.57665568981383 229
1738722585684 167.2956577643844 230
1738722585718 195.42926707670136 231
1738722585752 159.3435903986745 232
1738722585787 166.72912789352938 233
1738722585821 190.74206745837336 234
1738722585855 173.6648938262281 235
1738722585889 183.43991244537375 236
1738722585924 162.7789697218653 237
1738722585958 175.51308190789152 238
1738722585992 168.96160937351675 239
1738722586026 174.61242821312482 240
1738722586061 178.61146818212015 241
1738722586095 175.8801291200852 242
1738722586129 146.43751852363974 243
1738722586163 182.22292633894472 244
1738722586197 178.72478106927534 245
1738722586231 157.53094672462237 246
1738722586266 163.4621960092083 247
1738722586300 155.79959641911515 248
1738722586336 175.49308474813935 249
1738722586371 152.51865352374085 250
1738722586407 208.44769308988853 251
1738722586442 171.04604315244114 252
1738722586476 150.78205856590222 253
1738722586511 171.66702838734764 254
1738722586546 169.78288309235398 255
1738722586581 157.9202148647516 256
1738722586615 166.82977840160277 257
1738722586650 156.28251213602312 258
1738722586685 195.13859997442972 259
1738722586720 157.0856571345241 260
1738722586755 172.55565067198378 261
1738722586789 164.83300768696395 262
1738722586824 171.87967257317595 263
1738722586858 194.60934509594227 264
1738722586893 211.13090612426998 265
1738722586927 160.70714928547645 266
1738722586962 144.19970001599427 267
1738722586999 161.81694587320257 268
1738722587035 164.20330390714608 269
1738722587070 190.63609052827331 270
1738722587107 150.3598936951561 271
1738722587142 161.0248826858798 272
1738722587177 281.94422317416434 273
1738722587213 137.63797001178474 274
1738722587248 186.32977408361552 275
1738722587284 169.2422267185715 276
1738722587319 155.9169975673526 277
1738722587354 161.00920497059687 278
1738722587390 151.38646283113732 279
1738722587425 171.76947264259186 280
1738722587459 177.16017588773514 281
1738722587495 163.95772893607864 282
1738722587530 149.83239885632878 283
1738722587565 166.60557399867673 284
1738722587600 170.1770013843299 285
1738722587635 159.51643114828883 286
1738722587670 189.62077670338775 287
1738722587705 180.11731685459628 288
1738722587739 156.51857848896844 289
1738722587774 169.55433713415687 290
1738722587809 175.40670712271532 291
1738722587843 154.19539003410028 292
1738722587878 222.19615382780938 293
1738722587913 156.49847137817665 294
1738722587947 134.67111271000516 295
1738722587982 170.3715654626758 296
1738722588016 148.85456408577932 297
1738722588051 144.38275908313406 298
1738722588086 134.27121224265784 299
1738722588120 162.81510711062538 300
1738722588155 182.12625796849608 301
1738722588189 155.12896836712363 302
1738722588224 150.84897104510077 303
1738722588258 176.22907132981774 304
1738722588293 181.58882568043782 305
1738722588327 155.1815826717873 306
1738722588362 180.4076449359342 307
1738722588396 171.02148499960592 308
1738722588430 190.63369969701398 309
1738722588464 170.23331856440632 310
1738722588499 170.05751531302263 311
1738722588533 168.7320732053723 312
1738722588568 176.72463660490152 313
1738722588602 180.40958334442897 314
1738722588637 138.84417665750632 315
1738722588671 146.79890440117575 316
1738722588705 184.54281528185192 317
1738722588739 153.89836981801588 318
1738722588774 172.32507363883687 319
1738722588808 157.8869665194939 320
1738722588842 159.9345862760707 321
1738722588876 176.41740100157043 322
1738722588911 191.06656642401683 323
1738722588945 170.05791889957837 324
1738722588979 277.3297644390649 325
1738722589013 208.4743230611947 326
1738722589048 171.2482778781238 327
1738722589082 158.90683584321363 328
1738722589116 187.16550281643285 329
1738722589151 174.3612577126091 330
1738722589185 202.25577857568948 331
1738722589220 188.01567586135155 332
1738722589254 148.77956780507873 333
1738722589288 176.7823179043743 334
1738722589322 183.4837798764519 335
1738722589356 160.33422528894653 336
1738722589391 170.06839224762896 337
1738722589425 162.32523201547087 338
1738722589460 195.61703105353763 339
1738722589494 149.01915293783125 340
1738722589528 148.4527188553764 341
1738722589562 197.24266327186896 342
1738722589597 207.56967308493438 343
1738722589631 178.45495222445874 344
1738722589669 171.89183899473508 345
1738722589703 184.0864802677551 346
1738722589738 148.25103610339585 347
1738722589772 177.72420529901382 348
1738722589806 184.3215514828735 349
1738722589840 167.53068337550485 350
1738722589875 153.25733806735744 351
1738722589909 183.27469290789898 352
1738722589943 166.03511228019627 353
1738722589977 175.64132700693844 354
1738722590011 168.23464629323834 355
1738722590045 155.68579496082043 356
1738722590079 145.0316131874527 357
1738722590113 173.6780338286894 358
1738722590148 167.77831601695576 359
1738722590182 173.79867357514934 360
1738722590216 136.72535264376577 361
1738722590251 170.6217750132991 362
1738722590288 171.21073327562965 363
1738722590323 156.52846551938694 364
1738722590358 169.92896661492554 365
1738722590393 186.87676785197104 366
1738722590428 163.22041410307253 367
1738722590463 179.70955341161198 368
1738722590497 170.8161922347797 369
1738722590532 176.62473621162064 370
1738722590567 164.55526530156496 371
1738722590601 125.53831262520666 372
1738722590636 164.0714316540943 373
1738722590671 151.94129226151148 374
1738722590705 175.919516633164 375
1738722590740 186.06374020161246 376
1738722590774 162.29728281326612 377
1738722590809 163.7126366068985 378
1738722590843 171.47439439484154 379
1738722590878 221.26271356947993 380
1738722590912 160.97878954548653 381
1738722590947 181.8660865956823 382
1738722590981 162.3029478750617 383
1738722591016 170.94510245590126 384
1738722591050 176.7306962580433 385
1738722591085 143.36152505775414 386
1738722591119 168.27618830872794 387
1738722591153 171.5840218262988 388
1738722591187 167.88882841722588 389
1738722591222 138.84517399848764 390
1738722591256 192.1654978264869 391
1738722591291 159.92787782031073 392
1738722591326 170.5592947656157 393
1738722591363 162.33578919137315 394
1738722591398 146.11401579388013 395
1738722591434 159.66784436540948 396
1738722591470 171.59800012151672 397
1738722591505 192.40937224821496 398
1738722591540 171.54702573572894 399
1738722591576 177.7578210919637 400
1738722591611 148.3204355613549 401
1738722591646 139.85820039239726 402
1738722591681 186.29158178178278 403
1738722591716 156.80553959846458 404
1738722591751 167.5101322548643 405
1738722591785 160.97584392103198 406
1738722591820 167.3910931006755 407
1738722591855 166.90313953429768 408
1738722591890 130.55328194931363 409
1738722591924 167.3829556631672 410
1738722591959 164.64726973752002 411
1738722591993 162.13423977457828 412
1738722592028 182.9996763486412 413
1738722592063 176.6946289967505 414
1738722592097 155.76757339311064 415
1738722592132 164.70568795632187 416
1738722592167 176.92651503227555 417
1738722592201 186.48631989910268 418
1738722592236 202.64719371571013 419
1738722592271 148.5931149667169 420
1738722592306 179.36771396538026 421
1738722592341 173.58291727426814 422
1738722592377 214.5843132292632 423
1738722592412 167.22747637732422 424
1738722592447 162.1177711840936 425
1738722592482 142.56625888439828 426
1738722592517 150.79855694439004 427
1738722592552 177.34822037516926 428
1738722592587 176.45641555944 429
1738722592621 197.762430849432 430
1738722592656 186.98647890416012 431
1738722592690 161.29311947963458 432
1738722592725 184.9809216182039 433
1738722592759 167.28999232353195 434
1738722592794 169.17715946830933 435
1738722592828 175.6270855660533 436
1738722592863 173.66534721763819 437
1738722592897 140.3726952667031 438
1738722592932 179.60868532575893 439
1738722592966 191.4801788232088 440
1738722593000 169.53505849402083 441
1738722593035 178.31986549669003 442
1738722593069 160.4697445362683 443
1738722593104 188.73416752249742 444
1738722593138 174.7767288988079 445
1738722593173 160.77560893714596 446
1738722593207 189.17976934134066 447
1738722593241 171.97812423714078 448
1738722593275 176.3917288769313 449
1738722593310 168.39862616341102 450
1738722593344 166.61439949013916 451
1738722593379 186.50190832133973 452
1738722593413 158.44264592344337 453
1738722593448 165.1403912744776 454
1738722593482 170.85952936683267 455
1738722593518 184.77072950185726 456
1738722593553 193.35376797730896 457
1738722593588 174.9716103473851 458
1738722593623 160.79337024281207 459
1738722593658 170.13964831249007 460
1738722593693 170.75116096043686 461
1738722593728 151.64221772343265 462
1738722593762 167.24082203917158 463
1738722593797 189.10071826447285 464
1738722593832 173.68386325433625 465
1738722593866 178.00367345962704 466
1738722593901 184.1126640785848 467
1738722593936 185.20024135561582 468
1738722593970 188.39170779215587 469
1738722594007 161.67970438471573 470
1738722594042 175.61690920825035 471
1738722594078 140.99164023479312 472
1738722594113 182.12525243037786 473
1738722594148 154.83418311049576 474
1738722594183 151.37520348863364 475
1738722594218 152.57561959028433 476
1738722594253 186.88402042243058 477
1738722594288 162.64734723368198 478
1738722594322 160.06599695883068 479
1738722594357 166.80254895539358 480
1738722594392 164.3112921297246 481
1738722594427 150.15240613418436 482
1738722594462 159.66826213438955 483
1738722594496 170.67303201900688 484
1738722594531 173.21559488637894 485
1738722594566 191.2346293084922 486
1738722594601 163.82888059460217 487
1738722594635 191.01874620461876 488
1738722594669 180.48594862390962 489
1738722594704 187.0879888121878 490
1738722594738 147.6083994746851 491
1738722594773 185.15558594952296 492
1738722594807 168.90895336884566 493
1738722594842 153.36659665999628 494
1738722594876 161.81156967692573 495
1738722594911 194.25826129746488 496
1738722594945 172.47383967802642 497
1738722594979 189.8982372380194 498
1738722595014 171.22534878513787 499
