1738723691526 167.58080291752123 0
1738723691529 168.90860907274862 1
1738723691531 169.29993742979028 2
1738723691534 168.80174616581536 3
1738723691536 169.61135264705533 4
1738723691538 168.0350118961928 5
1738723691541 169.92702187799597 6
1738723691543 168.8253537346952 7
1738723691546 167.58376312017782 8
1738723691548 170.68880860465055 9
1738723691551 169.5948065812668 10
1738723691553 169.58746433410533 11
1738723691565 169.9948234260294 12
1738723691573 169.41664508300886 13
1738723691580 167.68511057458534 14
1738723691583 168.26214947877014 15
1738723691588 167.92217940660007 16
1738723691591 171.63136287659756 17
1738723691594 168.27777374650302 18
1738723691596 172.32242099826843 19
1738723691599 169.5530340728304 20
1738723691602 170.64266860551146 21
1738723691604 170.47753157234638 22
1738723691607 170.1783646292594 23
1738723691609 169.43750506436356 24
1738723691612 170.12995594924874 25
1738723691614 171.50255661869625 26
1738723691616 166.692368264219 27
1738723691619 168.91209352693397 28
1738723691621 168.06017486083127 29
1738723691624 168.37728843851568 30
1738723691626 168.59031866986206 31
1738723691629 172.89687156568172 32
1738723691631 169.38813405124358 33
1738723691633 169.84827010538373 34
1738723691636 169.10737240060254 35
1738723691638 172.28251029484534 36
1738723691641 170.54977819818885 37
1738723691643 166.3525067263902 38
1738723691646 168.08335820280385 39
1738723691648 164.33032943154907 40
1738723691651 166.96028001769304 41
1738723691653 168.69977385101024 42
1738723691656 166.8143293485905 43
1738723691658 169.04989685558394 44
1738723691661 166.26164667807444 45
1738723691663 169.75814761819262 46
1738723691665 167.01788257085536 47
1738723691668 169.22337839153985 48
1738723691670 168.3359720639436 49
1738723691673 168.742884516643 50
1738723691675 167.27129104980517 51
1738723691677 169.43872497956013 52
1738723691680 167.27750950830344 53
1738723691682 170.62967732435038 54
1738723691685 168.84410865668437 55
1738723691687 171.00971133113654 56
1738723691690 170.1787764259018 57
1738723691692 166.86628088904007 58
1738723691695 169.8383161012044 59
1738723691697 169.49425050894112 60
1738723691700 170.03477436441378 61
1738723691702 170.54470865780712 62
1738723691704 166.19804751903231 63
1738723691707 168.1176585401917 64
1738723691709 168.97122305542428 65
1738723691712 167.2697575145217 66
1738723691714 166.47865398991854 67
1738723691717 173.1635149360268 68
1738723691720 170.18173651524293 69
1738723691722 168.103698760335 70
1738723691724 168.68908941350563 71
1738723691727 169.06315068542165 72
1738723691729 168.23054404171023 73
1738723691732 167.96033658113058 74
1738723691734 167.29346440547445 75
1738723691737 169.6272832068059 76
1738723691739 167.71046343676787 77
1738723691741 167.5230510044387 78
1738723691744 166.99613757745232 79
1738723691746 167.84531689132464 80
1738723691749 169.15273828690172 81
1738723691751 169.9629250171641 82
1738723691754 168.0861971773887 83
1738723691756 168.43154691149232 84
1738723691759 168.46547982713685 85
1738723691761 170.32182102604776 86
1738723691763 169.54867285706223 87
1738723691766 170.05232678528657 88
