1738724145145 168.7979759354773 0
1738724145148 168.79645976209608 1
1738724145150 168.7950149004212 2
1738724145152 168.79363792777244 3
1738724145154 168.7923255858656 4
1738724145156 168.791074772899 5
1738724145158 168.78988253602378 6
1738724145161 168.78874606417708 7
1738724145163 168.7876626812617 8
1738724145165 168.78662983965557 9
1738724145167 168.78564511403403 10
1738724145169 168.78470619549068 11
1738724145171 168.78381088594196 12
1738724145173 168.7829570928014 13
1738724145175 168.7821428239114 14
1738724145177 168.78136618271867 15
1738724145179 168.78062536368293 16
1738724145182 168.7799186479065 17
1738724145184 168.77924439897478 18
1738724145186 168.7786010589969 19
1738724145188 168.77798714483725 20
1738724145190 168.77740124452853 21
1738724145192 168.7768420138572 22
1738724145194 168.77630817311353 23
1738724145196 168.7757985039981 24
1738724145198 168.77531184667674 25
1738724145201 168.77484709697762 26
1738724145203 168.7744032037227 27
1738724145205 168.77397916618773 28
1738724145208 168.77357403168406 29
1738724145210 168.77318689325708 30
1738724145212 168.77281688749468 31
1738724145214 168.7724631924413 32
1738724145216 168.77212502561216 33
1738724145218 168.77180164210262 34
1738724145220 168.77149233278845 35
1738724145222 168.7711964226122 36
1738724145224 168.77091326895226 37
1738724145226 168.77064226006945 38
1738724145229 168.77038281362877 39
1738724145231 168.77013437529158 40
1738724145233 168.76989641737526 41
1738724145235 168.76966843757762 42
1738724145237 168.76944995776142 43
1738724145239 168.76924052279819 44
