1738722564189 168.79439181827385 0
1738722564191 168.7912931159913 1
1738722564194 168.78828891140395 2
1738722564196 168.78537614506945 3
1738722564197 168.78255185928114 4
1738722564198 168.77981319464158 5
1738722564200 168.77715738675158 6
1738722564202 168.7745817630119 7
1738722564203 168.7720837395334 8
1738722564205 168.76966081815155 9
1738722564207 168.7673105835424 10
1738722564208 168.76503070043628 11
1738722564210 168.7628189109255 12
1738722564211 168.76067303186386 13
1738722564213 168.75859095235376 14
1738722564214 168.75657063131865 15
1738722564216 168.75461009515737 16
1738722564217 168.75270743547838 17
1738722564219 168.75086080691023 18
1738722564221 168.74906842498643 19
1738722564223 168.74732856410174 20
1738722564224 168.74563955553768 21
1738722564226 168.74399978555473 22
1738722564228 168.74240769354924 23
1738722564229 168.74086177027257 24
1738722564231 168.7393605561103 25
1738722564233 168.73790263942 26
1738722564234 168.73648665492476 27
1738722564236 168.73511128216117 28
1738722564238 168.73377524398003 29
1738722564239 168.7324773050972 30
1738722564241 168.73121627069384 31
1738722564243 168.72999098506352 32
1738722564244 168.72880033030555 33
1738722564245 168.72764322506185 34
1738722564247 168.7265186232969 35
1738722564249 168.72542551311852 36
1738722564250 168.72436291563872 37
1738722564251 168.7233298838729 38
1738722564253 168.722325501676 39
1738722564254 168.72134888271478 40
1738722564256 168.72039916947455 41
1738722564257 168.71947553229955 42
1738722564259 168.71857716846566 43
1738722564260 168.71770330128396 44
1738722564262 168.71685317923524 45
1738722564263 168.7160260751329 46
1738722564265 168.71522128531447 47
1738722564266 168.71443812886034 48
1738722564268 168.71367594683846 49
1738722564269 168.71293410157497 50
1738722564271 168.7122119759488 51
1738722564272 168.71150897271053 52
