1738722113169 169.26578653390226 0
1738722113170 169.24245838203538 1
1738722113172 165.7607446856421 2
1738722113174 169.38084314858568 3
1738722113176 167.54789861797892 4
1738722113178 168.96374816004447 5
1738722113179 168.85836744943157 6
1738722113181 170.25775106503244 7
1738722113183 167.07975179621465 8
1738722113185 167.9333095081867 9
1738722113186 170.21737330249448 10
1738722113188 169.81939506762694 11
1738722113190 171.59624607043386 12
1738722113192 169.62383382062805 13
1738722113194 170.2762821782488 14
1738722113195 167.0515048143602 15
1738722113197 171.44717013323088 16
1738722113199 169.20081377936143 17
1738722113201 167.9964564121451 18
1738722113204 167.57337315465531 19
1738722113206 166.5126735022146 20
1738722113208 168.54886745627456 21
1738722113210 169.73455748699206 22
1738722113212 169.29925986655815 23
1738722113213 170.56152821214553 24
1738722113216 167.39016608400684 25
1738722113218 169.45287931333652 26
1738722113219 172.06343848851944 27
1738722113221 170.21303912785575 28
1738722113223 167.51382681644202 29
1738722113225 169.30427437478193 30
1738722113227 168.3539053802146 31
1738722113228 168.46079512889273 32
1738722113230 168.55026644026907 33
1738722113232 170.0037646329932 34
1738722113234 167.08559809169432 35
1738722113236 166.74906240426637 36
1738722113237 170.10842574258783 37
1738722113239 167.55092892929576 38
1738722113241 166.55885554766323 39
1738722113243 169.93308921637615 40
1738722113245 169.38990845170719 41
1738722113246 167.08691367237913 42
1738722113248 169.15362505807602 43
1738722113250 167.1322474679813 44
1738722113252 166.70595120125412 45
1738722113254 168.10682958079866 46
1738722113255 170.84255773157494 47
1738722113257 169.97784876944877 48
1738722113259 166.30664843774855 49
1738722113261 167.82079986370874 50
1738722113263 168.1961460627878 51
1738722113265 170.15874588548215 52
1738722113266 168.38655685124044 53
1738722113268 169.9813038511103 54
1738722113270 166.7843324613286 55
1738722113272 170.03070459766445 56
1738722113274 169.20773231000737 57
1738722113276 165.62108976602707 58
1738722113277 168.7163207077852 59
1738722113279 167.51199776921277 60
1738722113281 166.70460929589498 61
1738722113283 169.2050292096664 62
1738722113284 167.35899097097226 63
1738722113286 167.462198682038 64
1738722113288 167.805976756457 65
1738722113290 166.9241919147669 66
1738722113292 166.43540775170234 67
1738722113294 168.97009863087303 68
1738722113296 169.37221755278878 69
1738722113298 168.16957837857993 70
1738722113300 167.95406287872487 71
1738722113302 168.5920022354212 72
1738722113304 169.1160539798642 73
1738722113306 169.4353083760032 74
1738722113308 169.54000696942842 75
1738722113310 167.91035014662404 76
1738722113312 168.75997443816007 77
1738722113313 168.85218223688764 78
1738722113315 168.90295964134086 79
1738722113317 166.78167930395142 80
1738722113319 167.26326413605395 81
1738722113321 169.56775483808465 82
1738722113323 168.52974209038527 83
1738722113325 166.79249475737288 84
1738722113326 167.19158830937567 85
1738722113329 167.08387345862664 86
1738722113331 169.18366283730813 87
1738722113332 168.0717408604976 88
1738722113334 171.09299154623113 89
1738722113336 167.85934755324905 90
1738722113338 170.3892361156886 91
1738722113341 169.27020081052498 92
1738722113343 165.21579465743997 93
1738722113345 167.05781125813704 94
1738722113346 167.96799898486444 95
1738722113348 168.2862114666849 96
1738722113351 170.66356052983454 97
1738722113353 167.3891273113296 98
1738722113354 168.2340402526528 99
1738722113356 168.75042085848398 100
1738722113358 168.45436999005395 101
1738722113360 168.6777524130263 102
1738722113361 169.74663064452957 103
1738722113363 168.89295765862144 104
1738722113365 168.41992755825154 105
1738722113367 169.2113861528928 106
1738722113369 168.9075275615754 107
1738722113370 170.9136014338392 108
1738722113372 171.40415379784494 109
1738722113374 169.02597727830175 110
1738722113376 169.08109969569927 111
1738722113378 171.29125862447148 112
1738722113380 166.92141654811624 113
1738722113382 168.22773803446083 114
1738722113384 168.85436751810974 115
1738722113386 168.41634061983774 116
1738722113388 168.71638534728172 117
1738722113390 169.68407803145445 118
1738722113392 167.8127532348903 119
1738722113394 167.18004259669414 120
1738722113396 170.18732571833556 121
1738722113397 167.30857152076516 122
1738722113399 171.47221892552565 123
1738722113401 166.95658405839532 124
1738722113403 166.87273997429386 125
1738722113405 168.63560806727128 126
1738722113406 168.34840896874746 127
1738722113408 167.49517646067858 128
1738722113410 168.37431860896766 129
1738722113412 167.1077717728746 130
1738722113413 169.53918027967117 131
1738722113415 167.8380558400762 132
1738722113417 169.31884589846206 133
1738722113419 168.28453543485332 134
1738722113420 171.86294462997344 135
1738722113422 169.80543874288375 136
1738722113424 168.70977447685263 137
