1738722185699 160.84126271993202 0
1738722185737 181.9869313692481 1
1738722185775 187.22589874346463 2
1738722185813 174.73490504708465 3
1738722185851 157.9205389783139 4
1738722185888 160.22619078126408 5
1738722185925 175.04199608308616 6
1738722185962 194.8589157186378 7
1738722185999 176.43154682998684 8
1738722186035 198.06686651059348 9
1738722186072 159.25723040624155 10
1738722186108 161.11540140049047 11
1738722186144 167.4572835794774 12
1738722186180 149.31008624305412 13
1738722186216 138.92177900006646 14
1738722186253 172.3683821473052 15
1738722186290 154.07184408795982 16
1738722186327 191.33855545986117 17
1738722186363 168.95228172625207 18
1738722186399 206.59123227963707 19
1738722186437 185.71931717736354 20
1738722186474 177.12532999338467 21
1738722186511 149.83695966795864 22
1738722186548 159.82817049802196 23
1738722186585 159.81546889639682 24
1738722186622 163.84694092963997 25
1738722186659 144.8522585594329 26
1738722186696 167.70198171981897 27
1738722186733 156.4208182552925 28
1738722186769 182.7507840152688 29
1738722186807 129.58423310381448 30
1738722186844 165.64814237977959 31
1738722186882 158.51868450503068 32
1738722186921 189.09705414297554 33
1738722186962 177.6739438538827 34
1738722187002 176.9898822926749 35
1738722187040 182.55914192352787 36
1738722187079 173.50498950042567 37
1738722187117 160.83085226293375 38
1738722187154 181.32474381029448 39
1738722187190 162.85361220313052 40
1738722187226 257.96686726496887 41
1738722187262 159.80805951277557 42
1738722187298 168.1808395649707 43
1738722187335 175.68058138967157 44
1738722187372 181.9884047139238 45
1738722187408 173.63728568989555 46
1738722187445 197.91649284891847 47
1738722187482 182.36710112575338 48
1738722187518 168.99081947153215 49
1738722187554 169.7020792774034 50
1738722187590 177.49263511736996 51
1738722187628 189.9432254779594 52
1738722187664 170.89347795343187 53
1738722187701 154.4381157967503 54
1738722187737 150.490823496159 55
1738722187773 137.05800437431145 56
1738722187810 144.76746470571564 57
1738722187847 162.1981850186557 58
1738722187883 179.38969693802835 59
1738722187920 163.84078295842392 60
1738722187956 178.46869810066963 61
1738722187993 182.80616081492263 62
1738722188030 150.7080100417464 63
1738722188067 155.96921850848253 64
1738722188105 148.39849094395842 65
1738722188141 151.37898952613097 66
1738722188178 206.7574147721969 67
1738722188214 185.29752266065955 68
1738722188251 157.45125142788712 69
1738722188287 249.4721404245863 70
1738722188323 183.46807210812875 71
1738722188359 149.36576063968164 72
1738722188395 193.1492829503846 73
1738722188431 150.3612146842936 74
1738722188468 160.8086055065977 75
1738722188505 183.3216303341505 76
1738722188542 166.74218058084136 77
1738722188580 151.09652202184887 78
1738722188618 178.93255526667426 79
1738722188655 163.89520636920017 80
1738722188693 184.04434786086395 81
1738722188731 164.7794465481924 82
1738722188768 190.1863593245035 83
1738722188805 146.35066348673453 84
1738722188842 140.69580908746022 85
1738722188878 162.77715816996255 86
1738722188915 146.85390894838258 87
1738722188952 155.54170990464976 88
1738722188988 160.01470247931724 89
1738722189026 178.6623748108368 90
1738722189062 179.41583363842705 91
1738722189099 177.47439710026393 92
1738722189136 213.96162534129434 93
1738722189173 131.50943774751272 94
1738722189210 179.10120180520892 95
1738722189247 143.91642566137116 96
1738722189284 167.14994635987037 97
1738722189320 172.99624071258236 98
1738722189356 190.64025224284308 99
1738722189393 173.43786138822884 100
1738722189429 176.70047065849013 101
1738722189466 204.47601458093078 102
1738722189503 176.01004007720266 103
1738722189540 171.2833572632985 104
1738722189576 104.22626497678311 105
1738722189613 179.23917957650949 106
1738722189650 190.3029759293576 107
1738722189687 184.86770377038584 108
1738722189724 189.2742445693861 109
1738722189761 185.95959266294537 110
1738722189798 173.21796142581198 111
1738722189835 172.30500680357392 112
1738722189873 200.8888874292398 113
1738722189910 212.29667529062147 114
1738722189947 177.0904037530171 115
1738722189984 157.7571661085259 116
1738722190021 149.7593910865349 117
1738722190058 185.94847659626186 118
1738722190095 147.42828419527638 119
1738722190131 173.36399206044985 120
1738722190168 188.94742208373984 121
1738722190204 168.26465017653013 122
1738722190240 202.3235340404123 123
1738722190276 155.2969696803431 124
1738722190312 146.30150093758553 125
1738722190349 179.778422700028 126
1738722190384 161.23202357778405 127
1738722190421 192.60234481106846 128
1738722190458 205.41000603651685 129
1738722190495 188.21369529148998 130
1738722190531 171.10670914289915 131
1738722190568 148.84867824969334 132
1738722190605 212.32644153564758 133
1738722190642 169.1661620622044 134
1738722190679 188.45838246374896 135
1738722190716 165.6604794414286 136
1738722190754 174.25854004664941 137
1738722190791 153.2536769048411 138
1738722190850 155.0524899301185 139
1738722190887 164.71589069244575 140
1738722190925 168.41500277188288 141
1738722190962 184.32841913986513 142
1738722190999 137.53449061418004 143
1738722191036 173.8535512585964 144
1738722191074 113.71928093498755 145
1738722191113 166.93073784052186 146
1738722191151 182.01769386382014 147
1738722191188 190.1670401599164 148
1738722191225 157.5518368644307 149
1738722191262 186.00217536971908 150
1738722191301 203.46650990430138 151
1738722191339 151.38262710349036 152
1738722191377 178.54527748554287 153
1738722191414 162.3069112177368 154
1738722191453 145.24911405667143 155
1738722191491 188.7910527452896 156
1738722191529 174.81920861349553 157
1738722191567 190.87675184255522 158
1738722191604 168.50206536799925 159
1738722191642 165.1401605070607 160
1738722191679 149.18020253866177 161
1738722191718 146.14162405921607 162
1738722191755 190.90394836524544 163
1738722191793 160.58042375886868 164
1738722191831 179.0772399605239 165
1738722191869 171.7360194428427 166
1738722191907 153.20170888700073 167
1738722191945 156.2028864999514 168
1738722191983 150.50436935870817 169
1738722192021 230.35548581863338 170
1738722192059 221.76212303888312 171
1738722192097 169.38349597334133 172
1738722192134 163.59636194267912 173
1738722192172 164.45428143239045 174
1738722192210 181.01981122157162 175
1738722192248 155.63506585955614 176
1738722192286 145.06644596259895 177
1738722192324 130.8003965845137 178
1738722192361 166.13741883665958 179
1738722192399 161.1923781584887 180
1738722192436 171.0678575188952 181
1738722192473 181.81715690446353 182
1738722192510 200.49565780785423 183
1738722192548 174.8364280039794 184
1738722192585 157.34063077739364 185
1738722192622 152.27179736007656 186
1738722192659 167.54239008267712 187
1738722192696 173.08157957024162 188
1738722192733 157.82213623988258 189
1738722192770 178.1081075869235 190
1738722192807 173.66904814524986 191
1738722192844 134.3226398656916 192
1738722192880 173.26308670771763 193
1738722192916 177.67099000183117 194
1738722192952 161.56061814775504 195
1738722192989 141.548311479908 196
1738722193025 171.52827453310073 197
1738722193061 140.77543779684652 198
1738722193097 199.535833438016 199
1738722193134 198.16391848409683 200
1738722193170 171.55821273757098 201
1738722193206 148.5496375585438 202
1738722193241 158.49608747065076 203
1738722193279 150.73934625137025 204
1738722193315 179.17453446265716 205
1738722193351 182.35468055633663 206
1738722193386 172.93960170015794 207
1738722193423 207.21975299693815 208
1738722193461 199.74291346881705 209
1738722193499 174.34040018307212 210
1738722193536 171.7082417153572 211
1738722193574 195.494351381556 212
1738722193611 167.1664323538294 213
1738722193650 174.85879443963233 214
1738722193687 153.64105896389142 215
1738722193725 143.3696877685569 216
1738722193763 154.56431816443555 217
1738722193801 164.98813705367147 218
1738722193839 181.84768104084102 219
1738722193877 180.34444883299324 220
1738722193914 178.48039812295167 221
1738722193952 164.49916895842134 222
1738722193989 129.80690436136197 223
1738722194044 158.80009597319398 224
1738722194089 178.4381968491772 225
1738722194127 182.19223650863336 226
1738722194164 162.03879543661603 227
1738722194202 152.86054549874447 228
1738722194240 170.59798698564205 229
1738722194278 189.9303377719149 230
1738722194315 178.22591016641996 231
1738722194353 154.07768821793726 232
1738722194391 177.30335238814988 233
1738722194428 165.92726744350824 234
1738722194466 162.08505996136395 235
1738722194503 150.240285597477 236
1738722194539 177.8804617023377 237
1738722194576 194.804029687933 238
1738722194613 174.50269760838938 239
1738722194649 148.4789880399304 240
1738722194685 171.66625225836736 241
1738722194722 147.18776278911295 242
1738722194759 147.7658186438336 243
1738722194796 160.47630877609438 244
1738722194833 157.69539554545054 245
1738722194870 153.98535080734533 246
1738722194906 165.63321372286168 247
1738722194942 170.77901822664288 248
1738722194979 168.3150595539336 249
1738722195015 182.0187059515742 250
1738722195052 222.1568766787696 251
1738722195089 82.75808726234202 252
1738722195126 201.0139415381275 253
1738722195163 189.9459274122855 254
1738722195200 161.54841102323175 255
1738722195237 225.2171088306396 256
1738722195275 192.646469547491 257
1738722195312 166.0700350850302 258
1738722195349 134.46919136276264 259
1738722195386 159.01039922409083 260
1738722195423 167.6196566312215 261
1738722195459 157.99805558076648 262
1738722195496 184.5178071572058 263
1738722195532 155.15317412535808 264
1738722195568 169.66324603134552 265
1738722195604 187.1191652113083 266
1738722195640 153.60371074653742 267
1738722195675 176.18634891832605 268
1738722195712 161.22063963444631 269
1738722195749 186.33314948088608 270
1738722195786 198.27446098886492 271
1738722195823 179.2667822527801 272
1738722195860 165.55841946736052 273
1738722195902 173.08810000907337 274
1738722195942 171.14975780901878 275
1738722195978 167.61412371416202 276
1738722196015 182.84548103858074 277
1738722196051 156.3728575001626 278
1738722196088 143.61615585255194 279
1738722196125 183.80350860585702 280
1738722196162 199.77899866685667 281
1738722196199 192.3357011356052 282
1738722196236 187.51823054917307 283
1738722196272 164.06061405818414 284
1738722196309 155.37578324765448 285
1738722196345 173.49682471828103 286
1738722196381 159.66946345976925 287
1738722196418 192.40727409188924 288
1738722196455 178.43480944530017 289
1738722196491 166.75469521535612 290
1738722196528 162.8156285854124 291
1738722196564 175.45219637428374 292
1738722196600 162.32567322053382 293
1738722196636 210.1215774445316 294
1738722196673 142.0607713406354 295
1738722196709 177.00477922002048 296
1738722196746 167.97455485262054 297
1738722196784 185.32804306261815 298
1738722196821 150.67701564304318 299
1738722196858 197.30290771484013 300
1738722196894 190.93462887852985 301
1738722196930 186.72676912916816 302
1738722196967 148.05407537446177 303
1738722197004 170.26834171168707 304
1738722197043 158.28724404134488 305
1738722197084 137.10037900870438 306
1738722197123 163.4087445393436 307
1738722197159 178.00536312974785 308
1738722197196 147.28279177909837 309
1738722197232 159.38488617717456 310
1738722197269 169.32340277213595 311
1738722197305 169.56552602775844 312
1738722197342 184.2927422258839 313
1738722197379 175.15654627577837 314
1738722197415 133.64818359318642 315
1738722197451 147.4241779090713 316
1738722197487 127.10861568902286 317
1738722197524 227.2058618371512 318
1738722197559 199.9562823367901 319
1738722197595 148.04181954244228 320
1738722197631 157.25554086424953 321
1738722197667 124.20727361230016 322
1738722197703 162.2298601135128 323
1738722197739 165.10817237031767 324
1738722197774 190.53130842780092 325
1738722197811 158.06434974174357 326
1738722197846 150.07119689108262 327
1738722197882 163.7179465447246 328
1738722197920 154.41337487046067 329
1738722197957 185.2374924939539 330
1738722197994 125.79041183690751 331
1738722198031 171.09969162748376 332
1738722198089 176.45702855219346 333
1738722198126 175.2355724188744 334
1738722198164 162.68715349713096 335
1738722198201 173.163492764379 336
1738722198237 151.7348662303729 337
1738722198273 177.2194745244385 338
1738722198310 162.55920595473194 339
1738722198347 137.43526902243383 340
1738722198385 153.45810720573732 341
1738722198422 253.30673573114078 342
1738722198459 174.9835480338663 343
1738722198496 142.23659478396922 344
1738722198533 158.54113402337364 345
1738722198570 167.1341071579247 346
1738722198607 183.23221788656605 347
1738722198644 203.3904789313427 348
1738722198681 184.46489865118699 349
1738722198718 154.30647410354615 350
1738722198755 161.85324787129667 351
1738722198801 178.15115029292863 352
1738722198837 156.17998043385657 353
1738722198874 186.65246019903478 354
1738722198911 182.15071763706194 355
1738722198948 173.25705325572446 356
1738722198984 108.14381689424845 357
1738722199021 178.6864979448876 358
1738722199059 208.29481458690688 359
1738722199096 182.75323211909816 360
1738722199132 187.35289035027418 361
1738722199171 168.60745058220627 362
1738722199208 180.9923699046886 363
1738722199244 155.25936939252352 364
1738722199281 163.22928874621246 365
1738722199322 137.30485780980817 366
1738722199359 159.2583286838671 367
1738722199396 147.97626127633674 368
1738722199432 194.9528678018301 369
1738722199469 189.34858606128637 370
1738722199507 176.38043954933667 371
1738722199544 173.88481276883957 372
1738722199580 164.14123565525063 373
1738722199617 138.35708298191605 374
1738722199653 197.45353612465112 375
1738722199691 168.5262489276287 376
1738722199727 169.304249415732 377
1738722199764 169.05694052671643 378
1738722199801 166.1980528684843 379
1738722199837 176.24973186209678 380
1738722199874 164.59243732609625 381
1738722199910 173.38465958756777 382
1738722199946 172.98954735442607 383
1738722199983 154.47372141032955 384
1738722200020 125.65593766646194 385
1738722200057 155.06099843856177 386
1738722200093 155.16124912903837 387
1738722200129 152.52662899146597 388
1738722200166 174.2646679847819 389
1738722200202 178.21170746076044 390
1738722200238 165.5394767029206 391
1738722200275 143.9860775891089 392
1738722200312 179.66442687919871 393
1738722200348 158.21628188412276 394
1738722200384 178.67218797410197 395
1738722200421 142.88299414975933 396
1738722200458 177.78970418542323 397
1738722200494 169.5343832515965 398
1738722200531 108.6477985505774 399
1738722200567 201.77492589781917 400
1738722200604 167.33742180393588 401
1738722200640 219.62768981041717 402
1738722200676 175.02320186045088 403
1738722200712 155.4593608589991 404
1738722200749 132.2238513757328 405
1738722200785 150.14344853015348 406
1738722200820 140.76246213593606 407
1738722200857 209.07812371049653 408
1738722200893 181.31152422896963 409
1738722200929 171.13273803877797 410
1738722200964 121.61085944596347 411
1738722201001 186.4803766365403 412
1738722201037 155.87225049530446 413
1738722201074 191.97285737821582 414
1738722201110 113.57038340045534 415
1738722201146 146.61757129591646 416
1738722201183 158.06279314938683 417
1738722201220 168.90651466494742 418
1738722201257 162.63180551280095 419
1738722201293 184.05967467219443 420
1738722201330 177.66046239806866 421
1738722201366 177.06970018404687 422
1738722201403 160.52562020388532 423
1738722201439 149.42679916677585 424
1738722201475 177.1735001552855 425
1738722201511 193.92270870448996 426
1738722201547 184.9427286805895 427
1738722201584 173.90448323547713 428
1738722201621 151.68477802240884 429
1738722201657 161.01852169354146 430
1738722201694 171.18702577214998 431
1738722201731 163.74971707045034 432
1738722201767 179.6289613209867 433
1738722201804 147.75784686240567 434
1738722201840 170.80486267495047 435
1738722201877 134.11499506152674 436
1738722201913 189.75519150921704 437
1738722201949 163.30735713363362 438
1738722201985 175.08388965696915 439
1738722202022 144.40617844467758 440
1738722202058 198.09906832970174 441
1738722202094 175.1740887494674 442
1738722202131 179.95021605129642 443
1738722202167 192.57169254722433 444
1738722202203 168.8830052181737 445
1738722202240 166.22996132201752 446
1738722202276 182.90465986325285 447
1738722202319 171.07726529916948 448
1738722202356 199.5703573929281 449
1738722202393 175.59150870157353 450
1738722202429 176.5454870720747 451
1738722202465 191.42111410019072 452
1738722202501 161.0573868994562 453
1738722202538 192.05327932561863 454
1738722202573 198.17226140104813 455
1738722202609 191.86932113634919 456
1738722202645 157.33924407536773 457
1738722202680 152.67429077145584 458
1738722202716 155.4683856873735 459
1738722202751 152.2041292814178 460
1738722202787 188.42932860108237 461
1738722202823 179.9954975065425 462
1738722202858 170.8565381227161 463
1738722202894 162.50629121420678 464
1738722202929 161.7512791442087 465
1738722202965 162.359078620348 466
1738722203000 170.34771914863762 467
1738722203036 174.68356103160468 468
1738722203072 169.5102498939581 469
1738722203109 171.2289382759492 470
1738722203146 174.51890224641934 471
1738722203182 185.30970064693807 472
1738722203219 184.69011841779326 473
1738722203255 161.85831125745128 474
1738722203292 180.67101244508237 475
1738722203329 192.1678252015443 476
1738722203366 185.7499938872808 477
1738722203403 147.20271412729227 478
1738722203440 182.24444065318886 479
1738722203477 141.13794614994615 480
1738722203514 166.3313563973741 481
1738722203551 126.17621026503113 482
1738722203587 167.73645723734802 483
1738722203624 178.88778935109838 484
1738722203660 231.36454531199988 485
1738722203698 177.88179840186112 486
1738722203736 165.44614701884942 487
1738722203774 164.85233855641158 488
1738722203812 160.5386857037873 489
1738722203850 123.52745109772883 490
1738722203888 141.33984691618602 491
1738722203926 171.35876795584502 492
1738722203963 164.05747360473651 493
1738722204002 168.86859222496827 494
1738722204040 201.026590551838 495
1738722204078 182.80807863781087 496
1738722204116 166.31289230998678 497
1738722204154 168.61015391459992 498
1738722204192 156.10792333535275 499
