1738722979251 175.34506309663402 0
1738722979284 179.47443936421823 1
1738722979316 137.49300533933862 2
1738722979349 174.6283687840817 3
1738722979381 172.47649388000707 4
1738722979414 173.8423279615907 5
1738722979446 145.99613691996538 6
1738722979478 172.77240914552846 7
1738722979510 172.19453976970124 8
1738722979542 171.38931179382615 9
1738722979574 175.0129873772494 10
1738722979606 153.90416951344778 11
1738722979638 173.99722202414048 12
1738722979670 162.8622015154403 13
1738722979702 175.9134329949786 14
1738722979734 173.50395621323304 15
1738722979767 165.09033168851892 16
1738722979799 180.09595077779062 17
1738722979830 165.67374890591452 18
1738722979862 166.5036426175163 19
1738722979894 175.42645570103087 20
1738722979926 172.35258198034822 21
1738722979958 183.88101451752186 22
1738722979990 173.64130272151448 23
1738722980021 156.5724749091475 24
1738722980053 174.20097304781456 25
1738722980085 173.18758213293816 26
