1738726714911 169.71245007707725 0
1738726714915 170.3310485243843 1
1738726714919 168.72486035729364 2
1738726714923 169.94605777748612 3
1738726714927 168.23380350872912 4
1738726714931 170.24653753413386 5
1738726714936 166.61874360061984 6
1738726714940 169.15082058297196 7
1738726714944 168.8265088383487 8
1738726714948 169.1141595263107 9
1738726714952 169.83531502255082 10
1738726714955 169.1986080316345 11
1738726714960 166.12791873973967 12
1738726714964 169.62687301910765 13
1738726714968 167.83927286117202 14
1738726714972 172.4955655798221 15
1738726714976 168.43981070443738 16
1738726714980 166.75740054699068 17
1738726714984 168.84915743653815 18
1738726714988 169.49790256272365 19
1738726714992 170.61957475969086 20
1738726714996 167.41159867441272 21
1738726715000 168.29138427936869 22
1738726715004 168.58741713450794 23
1738726715008 167.28737522896975 24
1738726715012 167.54090795290887 25
1738726715016 168.06461509223786 26
1738726715019 169.78125091387759 27
1738726715023 167.15326388944908 28
1738726715027 169.54719475775198 29
1738726715031 167.5645633492391 30
1738726715035 170.10415000150712 31
1738726715039 166.8556145229198 32
1738726715043 169.06767997313304 33
1738726715047 168.19502592673845 34
1738726715051 167.76753727305103 35
1738726715055 169.4676900528346 36
1738726715059 169.43035684683062 37
1738726715063 168.41846751243398 38
1738726715067 169.8273561565493 39
1738726715071 167.90992172093004 40
1738726715075 168.12760970264577 41
1738726715079 166.46014993959128 42
1738726715087 167.07040509640834 43
1738726715092 167.29257032512277 44
1738726715097 167.5553320331733 45
