1738722114098 167.1408053911138 0
1738722114101 172.35368223763285 1
1738722114103 169.12288680513166 2
1738722114105 168.862650185948 3
1738722114106 168.81671266791793 4
1738722114108 169.76439792427297 5
1738722114110 169.7534444460056 6
1738722114112 167.4840729023516 7
1738722114114 167.617949713969 8
1738722114116 167.79807378861784 9
1738722114118 166.47975876475076 10
1738722114120 169.4066929488018 11
1738722114121 169.80328223315018 12
1738722114123 167.46666351347804 13
1738722114125 164.57874857125609 14
1738722114127 168.46433448519963 15
