1738722724420 135.44215953065685 0
1738722724453 172.54024891237918 1
1738722724486 186.58081705989073 2
1738722724519 247.19327846288098 3
1738722724552 202.06786058670178 4
1738722724586 159.202553535347 5
1738722724627 102.02670938802554 6
1738722724660 183.77152204669662 7
1738722724693 156.42980097141805 8
1738722724727 153.26772649654956 9
1738722724759 129.38989786564892 10
1738722724792 187.1806423481515 11
1738722724824 221.5898871009957 12
1738722724857 247.30210107268104 13
1738722724889 145.68942586939858 14
1738722724922 101.94222157754619 15
1738722724954 168.20557529830162 16
1738722724989 110.61304296571848 17
1738722725022 219.34045202105855 18
1738722725055 138.38050502807843 19
1738722725088 138.11979723380978 20
1738722725121 205.18518542480743 21
1738722725154 172.60055657996472 22
1738722725187 197.1044060040617 23
1738722725220 176.02430943103812 24
1738722725252 192.87728810749573 25
1738722725285 140.63976576447365 26
1738722725319 156.04848912914446 27
1738722725352 129.43304945701917 28
1738722725386 18.748013041517048 29
1738722725419 193.31416970201195 30
1738722725451 200.8898542454375 31
1738722725484 51.604568931163264 32
1738722725516 199.5442386012194 33
1738722725549 126.75114222270022 34
1738722725583 192.97742103987088 35
1738722725616 265.20824816992916 36
1738722725649 158.46440011524177 37
1738722725683 219.60781758754936 38
1738722725716 146.17605830331428 39
1738722725749 179.87211483462633 40
1738722725782 207.46810371505234 41
1738722725814 195.43282669314496 42
1738722725847 146.2761246653167 43
1738722725880 163.16752647198794 44
1738722725913 246.1138541639812 45
1738722725946 220.69374471758135 46
1738722725979 158.0720877685436 47
1738722726011 300.2378039685078 48
1738722726045 183.58231984737253 49
1738722726077 91.08389099160122 50
1738722726110 144.40340040476784 51
1738722726143 287.58903830926226 52
1738722726177 212.95328951966002 53
1738722726210 126.52940432642878 54
1738722726243 145.71384452422345 55
1738722726276 177.9047784562229 56
1738722726309 163.50521323596428 57
1738722726342 303.6587925090704 58
1738722726375 198.25764104606506 59
1738722726407 233.41823694219048 60
1738722726440 185.25145088411503 61
1738722726473 152.92237778883288 62
1738722726505 223.61916170121094 63
1738722726539 145.18880125249552 64
1738722726572 207.67494374954745 65
1738722726605 176.25267485340254 66
1738722726639 32.23253642542575 67
1738722726672 153.17640311389923 68
1738722726705 35.350847577222936 69
1738722726738 240.7504110324223 70
1738722726771 120.24860351927624 71
1738722726804 220.60748512142888 72
1738722726836 144.87958447543616 73
1738722726868 161.29888214464876 74
1738722726901 245.72056652161152 75
1738722726934 225.97443223228865 76
1738722726967 127.57516919184921 77
1738722727000 216.51520285479734 78
1738722727033 195.00653190634287 79
1738722727065 202.20760341142062 80
1738722727098 168.12355944777505 81
1738722727131 199.17164867178641 82
1738722727163 99.36133771258132 83
1738722727196 153.32732530998186 84
1738722727229 139.46202776562336 85
1738722727262 167.98071623792777 86
1738722727295 89.26701571528086 87
1738722727327 183.0139154906401 88
1738722727360 138.12266548493176 89
1738722727392 210.10267940396446 90
1738722727425 214.69912938524172 91
1738722727458 223.95549594366543 92
1738722727491 260.9335729194644 93
1738722727524 148.19331330879666 94
1738722727556 127.60334330602207 95
1738722727588 163.67006763963823 96
1738722727620 136.0694377560998 97
1738722727652 173.46873445716446 98
1738722727684 138.18776077599932 99
1738722727717 138.4932890891667 100
1738722727750 210.6370346044848 101
1738722727783 117.49170966117552 102
1738722727816 33.871963757067974 103
1738722727848 202.31770547821858 104
1738722727880 154.62202799894717 105
1738722727913 158.2385215349209 106
1738722727946 220.40537191901004 107
1738722727979 189.88406534627077 108
1738722728012 152.4925416365989 109
1738722728046 327.537974917885 110
1738722728079 191.32095444468368 111
1738722728111 245.58076699835667 112
1738722728143 138.227905709146 113
1738722728176 178.6425911932736 114
1738722728208 101.09972546590724 115
1738722728241 181.4975337581591 116
1738722728274 150.13102806611556 117
1738722728308 257.4749477984648 118
1738722728341 197.211122175034 119
1738722728373 141.07617433597773 120
1738722728406 268.9912255560211 121
1738722728439 176.4308764206624 122
1738722728471 200.27002605930144 123
1738722728503 126.34785636323814 124
1738722728535 141.11378845237704 125
1738722728567 158.4266001992227 126
1738722728600 213.5885594497507 127
1738722728633 195.07080605820238 128
1738722728666 249.85423068010897 129
1738722728699 239.23061405079417 130
1738722728731 113.78687598740288 131
1738722728763 194.3983732424699 132
1738722728795 275.14600504996787 133
1738722728827 207.51758216882305 134
1738722728859 144.79401559556595 135
1738722728891 161.19487511339798 136
1738722728923 121.80939877301391 137
1738722728956 203.26014074813295 138
1738722728989 180.29992651752013 139
1738722729022 100.50426492930431 140
1738722729055 156.4293387426565 141
1738722729088 149.8160837273735 142
1738722729120 151.07269132956608 143
1738722729152 148.65618769407928 144
1738722729185 214.80167455667276 145
1738722729218 180.67322491767425 146
1738722729251 161.02180027959153 147
1738722729284 222.90255782932357 148
1738722729316 161.36125001651794 149
1738722729349 200.20294779789762 150
1738722729381 256.6595861530283 151
1738722729414 113.81747453619623 152
1738722729447 121.42666130320498 153
1738722729480 202.75787613830337 154
1738722729513 260.72650347562677 155
1738722729546 209.06661718508215 156
1738722729579 164.02020378403984 157
1738722729612 274.3772134133334 158
1738722729644 117.74655081477154 159
1738722729678 186.4801020479867 160
1738722729711 270.3139133261426 161
1738722729743 144.78171464017487 162
1738722729776 227.85065819753126 163
1738722729808 178.9213178970266 164
1738722729840 209.01299372377554 165
1738722729873 156.1727169050555 166
1738722729906 206.75108361610634 167
1738722729939 177.19292081648922 168
1738722729971 185.09844256437427 169
1738722730003 157.63549082248974 170
1738722730035 84.49164923576564 171
1738722730066 205.93120707721363 172
1738722730098 159.01060932498615 173
1738722730130 161.91482885180977 174
1738722730162 185.353337763507 175
1738722730194 321.54203842975886 176
1738722730227 174.1168800227132 177
1738722730259 137.1546624278098 178
1738722730292 241.22076771395535 179
1738722730324 247.70875238853833 180
1738722730357 269.04298576923196 181
1738722730390 283.99986325169033 182
1738722730423 105.42621323379623 183
1738722730456 304.5635372617779 184
1738722730489 232.75997769758098 185
1738722730522 195.32299175713086 186
1738722730555 146.2487088488199 187
1738722730588 172.2369027713085 188
1738722730620 172.1039295097142 189
1738722730653 99.20798278003544 190
1738722730686 159.12103948033536 191
1738722730719 167.13792528566395 192
1738722730753 146.96756607589185 193
1738722730816 172.8135566905173 194
1738722730874 167.2903443921807 195
1738722730906 214.83935536014764 196
1738722730939 88.63901939553989 197
1738722730972 169.47154070503043 198
1738722731004 289.55153469429445 199
1738722731037 63.943991267428835 200
1738722731069 182.67165769246952 201
1738722731102 143.69341735429919 202
1738722731135 218.52826023137658 203
1738722731168 235.12676891605923 204
1738722731200 180.64326393368225 205
1738722731233 193.4261273973691 206
1738722731265 126.77991890704998 207
1738722731298 185.4672347575277 208
1738722731331 132.71827152227192 209
1738722731363 259.95300218593655 210
1738722731395 115.19463573328912 211
1738722731427 178.1386593878918 212
1738722731460 198.5381164937646 213
1738722731493 262.23619517179395 214
1738722731526 141.9432068539941 215
1738722731558 152.55995072741055 216
1738722731591 132.90462180617348 217
1738722731623 139.46624651789799 218
1738722731655 158.94640696237533 219
1738722731688 201.02785713054118 220
1738722731721 182.79493581244662 221
1738722731752 200.0119900997627 222
1738722731785 214.97914795163265 223
1738722731817 175.83338107820197 224
1738722731850 171.34507704510517 225
1738722731882 266.5858542597544 226
1738722731915 221.50119211377242 227
1738722731948 137.2940890605194 228
1738722731980 216.30558996525306 229
1738722732013 205.40938003271003 230
1738722732045 159.52891571957306 231
1738722732078 53.2489950220294 232
1738722732110 180.55814931274523 233
1738722732143 108.59696942746 234
1738722732176 176.11219936450175 235
1738722732209 143.75745579951308 236
1738722732241 228.3083492102034 237
1738722732274 65.57790571108741 238
1738722732307 158.2692253040588 239
1738722732339 222.81457554405102 240
1738722732371 103.64567829503875 241
1738722732402 145.97073350460633 242
1738722732433 186.93449126445606 243
1738722732466 167.61209459078466 244
1738722732498 185.08811338904766 245
1738722732531 196.62436468583545 246
1738722732563 167.36677064865086 247
1738722732596 281.9183687199511 248
1738722732629 326.93157661218555 249
1738722732662 169.18400608470546 250
1738722732695 210.18703300658456 251
1738722732728 106.78721607058995 252
1738722732761 204.78084846846613 253
1738722732794 140.22098269691412 254
1738722732826 170.29762966732463 255
1738722732859 239.04443116677726 256
1738722732892 220.53114146941056 257
1738722732924 107.16228760940908 258
1738722732957 158.49799929488475 259
1738722732989 139.04807191788092 260
1738722733021 203.1034980802652 261
1738722733053 59.695814425778096 262
1738722733085 213.3292241759131 263
1738722733117 83.85763608762589 264
1738722733149 119.85194633694641 265
1738722733180 215.21609746025845 266
1738722733212 151.9664309511825 267
1738722733244 239.58050285733586 268
1738722733275 178.0135185941556 269
1738722733307 598.6491144818943 270
1738722733339 266.6044641564374 271
1738722733372 181.0198259462769 272
1738722733404 108.66623039837872 273
1738722733436 172.39255711458964 274
1738722733468 184.49179968652203 275
1738722733501 105.51070087239012 276
1738722733533 281.2459888075796 277
1738722733566 147.39901636925123 278
1738722733598 127.4393881202536 279
1738722733629 252.4043530998612 280
1738722733662 226.3847859454322 281
1738722733694 192.95284557767752 282
1738722733726 168.88440009706952 283
1738722733758 141.55878272236322 284
1738722733791 202.9137799998162 285
1738722733823 163.0472849945631 286
1738722733856 173.42286849924793 287
1738722733888 184.5641435744239 288
1738722733921 166.69964276004993 289
1738722733953 145.6620978944059 290
1738722733986 506.6200121725226 291
1738722734017 186.65150213872025 292
1738722734049 87.89430205117566 293
1738722734081 200.37041871482447 294
1738722734114 185.3294732305828 295
1738722734147 344.5630289574103 296
1738722734179 160.62489269003774 297
1738722734212 146.94199808454894 298
1738722734245 96.8121622475185 299
1738722734277 177.42460151458573 300
1738722734309 179.65707545753676 301
1738722734340 147.64327579016353 302
1738722734372 217.4363108855618 303
1738722734404 205.95177629684602 304
1738722734435 208.97470829912209 305
1738722734467 156.47555174357788 306
1738722734500 222.4424902500747 307
1738722734532 131.59795064894766 308
1738722734564 192.31027554453132 309
1738722734597 164.47421537707024 310
1738722734629 144.3046356430799 311
1738722734662 185.05468088415617 312
1738722734695 148.91770624830244 313
1738722734728 136.98133067438732 314
1738722734760 158.52864474093357 315
1738722734792 211.65529233569134 316
1738722734825 175.46630608723552 317
1738722734857 163.88369126599318 318
1738722734889 153.30005204466968 319
1738722734921 152.2419440847776 320
1738722734954 141.68101069893672 321
1738722734986 215.82079683939193 322
1738722735019 180.0826591835256 323
1738722735051 264.3520870933136 324
1738722735083 178.68353943715766 325
1738722735115 123.75002136903018 326
1738722735148 236.87017765599856 327
1738722735180 142.87110382367112 328
1738722735213 176.8459404262626 329
1738722735246 159.4222065147768 330
1738722735278 138.3087914211501 331
1738722735310 223.1754169109404 332
1738722735343 137.1048181557182 333
1738722735375 158.92474432965668 334
1738722735407 160.44002143217483 335
1738722735439 247.42081364115847 336
1738722735471 222.343636116908 337
1738722735504 229.41483248278888 338
1738722735537 180.07507158644015 339
1738722735569 191.88227342106208 340
1738722735602 165.70027195274724 341
1738722735635 154.83130467614478 342
1738722735667 185.5663217742362 343
1738722735701 121.68268486477368 344
1738722735734 251.7834930208284 345
1738722735770 158.84272583752116 346
1738722735803 258.5186884096128 347
1738722735836 184.83591530598687 348
1738722735869 103.12078342287026 349
1738722735902 146.41240107902655 350
1738722735935 122.39933856563822 351
1738722735968 166.58061119737664 352
1738722736001 138.82903142311494 353
1738722736034 173.1672327730115 354
1738722736066 184.67272619669077 355
1738722736098 224.7221581216895 356
1738722736130 305.0813285793536 357
1738722736162 256.04417187154587 358
1738722736194 162.02325481263813 359
1738722736226 313.86770675114764 360
1738722736258 148.40177609242704 361
1738722736292 180.4075424839421 362
1738722736326 120.58956173986678 363
1738722736358 176.72491494959309 364
1738722736390 182.90557837343158 365
1738722736424 178.147250226633 366
1738722736457 181.6484836730355 367
1738722736489 146.49181667204036 368
1738722736521 125.1070640942656 369
1738722736554 181.09547647400797 370
1738722736587 193.35216471482266 371
1738722736619 202.96534239072363 372
1738722736652 114.66373352102856 373
1738722736684 209.88299632210612 374
1738722736716 161.0494200863814 375
1738722736748 141.89010210858538 376
1738722736780 255.19031320090932 377
1738722736812 165.676125733192 378
1738722736844 387.3307915703358 379
1738722736876 214.5800638836465 380
1738722736908 118.74703498915486 381
1738722736940 160.67978743968132 382
1738722736971 220.87157688142744 383
1738722737003 175.9394672092383 384
1738722737035 258.20029078329776 385
1738722737067 177.6746915600673 386
1738722737098 166.08796999680615 387
1738722737132 220.28041901539157 388
1738722737166 98.06534151094537 389
1738722737198 230.11013764777516 390
1738722737230 160.71320230823088 391
1738722737261 235.41985098051734 392
1738722737293 101.8384738882404 393
1738722737324 187.7322493963463 394
1738722737356 211.74213632263536 395
1738722737387 186.63285425315988 396
1738722737419 116.91885456555165 397
1738722737450 169.48841731633283 398
1738722737482 149.01485967213134 399
1738722737513 142.14199032583937 400
1738722737544 178.63368997141959 401
1738722737576 173.29996426416344 402
1738722737607 79.87553215395046 403
1738722737638 184.5163157640672 404
1738722737670 131.38516264716853 405
1738722737701 399.26109682483167 406
1738722737733 193.2161039745553 407
1738722737765 125.64839349197786 408
1738722737797 208.19839174087076 409
1738722737829 148.3441829000695 410
1738722737861 245.18295429563364 411
1738722737892 211.41972965019124 412
1738722737924 200.4848076425349 413
1738722737956 240.53692973922804 414
1738722737988 185.6156866885434 415
1738722738019 18.38044675970582 416
1738722738051 181.11108093062927 417
1738722738082 131.2936246399401 418
1738722738114 116.4554068481276 419
1738722738145 157.11570608973915 420
1738722738177 175.69486495964387 421
1738722738209 146.5135325759951 422
1738722738240 80.47496050764354 423
1738722738272 299.6529769269273 424
1738722738303 260.34342531577295 425
1738722738335 149.22624980264493 426
1738722738366 126.38046380710887 427
1738722738398 56.79343024269187 428
1738722738429 124.74769532196862 429
1738722738461 122.27525739019839 430
1738722738492 153.3924069088884 431
1738722738524 254.0023797362328 432
1738722738555 154.61287031320438 433
1738722738587 202.9972365771316 434
1738722738618 150.66309532331124 435
1738722738649 190.02972853219524 436
1738722738681 300.99534446757485 437
1738722738712 217.70440448948713 438
1738722738744 108.79420021907798 439
1738722738775 120.27702198895416 440
1738722738807 185.31157462493871 441
1738722738838 166.5717191442626 442
1738722738869 134.9034520753898 443
1738722738901 127.30274645549979 444
1738722738932 152.43214403853247 445
1738722738968 244.837211758994 446
1738722739039 234.11894287021008 447
1738722739078 111.53173345657196 448
1738722739110 88.05382304753154 449
1738722739141 149.31245876671366 450
1738722739173 69.46484327719212 451
1738722739204 127.36093588318788 452
1738722739235 202.52560828748042 453
1738722739266 89.22738920995702 454
1738722739298 132.3560235447841 455
1738722739329 138.04396489225567 456
1738722739360 38.58337480867061 457
1738722739391 87.59832241509 458
1738722739422 111.95730510255736 459
1738722739453 170.7190220588753 460
1738722739484 175.49264338943033 461
1738722739515 195.02226493941325 462
1738722739546 124.00317824915643 463
1738722739577 126.79453205156011 464
1738722739608 216.81813282518314 465
1738722739640 196.8036901442423 466
1738722739677 265.5134586550297 467
1738722739744 204.78584611686867 468
1738722739781 201.64101145267446 469
1738722739813 153.96650000675285 470
1738722739844 130.78286287093434 471
1738722739876 183.3749480969904 472
1738722739907 86.69955430144338 473
1738722739938 130.76223233366585 474
1738722739969 183.09762518471703 475
1738722740000 194.17198344096624 476
1738722740032 137.81028082035655 477
1738722740063 151.07769918930921 478
1738722740094 117.04966656722348 479
1738722740125 174.15620916456504 480
1738722740156 182.81924418890847 481
1738722740187 130.37824034408985 482
1738722740218 194.36105140350952 483
1738722740249 215.97162323196832 484
1738722740280 166.7904192436187 485
1738722740311 211.36676586885343 486
1738722740342 204.4637789238953 487
1738722740373 138.27401072553783 488
1738722740404 229.65509280482695 489
1738722740435 167.6181271458756 490
1738722740466 133.8940580882343 491
1738722740497 112.0441041213572 492
1738722740528 167.81575310137688 493
1738722740559 257.38737379664417 494
1738722740590 243.21163481493085 495
1738722740621 222.15880304273009 496
1738722740652 157.9349880302384 497
1738722740683 117.36066516270057 498
1738722740714 116.9829399432578 499
