1738722389574 170.21326009187862 0
1738722389577 173.36437691626554 1
1738722389579 170.33281326582852 2
1738722389581 167.81361824334155 3
1738722389583 171.34189597018727 4
1738722389585 169.56641190246017 5
1738722389596 166.59880129715296 6
1738722389607 168.32681755421032 7
1738722389617 169.38888801422866 8
1738722389619 168.73004886044762 9
1738722389624 170.92691075793692 10
1738722389629 169.98814948990915 11
1738722389631 170.82919392911745 12
1738722389633 164.06182841518861 13
1738722389635 170.57370723910464 14
1738722389637 166.8094627300366 15
1738722389639 169.55518886443676 16
1738722389641 171.1551142594194 17
1738722389643 164.65584635433342 18
1738722389645 164.9598329310356 19
1738722389647 166.42073828047023 20
1738722389648 168.01702191005785 21
1738722389650 170.5995702341699 22
1738722389652 170.9888145812423 23
1738722389654 169.2305873466555 24
1738722389656 169.6553761344912 25
1738722389658 166.7829176301044 26
1738722389660 171.47088911987515 27
1738722389662 167.90192125127408 28
1738722389664 168.93088138091045 29
1738722389666 170.3942920879815 30
1738722389668 168.54267383699408 31
1738722389670 170.14670889239926 32
1738722389672 168.37496984594185 33
1738722389673 168.58768182124282 34
1738722389675 168.59178003509396 35
