1738726147865 169.10746950908754 0
1738726147869 167.25130426761487 1
1738726147872 170.0743995093179 2
1738726147876 172.12849461668733 3
1738726147879 169.34671456385118 4
1738726147883 169.20052714590545 5
1738726147887 166.34991227017034 6
1738726147890 170.01339155799036 7
1738726147894 166.04587343170675 8
1738726147897 166.53267062959463 9
1738726147901 168.12553056797714 10
1738726147905 169.95557098648644 11
1738726147908 170.21158965531743 12
1738726147913 168.5314717354097 13
1738726147916 170.5521449046228 14
1738726147920 169.66241364592713 15
1738726147923 171.67026251504282 16
1738726147927 168.70851129403465 17
1738726147930 166.646466526639 18
1738726147934 170.01880046529658 19
1738726147937 167.6086889524627 20
1738726147941 170.18259312232465 21
1738726147944 169.53803077915637 22
1738726147948 168.03909541507687 23
1738726147952 169.4236831998623 24
1738726147955 169.23600277327768 25
1738726147959 169.02074918514452 26
1738726147962 169.66259478772153 27
1738726147966 169.8829830879472 28
1738726147969 168.46501750961423 29
1738726147973 167.47410983722102 30
1738726147976 168.1453270381189 31
1738726147980 170.17015138832429 32
1738726147983 169.54220348025441 33
1738726147987 169.20512371163213 34
1738726147991 169.03650500811375 35
1738726147994 169.27627160575472 36
1738726147998 169.41819495472802 37
1738726148002 171.26560447135483 38
1738726148005 167.99497967439055 39
1738726148009 166.25110365941603 40
1738726148012 167.68681631197356 41
1738726148016 167.9513676134899 42
1738726148019 167.87630550892456 43
1738726148023 171.6165296227616 44
1738726148026 168.75102307935543 45
1738726148030 169.53221498704764 46
1738726148033 168.58175668946006 47
1738726148037 171.10045454240475 48
1738726148041 170.08282259102612 49
1738726148044 167.2265009407503 50
1738726148048 166.54640772822574 51
1738726148051 172.79597533746642 52
1738726148055 170.37984784598515 53
1738726148058 169.10069554573369 54
1738726148062 168.83211917135742 55
1738726148065 169.3778188417257 56
1738726148069 168.08059782514513 57
1738726148072 167.63555331564646 58
1738726148076 168.27131516993904 59
1738726148079 169.10808930394643 60
1738726148083 170.07312205146127 61
1738726148086 169.1283617801848 62
1738726148090 169.96715197398308 63
1738726148094 171.82749488572813 64
1738726148097 171.62358510719085 65
1738726148101 168.8453710653859 66
1738726148104 167.64946308495252 67
1738726148108 169.29375574720078 68
1738726148111 165.8613893895376 69
1738726148115 168.20129733404818 70
1738726148118 167.80841150210077 71
1738726148122 167.11048724301293 72
1738726148125 167.53880741898254 73
1738726148129 171.01088920348587 74
1738726148132 169.72892762354437 75
1738726148136 167.55564600157078 76
1738726148139 169.88238775940277 77
1738726148143 169.36944956720384 78
1738726148146 169.01744164895317 79
1738726148150 166.65049516204232 80
1738726148153 169.10906824972787 81
1738726148157 170.42769739062663 82
1738726148160 168.67187708345082 83
1738726148164 170.33840850526403 84
1738726148167 167.38262313102513 85
1738726148171 166.28079729582947 86
1738726148174 169.80891602926502 87
1738726148178 168.49785451999682 88
1738726148181 170.35800332789643 89
1738726148185 167.3138250171243 90
1738726148188 168.0962747675485 91
1738726148192 170.16817429807554 92
1738726148195 168.09959158407344 93
1738726148199 165.22608803353737 94
1738726148202 168.19821176845292 95
1738726148206 170.16649325227172 96
1738726148209 169.6243096683175 97
1738726148213 169.55471085396894 98
1738726148216 167.06237101761428 99
1738726148220 169.17364407741098 100
1738726148223 170.54605355855483 101
1738726148227 169.13093479068348 102
1738726148230 168.70866646151902 103
1738726148234 170.3415548935632 104
1738726148237 169.12876249238963 105
1738726148241 167.5893495823582 106
1738726148244 166.89793135643805 107
1738726148248 169.50259944400122 108
1738726148251 168.34154051692514 109
1738726148255 166.01856180256488 110
1738726148258 167.91320625805335 111
1738726148262 168.46743426319142 112
1738726148265 171.4805035229474 113
1738726148269 171.24148421306566 114
1738726148272 165.89008823025355 115
1738726148276 168.2282477416382 116
1738726148279 168.66261622504214 117
1738726148283 169.39278051555118 118
1738726148286 167.88521956007935 119
1738726148290 168.58854512031803 120
1738726148293 167.58094369293627 121
1738726148297 167.77216798986402 122
1738726148300 169.72395431661386 123
1738726148304 168.90004184160787 124
1738726148307 168.42447578684232 125
1738726148311 168.246905673893 126
1738726148314 170.16333049504493 127
1738726148318 171.305443841987 128
1738726148321 169.27872122475725 129
1738726148325 168.65031115190357 130
1738726148329 169.64548826416876 131
1738726148332 171.27277164312608 132
1738726148336 166.21162125463735 133
1738726148339 170.13788729137474 134
1738726148343 169.36593922871984 135
1738726148346 169.6120904609071 136
1738726148350 170.78977321354284 137
1738726148353 167.94566352260398 138
1738726148357 168.86860717187045 139
1738726148361 168.64239628080077 140
1738726148364 169.3090046106842 141
1738726148368 171.3795927725126 142
1738726148371 170.4813382915211 143
1738726148375 168.71494764574228 144
1738726148378 168.6906356011098 145
1738726148382 170.63009797707943 146
1738726148385 167.88168686943598 147
1738726148389 169.39496242172507 148
1738726148392 170.57764165412726 149
1738726148396 168.56573014369667 150
1738726148399 169.87878565408573 151
1738726148403 168.38566246200418 152
1738726148406 166.57639853641163 153
1738726148410 167.48501134188297 154
1738726148413 169.49941817913606 155
1738726148417 168.44398669101673 156
1738726148420 168.8124801423476 157
1738726148424 166.42385368491065 158
1738726148427 167.3879234788221 159
1738726148431 171.73725435426957 160
1738726148434 168.24723399768357 161
1738726148438 168.7217726740567 162
1738726148441 170.83504270279826 163
1738726148445 170.2025532208036 164
1738726148448 166.4617582204567 165
1738726148452 167.97035129015296 166
1738726148455 173.3357253817399 167
1738726148459 168.55309679325754 168
1738726148462 169.25969556502488 169
1738726148466 170.2151173240204 170
1738726148469 168.01056392956795 171
1738726148473 169.74955881842018 172
1738726148477 170.27640550032785 173
1738726148480 170.4305515404853 174
1738726148484 168.83798606083514 175
1738726148488 169.34362994435276 176
1738726148492 169.24564339697844 177
1738726148496 168.78690246568416 178
1738726148500 167.91633134221672 179
