1738724554766 168.7972359453934 0
1738724554769 168.7943399020747 1
1738724554771 168.79152995806436 2
1738724554774 168.78880333809573 3
1738724554776 168.78615736019066 4
1738724554779 168.78358943239752 5
1738724554781 168.78109704964842 6
1738724554784 168.77867779073026 7
1738724554787 168.77632931536647 8
1738724554789 168.7740493614043 9
1738724554792 168.77183574210417 10
1738724554797 168.7696863435269 11
1738724554799 168.76759912201527 12
1738724554804 168.76557210176674 13
1738724554807 168.76360337249298 14
1738724554809 168.7616910871638 15
1738724554812 168.7598334598321 16
1738724554814 168.7580287635362 17
1738724554817 168.7562753282781 18
1738724554819 168.7545715390727 19
1738724554822 168.75291583406778 20
1738724554824 168.75130670272975 21
1738724554827 168.74974268409483 22
1738724554829 168.74822236508143 23
1738724554832 168.74674437886293 24
1738724554835 168.74530740329743 25
1738724554837 168.7439101594136 26
1738724554840 168.74255140994907 27
1738724554842 168.741229957941 28
1738724554845 168.73994464536568 29
1738724554847 168.73869435182607 30
1738724554850 168.7374779932852 31
1738724554852 168.73629452084398 32
1738724554855 168.73514291956155 33
1738724554857 168.7340222073167 34
1738724554860 168.73293143370935 35
1738724554862 168.73186967899946 36
1738724554865 168.7308360530835 37
1738724554867 168.72982969450598 38
1738724554870 168.72884976950522 39
1738724554872 168.72789547109213 40
1738724554874 168.7269660181608 41
1738724554877 168.72606065462972 42
1738724554879 168.72517864861254 43
1738724554882 168.72431929161698 44
1738724554884 168.72348189777196 45
1738724554887 168.7226658030804 46
1738724554890 168.7218703646979 47
1738724554892 168.7210949602364 48
1738724554895 168.72033898709086 49
1738724554897 168.71960186178939 50
1738724554900 168.71888301936536 51
1738724554902 168.71818191275082 52
1738724554905 168.71749801219033 53
1738724554908 168.71683080467494 54
1738724554910 168.71617979339507 55
1738724554912 168.71554449721188 56
1738724554915 168.71492445014658 57
1738724554917 168.71431920088696 58
1738724554920 168.71372831231028 59
1738724554922 168.71315136102245 60
1738724554925 168.71258793691257 61
1738724554928 168.71203764272235 62
1738724554930 168.71150009362995 63
1738724554933 168.71097491684773 64
1738724554935 168.71046175123362 65
1738724554938 168.70996024691496 66
1738724554940 168.70947006492548 67
1738724554943 168.70899087685376 68
1738724554946 168.7085223645038 69
1738724554948 168.70806421956672 70
1738724554951 168.70761614330308 71
1738724554953 168.7071778462362 72
1738724554956 168.70674904785508 73
1738724554958 168.70632947632768 74
1738724554961 168.70591886822305 75
1738724554963 168.7055169682432 76
1738724554966 168.70512352896318 77
1738724554968 168.70473831058038 78
1738724554971 168.70436108067162 79
1738724554973 168.70399161395798 80
1738724554976 168.7036296920781 81
1738724554978 168.703275103368 82
1738724554981 168.70292764264883 83
1738724554983 168.70258711102116 84
1738724554986 168.70225331566593 85
1738724554988 168.7019260696522 86
1738724554991 168.70160519175073 87
1738724554993 168.70129050625414 88
1738724554996 168.7009818428023 89
1738724554998 168.70067903621398 90
1738724555001 168.70038192632344 91
1738724555003 168.7000903578227 92
1738724555006 168.69980418010863 93
1738724555008 168.69952324713523 94
1738724555011 168.69924741727047 95
