1738723689156 168.3043453694304 0
1738723689159 167.65203177156502 1
1738723689162 168.2540397120248 2
1738723689164 170.7385436745357 3
1738723689167 170.61131713658435 4
1738723689169 167.98369408711125 5
1738723689171 166.04477558758373 6
1738723689174 168.81243769500463 7
1738723689176 169.79043750672957 8
1738723689179 170.34950906893573 9
1738723689181 168.97724118664877 10
1738723689184 168.92036680817137 11
1738723689186 166.51050694227783 12
1738723689189 170.07356860992456 13
1738723689191 167.67574292985609 14
1738723689194 169.54825620712515 15
1738723689196 167.84770750889905 16
