1738726708593 159.02948712244205 0
1738726708628 167.0657905071464 1
1738726708663 194.19742222897355 2
1738726708698 142.90259573665753 3
1738726708733 162.89806650767883 4
1738726708768 169.9647031418322 5
1738726708803 177.03109620515605 6
1738726708838 182.57243148960336 7
1738726708872 172.09039805761077 8
1738726708906 157.14079917366448 9
1738726708941 171.1838786670042 10
1738726708975 181.07734904809303 11
1738726709010 151.25857152901008 12
1738726709044 170.175324490013 13
1738726709078 174.22965154086341 14
1738726709113 173.4942011720369 15
1738726709147 181.55809588190667 16
1738726709181 175.17732420384954 17
1738726709215 159.67813979856484 18
1738726709249 150.9128170861264 19
