1738723729955 165.99508376539228 0
1738723729992 155.82217365972207 1
1738723730030 192.88495648753292 2
1738723730067 176.05767942218472 3
1738723730104 210.53929763641943 4
1738723730141 164.69028595514476 5
1738723730179 149.43837548462477 6
1738723730217 170.93308923113068 7
1738723730254 182.74021941217035 8
1738723730292 172.12984733845798 9
1738723730332 188.1386645360856 10
1738723730370 167.9696082271537 11
1738723730409 208.62801805726937 12
1738723730447 172.57028067342748 13
1738723730484 164.5316951003075 14
1738723730522 167.85138361945738 15
1738723730559 178.41344742224683 16
1738723730595 164.9382226825335 17
1738723730632 194.78089771027578 18
1738723730669 160.56541934976826 19
1738723730705 146.2120996312736 20
1738723730742 150.44727196678855 21
1738723730778 185.3468574827712 22
1738723730815 170.2692230954285 23
1738723730851 167.137346706206 24
1738723730888 171.37562588646435 25
1738723730924 142.07328878311665 26
1738723730960 187.95504593457807 27
1738723730997 171.04844471989188 28
1738723731033 168.23492815483579 29
1738723731070 154.7791202786883 30
1738723731106 169.99539229359732 31
1738723731142 159.73056381572954 32
1738723731178 157.77259738813763 33
1738723731214 164.6445821419711 34
1738723731251 168.85205671335723 35
1738723731287 128.04259881893844 36
1738723731324 176.68004521562486 37
1738723731360 143.86039666440902 38
1738723731397 158.61053667146686 39
1738723731433 191.14940925612711 40
1738723731469 167.78658890941932 41
1738723731505 171.7261958570077 42
1738723731541 164.52828457902282 43
1738723731578 147.66156649862793 44
1738723731614 166.42206511049966 45
1738723731650 159.76766135717145 46
1738723731687 185.62128742756104 47
1738723731723 178.81435581941903 48
1738723731760 154.280035030222 49
1738723731796 134.22289115073684 50
1738723731832 156.46159511813275 51
1738723731868 171.92460344925436 52
1738723731904 173.7452248198795 53
1738723731940 216.690855596391 54
1738723731976 168.91892924365558 55
1738723732012 172.78683293824005 56
1738723732048 132.73243158449034 57
1738723732084 185.7271834835308 58
1738723732120 187.98507449970896 59
1738723732156 174.3734384700996 60
1738723732192 197.7487149178602 61
1738723732228 157.13854511428633 62
1738723732264 206.41337921344132 63
1738723732300 184.48735520868325 64
1738723732336 170.20033619208425 65
1738723732372 182.82365774761843 66
1738723732408 143.38990385843664 67
1738723732444 160.77323408809443 68
1738723732480 143.0944581377852 69
1738723732517 183.46388998324923 70
1738723732552 172.1737131371927 71
1738723732588 145.38035170453207 72
1738723732624 172.92611255249372 73
1738723732660 172.39589410220714 74
1738723732696 191.24788158023912 75
1738723732732 166.78982765302692 76
1738723732768 158.0049746493646 77
1738723732804 150.72764131726268 78
1738723732840 148.0232704068517 79
1738723732875 145.12158115278785 80
1738723732911 181.15511775748942 81
1738723732947 155.7379358695881 82
1738723732983 169.9960105529081 83
1738723733019 193.7742356565044 84
1738723733055 150.68360792926708 85
1738723733091 171.9111136686395 86
1738723733127 200.2350356456548 87
1738723733163 148.8331248021171 88
1738723733199 146.79791149306448 89
1738723733235 146.21786077223607 90
1738723733271 141.33943501520525 91
1738723733306 182.95904205556306 92
1738723733342 169.3651913803846 93
1738723733378 204.89636867609863 94
1738723733414 154.85406007316456 95
1738723733450 184.7334008698974 96
1738723733486 178.45094481318276 97
1738723733521 180.5452286693047 98
1738723733557 154.85186429483375 99
1738723733593 174.19119534288987 100
1738723733629 177.24973898952584 101
1738723733665 193.35290075706212 102
1738723733700 161.1317123843638 103
1738723733736 171.88372749582666 104
1738723733772 152.9576654205808 105
1738723733807 193.61420290373576 106
1738723733843 168.97956734566964 107
1738723733879 175.33549153799015 108
1738723733915 161.80960979561561 109
1738723733951 155.59730055091165 110
1738723733986 187.31332659442404 111
1738723734022 189.0138077695859 112
1738723734058 175.22460741011173 113
1738723734094 175.4856112267737 114
1738723734130 167.5779600857786 115
1738723734165 158.1656348313504 116
1738723734201 165.64437545832124 117
1738723734237 156.60333829080582 118
1738723734273 187.4814032553325 119
1738723734309 172.92872806217215 120
1738723734344 161.51964625627465 121
1738723734380 155.9589510316866 122
1738723734416 172.18041892026505 123
1738723734452 170.01788421770945 124
1738723734488 155.14692577758782 125
1738723734525 170.81121322845283 126
1738723734561 201.3028931150613 127
1738723734597 176.4115025435762 128
1738723734633 153.49245049887284 129
1738723734670 150.3467596511459 130
1738723734706 175.72474461331842 131
1738723734742 146.97238736232214 132
1738723734780 162.4342269069177 133
1738723734817 161.65919056426057 134
1738723734854 171.50041093799038 135
1738723734891 187.85459531130377 136
1738723734927 179.58479119354345 137
1738723734964 167.16797100526736 138
1738723735000 178.4418509498213 139
1738723735037 176.65809977099264 140
1738723735073 183.22762090173845 141
1738723735110 172.36186577564925 142
1738723735146 186.91389395635227 143
1738723735183 161.92384745701804 144
1738723735219 162.30227924363044 145
1738723735255 164.80350214670466 146
1738723735291 169.75762455517335 147
1738723735329 189.7643219194096 148
1738723735366 163.71980897081147 149
1738723735404 176.84233802249364 150
1738723735441 157.9463204302198 151
1738723735478 142.38976573851386 152
1738723735516 131.0310983320856 153
1738723735554 175.39056312331732 154
1738723735591 146.02219181631057 155
1738723735628 152.97266248124868 156
1738723735664 179.46383586577363 157
1738723735701 175.27587632636892 158
1738723735738 169.53254885644898 159
1738723735775 175.86132414560703 160
1738723735812 211.35712469185643 161
1738723735848 140.3426987535116 162
1738723735885 184.84507360462135 163
1738723735921 199.69758734695148 164
1738723735958 165.30534604314985 165
1738723735994 156.73469666278987 166
1738723736031 160.75664891587482 167
1738723736067 169.66278433966244 168
1738723736104 182.63207420194357 169
1738723736140 163.71702087144416 170
1738723736176 140.4639632145477 171
1738723736213 213.91271462207933 172
1738723736249 190.90589432209023 173
1738723736286 164.95104824948456 174
1738723736323 182.90363686762524 175
1738723736360 219.279266208095 176
1738723736397 161.55567292277493 177
1738723736434 179.8389093984584 178
1738723736471 192.6812163228269 179
1738723736508 165.08533817381334 180
1738723736545 160.1070561510252 181
1738723736582 195.98807637268078 182
1738723736619 169.4832804141115 183
1738723736655 149.79141888059846 184
1738723736692 144.33402572822047 185
1738723736728 151.60133836876983 186
1738723736764 153.46345304306462 187
1738723736801 119.63600757096556 188
1738723736837 134.34838469689055 189
1738723736873 180.05519276925907 190
1738723736909 177.38579221445863 191
1738723736947 160.1275442231835 192
1738723736984 129.82580558798193 193
1738723737022 150.35109331656093 194
1738723737059 179.12583165609422 195
1738723737096 175.77431139055267 196
1738723737134 159.88239442116625 197
1738723737171 182.79551801442503 198
1738723737208 158.69535925247197 199
1738723737245 180.48544779818684 200
1738723737282 156.80660937932916 201
1738723737319 193.35125603131706 202
1738723737356 191.9684106838595 203
1738723737394 187.1439159410146 204
1738723737432 208.52488052543052 205
1738723737469 160.31613619654343 206
1738723737506 209.77829814314532 207
1738723737543 166.6087162247261 208
1738723737581 167.39063169624418 209
1738723737618 169.61795329788083 210
1738723737655 177.90063428876104 211
1738723737692 165.3432234442774 212
1738723737728 153.9755846721057 213
1738723737765 176.15572350702678 214
1738723737802 163.4375415996466 215
1738723737839 167.05257999597245 216
1738723737876 157.50218882522728 217
1738723737912 177.68882456716645 218
1738723737949 171.27333909830227 219
1738723737985 190.57251217358996 220
1738723738023 173.14156911410174 221
1738723738060 183.98429478505452 222
1738723738097 187.03904665025215 223
1738723738134 149.4129567813314 224
1738723738171 162.88854604942364 225
1738723738208 187.70033634397214 226
1738723738245 179.92445572911296 227
1738723738282 181.6375261107744 228
1738723738318 173.6929837376474 229
1738723738355 144.86118808666674 230
1738723738392 156.3237827862656 231
1738723738428 152.6250320240669 232
1738723738465 156.52794543509933 233
1738723738502 157.1410082625029 234
1738723738538 169.63269759746404 235
1738723738575 174.7776506034203 236
1738723738612 177.70193082746422 237
1738723738648 173.87814420805896 238
1738723738685 182.27560095601365 239
1738723738722 169.46209180617544 240
1738723738758 156.4031534066935 241
1738723738795 201.9005321690109 242
1738723738832 165.15794362193054 243
1738723738869 185.95766382536 244
1738723738906 143.10462987566342 245
1738723738943 171.6710290406898 246
1738723738979 173.69857386377234 247
1738723739016 111.65304411175804 248
1738723739053 152.20634089379826 249
1738723739090 166.00857769029068 250
1738723739126 166.6924103948279 251
1738723739163 150.48656712275437 252
1738723739199 169.53063812705244 253
1738723739235 168.8021490864654 254
1738723739272 151.8430887707347 255
1738723739309 181.20793016331956 256
1738723739346 162.49367580453153 257
1738723739384 173.0679152430272 258
1738723739421 160.97753712051212 259
1738723739459 160.92052791122197 260
1738723739496 153.82782892875326 261
1738723739533 154.3681665028144 262
1738723739570 199.6873825598938 263
1738723739607 201.68817147122027 264
1738723739644 141.9216932191971 265
1738723739680 171.3921718383343 266
1738723739717 146.6149305912585 267
1738723739753 166.81362318541724 268
1738723739790 199.32165554658474 269
1738723739826 190.71613412257796 270
1738723739863 185.26723031824503 271
1738723739899 161.15624768085272 272
1738723739935 188.59311229577528 273
1738723739972 193.92332786876023 274
1738723740008 233.51934922773958 275
1738723740045 167.77853866145875 276
1738723740082 160.8312054700986 277
1738723740118 177.72202031751507 278
1738723740154 159.19541592137395 279
1738723740190 174.4078451428072 280
1738723740227 170.77327565534642 281
1738723740263 179.19552738575658 282
