1738723689209 169.42306159822115 0
1738723689212 167.74960631317418 1
1738723689214 171.12210182523248 2
1738723689217 168.4967495752532 3
1738723689220 168.8525948311415 4
1738723689222 168.27896972613834 5
1738723689225 169.9788694064851 6
1738723689227 167.85543722341325 7
1738723689230 171.2074490407739 8
1738723689233 168.3581383887887 9
1738723689235 168.24242850962085 10
1738723689238 171.41524325046834 11
1738723689240 170.05029534798376 12
1738723689243 168.88650977617044 13
1738723689245 168.51351665360048 14
1738723689248 168.82865157376946 15
1738723689251 169.88753555740593 16
1738723689253 168.04825897967478 17
1738723689256 166.28850745532625 18
1738723689258 168.68747567349618 19
1738723689261 169.3608829549 20
1738723689264 167.150917938918 21
1738723689266 168.86321506229558 22
1738723689268 166.71669978588562 23
1738723689271 168.82774208377052 24
1738723689273 167.81899485617654 25
1738723689276 168.34215128121093 26
1738723689278 168.98411584170225 27
1738723689281 167.33723925237166 28
1738723689283 170.36643754686995 29
1738723689286 166.31356157150904 30
1738723689288 168.30278593138226 31
1738723689290 168.68551011562357 32
1738723689293 168.27500704099617 33
1738723689295 169.45156907525768 34
1738723689298 168.06298311573818 35
1738723689300 168.97836789165578 36
1738723689303 167.13843532545383 37
1738723689305 169.74660671991322 38
1738723689308 168.8250612078842 39
1738723689310 170.17442417445798 40
1738723689312 170.4476291792732 41
1738723689315 167.79600457497915 42
1738723689317 171.89403686335393 43
