1738726688531 182.06947573803762 0
1738726688567 170.17999674180507 1
1738726688603 172.7149326221382 2
1738726688639 165.69406253221084 3
1738726688675 156.83643628842185 4
1738726688711 188.01957995818108 5
1738726688746 194.48736063967604 6
1738726688782 173.62425455610145 7
1738726688817 170.4889375093426 8
1738726688852 158.29386014995941 9
1738726688887 175.66749776838992 10
1738726688922 176.29987868737786 11
1738726688958 185.5563889600988 12
1738726688994 161.14245302957045 13
1738726689029 178.36026748302245 14
1738726689065 175.0887040638933 15
1738726689101 128.1211920430766 16
1738726689137 151.20153241151075 17
1738726689173 190.65076393366053 18
1738726689208 171.85728066115777 19
1738726689244 179.04024849999263 20
1738726689280 170.6871987447105 21
1738726689315 139.7594834947469 22
1738726689351 154.544605102628 23
1738726689386 172.2478296425964 24
1738726689423 168.60120144793734 25
1738726689459 154.25491317931096 26
1738726689495 180.94068110479566 27
1738726689530 149.1740012390712 28
1738726689566 169.06483835176454 29
1738726689602 187.66736219023792 30
1738726689637 161.00845932485967 31
1738726689673 166.8125595849564 32
1738726689708 151.54602729693787 33
1738726689743 177.98788438207504 34
1738726689779 170.1676356228655 35
1738726689814 134.48423493743795 36
1738726689849 150.09181470182418 37
1738726689884 229.1524432077506 38
1738726689922 163.49544701173562 39
1738726689958 178.9559903881472 40
1738726689993 159.83437245133396 41
1738726690028 173.42498101062807 42
1738726690064 178.52721981984865 43
1738726690100 173.47744758870218 44
1738726690135 161.74647144393214 45
1738726690170 169.3908664493355 46
1738726690205 183.164139032205 47
1738726690241 182.34845831901734 48
1738726690277 163.6726882391888 49
1738726690313 167.38825646107867 50
1738726690350 169.64952994439912 51
1738726690387 173.9509997790973 52
1738726690422 169.57349579149368 53
1738726690458 186.49283249295078 54
1738726690493 175.82241088715358 55
1738726690529 187.54110611678635 56
1738726690565 167.29192117900655 57
1738726690601 203.69835026065104 58
1738726690636 158.66300612728068 59
1738726690671 182.26112033327854 60
1738726690710 180.65050030144954 61
1738726690747 172.4985977947382 62
1738726690784 202.11948299448997 63
1738726690819 141.54152135659066 64
1738726690855 164.56248546807637 65
1738726690890 221.9308283651311 66
1738726690926 136.82904248324976 67
1738726690962 174.46330606933273 68
1738726690998 147.86672187443156 69
1738726691034 172.1805199540598 70
1738726691070 180.54224858181257 71
1738726691106 165.5105002054776 72
1738726691141 218.57237487525194 73
1738726691177 164.00165367054387 74
1738726691213 168.2208822918758 75
1738726691248 159.3953178599975 76
1738726691283 160.96999010051158 77
1738726691319 190.2886820382374 78
1738726691354 145.1562766922027 79
1738726691389 165.43564351164616 80
1738726691425 122.34872005586115 81
1738726691460 170.17633588433836 82
1738726691494 162.89667955815472 83
1738726691529 139.36697226422152 84
1738726691563 218.00139717272157 85
1738726691597 144.84089327671543 86
1738726691631 169.3722839592119 87
1738726691665 169.91893216272254 88
1738726691699 173.76837373842628 89
1738726691733 191.61784767338094 90
1738726691768 159.98807814153642 91
1738726691801 184.89805837306673 92
1738726691836 243.49146261710817 93
1738726691869 149.73842623499974 94
1738726691904 167.67200713147756 95
1738726691938 160.28720978680437 96
1738726691972 151.42258988646262 97
1738726692006 169.02849296016973 98
1738726692040 181.11177250292226 99
1738726692074 143.33230365085342 100
1738726692108 167.57336171554462 101
1738726692141 196.38394485588623 102
1738726692175 170.59161531542628 103
1738726692210 207.5923406554631 104
1738726692244 148.0468146930162 105
1738726692279 200.21683042451085 106
1738726692315 159.72859399995866 107
1738726692354 166.71640560885766 108
1738726692390 145.7594927443838 109
1738726692426 172.41710375586104 110
1738726692461 178.5966788339963 111
1738726692497 150.24751722015674 112
1738726692532 175.25876396079184 113
1738726692567 163.22862028437868 114
1738726692603 187.63368395794376 115
1738726692638 175.69397865135298 116
1738726692673 167.7331340086723 117
1738726692708 151.2324072146654 118
1738726692743 249.46965324308735 119
1738726692778 158.27918207814213 120
1738726692814 170.8460803275098 121
1738726692848 175.59630215808173 122
1738726692883 176.9166268988778 123
1738726692918 159.49908407641706 124
1738726692953 169.64787941150098 125
1738726692988 145.4421845102546 126
1738726693024 163.51261133342112 127
1738726693059 174.30713884006067 128
1738726693094 169.5152251593992 129
1738726693129 158.05935235914603 130
1738726693165 180.99413399724142 131
1738726693201 185.35357394328636 132
1738726693236 155.8968308888598 133
1738726693271 183.74987759045396 134
1738726693307 192.899874293027 135
1738726693343 143.73712474772623 136
1738726693379 157.96754874441044 137
1738726693415 177.3425378859515 138
1738726693450 164.38435472773787 139
1738726693485 163.5542865249132 140
1738726693520 136.27863002364845 141
1738726693556 186.36324840346953 142
1738726693591 171.3277006585169 143
1738726693627 136.7042291481166 144
1738726693662 108.58163124577186 145
1738726693697 149.30193001391243 146
1738726693732 163.05798824926475 147
1738726693767 169.16930411463946 148
1738726693802 150.37199767395106 149
1738726693837 156.6890166765071 150
1738726693872 155.78923395656767 151
1738726693907 181.13503452552234 152
1738726693942 159.20366873772113 153
1738726693976 178.58581074430106 154
1738726694011 182.85010928119524 155
1738726694046 154.93574464943498 156
1738726694080 205.44822035969872 157
1738726694115 193.1897759688659 158
1738726694150 201.56986567069822 159
1738726694184 167.56937069308256 160
1738726694222 192.3737553364438 161
1738726694257 163.37916498288615 162
1738726694291 158.17564702747728 163
1738726694326 167.64924259535118 164
1738726694360 153.61472863257802 165
1738726694396 184.4082663341938 166
1738726694430 165.19118488255134 167
1738726694465 166.1518812631981 168
1738726694499 165.12727639047597 169
1738726694534 183.09814765237783 170
1738726694569 186.72717957229844 171
1738726694603 181.801318279387 172
1738726694637 175.64292026409228 173
1738726694672 163.21001912091356 174
1738726694706 205.50331615610355 175
1738726694741 149.8546875082734 176
1738726694775 191.16594396654142 177
1738726694809 174.84035189262315 178
1738726694844 159.63404415933252 179
1738726694878 179.47772398930803 180
1738726694913 140.5401581953538 181
1738726694947 170.30612343044095 182
1738726694982 162.30982436468963 183
1738726695016 157.0615903225044 184
1738726695050 185.2379541641541 185
1738726695085 147.85724883052117 186
1738726695119 200.73324996541513 187
1738726695153 181.89424955525746 188
1738726695188 168.78754954243732 189
1738726695222 174.36881871061863 190
1738726695257 166.525559173869 191
1738726695292 184.97192338260282 192
1738726695327 164.31634022525955 193
1738726695361 132.44429725790727 194
1738726695396 167.03412117401254 195
1738726695431 179.44554820420473 196
1738726695466 166.94690369511454 197
1738726695501 182.2492762022645 198
1738726695535 172.90059674611652 199
1738726695570 193.1249100823066 200
1738726695604 180.1827246975524 201
1738726695638 170.8328800508201 202
1738726695673 157.61266367460738 203
1738726695707 166.83793375290844 204
1738726695741 183.17276134968117 205
1738726695775 183.56475720862187 206
1738726695809 158.1475461388764 207
1738726695843 172.1439022125718 208
1738726695877 158.00333051393812 209
1738726695912 164.07212200314638 210
1738726695946 168.4212971949 211
1738726695980 167.8230053716034 212
1738726696014 182.913455282488 213
1738726696048 157.2493590780273 214
1738726696082 175.17325025354486 215
1738726696116 149.8171185681227 216
1738726696150 165.46705205092428 217
1738726696184 165.04469027434166 218
1738726696219 171.25469484219644 219
1738726696253 140.0676100937278 220
1738726696286 151.33468341215521 221
1738726696320 171.13118198207627 222
1738726696354 159.6970000953316 223
1738726696389 179.1893633553189 224
1738726696423 128.8377945254355 225
1738726696457 166.69741073893223 226
1738726696491 163.54295978440098 227
1738726696525 182.53905841553237 228
1738726696559 195.8850582512138 229
1738726696593 165.26324946351946 230
1738726696627 146.5818594798547 231
1738726696661 158.78676856244402 232
1738726696695 146.5288718274692 233
1738726696729 162.46733731580676 234
1738726696763 183.957640105949 235
1738726696797 169.88193533493683 236
1738726696831 172.83290321266622 237
1738726696865 169.77550274475408 238
1738726696899 162.57130781569177 239
1738726696933 179.8801862370868 240
1738726696967 162.93087871406982 241
1738726697001 180.02152249184084 242
1738726697035 185.32356176902408 243
1738726697069 153.4061406914394 244
1738726697102 166.1899307518955 245
1738726697136 175.2260637640069 246
1738726697170 162.06969672524497 247
1738726697204 183.1873324462075 248
