1738722855731 170.8913543699186 0
1738722855733 168.63262837747973 1
1738722855735 170.34821714692328 2
1738722855737 169.23476398761798 3
1738722855739 168.05439731553363 4
1738722855741 169.50777834445933 5
1738722855743 167.865323741491 6
1738722855746 172.09763425925632 7
1738722855748 169.87235650184482 8
1738722855750 168.86639646627705 9
1738722855752 169.1718289719225 10
1738722855754 169.3658612360486 11
1738722855756 169.8135347549633 12
1738722855759 169.9173731291913 13
1738722855761 167.8074774686065 14
1738722855763 167.71743129500905 15
1738722855766 169.66916282697943 16
