1738726144826 171.07564787409626 0
1738726144830 167.5108890951377 1
1738726144833 170.44111757073958 2
1738726144837 166.71623851375838 3
1738726144841 169.1747535468493 4
1738726144844 169.69584500838846 5
1738726144848 171.81541488926163 6
1738726144851 167.23019172363902 7
1738726144855 167.20316893379618 8
1738726144859 168.6580768808523 9
1738726144863 166.274294873023 10
1738726144867 169.20650164808362 11
1738726144870 171.2323154681711 12
1738726144874 166.67894145425043 13
1738726144878 169.62170094268035 14
1738726144881 167.8955994340591 15
1738726144886 169.55061280744573 16
1738726144889 169.37061605380458 17
1738726144893 169.74147731555357 18
1738726144896 171.95337058535614 19
1738726144900 168.95174792010994 20
1738726144903 167.65084924904494 21
1738726144907 170.98790221228205 22
1738726144911 166.05757392222762 23
1738726144914 167.7182426513718 24
1738726144918 166.8896807632864 25
1738726144921 169.1539251009484 26
1738726144925 168.49469080040583 27
1738726144928 167.04058430485182 28
1738726144932 169.20236009516438 29
1738726144935 167.8699780460269 30
1738726144939 169.08257657693633 31
1738726144943 170.721406176811 32
1738726144946 168.34281807354316 33
1738726144950 169.93568130141477 34
1738726144953 171.0105880748742 35
1738726144957 169.24696479351053 36
1738726144960 166.01347256147173 37
1738726144964 167.89058824764646 38
1738726144967 168.64391174584063 39
1738726144971 168.0116271339822 40
1738726144975 169.32166020741903 41
1738726144978 168.32822284253103 42
1738726144982 170.493931109988 43
1738726144985 167.27825470675293 44
1738726144989 168.10168162094587 45
1738726144992 167.97904337935356 46
1738726144996 167.85588306532833 47
1738726145000 169.5162104240972 48
1738726145003 171.13801955875576 49
1738726145007 166.8050815790134 50
1738726145011 167.7950337560713 51
1738726145014 167.33412204982253 52
1738726145018 167.97285833239428 53
1738726145022 169.0678432112877 54
1738726145026 170.28753042873683 55
1738726145030 170.10965936929898 56
1738726145034 169.6504710437001 57
1738726145037 168.73117786264496 58
1738726145041 167.66241782640776 59
1738726145045 170.47427875753752 60
1738726145048 170.29038624459443 61
1738726145052 168.18931036517435 62
1738726145055 169.28985335577718 63
1738726145059 170.46089835112514 64
1738726145062 169.68458543748739 65
1738726145066 167.60954919674248 66
1738726145070 171.14632662179667 67
1738726145073 167.2695653679082 68
1738726145077 166.30030388835442 69
1738726145080 170.3023383264996 70
1738726145084 171.03951280159342 71
1738726145087 171.07592663550744 72
1738726145091 169.74727523586915 73
1738726145095 165.3698904841112 74
1738726145098 167.17846498940435 75
1738726145102 165.94940781855846 76
1738726145105 167.72786162311363 77
1738726145109 168.27572600809594 78
1738726145113 169.24293343898572 79
1738726145116 166.1945171700158 80
1738726145120 167.86061966429008 81
1738726145123 169.4245413767452 82
1738726145127 171.07956605182412 83
1738726145130 166.94124906210143 84
1738726145134 168.19657212492498 85
1738726145138 169.3622477669484 86
1738726145141 168.47295772936403 87
1738726145145 167.16120944328526 88
1738726145148 167.36001671607175 89
