1738726231182 196.2770169519348 0
1738726231221 182.53737730513112 1
1738726231259 167.86098465453236 2
1738726231298 163.44172749372325 3
1738726231337 204.54253310079795 4
1738726231376 158.04372122270144 5
1738726231416 184.9894181517351 6
1738726231455 177.02493862880783 7
1738726231494 176.87540505754797 8
1738726231533 166.61195155078275 9
1738726231571 133.52477149985938 10
1738726231609 181.23333633475096 11
1738726231649 185.16504323270868 12
1738726231688 153.3131951184908 13
1738726231727 165.0215598158568 14
1738726231767 173.53830406412533 15
1738726231807 184.68626817962476 16
1738726231847 179.93262528336467 17
1738726231889 148.86375033868697 18
1738726231930 154.94303013375094 19
1738726231973 188.1753708260092 20
1738726232015 171.80553374454468 21
1738726232056 200.43276877254246 22
1738726232098 153.32510801937298 23
1738726232141 168.05336689742765 24
1738726232184 157.8258580275893 25
1738726232225 161.63751009988516 26
1738726232265 174.8715908823872 27
1738726232307 149.3897873938478 28
1738726232347 164.56954308289752 29
1738726232389 182.56887421505655 30
1738726232429 159.93772868629586 31
1738726232469 158.91194793808975 32
1738726232509 205.37516052015448 33
1738726232549 180.12071557028992 34
1738726232613 173.92653278683696 35
1738726232658 143.19950264552108 36
1738726232697 178.4981320538511 37
1738726232736 187.1511710353328 38
1738726232775 164.00430431571442 39
1738726232814 171.03751546898087 40
1738726232852 162.50059203926216 41
1738726232890 179.8960319637374 42
1738726232928 156.40243639311117 43
1738726232967 201.17124736028535 44
1738726233006 132.47780233746923 45
1738726233047 152.42457966059757 46
1738726233087 139.62351009089176 47
1738726233126 162.32737019381548 48
1738726233166 174.00070890991003 49
1738726233206 156.64224827971063 50
1738726233246 148.29818221411034 51
1738726233286 174.7346534089709 52
1738726233324 183.1365674217323 53
1738726233363 164.71659465275218 54
1738726233402 168.94487568644806 55
1738726233440 147.92905993505713 56
1738726233480 177.7392289887252 57
1738726233519 188.93688043054243 58
1738726233557 166.4249126674763 59
1738726233596 176.5964135284435 60
1738726233634 178.81714288507376 61
1738726233673 149.40390120488038 62
1738726233711 191.80641620319457 63
1738726233750 153.47656201612548 64
1738726233788 173.75006307355332 65
1738726233826 162.05672223739288 66
1738726233864 149.4869773083132 67
1738726233901 187.70074115234516 68
1738726233939 188.96332124317337 69
1738726233977 154.42937289748713 70
1738726234022 159.40340301282927 71
1738726234063 163.75618902641907 72
1738726234103 155.30630990577234 73
1738726234142 143.41813267754705 74
1738726234181 145.78779819020372 75
1738726234221 140.7089782613391 76
1738726234260 161.51474175634343 77
1738726234299 153.78016503212308 78
1738726234338 186.98524192723121 79
1738726234379 173.03454236992482 80
1738726234419 170.7730301719754 81
1738726234458 146.24141652795078 82
1738726234497 175.06004378267207 83
1738726234536 158.20837282427047 84
1738726234575 164.3566141684413 85
1738726234614 150.95176900581174 86
1738726234652 181.43628732826247 87
1738726234691 172.55204212131602 88
1738726234729 192.72788892771058 89
1738726234772 161.00331519836644 90
1738726234813 188.5671896356231 91
1738726234852 168.21434517048908 92
1738726234890 178.25325965544 93
1738726234929 171.35678754104987 94
1738726234967 153.73528664887866 95
1738726235005 184.88818397482657 96
1738726235042 185.8108926079596 97
1738726235080 187.1801206739104 98
1738726235117 130.26947000908353 99
1738726235155 170.88692551621938 100
1738726235199 171.76495129035666 101
1738726235236 193.0056549079972 102
1738726235274 177.55854466194987 103
1738726235312 180.44991257131608 104
1738726235349 165.66573638178554 105
1738726235394 163.41762405430737 106
1738726235444 150.43209062355544 107
1738726235486 167.66018410656852 108
1738726235528 173.42821744671306 109
1738726235567 147.83174910518056 110
1738726235606 157.75542585078702 111
1738726235645 200.76596452962397 112
1738726235684 162.34575663770016 113
1738726235722 164.17290611767598 114
1738726235760 175.71308986046398 115
1738726235798 178.61489178650143 116
1738726235836 184.81444793111638 117
1738726235874 182.99860059873683 118
1738726235912 197.879849684803 119
1738726235950 182.10543083858346 120
1738726235987 145.90306642125853 121
1738726236025 184.97246327338695 122
1738726236063 159.91366895433634 123
1738726236102 180.55341855521735 124
1738726236141 196.17956026067455 125
1738726236180 186.24809646309453 126
1738726236219 170.49131328963873 127
1738726236257 173.035753394606 128
1738726236296 122.98104415096968 129
1738726236335 175.95830232091822 130
1738726236373 160.6576948794 131
1738726236418 176.1612208467781 132
1738726236461 168.20943150513082 133
1738726236501 166.6306470376404 134
1738726236540 155.6102670006326 135
1738726236579 178.0926207133641 136
1738726236618 167.87874615092014 137
1738726236658 168.06917687584178 138
1738726236698 167.29772664025538 139
1738726236740 186.7043453269487 140
1738726236784 177.2212487658946 141
1738726236825 183.90274464490537 142
1738726236867 183.6506163169109 143
1738726236910 141.1580361884421 144
1738726236952 183.21645994284663 145
1738726236994 212.15591828539493 146
1738726237068 169.77911737083195 147
1738726237111 190.46502251942925 148
1738726237151 178.39850036915615 149
1738726237191 178.2273541576189 150
1738726237233 185.0093398619542 151
1738726237274 176.3165506217343 152
1738726237315 176.58496045645379 153
1738726237356 210.5991146002333 154
1738726237398 220.38607941893298 155
1738726237439 195.55107403423042 156
1738726237481 180.85958593151275 157
1738726237522 170.74314974709645 158
1738726237563 132.94913210257383 159
1738726237604 162.8220090617359 160
1738726237645 202.2536281489414 161
1738726237686 177.1976323025985 162
1738726237725 175.57019967978596 163
1738726237765 167.10469184199587 164
1738726237806 172.56584092106698 165
1738726237846 149.58979202580937 166
1738726237887 159.27900474187538 167
1738726237928 153.13876614140312 168
1738726237967 201.49359952763785 169
1738726238007 164.91234578597994 170
1738726238046 150.5021093940117 171
1738726238086 164.08709115028188 172
1738726238126 172.86463129827837 173
1738726238166 156.1542624874362 174
1738726238206 174.07109614244519 175
1738726238246 158.08143764685408 176
1738726238286 178.24074938306458 177
1738726238326 174.7157779677628 178
1738726238366 171.0469480224343 179
1738726238406 142.60622718559242 180
1738726238446 178.52671808042047 181
1738726238486 188.90531630250553 182
1738726238526 160.2760750390425 183
1738726238567 155.3405038893468 184
1738726238607 160.5031381811914 185
1738726238647 125.52472632144266 186
1738726238688 153.87833674026533 187
1738726238729 149.32148356687264 188
1738726238769 176.81947618336812 189
1738726238809 195.91391363434136 190
1738726238849 179.5750542213004 191
1738726238890 160.55662276458855 192
1738726238931 221.65802263606926 193
1738726238971 180.74046967346692 194
1738726239011 130.74711013498995 195
1738726239051 181.49301400949216 196
1738726239092 185.10196050287783 197
1738726239131 180.8776058590107 198
1738726239171 187.58631627545472 199
1738726239211 171.68306834150442 200
1738726239251 168.80588254052196 201
1738726239290 124.70675827973767 202
1738726239330 155.744221357678 203
1738726239369 189.10638285781872 204
1738726239408 160.0438819487627 205
1738726239447 153.45533784835044 206
1738726239487 186.56463491880592 207
1738726239527 168.98564782540342 208
1738726239565 175.3879371505034 209
1738726239604 183.83050285427547 210
1738726239643 165.19854552011466 211
1738726239683 161.12983904386263 212
1738726239722 186.08887076505945 213
1738726239761 171.4071434519868 214
1738726239801 181.08355221726163 215
1738726239840 167.208449150703 216
1738726239879 164.55779113324508 217
1738726239918 187.13553810697832 218
1738726239956 176.6495930461452 219
1738726239995 179.87956426424654 220
1738726240034 161.57194827248586 221
1738726240074 161.37326614542016 222
1738726240114 173.85817837470057 223
1738726240155 162.4287332916176 224
1738726240195 165.29746026298244 225
1738726240240 162.2496570486348 226
1738726240310 192.14674541753737 227
1738726240355 162.84870635142425 228
1738726240396 160.76303270736094 229
1738726240436 193.90548530070058 230
1738726240477 174.83592455868057 231
1738726240518 163.60036219698736 232
1738726240560 150.58008937638448 233
1738726240601 167.97437136532946 234
1738726240641 236.9058771321174 235
1738726240680 151.25847847690136 236
1738726240719 118.90093779961153 237
1738726240757 177.54860900157155 238
1738726240795 145.87270279531728 239
1738726240834 178.2103659971047 240
1738726240873 178.20576356816747 241
1738726240912 159.71220954936302 242
1738726240951 186.6997310073014 243
1738726240990 211.8335323614077 244
1738726241028 173.8117281036654 245
1738726241066 160.12906914160934 246
1738726241105 154.71972492205424 247
1738726241144 200.752753650986 248
1738726241182 166.56383064733362 249
1738726241221 195.4669673034693 250
1738726241261 134.4677437349546 251
1738726241300 159.28813541692125 252
1738726241339 177.94965686222704 253
1738726241377 168.8648080917382 254
1738726241415 170.9226711853237 255
1738726241453 166.16652260847053 256
1738726241492 203.77432300071413 257
1738726241530 150.49332351506993 258
1738726241568 155.48942577641046 259
1738726241607 158.00522991399865 260
1738726241645 146.19558095171956 261
1738726241684 166.42047307061503 262
