1738724777116 168.85331887394588 0
1738724777120 168.378385606574 1
1738724777123 168.38688765803806 2
1738724777126 169.29660096973555 3
1738724777129 169.48989595802698 4
1738724777132 168.4276053763518 5
1738724777136 170.61749376328447 6
1738724777139 168.8822261518531 7
1738724777142 168.15455792364259 8
1738724777145 169.63733774721638 9
1738724777148 168.43021995191432 10
1738724777151 170.2846734287717 11
1738724777154 168.37865717780303 12
1738724777157 170.6459924163422 13
1738724777160 167.2739154181004 14
