1738722564564 169.25435909656514 0
1738722564566 172.38655720938007 1
1738722564569 168.62877290373348 2
1738722564571 167.0972647221057 3
1738722564573 167.85284279061756 4
1738722564575 165.01628382776696 5
1738722564577 168.12229361986024 6
1738722564579 167.6552140524792 7
1738722564581 167.10262877353233 8
1738722564583 167.32787869743802 9
1738722564591 166.8503818066718 10
1738722564614 171.5111672450216 11
1738722564617 168.9945350074687 12
1738722564625 169.90573986349938 13
1738722564630 166.62475002837826 14
1738722564633 168.72086068894671 15
1738722564635 167.1601677704834 16
1738722564639 168.4828136171089 17
1738722564642 169.00337607820902 18
1738722564645 170.06725327512325 19
1738722564647 168.69223246734737 20
1738722564650 167.80358319220184 21
1738722564652 168.88589813249996 22
1738722564655 167.61309854780478 23
1738722564657 170.58459387211096 24
1738722564660 168.74082043847784 25
1738722564662 167.71332223980093 26
1738722564664 167.63438956428513 27
1738722564666 168.51066322966705 28
1738722564669 169.1126599359914 29
1738722564671 166.86773691116576 30
1738722564673 167.26942109750203 31
1738722564676 167.05371068346724 32
1738722564678 168.8378316352962 33
1738722564681 166.16638032241906 34
1738722564683 170.67714021126307 35
1738722564685 168.22779221514844 36
1738722564687 167.10346280167835 37
1738722564690 169.9144241730757 38
1738722564692 167.18115124934593 39
1738722564694 169.61785743060273 40
1738722564696 167.28528714023628 41
1738722564698 168.257241793024 42
1738722564700 168.69554556233481 43
1738722564703 170.1254164172443 44
1738722564705 168.1711799034069 45
1738722564707 169.25982951165787 46
1738722564710 171.59789333837995 47
1738722564712 169.49539671623134 48
1738722564714 169.20817260873338 49
1738722564716 170.26534109048546 50
1738722564718 169.99539756700068 51
1738722564720 166.24740429138635 52
1738722564723 168.4100614195386 53
1738722564725 168.35571750131461 54
1738722564727 166.46277603948658 55
1738722564729 166.84855320531454 56
1738722564731 167.2386369822884 57
1738722564733 170.13044260661619 58
1738722564735 167.89756224692363 59
1738722564738 168.286336567035 60
1738722564740 168.84529992233442 61
1738722564742 168.4756136020853 62
1738722564744 170.90426506086467 63
1738722564746 171.18757393898355 64
1738722564748 169.74216970980822 65
1738722564750 168.7679858476236 66
1738722564752 167.71572218056664 67
1738722564754 168.73468477963158 68
1738722564757 167.43381757468268 69
1738722564759 167.92913080367205 70
1738722564761 168.95376592275863 71
1738722564763 168.59271387997362 72
1738722564766 168.73162064271858 73
1738722564768 168.53185319074365 74
1738722564770 170.6005634717767 75
1738722564772 168.4253683048195 76
1738722564774 168.99026985897382 77
1738722564776 166.95877224140042 78
1738722564779 167.6781689607714 79
1738722564781 167.25281378482356 80
1738722564783 168.98349992330938 81
1738722564786 168.2695931045673 82
1738722564788 166.46185612543715 83
1738722564791 167.70167043056588 84
1738722564793 168.5334924228898 85
1738722564795 169.28868774540226 86
1738722564797 167.5245215203336 87
1738722564799 171.16649282412178 88
1738722564802 167.46789736145084 89
1738722564804 170.798449544623 90
1738722564806 168.496340660312 91
1738722564808 170.47224184750934 92
1738722564810 167.6510653566468 93
1738722564812 169.90823276219388 94
1738722564814 169.95282376042218 95
1738722564822 170.16882209379523 96
1738722564824 168.07644276946306 97
1738722564826 169.78879818366278 98
1738722564829 168.43929168847782 99
1738722564831 167.85511728025082 100
1738722564833 168.02704188353852 101
1738722564835 170.39331424540876 102
1738722564837 167.667328590132 103
1738722564839 166.7788415762129 104
1738722564841 169.19820769183985 105
1738722564844 168.64634119829063 106
1738722564846 164.7618405211905 107
1738722564848 169.1899030739146 108
1738722564850 171.47190521714643 109
1738722564852 169.30355027896613 110
1738722564854 166.34399103410476 111
1738722564856 167.07797296573523 112
1738722564859 169.02248489630085 113
1738722564861 170.41594555031776 114
1738722564863 170.69175471603282 115
1738722564865 165.81918334561155 116
1738722564868 168.45023462447378 117
1738722564870 165.96256940671688 118
1738722564872 167.3051603916469 119
1738722564874 168.28165875969833 120
1738722564877 169.9474905314581 121
1738722564879 167.25394699020495 122
1738722564881 170.41339748080995 123
1738722564883 168.53342207099232 124
1738722564885 169.97478642915848 125
1738722564887 168.90085449775952 126
1738722564890 168.42388584930026 127
1738722564892 168.1504905951131 128
1738722564894 167.26295639515456 129
1738722564896 170.7964342029857 130
1738722564898 167.34689087908433 131
1738722564901 168.80531572796912 132
1738722564903 168.79396150884176 133
1738722564905 165.84466018089324 134
1738722564907 166.5109428431127 135
1738722564909 166.67464120023288 136
1738722564911 168.55904265313916 137
1738722564913 170.09503611083423 138
1738722564916 168.58156072860697 139
1738722564918 166.86098319668932 140
1738722564921 169.01473988684504 141
1738722564923 168.63870757812404 142
1738722564925 167.33916618738522 143
1738722564927 169.5745373902605 144
1738722564929 171.2795797663011 145
1738722564932 167.83144447762635 146
1738722564934 167.32209688907164 147
1738722564936 167.07296018972062 148
1738722564938 170.2931614138026 149
1738722564940 168.305580658006 150
1738722564942 167.98724587074204 151
1738722564944 168.17233546861115 152
1738722564946 169.29258523984066 153
1738722564948 169.58297860045036 154
1738722564951 168.97352156592552 155
1738722564953 168.28569596853882 156
1738722564955 169.63930646144775 157
1738722564957 170.1329944356202 158
1738722564959 166.40735597408718 159
1738722564961 168.35738194607805 160
1738722564964 168.6252719699829 161
1738722564966 167.8234956518716 162
1738722564968 166.15306692190268 163
1738722564970 169.94304104820833 164
1738722564972 170.00054517913253 165
1738722564975 169.90964120963025 166
1738722564977 170.47677434604194 167
1738722564979 168.42792990257524 168
1738722564981 166.50514728414325 169
1738722564984 168.79608311658532 170
1738722564987 168.1725385368013 171
1738722564989 168.97786024294857 172
1738722564992 165.336584850942 173
1738722564994 169.91016650082628 174
1738722564996 168.78631201857928 175
1738722564999 168.04508550449523 176
1738722565001 170.3296402374792 177
1738722565004 167.30539082002437 178
1738722565006 169.16014333835722 179
1738722565008 169.03541278205154 180
1738722565010 170.0001612341026 181
1738722565013 169.83853806012428 182
1738722565015 168.04406265095736 183
1738722565017 167.7993892873381 184
1738722565019 169.72125434863625 185
1738722565021 166.46312534021598 186
1738722565023 170.3141792381816 187
1738722565026 168.43931032716029 188
1738722565028 171.18073949127148 189
1738722565030 169.90863548393165 190
1738722565032 171.17852945081333 191
1738722565034 170.46624993772593 192
1738722565036 169.2431518394965 193
1738722565038 168.0094920755792 194
1738722565040 166.16871274767976 195
1738722565043 167.6890879032531 196
1738722565045 169.53930169669292 197
1738722565047 169.0559910660727 198
1738722565049 168.33229424348556 199
1738722565051 169.29054137536215 200
1738722565053 168.89696280069694 201
1738722565055 166.89139551884585 202
1738722565057 168.97907534114182 203
1738722565060 169.31377821010486 204
1738722565062 167.2731571808119 205
1738722565064 172.1498748628427 206
1738722565066 167.44900650517405 207
1738722565068 167.2034324242017 208
1738722565070 168.05307626247748 209
1738722565072 169.58704787494935 210
1738722565074 167.2849050395285 211
1738722565076 167.92919543640804 212
1738722565078 168.8490414515265 213
1738722565080 169.22960875712477 214
1738722565083 167.5371858145187 215
1738722565085 170.0014084840788 216
1738722565087 169.08725533332742 217
1738722565089 169.06619621637523 218
1738722565091 169.67360559841555 219
1738722565093 169.51000242089157 220
1738722565095 170.76005773789873 221
1738722565097 167.717494648679 222
1738722565099 172.29703985801734 223
1738722565101 169.62098971178173 224
1738722565103 168.23073736720033 225
1738722565106 166.97954446330272 226
1738722565108 168.7176284347192 227
1738722565110 168.7055705554994 228
1738722565113 167.15801154406572 229
