1738723794906 176.66837413154047 0
1738723794942 178.1558240677767 1
1738723794978 173.77761523100733 2
1738723795014 166.0148560247212 3
1738723795050 157.30523627855965 4
1738723795087 172.90314742714912 5
1738723795125 168.86467166353782 6
1738723795163 169.11605122306054 7
1738723795200 158.86651659061934 8
1738723795237 173.92753585260735 9
1738723795274 165.48023702217444 10
1738723795311 174.10951835672304 11
1738723795348 147.10428899084076 12
1738723795384 167.26199118893453 13
1738723795421 172.10977344440215 14
1738723795458 162.87823633937492 15
1738723795495 164.09405013603674 16
1738723795532 129.67956619071526 17
1738723795569 174.04096040732438 18
1738723795606 163.8525246784906 19
1738723795642 155.0795921402924 20
1738723795679 184.41909419532732 21
1738723795716 159.04429962947668 22
1738723795752 147.74212696623957 23
1738723795789 204.78369916588886 24
1738723795825 148.27123221629765 25
1738723795862 176.73429787181544 26
1738723795898 132.25427486794482 27
1738723795935 209.94116904379152 28
1738723795972 179.51616174148847 29
1738723796008 156.9277074417468 30
1738723796045 182.54956056446335 31
1738723796081 175.28231163442717 32
1738723796117 176.06023559843985 33
1738723796154 173.11349600163936 34
1738723796190 165.50496481670655 35
1738723796227 167.6334138715095 36
1738723796263 164.6223640967021 37
1738723796299 173.27485553624444 38
1738723796336 168.52489699445943 39
1738723796373 178.46117443169643 40
1738723796409 137.88791623599994 41
1738723796445 161.23031287327842 42
1738723796482 184.3720964692553 43
1738723796518 170.16625343484628 44
1738723796554 197.4675418936533 45
1738723796591 196.60077537384996 46
1738723796627 175.5122275183409 47
1738723796663 146.89967261226562 48
1738723796700 164.7756025216238 49
1738723796736 164.4618785789187 50
1738723796772 159.5673062803115 51
1738723796808 162.10376687790153 52
1738723796845 184.02436508339156 53
1738723796881 153.78290206407095 54
1738723796917 183.9265289911411 55
1738723796953 158.26598710671712 56
1738723796989 161.607109095999 57
1738723797025 170.21078912030202 58
1738723797062 159.5568996405061 59
1738723797098 148.7057328903302 60
1738723797134 164.41932972272394 61
1738723797170 177.46293757172944 62
1738723797206 156.51818155034633 63
1738723797242 134.50573151580548 64
1738723797279 179.54744694170714 65
1738723797317 172.11096267704733 66
1738723797354 195.9314429711615 67
1738723797392 150.57279427159102 68
1738723797429 202.14622350654537 69
1738723797466 176.51659092031392 70
1738723797504 187.59065791456666 71
1738723797541 171.0468511438399 72
1738723797578 153.51354165423396 73
1738723797615 177.19590077557277 74
1738723797652 198.63210785647178 75
1738723797689 179.45738172945403 76
1738723797726 178.21834333175795 77
1738723797763 243.93161390918573 78
1738723797800 132.6283517303042 79
1738723797837 181.21394968669495 80
1738723797873 279.00098399253596 81
1738723797910 159.72725914454213 82
1738723797947 176.5716899394724 83
1738723797984 135.4500352526614 84
1738723798021 188.57286839212315 85
1738723798057 172.0498438302896 86
1738723798094 200.6922176214759 87
1738723798130 152.29419133807892 88
1738723798168 124.6842248224762 89
1738723798205 205.5621438203071 90
1738723798242 175.14969117418414 91
1738723798279 182.41848810098733 92
1738723798316 180.9385854524051 93
1738723798353 168.14162671161242 94
1738723798389 178.12699415261255 95
1738723798426 181.27180506534427 96
1738723798463 184.02806131739354 97
1738723798499 170.16094272675454 98
1738723798536 195.04319560417713 99
1738723798573 156.91173270071175 100
1738723798609 164.67926634557108 101
1738723798646 175.68867953965966 102
1738723798683 163.4537481745116 103
1738723798720 153.58287987027032 104
1738723798756 174.73103897828855 105
1738723798793 165.51212738105863 106
1738723798830 164.7206429485529 107
1738723798867 158.5966017223926 108
1738723798903 174.73775031778598 109
1738723798940 136.57246075702625 110
1738723798976 160.88679276837897 111
1738723799013 187.88627891867387 112
1738723799049 150.23483596961847 113
1738723799086 183.39640074043697 114
1738723799122 160.5266010948363 115
1738723799159 159.66493306495326 116
1738723799195 143.95361097985216 117
1738723799232 168.11725046063512 118
1738723799268 186.0948646496168 119
1738723799305 157.9240564314427 120
1738723799341 177.99006577226498 121
1738723799378 142.72003009239685 122
1738723799414 140.34062317857806 123
1738723799451 165.7801860908015 124
1738723799487 159.1982947681058 125
1738723799524 162.22621766449606 126
1738723799560 155.1443961938884 127
1738723799597 183.3635455704128 128
1738723799633 158.04663593465042 129
1738723799670 188.2675128237697 130
1738723799706 138.92368716284116 131
1738723799743 174.25946226961264 132
1738723799779 147.70789050646462 133
1738723799815 164.41105907254445 134
1738723799852 175.3709744984734 135
1738723799888 181.28378841475427 136
1738723799925 160.77584793955566 137
1738723799961 160.4131106186558 138
1738723799997 179.03886605649242 139
1738723800034 146.54608903594692 140
1738723800071 172.33688060760576 141
1738723800107 160.03166124236077 142
1738723800143 168.65387090970998 143
1738723800180 183.79810277033826 144
1738723800216 160.5640036011033 145
1738723800252 170.0631785354992 146
1738723800288 180.13538287893113 147
1738723800325 185.48614578457565 148
1738723800361 171.2210600760912 149
1738723800397 236.786107894119 150
1738723800433 199.8601960205295 151
1738723800469 171.2090713528677 152
1738723800506 193.05133690522516 153
1738723800542 184.58411847539801 154
1738723800579 167.49026503609045 155
1738723800615 171.47060799880015 156
1738723800651 239.74117392846372 157
1738723800688 171.71121077004875 158
1738723800724 185.63954015348898 159
1738723800760 162.2901629034973 160
1738723800796 128.56633675183429 161
1738723800832 237.56742937261023 162
1738723800868 163.9249623032677 163
1738723800905 177.04227911379093 164
1738723800941 192.4458962349769 165
1738723800977 184.9002484032622 166
1738723801013 188.92434303227643 167
1738723801049 179.03993984202694 168
1738723801085 212.136750040886 169
1738723801121 183.30642202751667 170
1738723801157 173.31370979813968 171
1738723801194 163.2167546513838 172
1738723801230 146.4716558570919 173
1738723801266 169.90286601306718 174
1738723801303 267.26348371623294 175
1738723801339 130.46178395020814 176
1738723801375 160.52684632541136 177
1738723801412 237.37217942268995 178
1738723801448 176.11821977998966 179
1738723801484 155.15965098566315 180
1738723801520 186.58829655725634 181
1738723801556 183.41570069118407 182
1738723801593 165.38009349003931 183
1738723801629 183.04362067905964 184
1738723801665 176.5335625589284 185
1738723801701 156.00525417930595 186
1738723801737 126.69641738926765 187
1738723801773 177.6913992668649 188
1738723801809 170.65879236717393 189
1738723801845 181.7563722783982 190
1738723801881 142.3458083591316 191
1738723801918 163.1086389694915 192
1738723801954 149.5633940209025 193
1738723801990 181.512299558124 194
1738723802026 195.24110406935327 195
1738723802062 157.73772376930444 196
1738723802099 167.5560075906583 197
1738723802135 137.99935185725352 198
1738723802171 192.84104930719784 199
1738723802207 161.09468934111518 200
1738723802243 178.890650518156 201
1738723802280 189.85913419066236 202
1738723802316 190.041016716451 203
1738723802352 175.5722897144223 204
1738723802388 152.84110625150626 205
1738723802424 114.3094099156978 206
1738723802460 144.75130970351265 207
1738723802496 173.41557156690993 208
1738723802532 157.4702468618827 209
1738723802568 172.05916281708699 210
1738723802604 147.38313050302 211
1738723802640 169.21091938433975 212
1738723802676 190.70603894334783 213
1738723802712 156.09453810451237 214
1738723802748 171.97548382139138 215
1738723802784 153.85802921053687 216
1738723802820 197.97441385378195 217
1738723802856 175.05999017104395 218
1738723802892 167.9245514092851 219
1738723802928 183.59336626835034 220
1738723802963 192.8467235810644 221
1738723802999 174.80805511742233 222
1738723803035 159.86746842098256 223
1738723803071 186.6656302826529 224
1738723803107 178.2808378440424 225
1738723803143 185.34460998728315 226
1738723803179 153.14906729628586 227
1738723803215 171.2293965645762 228
1738723803251 175.1360779720558 229
1738723803287 203.89867720357262 230
1738723803324 169.49322148431992 231
1738723803361 178.42289218656376 232
1738723803397 199.57456884501678 233
1738723803434 164.53497674519463 234
1738723803471 140.78621620763948 235
1738723803508 190.8711878389073 236
1738723803545 183.822123259698 237
1738723803581 140.947116827087 238
1738723803618 181.33379355835024 239
1738723803655 183.90096446489895 240
1738723803692 187.31069863530948 241
1738723803728 190.12150729348048 242
1738723803765 184.57384030079493 243
1738723803802 157.64413681688143 244
1738723803839 165.4893138451853 245
1738723803875 197.75750190865864 246
1738723803912 172.41840505237406 247
1738723803948 196.59944793497107 248
1738723803985 178.62507538732186 249
1738723804022 172.3145912886353 250
1738723804058 144.8984199091935 251
1738723804095 136.97631632450006 252
1738723804133 138.77084156126773 253
1738723804169 174.9832128625049 254
1738723804206 169.0297569376551 255
1738723804242 150.62185530033602 256
1738723804279 147.3433765362647 257
1738723804315 192.26774961565548 258
1738723804352 168.13202242075187 259
1738723804388 172.7712595824492 260
1738723804425 169.3921324484321 261
1738723804461 135.915358240957 262
1738723804498 151.5139066808602 263
1738723804534 187.61725604086953 264
1738723804570 171.70154526234305 265
1738723804607 252.77973222337522 266
1738723804643 159.97852149969623 267
1738723804679 168.97650215339598 268
1738723804716 176.82302427979832 269
1738723804752 191.57308836004464 270
1738723804789 179.08774870989694 271
1738723804825 187.3750877745157 272
1738723804862 174.63220595984583 273
1738723804898 184.06465778435015 274
1738723804935 170.96748339589507 275
1738723804971 164.70096491257672 276
1738723805008 167.18424561069008 277
1738723805044 175.8596280746296 278
1738723805080 175.32924862255572 279
1738723805117 164.96256786786842 280
1738723805153 183.8600258036905 281
1738723805190 187.3050786876077 282
1738723805226 160.35914419830726 283
1738723805262 171.63862500152055 284
1738723805298 173.25842140604925 285
1738723805335 198.8641151880916 286
1738723805371 150.49474225562128 287
1738723805407 192.70314313507305 288
1738723805444 213.8071613959096 289
1738723805480 166.9608512975899 290
1738723805516 109.99150302920089 291
1738723805552 161.57849552658396 292
1738723805589 191.69127167793243 293
1738723805625 169.65013453879166 294
1738723805661 143.9407550999126 295
1738723805697 150.50178597408203 296
1738723805734 185.8504304093631 297
1738723805770 182.0586210882438 298
1738723805806 177.19898738056116 299
1738723805842 204.90412539304413 300
1738723805879 163.0859305446827 301
1738723805915 172.2101425547635 302
1738723805951 167.4564665470433 303
1738723805987 156.8117486220737 304
1738723806023 198.7249168097445 305
1738723806060 164.59250803936777 306
1738723806096 157.342576392116 307
1738723806132 146.5113380280099 308
1738723806168 171.582306167404 309
1738723806205 148.82449712256758 310
1738723806241 132.78961962543445 311
1738723806277 204.9810348465958 312
1738723806313 161.06625170565997 313
1738723806350 166.60083455956948 314
1738723806386 127.19215451066482 315
1738723806422 162.72564294071373 316
1738723806458 178.0786800157826 317
1738723806494 159.16236874814277 318
1738723806530 168.17445964217197 319
1738723806566 154.82930710826167 320
1738723806602 194.7228520304945 321
1738723806638 193.67949334468386 322
1738723806674 162.69219762509755 323
1738723806711 149.44371523841744 324
1738723806747 163.34088888499653 325
1738723806783 197.60927508789462 326
1738723806819 140.82835328646297 327
1738723806855 163.4896899336782 328
1738723806891 153.10916402645609 329
1738723806927 177.32277514454137 330
1738723806963 184.7220717226325 331
1738723806999 172.84398621909546 332
1738723807035 158.38267395768185 333
1738723807071 148.15082734729398 334
1738723807108 169.07875752594552 335
1738723807144 195.74027747081726 336
1738723807180 160.87249128511237 337
1738723807216 149.1058356811155 338
1738723807252 187.72599819990944 339
1738723807288 169.0121731647936 340
1738723807325 164.86194733626846 341
1738723807362 186.15772686485766 342
1738723807398 116.31201601703039 343
1738723807435 161.86370219995914 344
1738723807471 178.74734026176776 345
1738723807508 161.79886174519694 346
1738723807544 201.7209227332679 347
1738723807580 170.08455150873007 348
1738723807617 164.03962718603242 349
1738723807653 181.90347086910418 350
1738723807690 179.85941402573263 351
1738723807726 176.41327540948976 352
1738723807763 158.83847673196246 353
1738723807799 174.1015723462417 354
1738723807836 183.11326877786033 355
1738723807872 183.63543536261074 356
1738723807908 192.6650041745958 357
1738723807945 169.75922523305186 358
1738723807981 160.50191442608036 359
1738723808018 177.74257205406153 360
1738723808054 195.61179895595737 361
1738723808090 166.1474279200062 362
1738723808127 149.07767107633543 363
1738723808163 154.39273456531163 364
1738723808200 186.88579829348728 365
1738723808236 150.47618055842125 366
1738723808273 176.98042872365085 367
1738723808309 165.61933946590648 368
1738723808346 161.35076007761722 369
1738723808382 191.65783410392459 370
1738723808418 193.0217176177977 371
1738723808455 176.57598087939644 372
1738723808491 183.35046109149212 373
1738723808527 182.0954037942078 374
1738723808563 167.0042547547279 375
1738723808600 165.2538992944975 376
1738723808636 174.81483767181217 377
1738723808672 135.0911367845497 378
1738723808708 177.01465040105313 379
1738723808744 155.64972796169627 380
1738723808780 160.10544988746446 381
1738723808816 178.79779306230986 382
1738723808852 160.99931654732598 383
1738723808888 157.34385970073868 384
1738723808925 153.3115490558572 385
1738723808961 164.98442605189712 386
1738723808997 160.566169019937 387
1738723809034 172.77693447195202 388
1738723809071 184.03758211021304 389
1738723809111 162.6237567591942 390
1738723809150 198.06963640468643 391
1738723809186 186.00524882065565 392
1738723809223 120.60376813802208 393
1738723809263 173.1426455257568 394
1738723809301 200.73357568554943 395
1738723809338 186.53509814189118 396
1738723809375 154.43412518360162 397
1738723809412 169.96781685607823 398
1738723809449 193.64025559767782 399
1738723809485 173.78236714442195 400
1738723809522 163.99933380196532 401
1738723809559 190.00106059772233 402
1738723809596 178.44402095812868 403
1738723809632 155.63708316520567 404
1738723809669 177.2424386158689 405
1738723809706 179.44495431365587 406
1738723809742 120.02525919092986 407
1738723809779 163.15020646579353 408
1738723809816 145.14162409650413 409
1738723809852 163.02530129834406 410
1738723809889 147.36804905988433 411
1738723809925 169.98024892360422 412
1738723809962 185.2484092429239 413
1738723809999 182.12445684165456 414
1738723810035 153.0492858794547 415
1738723810072 185.78871804760536 416
1738723810108 163.16175605309266 417
1738723810145 170.93565600508958 418
1738723810181 172.6489589564873 419
1738723810217 150.83333009758155 420
1738723810254 172.0650532351753 421
1738723810290 165.61549413646443 422
1738723810327 162.64590431068203 423
1738723810363 177.25572280005187 424
1738723810400 188.82087755196162 425
1738723810436 179.61378042828792 426
1738723810472 167.60098956417644 427
1738723810509 146.15947908099 428
1738723810545 150.84640470401584 429
1738723810581 153.0094697752367 430
1738723810617 129.69044162273786 431
1738723810654 172.91014688131824 432
1738723810690 185.88683812635986 433
1738723810726 147.20387563036678 434
1738723810763 166.77852277071904 435
1738723810799 167.6571282430317 436
1738723810835 175.94036230465662 437
1738723810871 183.89995207653817 438
1738723810908 151.30466540855124 439
1738723810944 174.8186124731463 440
1738723810980 145.24558156051495 441
1738723811017 169.56062324978757 442
1738723811053 196.32346627285764 443
1738723811090 166.66931708015787 444
1738723811126 164.88130168540314 445
1738723811163 170.28433173132262 446
1738723811199 153.13980749791563 447
1738723811235 180.1196855978552 448
1738723811272 168.53983597543987 449
1738723811308 168.60670985743735 450
1738723811345 140.26739458500433 451
1738723811383 155.39986377268957 452
1738723811421 170.19393345033106 453
1738723811459 175.14787856238596 454
1738723811497 178.35336589502938 455
1738723811534 165.00395178787525 456
1738723811571 185.5309228596444 457
1738723811608 205.78280834693587 458
1738723811651 147.21111285882736 459
1738723811689 187.72752282899452 460
1738723811727 169.26016412704274 461
1738723811764 189.62145485726643 462
1738723811801 142.34593367812752 463
1738723811838 172.01417125707488 464
1738723811876 168.05031151089267 465
1738723811913 171.69044800957522 466
1738723811950 202.15076368852706 467
1738723811987 158.61012733463494 468
1738723812024 180.27312485920933 469
1738723812061 171.241202358985 470
1738723812098 144.48172971015612 471
1738723812134 177.45046073874875 472
1738723812172 176.27748620623035 473
1738723812209 151.19716757743905 474
1738723812247 189.69506829326096 475
1738723812284 166.95470556057185 476
1738723812322 161.30067291384694 477
1738723812359 123.16228523476414 478
1738723812396 183.68122611354798 479
1738723812445 149.340141795845 480
1738723812483 191.569119169974 481
1738723812520 175.41504309500291 482
1738723812557 147.27724783740953 483
1738723812594 177.04360183950038 484
1738723812630 165.52894515372668 485
1738723812667 173.8770260666086 486
1738723812703 154.86614714980732 487
1738723812740 164.36582639575727 488
1738723812776 202.22063830430628 489
1738723812813 234.1593707243599 490
1738723812849 184.9726436897771 491
1738723812886 170.05174165288358 492
1738723812922 137.03837354876367 493
1738723812959 150.61436484420486 494
1738723812996 170.37324405124497 495
1738723813032 207.33727944835547 496
1738723813069 162.87905611412907 497
1738723813105 173.91681575729774 498
1738723813141 163.36019714530337 499
