1738724448079 167.74413808900061 0
1738724448115 165.08221261283944 1
1738724448150 171.10320866298076 2
1738724448186 173.71821533565173 3
1738724448222 167.07987381658873 4
1738724448259 162.24960305442676 5
1738724448295 172.26182341105184 6
1738724448330 176.45371543767607 7
1738724448366 150.79937132166395 8
1738724448402 170.5813350613143 9
1738724448439 163.04717770652175 10
1738724448475 168.0844055412146 11
1738724448511 153.32436716988713 12
1738724448546 165.02111287469148 13
1738724448586 171.578877928314 14
1738724448621 176.70018852058166 15
1738724448657 168.88549165171148 16
1738724448692 174.42511881806178 17
1738724448728 162.43986575056527 18
1738724448763 177.7995205209001 19
1738724448798 159.32841503295816 20
1738724448833 171.41771255328229 21
1738724448868 164.60350329797043 22
1738724448903 169.38600604561566 23
1738724448938 164.79798102747884 24
1738724448973 179.15198186469178 25
1738724449009 163.93489455440854 26
1738724449044 183.42161029319809 27
1738724449079 169.4319385227534 28
1738724449114 179.74573358825552 29
1738724449151 172.25360207771203 30
1738724449187 173.2143620324031 31
1738724449223 175.68890475058294 32
1738724449259 161.67551820383204 33
1738724449295 169.22062746141756 34
1738724449359 141.305138893052 35
1738724449396 180.1238366901884 36
1738724449432 164.68026922251104 37
1738724449469 161.32698778016598 38
1738724449506 176.63840662250522 39
1738724449543 150.09749626867628 40
1738724449581 172.96160255967658 41
1738724449618 172.96581281788755 42
1738724449655 168.95170317436228 43
1738724449692 153.55304366038516 44
1738724449728 159.20312616173877 45
1738724449766 179.38875935416337 46
1738724449803 168.34534463025926 47
1738724449841 151.75927815213367 48
1738724449879 179.4311007776375 49
1738724449916 161.7680781820184 50
1738724449952 166.93218534352343 51
1738724449988 181.64485466158368 52
