1738724144734 168.77577805808613 0
1738724144737 168.7731047784493 1
1738724144739 168.77051674358827 2
1738724144741 168.76801099314636 3
1738724144743 168.76558467568185 4
1738724144745 168.76323504446557 5
1738724144747 168.76095945344775 6
1738724144749 168.75875535338707 7
1738724144752 168.7566202881352 8
1738724144754 168.75455189107 9
1738724144756 168.75254788167197 10
1738724144758 168.75060606223667 11
1738724144760 168.74872431471903 12
1738724144762 168.74690059770262 13
1738724144764 168.74513294348972 14
1738724144766 168.74341945530685 15
1738724144769 168.74175830462053 16
1738724144771 168.74014772855992 17
1738724144773 168.73858602744025 18
1738724144775 168.73707156238459 19
1738724144777 168.73560275303882 20
1738724144779 168.73417807537632 21
1738724144781 168.73279605958862 22
1738724144783 168.73145528805907 23
1738724144785 168.7301543934148 24
1738724144787 168.72889205665558 25
1738724144790 168.7276670053548 26
1738724144792 168.72647801193074 27
1738724144794 168.72532389198483 28
1738724144797 168.7242035027042 29
1738724144799 168.7231157413261 30
1738724144801 168.72205954366132 31
1738724144803 168.72103388267496 32
1738724144806 168.72003776712143 33
1738724144808 168.71907024023196 34
1738724144810 168.71813037845243 35
1738724144812 168.71721729022948 36
1738724144815 168.71633011484317 37
1738724144817 168.7154680212839 38
1738724144819 168.71463020717218 39
1738724144821 168.71381589771954 40
1738724144823 168.713024344729 41
