1738724546173 165.50108277851285 0
1738724546208 171.65635943014237 1
1738724546242 169.7446717499543 2
1738724546276 177.09302608720986 3
1738724546309 163.03544621136103 4
1738724546344 166.44930388911027 5
1738724546377 167.01372551111012 6
1738724546411 168.83645716063032 7
1738724546444 168.69885675627384 8
1738724546478 159.9983676477835 9
1738724546512 173.02371564880784 10
1738724546544 167.48475813417224 11
1738724546577 162.89304051730755 12
1738724546613 170.01829161322055 13
1738724546646 168.52009318935092 14
1738724546678 174.457355124258 15
1738724546711 171.1315232749898 16
1738724546745 174.76444994808503 17
1738724546779 160.7363304044422 18
1738724546812 169.59819306458823 19
1738724546846 190.51114423053934 20
1738724546879 173.48521678693245 21
1738724546912 169.59253256739206 22
1738724546945 175.6706470255398 23
1738724546978 168.61104783386034 24
1738724547012 179.34373528566877 25
1738724547045 176.7289191271807 26
1738724547078 159.7062791813438 27
1738724547111 176.7379447246664 28
1738724547145 167.8922675318379 29
1738724547178 157.6858959694964 30
1738724547211 161.80152442718577 31
1738724547244 163.94060414085277 32
1738724547277 152.4692475582746 33
1738724547310 186.9472255389484 34
1738724547343 156.43841950511302 35
