1738722112064 168.87398984404615 0
1738722112068 170.72047988325343 1
1738722112070 167.13018333514236 2
1738722112072 170.8055613612558 3
1738722112075 167.7594553995347 4
1738722112078 167.70733362672976 5
1738722112080 171.34611123890792 6
1738722112082 170.0876484854021 7
1738722112085 169.28105196459117 8
1738722112087 166.49171595830342 9
1738722112089 169.36806763104084 10
1738722112092 167.10930903331047 11
1738722112095 169.7101609983407 12
1738722112097 165.64827390376436 13
1738722112099 168.8547276840614 14
1738722112102 168.5868251540179 15
1738722112104 170.3068011432537 16
1738722112110 166.32946846686454 17
1738722112121 167.77265856730563 18
1738722112126 167.371986066046 19
1738722112133 168.69563300640303 20
1738722112142 169.75261613787092 21
1738722112146 171.49486488215487 22
1738722112149 167.9071923504741 23
1738722112152 168.1542339655253 24
1738722112156 170.12844655604556 25
1738722112162 170.34099787099237 26
1738722112165 167.0736050131805 27
1738722112167 166.92716249512108 28
1738722112169 167.03028852883094 29
1738722112171 168.0383641208444 30
1738722112174 168.6874983201463 31
1738722112176 168.8216352750794 32
1738722112178 167.8989862368128 33
1738722112180 169.6972253782999 34
1738722112183 169.61279682497442 35
1738722112185 170.47565504762224 36
1738722112187 170.58672827068693 37
1738722112189 168.03318359709098 38
1738722112192 170.14025439515393 39
1738722112194 170.22563941469085 40
1738722112196 169.30448678512988 41
1738722112198 170.19838090504507 42
