1738724343413 173.22800865381328 0
1738724343446 281.3474673991597 1
1738724343479 126.05326066251358 2
1738724343511 144.49897612896535 3
1738724343544 217.74710919121 4
1738724343577 185.79207854167797 5
1738724343611 229.6003166939781 6
1738724343644 178.95421578119618 7
1738724343677 225.64514946919604 8
1738724343710 229.45191389788076 9
1738724343744 199.61313471951738 10
1738724343776 158.51369179793934 11
1738724343809 247.81885050828205 12
1738724343842 189.0813376455161 13
1738724343875 215.62994429903083 14
1738724343908 197.5233153941701 15
1738724343942 124.58830953842492 16
1738724343975 247.8389744915913 17
1738724344010 123.16188575100632 18
1738724344044 192.9098131802675 19
1738724344077 114.94669177628302 20
1738724344110 271.67325191260727 21
1738724344144 186.9545975193561 22
1738724344177 181.28465491717586 23
1738724344209 132.70518775712068 24
1738724344242 141.96025466397236 25
1738724344276 131.95564895258104 26
1738724344309 175.56968315828496 27
1738724344344 135.53429952474525 28
1738724344378 142.2476276118298 29
1738724344411 125.33015710081004 30
1738724344445 157.1143693069274 31
1738724344479 171.51209992243685 32
1738724344513 159.49416523007807 33
1738724344546 206.61070013437944 34
1738724344580 239.02347935832012 35
1738724344637 201.52512379610167 36
1738724344674 143.10515959626312 37
1738724344708 193.41848790565683 38
1738724344743 211.6266797614654 39
1738724344777 159.35014499939913 40
1738724344811 198.5369432386266 41
1738724344846 153.70653377738387 42
1738724344879 292.27157517530657 43
1738724344913 133.70800314558616 44
1738724344947 91.4073630073513 45
1738724344980 233.13048279617283 46
1738724345014 217.13980616901642 47
1738724345047 155.84320701902865 48
1738724345080 145.60691664034724 49
1738724345112 178.46464383851892 50
1738724345145 116.05830003998969 51
1738724345177 133.34596519071175 52
1738724345210 177.75311698128024 53
1738724345243 211.3804763929273 54
1738724345276 133.87143598467225 55
1738724345308 151.60990103946918 56
1738724345341 175.1883187359338 57
1738724345375 118.60065754075042 58
1738724345409 169.2610808538968 59
1738724345443 137.5530792147243 60
1738724345476 164.50904324368486 61
1738724345510 149.43770563825615 62
1738724345544 249.74565539386933 63
1738724345578 183.78545128300698 64
1738724345612 227.59136917620845 65
1738724345646 146.89183398773145 66
1738724345680 197.4863638749317 67
1738724345714 160.19381471696434 68
1738724345748 196.21976753060972 69
1738724345781 134.17806970591096 70
1738724345815 180.56488135346436 71
1738724345848 185.7475267206111 72
1738724345883 161.8037599875629 73
1738724345917 124.75787277244082 74
1738724345951 104.18884377115064 75
1738724345984 365.8147232522205 76
1738724346018 226.51931014294055 77
1738724346051 178.61215254547844 78
1738724346084 218.2736726262181 79
1738724346117 128.49064057284897 80
1738724346149 153.6151491941265 81
1738724346182 109.7744911728764 82
1738724346215 136.62143463646433 83
1738724346248 192.777700584987 84
1738724346281 191.72602306158953 85
1738724346313 234.3602609500136 86
1738724346345 136.3632061086831 87
1738724346378 127.82497720714359 88
1738724346410 206.2601483294319 89
1738724346442 172.7390207410064 90
1738724346474 173.5922261051709 91
1738724346507 163.07957574353532 92
1738724346539 250.64998841037024 93
1738724346571 149.93070612945874 94
1738724346603 247.29579175970844 95
1738724346635 212.54520549644258 96
1738724346667 124.59318707876463 97
1738724346699 234.68997102465997 98
1738724346731 236.63022428305808 99
1738724346763 217.5925581595847 100
1738724346796 182.62980211353266 101
1738724346828 195.13293625679654 102
1738724346860 107.49710758059514 103
1738724346892 219.54673192290844 104
1738724346926 156.8013615671177 105
1738724346959 222.20964709333302 106
1738724346993 139.70389533945772 107
1738724347026 158.16712872838983 108
1738724347058 86.20379858678025 109
1738724347090 161.16060845987795 110
1738724347122 140.6965018606459 111
1738724347154 250.3675525530495 112
1738724347187 218.6815920127882 113
1738724347219 170.36816827845263 114
1738724347251 40.44400557955306 115
1738724347359 123.14672257123608 116
1738724347392 209.3917480602961 117
1738724347424 195.24468853202552 118
1738724347458 204.23174715585276 119
1738724347492 201.36513449131064 120
1738724347527 201.8346568223048 121
1738724347560 148.27717615460466 122
1738724347594 176.8746181518362 123
1738724347626 205.38876589238276 124
1738724347659 212.55034868898812 125
1738724347693 179.23720347014736 126
1738724347727 224.92078484930963 127
1738724347761 212.1308200440207 128
1738724347794 334.09002840546543 129
1738724347827 179.50734767288577 130
1738724347861 220.41452097266205 131
1738724347894 215.24763952998015 132
1738724347927 312.9200758815517 133
1738724347961 162.68199608835934 134
1738724347994 164.3560624419692 135
1738724348027 180.64169300583237 136
1738724348059 159.4698383045919 137
1738724348092 383.4724063120594 138
1738724348124 142.67317888876184 139
1738724348157 135.46850119084348 140
1738724348189 240.28846132128933 141
1738724348222 147.0564899096051 142
1738724348254 95.4798762057202 143
1738724348286 258.4947332819948 144
1738724348318 291.1928974591486 145
1738724348351 186.77434968413633 146
1738724348383 193.2741181503766 147
1738724348415 215.71590707638373 148
1738724348447 202.00776971329398 149
1738724348479 150.23339359833454 150
1738724348565 226.17105788506055 151
1738724348628 156.09768318265444 152
1738724348661 188.3297363944264 153
1738724348693 151.26776174507808 154
1738724348725 154.6754639195606 155
1738724348758 181.78045296976975 156
1738724348790 277.76442621395864 157
1738724348822 220.9749022549001 158
1738724348854 119.8150337146072 159
1738724348886 158.01917581540718 160
1738724348918 178.95753967896275 161
1738724348950 229.47388631209984 162
1738724348982 238.95044602436937 163
1738724349014 82.12874059892104 164
1738724349047 217.24998391396898 165
1738724349083 211.85252584472147 166
1738724349119 146.1674744441654 167
1738724349155 211.03300409794258 168
1738724349189 182.50761744477842 169
1738724349223 78.88471181175471 170
1738724349257 170.77425297433322 171
1738724349290 194.94928044543815 172
1738724349322 128.463732709829 173
1738724349354 165.30366366412468 174
1738724349387 189.25631359059642 175
1738724349419 153.37910655553938 176
1738724349452 185.77542758728444 177
1738724349484 178.40244387643935 178
1738724349517 179.81355359376198 179
1738724349549 193.97754831126218 180
1738724349581 157.7279415658315 181
1738724349613 178.7859835581878 182
1738724349647 241.12917260433002 183
1738724349680 163.6208195700026 184
1738724349714 130.89337120833818 185
1738724349746 124.29623953119138 186
1738724349778 162.1054920480178 187
1738724349810 204.25603900354272 188
1738724349842 212.775909211524 189
1738724349874 104.91077420880299 190
1738724349906 229.91975950982282 191
1738724349938 101.24820109863764 192
1738724349970 99.2247105879321 193
1738724350002 173.81489898142772 194
1738724350034 104.4834082233086 195
1738724350066 207.59750819064132 196
1738724350098 210.45319071919266 197
1738724350130 168.08017340775368 198
1738724350161 152.82375487331265 199
1738724350193 133.11661138127968 200
1738724350225 197.11883181638632 201
1738724350257 134.69486829291768 202
1738724350289 248.05603267449496 203
1738724350321 199.73213539035578 204
1738724350353 162.81005657880763 205
1738724350385 178.09962945328752 206
1738724350417 175.0691820317916 207
1738724350448 170.0768511720679 208
1738724350481 224.60823761380448 209
1738724350513 175.7269171128519 210
1738724350545 108.9465682794966 211
1738724350577 200.07368928673233 212
1738724350609 244.38777993831044 213
1738724350641 202.5601533071744 214
1738724350673 199.2558387448758 215
1738724350704 236.4971256891714 216
1738724350736 193.03374386770324 217
1738724350769 200.21829982070915 218
1738724350801 119.13827855548482 219
1738724350833 212.2839429285453 220
1738724350867 73.08336956029542 221
1738724350901 133.8345205761576 222
1738724350935 449.575697237939 223
1738724350968 175.5847931670734 224
1738724351001 194.49681778458526 225
1738724351034 134.47006265781883 226
1738724351066 156.3756162499605 227
1738724351099 113.97791766681691 228
1738724351132 220.83055791886304 229
1738724351164 167.09621704980856 230
1738724351196 212.5499645285625 231
1738724351228 121.52541591517674 232
1738724351260 86.36096140066063 233
1738724351293 208.51872282479118 234
1738724351326 139.18645056390721 235
1738724351359 168.58719979463677 236
1738724351392 106.67327691504619 237
1738724351424 280.75858882742114 238
1738724351457 154.3561265957076 239
1738724351489 167.82455246507195 240
1738724351521 189.41206906083616 241
1738724351553 108.60367757747889 242
1738724351585 164.6278759219928 243
1738724351617 224.80986549046568 244
1738724351650 105.10496585575221 245
1738724351684 148.5938641115722 246
1738724351716 150.05277780123868 247
1738724351750 281.3406637102874 248
1738724351783 259.8087555364249 249
1738724351817 113.94006086440561 250
1738724351851 238.3307205594642 251
1738724351884 201.21565946809642 252
1738724351917 146.89160485297563 253
1738724351950 272.57018598025536 254
1738724351983 112.0140903901372 255
1738724352015 189.81457572508683 256
1738724352048 198.46624934534424 257
1738724352081 175.2544596171954 258
1738724352114 287.31098920966366 259
1738724352146 111.27290098708855 260
1738724352179 224.99605878510388 261
1738724352211 225.85273700697667 262
1738724352245 273.919004498623 263
1738724352279 275.3842983447334 264
1738724352313 171.2046016825744 265
1738724352346 199.4515570216197 266
1738724352381 87.38386389009493 267
1738724352414 241.7002392299981 268
1738724352447 219.05721317321712 269
1738724352481 84.49443941062084 270
1738724352515 173.68790436756476 271
1738724352549 204.7151354737303 272
1738724352583 184.73812416233426 273
1738724352616 206.07845021274875 274
1738724352650 198.83766763654674 275
1738724352684 204.73160106605607 276
1738724352717 237.25324434088665 277
1738724352751 155.66497046489354 278
1738724352784 158.75518182049646 279
1738724352818 131.9680649457979 280
1738724352851 178.04082366777232 281
1738724352885 183.4669488781305 282
1738724352918 168.22384489853155 283
1738724352951 139.73542555700243 284
1738724352984 133.10523268895062 285
1738724353018 242.88966540907055 286
1738724353051 193.4144458546337 287
1738724353084 379.83473264385833 288
1738724353116 187.48876480496193 289
1738724353149 278.88137482448775 290
1738724353182 124.80097614449065 291
1738724353215 107.49490316664209 292
1738724353247 185.3834844523929 293
1738724353280 194.86817773338908 294
1738724353316 173.9650219346128 295
1738724353350 240.16675860830122 296
1738724353383 134.73472588126907 297
1738724353417 120.9529131287461 298
1738724353450 114.99492236258588 299
1738724353484 254.43272175524197 300
1738724353518 197.37351521616563 301
1738724353551 79.10259860425865 302
1738724353584 198.02693008052117 303
1738724353618 134.72999606837678 304
1738724353650 206.28753052600214 305
1738724353683 148.52885184108666 306
1738724353717 98.75295762702522 307
1738724353749 172.2526529928954 308
1738724353782 190.30442052681303 309
1738724353814 154.76642872453868 310
1738724353846 256.34591312396134 311
1738724353878 281.51956766140813 312
1738724353910 195.84946949395948 313
1738724353942 224.41278938055652 314
1738724353974 186.60170944059018 315
1738724354006 422.3324122185112 316
1738724354038 99.17584905598818 317
1738724354070 159.64236574846376 318
1738724354102 211.26251252601898 319
1738724354133 246.61389259525404 320
1738724354165 200.38410586010966 321
1738724354198 91.25973206133607 322
1738724354229 249.79225552071324 323
1738724354261 230.29667831667183 324
1738724354293 118.01387021807899 325
1738724354325 191.088816301137 326
1738724354357 131.3545025605372 327
1738724354388 69.13762460742875 328
1738724354420 202.888895643877 329
1738724354453 138.4195371267031 330
1738724354486 155.50095822361155 331
1738724354519 119.24768663939594 332
1738724354552 139.0160296764545 333
1738724354585 194.42527408620978 334
1738724354617 171.9032561351614 335
1738724354650 138.8665370270749 336
1738724354682 152.98981653053983 337
1738724354714 163.4399211596501 338
1738724354746 132.65857285879108 339
1738724354779 154.73320694788805 340
1738724354813 199.32062659896667 341
1738724354846 168.58006727532984 342
1738724354880 207.63053613885037 343
1738724354914 229.50414366949178 344
1738724354948 173.37919851031359 345
1738724354982 192.1757197233076 346
1738724355016 121.6770718832085 347
1738724355050 230.62183607260724 348
1738724355084 224.92767015075114 349
1738724355117 199.81334050228685 350
1738724355151 210.71522364555312 351
1738724355184 154.13846825906057 352
1738724355216 260.73071392498605 353
1738724355249 325.73582422033957 354
1738724355281 119.60210093872662 355
1738724355313 318.6563563923266 356
1738724355347 86.45791923920874 357
1738724355380 149.32674929064007 358
1738724355414 186.51102145704402 359
1738724355448 158.67711793378984 360
1738724355480 176.27447439902403 361
1738724355513 167.90615067282002 362
1738724355545 157.58325501218314 363
1738724355578 226.37465082821072 364
1738724355610 128.40634224976844 365
1738724355643 164.74689013659554 366
1738724355675 203.41511012274003 367
1738724355707 154.83742592451787 368
1738724355739 136.25132043684528 369
1738724355771 104.10624624137895 370
1738724355803 183.74503021362892 371
1738724355835 144.5963039477162 372
1738724355868 215.3661810786472 373
1738724355900 196.024332098245 374
1738724355932 187.87153064939594 375
1738724355964 157.24277107787515 376
1738724355996 191.67044943182873 377
1738724356029 185.80822381140123 378
1738724356061 193.80729163692902 379
1738724356093 219.87309954625925 380
1738724356125 188.52117682707618 381
1738724356157 158.03704831502117 382
1738724356189 164.8178854957757 383
1738724356221 150.4826920846816 384
1738724356253 82.31931550370747 385
1738724356285 194.20857083033877 386
1738724356317 84.32582090528891 387
1738724356350 216.93085766324833 388
1738724356382 220.81850705604387 389
1738724356415 188.8968091164205 390
1738724356447 216.4588326052638 391
1738724356479 192.11999448119977 392
1738724356511 131.04429268257607 393
1738724356544 95.18963399734182 394
1738724356576 243.34539422483064 395
1738724356608 229.57832164269772 396
1738724356641 155.3092381724471 397
1738724356673 116.16206874243517 398
1738724356705 154.1098806414967 399
1738724356737 128.91147538640817 400
1738724356807 214.42755645539512 401
1738724356847 165.7600672885987 402
1738724356879 169.213420240541 403
1738724356911 168.77793454424045 404
1738724356943 118.55461940486441 405
1738724356976 189.5178119810881 406
1738724357008 188.82969910601324 407
1738724357040 160.11710901739596 408
1738724357072 139.60418869284257 409
1738724357104 71.96428910979483 410
1738724357136 170.59429947507854 411
1738724357168 106.71003184887576 412
1738724357200 206.7405372353283 413
1738724357232 197.54181459501757 414
1738724357265 167.50554607659026 415
1738724357296 155.98278761455444 416
1738724357328 199.70241445122264 417
1738724357360 112.36539611277264 418
1738724357392 201.3147646181146 419
1738724357424 109.13184374899944 420
1738724357493 193.47711612945378 421
1738724357536 118.62304324381607 422
1738724357568 172.07535755031458 423
1738724357600 80.0957867661569 424
1738724357632 200.0742875657533 425
1738724357664 113.53538922365905 426
1738724357696 123.14808409749072 427
1738724357728 149.119639536481 428
1738724357760 114.62473245584118 429
1738724357792 188.94438841768974 430
1738724357824 179.8418251721108 431
1738724357856 181.81599578331517 432
1738724357888 146.79041624997072 433
1738724357919 113.6160266292587 434
1738724357951 142.38875493651 435
1738724357983 118.80566957075462 436
1738724358015 138.81871310576437 437
1738724358047 280.33093710443876 438
1738724358079 108.8153255683129 439
1738724358111 145.51576568498618 440
1738724358142 201.99931864723354 441
1738724358174 286.0290313935375 442
1738724358206 143.97543112150095 443
1738724358238 207.0665312161883 444
1738724358270 143.08508467397553 445
1738724358302 148.48170289662397 446
1738724358334 121.0448877918543 447
1738724358365 109.30633547861655 448
1738724358397 261.66138322726164 449
1738724358429 232.558964058768 450
1738724358461 147.64193975252994 451
1738724358493 134.64208312159062 452
1738724358526 199.0562437796554 453
1738724358558 248.2824880814493 454
1738724358590 78.8716893518305 455
1738724358622 214.38027270846678 456
1738724358654 188.55524252275544 457
1738724358686 228.59965226175652 458
1738724358719 232.7806749108448 459
1738724358751 139.71995162879966 460
1738724358783 180.32874223138393 461
1738724358815 130.36644546099248 462
1738724358847 162.43104648778063 463
1738724358879 129.60729809157073 464
1738724358911 379.68419176082017 465
1738724358943 217.38766815629097 466
1738724358975 151.88702397304556 467
1738724359007 138.82833072976067 468
1738724359039 183.47794231453472 469
1738724359071 134.2931428399479 470
1738724359103 179.89065962490542 471
1738724359135 282.04602308857415 472
1738724359168 180.76163279415587 473
1738724359200 142.07864649285062 474
1738724359232 175.74559614561832 475
1738724359263 172.02834980116506 476
1738724359295 178.7922134391306 477
1738724359327 198.67576135354173 478
1738724359359 152.29924026534349 479
1738724359391 260.1478219410537 480
1738724359423 255.09231818125645 481
1738724359455 78.87410752226265 482
1738724359488 180.30848062009224 483
1738724359520 151.95320768002014 484
1738724359552 160.55483048769136 485
1738724359584 185.96648894072692 486
1738724359616 161.82434684548966 487
1738724359648 146.05661278099532 488
1738724359680 251.35028948822523 489
1738724359713 162.30365359796153 490
1738724359745 188.13591843985753 491
1738724359777 151.1991191485309 492
1738724359810 127.86612333801 493
1738724359842 186.0864383624226 494
1738724359874 207.5114124324845 495
1738724359906 193.3441255863675 496
1738724359938 158.17094516381252 497
1738724359970 194.25918313957294 498
1738724360002 187.51476805311574 499
