1738726339910 180.49502783001734 0
1738726339953 192.22044716530107 1
1738726339992 169.89359979804462 2
1738726340031 160.78891476658785 3
1738726340071 186.6375363229517 4
1738726340109 193.57783301059075 5
1738726340148 144.12668438324923 6
1738726340186 152.93011810406998 7
1738726340223 176.95477355495836 8
1738726340261 189.1679290875091 9
1738726340299 180.75316601633165 10
1738726340337 172.03854524132055 11
1738726340375 178.45907509760215 12
1738726340412 191.54627947400257 13
1738726340450 167.9706917128483 14
1738726340487 148.47799476396497 15
1738726340525 151.94849399123845 16
1738726340562 192.44954282360257 17
1738726340600 165.25427548234856 18
1738726340637 169.01058355004582 19
1738726340675 156.88860859245253 20
1738726340712 151.50690983331697 21
1738726340749 207.41124857858225 22
1738726340787 137.49263341236755 23
1738726340824 177.9805115378918 24
1738726340862 159.2341351434747 25
1738726340901 140.78943541168343 26
1738726340939 179.1598726725905 27
1738726340977 173.1895713939794 28
1738726341016 181.53403152525357 29
1738726341054 158.44683244972472 30
1738726341092 159.08424997056838 31
1738726341129 156.38372684175948 32
1738726341167 151.51907341078814 33
1738726341204 175.66628377565343 34
1738726341242 129.5546859867833 35
1738726341280 162.04723113218017 36
1738726341318 168.72339947085635 37
1738726341355 153.92760802016775 38
1738726341394 128.58756736211416 39
1738726341431 181.14876657778362 40
1738726341469 166.45311540735997 41
1738726341507 181.5160114449237 42
1738726341544 188.38032257894764 43
1738726341582 192.39545508889623 44
1738726341620 141.3209701688076 45
1738726341658 175.79724305995106 46
1738726341695 156.26105116188245 47
1738726341733 156.99546273201062 48
1738726341770 177.18050791505385 49
1738726341808 156.99702649566026 50
1738726341846 217.50225618150492 51
1738726341883 190.17153690630576 52
1738726341921 188.90817267282551 53
1738726341958 150.99684277453068 54
1738726341997 167.59133801595047 55
1738726342035 179.5841076380953 56
1738726342073 244.3544779357164 57
1738726342111 168.19574415160835 58
1738726342148 176.78438939823434 59
1738726342186 158.7697240172645 60
1738726342224 167.64688247921248 61
1738726342261 177.26551656660573 62
1738726342299 171.0398679936908 63
1738726342336 160.4872712657649 64
1738726342375 170.41918857621116 65
1738726342413 166.24201972385214 66
1738726342451 168.51262455487486 67
1738726342488 191.21564598907483 68
1738726342526 177.76435608253757 69
1738726342564 152.49754638549558 70
1738726342601 187.19552056431732 71
1738726342639 182.07167286018253 72
1738726342676 179.75342108649446 73
1738726342714 181.67592548930025 74
1738726342751 171.85298146632084 75
1738726342789 178.89358133714435 76
1738726342826 149.969879085323 77
1738726342864 163.79958694259815 78
1738726342901 145.67350898922015 79
1738726342939 182.6175028584421 80
1738726342977 186.56636903001925 81
1738726343015 165.301121576497 82
1738726343052 179.35355714110344 83
1738726343089 178.13105188817266 84
1738726343127 179.05294053783084 85
1738726343164 168.29013825673553 86
1738726343201 175.19934879912836 87
1738726343239 180.48575637662591 88
1738726343276 230.57235331257795 89
1738726343313 167.37021528909037 90
1738726343350 166.84812635193953 91
1738726343388 182.1575668132891 92
1738726343425 134.6217385519741 93
1738726343462 172.6152091406154 94
1738726343499 161.00412660433983 95
1738726343536 185.73502237734138 96
1738726343574 197.5909233398648 97
1738726343611 164.013301748834 98
1738726343648 180.19715703536517 99
1738726343688 216.5194573301945 100
1738726343727 173.9513949695086 101
1738726343765 203.34677257233037 102
1738726343803 169.7117331844877 103
1738726343841 173.34446759474326 104
1738726343879 172.61633626017888 105
1738726343916 166.49677491163527 106
1738726343954 167.45965169194835 107
1738726343992 152.564794622841 108
1738726344030 118.11730158546469 109
1738726344068 204.45167371528728 110
1738726344105 149.77390741019988 111
1738726344143 171.4793336869791 112
1738726344181 161.39136283652286 113
1738726344218 143.25063812661912 114
1738726344256 151.18100436731103 115
1738726344294 152.4987665958905 116
1738726344331 163.39782189917773 117
1738726344369 171.46987033985914 118
1738726344406 155.86747074087558 119
1738726344444 208.23177366736562 120
1738726344481 157.29092007987276 121
1738726344519 194.90940643929122 122
1738726344556 157.53610977113516 123
1738726344594 154.19008971291828 124
1738726344631 173.52276921453105 125
1738726344669 168.55379880580028 126
1738726344706 178.78061939287943 127
1738726344744 220.9448651635924 128
1738726344781 175.10681623822182 129
1738726344819 169.53062588453955 130
1738726344856 157.27337598587317 131
1738726344893 155.50541342430947 132
1738726344930 137.25612441556567 133
1738726344968 163.81045560688077 134
1738726345006 177.60467306692567 135
1738726345046 153.30112791508202 136
1738726345083 163.59030503694237 137
1738726345121 167.88172413829267 138
1738726345158 168.36804151368082 139
1738726345195 158.87245878776838 140
1738726345233 165.66459645610735 141
1738726345270 137.1515132530958 142
1738726345307 166.6868940231458 143
1738726345344 181.69612945706209 144
1738726345381 144.53990897202058 145
1738726345418 179.7118183524101 146
1738726345456 165.56627188467255 147
1738726345493 175.90729031667564 148
1738726345530 192.53001386397807 149
1738726345567 163.0558836760071 150
1738726345604 179.8798904182162 151
1738726345641 143.93921174314798 152
1738726345678 195.22259428605864 153
1738726345715 189.93702842869607 154
1738726345752 168.44116395436512 155
1738726345790 181.5666980954012 156
1738726345826 160.2211331475289 157
1738726345863 172.29286238812543 158
1738726345901 174.25566480112954 159
1738726345938 187.40165977827436 160
1738726345975 199.66820868749556 161
1738726346012 174.50460971186226 162
1738726346049 128.84129871615391 163
1738726346086 175.30372078077366 164
1738726346123 175.9649396724881 165
1738726346160 155.47476604064553 166
1738726346198 177.56175854782845 167
1738726346235 164.88582922406277 168
1738726346272 173.85989010937806 169
1738726346309 162.72013480872417 170
1738726346346 147.03830974361222 171
1738726346383 208.337080784678 172
1738726346421 174.36785033786188 173
1738726346459 211.99139999224172 174
1738726346497 144.50480865880277 175
1738726346534 164.46262615519024 176
1738726346572 162.09515454381074 177
1738726346609 163.0050987712601 178
1738726346647 172.1346389451363 179
1738726346685 175.73244232940482 180
1738726346722 152.23290230911078 181
1738726346760 174.34014835362095 182
1738726346797 160.36555096270786 183
1738726346834 165.34893585534664 184
1738726346872 176.63629818122357 185
1738726346909 183.445584015499 186
1738726346946 196.15777337803462 187
1738726346984 212.49849514984695 188
1738726347022 172.98180053387097 189
1738726347061 161.9253221676556 190
1738726347099 182.20092372309213 191
1738726347138 199.11305055203982 192
1738726347176 182.01690401963748 193
1738726347214 188.9520921240866 194
1738726347252 171.91304924401527 195
1738726347290 172.74140917227956 196
1738726347328 170.88695634979726 197
1738726347366 188.98512421632768 198
1738726347404 153.97798808689834 199
1738726347442 162.92307271621806 200
1738726347480 163.81680698629947 201
1738726347518 218.18431320318086 202
1738726347556 166.5531373539498 203
1738726347594 173.4216678481951 204
1738726347632 162.95219039197386 205
1738726347670 162.96298471290004 206
1738726347708 191.5594310012878 207
1738726347746 178.99528921909044 208
1738726347784 147.97121416648295 209
1738726347822 184.51251291156586 210
1738726347860 169.49973292624625 211
1738726347898 171.4268701005772 212
1738726347936 177.55901232944876 213
1738726347974 159.22376350570926 214
1738726348011 174.14762146055193 215
1738726348049 214.27336952885582 216
1738726348086 167.8348873112201 217
1738726348124 154.85543831983287 218
1738726348162 189.05525878097683 219
1738726348200 144.72959988570582 220
1738726348238 173.36064609712133 221
1738726348275 177.77209588087888 222
1738726348313 170.31515986171996 223
1738726348350 172.55019207490278 224
1738726348388 150.4082644315758 225
1738726348426 152.79066706466625 226
1738726348463 181.67304048433115 227
1738726348501 151.81346885189203 228
1738726348538 144.9246671659367 229
1738726348576 137.3639934276953 230
1738726348613 174.2555984978452 231
1738726348651 339.22095356085947 232
1738726348688 154.37201799612342 233
1738726348726 148.38954357475004 234
1738726348763 158.53796551083158 235
1738726348801 169.00350906532867 236
1738726348838 183.62640350733793 237
1738726348876 176.31419658982168 238
1738726348913 165.72313201015197 239
1738726348951 175.9229930439066 240
1738726348988 193.04209688277896 241
1738726349025 153.00558834845575 242
1738726349063 172.7037001729341 243
1738726349101 145.83252527222604 244
1738726349139 159.77903593608121 245
1738726349176 176.46071001419367 246
1738726349213 136.94095122170674 247
1738726349251 192.5767515928939 248
1738726349288 175.02620784298327 249
1738726349325 192.85587175504472 250
1738726349363 123.64776787530357 251
1738726349400 155.6004473696854 252
1738726349437 181.09305097106633 253
1738726349474 170.96261224888934 254
1738726349511 157.08482623896933 255
1738726349548 151.63916930859017 256
1738726349585 137.37622480914987 257
1738726349622 164.88824362916833 258
1738726349660 189.22576325588085 259
1738726349697 149.88565990090157 260
1738726349734 178.4079105489663 261
1738726349771 189.9935745543731 262
1738726349808 120.51871017676427 263
1738726349845 205.62571720118706 264
1738726349882 167.88905652830934 265
1738726349919 163.842262377806 266
1738726349956 176.74101583275953 267
1738726349993 195.63635532277746 268
1738726350030 181.37140369735167 269
1738726350067 182.56504554049843 270
1738726350104 169.14937630972787 271
1738726350141 202.05542910204122 272
1738726350178 166.53867187064742 273
1738726350215 142.76250101589088 274
1738726350252 157.13653330777836 275
1738726350289 154.7787558739941 276
1738726350326 149.63524798783584 277
1738726350363 163.59288355556146 278
1738726350400 132.4903886337417 279
1738726350437 192.38974515512234 280
1738726350473 170.66842500587913 281
1738726350510 156.86587429610938 282
1738726350547 143.98279504258772 283
1738726350584 177.87918460078512 284
1738726350621 173.09025364529563 285
1738726350658 173.18142385114191 286
1738726350697 180.02293832973086 287
1738726350737 183.70247322326858 288
1738726350775 178.0578473708112 289
1738726350813 151.90148299188886 290
1738726350851 230.8510496133945 291
1738726350889 155.3948244087642 292
1738726350926 155.3674189733479 293
1738726350963 153.99700074319938 294
1738726351001 188.6257900486525 295
1738726351039 185.64530103438847 296
1738726351077 157.7427095604809 297
1738726351116 162.48576227101253 298
1738726351154 192.0431713369671 299
1738726351191 175.05721980958737 300
1738726351229 200.98600838547085 301
1738726351266 210.4009769222204 302
1738726351304 191.88213253661456 303
1738726351341 175.42906480091813 304
1738726351379 180.66002963127133 305
1738726351416 167.66541279999805 306
1738726351454 190.48156994141772 307
1738726351491 169.79737656499955 308
1738726351529 159.8140203989372 309
1738726351566 149.66605051704616 310
1738726351604 187.75580443089444 311
1738726351641 155.68113727364764 312
1738726351678 189.05568526575522 313
1738726351716 149.14985006139156 314
1738726351753 152.8778828040649 315
1738726351791 188.60606537739486 316
1738726351828 165.8029954252251 317
1738726351865 172.83995124696006 318
1738726351902 165.4168360342296 319
1738726351940 181.48952833250416 320
1738726351977 177.8960831328479 321
1738726352014 164.7338225997968 322
1738726352051 169.78952594342326 323
1738726352089 149.16354390801604 324
1738726352126 153.0842780194446 325
1738726352163 176.8637504316499 326
1738726352200 121.95916582343588 327
1738726352238 164.3161199043952 328
1738726352275 146.85866339936103 329
1738726352313 155.90457511908122 330
1738726352350 167.76025910777204 331
1738726352387 165.2695497672452 332
1738726352424 168.57129545078078 333
1738726352462 177.09828847243816 334
1738726352499 161.23701204102397 335
1738726352536 176.20621085483882 336
1738726352574 142.098046185938 337
1738726352611 161.83533609725666 338
1738726352648 153.849852823854 339
1738726352685 178.1715229832065 340
1738726352723 169.9805172362796 341
1738726352760 176.43653150574568 342
1738726352797 144.26842433194676 343
1738726352836 174.16637997322817 344
1738726352875 152.54460420569077 345
1738726352912 174.55282267894964 346
1738726352950 167.09027981905356 347
1738726352988 165.9827159681151 348
1738726353025 176.08346171157066 349
1738726353062 171.6022586150134 350
1738726353100 125.03181895146311 351
1738726353137 164.12009398146014 352
1738726353175 170.69483195171566 353
1738726353213 161.55171625465636 354
1738726353250 193.10757077613465 355
1738726353287 183.2950934161155 356
1738726353325 160.1061779337898 357
1738726353362 164.665074469467 358
1738726353400 145.609245626334 359
1738726353437 176.8464088548177 360
1738726353475 188.14259274988476 361
1738726353512 177.4397807366065 362
1738726353549 159.33179858249832 363
1738726353587 155.65732012195855 364
1738726353624 168.2243451443126 365
1738726353661 164.29251844193868 366
1738726353698 150.73397606316885 367
1738726353736 191.47877620660418 368
1738726353773 147.70685559873533 369
1738726353810 151.1552560534108 370
1738726353847 187.21188425687532 371
1738726353884 153.793183517763 372
1738726353921 193.22359398359353 373
1738726353959 172.15586871583847 374
1738726353996 190.69079957740587 375
1738726354033 157.75694156894642 376
1738726354070 147.94975627624217 377
1738726354108 145.18341035345313 378
1738726354145 174.06779209693536 379
1738726354182 174.2493231170863 380
1738726354219 123.7684932264083 381
1738726354256 190.90373805031925 382
1738726354293 190.76852075539855 383
1738726354331 171.45898245058643 384
1738726354367 203.78833602363508 385
1738726354405 155.30286631707295 386
1738726354442 181.51418563955494 387
1738726354479 167.90296776993517 388
1738726354516 174.9573252935707 389
1738726354553 220.42032991358664 390
1738726354590 173.48930623135382 391
1738726354627 172.97597547904184 392
1738726354664 167.56203042291347 393
1738726354701 169.85301757761903 394
