1738722390114 184.1202836398632 0
1738722390151 169.17493197481826 1
1738722390189 171.88591039665934 2
1738722390226 170.71553242615997 3
1738722390262 166.0284445340693 4
1738722390299 167.17913507486745 5
1738722390336 175.13177701198214 6
1738722390372 171.663199259801 7
1738722390409 184.54923129969765 8
1738722390446 168.11449281575153 9
1738722390483 163.30755744178452 10
1738722390520 193.69644180756825 11
1738722390558 165.2689338204055 12
1738722390595 162.39752982589357 13
1738722390632 181.6917025190918 14
1738722390669 147.11583948712067 15
1738722390706 169.64631664684993 16
1738722390743 177.34751226996653 17
1738722390781 183.4981986346864 18
1738722390818 163.62008623521075 19
1738722390855 152.01341509261712 20
1738722390891 156.81234203658994 21
1738722390929 169.07464095918786 22
1738722390965 169.71941295582738 23
1738722391002 173.4659519830294 24
1738722391039 171.5783874148424 25
1738722391075 158.8968381516061 26
1738722391112 171.9601393360789 27
1738722391148 164.98661742371837 28
1738722391185 158.9458989985497 29
1738722391239 164.78035087705013 30
1738722391279 160.00615675472636 31
1738722391315 160.94316608111865 32
1738722391352 175.77799130395536 33
1738722391389 160.8513642183817 34
1738722391426 162.8897581350407 35
1738722391462 163.51233269059514 36
1738722391498 170.32478811119367 37
1738722391535 177.52393139830386 38
1738722391571 166.19745841278532 39
1738722391608 180.5975780695293 40
1738722391644 166.7996259264735 41
1738722391679 169.32420141544273 42
1738722391716 173.60417039456337 43
1738722391753 170.33739401150905 44
1738722391789 175.16258925471925 45
1738722391825 172.64609604134165 46
1738722391861 156.3628468835963 47
1738722391898 153.56677649889963 48
1738722391934 180.2392903414046 49
1738722391971 168.66419431161282 50
1738722392008 164.26610599922773 51
1738722392045 165.9978054842951 52
1738722392081 167.86324517917288 53
1738722392117 173.66583872177 54
1738722392154 171.50453643703855 55
1738722392191 166.24149904228986 56
1738722392227 172.43417478939537 57
1738722392264 166.79433363823617 58
1738722392300 166.96342435439982 59
1738722392336 162.7355272625242 60
1738722392372 173.6328278767987 61
1738722392408 166.4271772543353 62
1738722392445 177.92049120621903 63
1738722392480 158.69716880920464 64
1738722392517 166.5232818311806 65
1738722392553 156.94844168535352 66
1738722392588 167.62753849031606 67
1738722392624 158.93416152118752 68
1738722392660 159.60036263978944 69
1738722392696 165.2858953050155 70
1738722392733 171.65348383816016 71
1738722392770 175.0423060721553 72
1738722392806 156.4164178276377 73
1738722392842 171.05791503638298 74
1738722392879 155.36271318944125 75
1738722392915 169.1023125018767 76
1738722392951 164.08468054489015 77
1738722392987 165.98112759083676 78
1738722393023 169.19634208830624 79
1738722393059 166.08023867130416 80
1738722393095 169.2812059972537 81
1738722393130 172.7411732886455 82
1738722393166 171.22549010960893 83
1738722393203 170.99493785937986 84
