1738722708093 166.69739300156667 0
1738722708127 208.39448762378635 1
1738722708161 162.94220373586217 2
1738722708194 139.45726722827607 3
1738722708228 184.18856326338715 4
1738722708262 309.5530403972127 5
1738722708296 107.34238376128481 6
1738722708329 125.43951265310865 7
1738722708363 201.07486965369662 8
1738722708396 239.84427803404114 9
1738722708429 224.99036710327098 10
1738722708463 190.75238963452895 11
1738722708497 224.20423250289699 12
1738722708531 209.86128170577464 13
1738722708564 142.02281328140992 14
1738722708598 284.3670556804378 15
1738722708632 127.63337604884066 16
1738722708665 273.6522778223058 17
1738722708700 192.09580277196665 18
1738722708734 144.39416312240965 19
1738722708769 139.01337240692143 20
1738722708807 167.9749517647252 21
1738722708840 185.84139913493937 22
1738722708873 193.7861613099867 23
1738722708905 164.79697384457793 24
1738722708937 160.94222182188193 25
1738722708969 198.01501474506728 26
1738722709001 174.92571986305651 27
1738722709033 289.1774681064018 28
1738722709066 162.11140737659886 29
1738722709098 240.67502240368634 30
1738722709131 217.63492453956556 31
1738722709164 233.3093743781668 32
1738722709197 121.41535426679441 33
1738722709229 208.39807269507176 34
1738722709261 158.67983459466723 35
1738722709317 244.3784511223296 36
1738722709353 124.2002380099049 37
1738722709387 150.78505488189677 38
1738722709420 344.8597641008424 39
1738722709454 159.33511048645366 40
1738722709488 119.13069195149632 41
1738722709522 180.0086535842758 42
1738722709556 149.8806309278525 43
1738722709590 172.53269076681048 44
1738722709623 113.20324686043517 45
1738722709657 231.43788804275428 46
1738722709690 180.6182952389338 47
1738722709724 96.48991809521294 48
1738722709756 280.86348403719387 49
1738722709788 200.83096655687268 50
1738722709821 104.15310725670936 51
1738722709854 159.39506720090088 52
1738722709886 101.34200695712516 53
1738722709919 161.13334073284042 54
1738722709953 170.05366635094776 55
1738722709987 167.7231120928614 56
1738722710021 163.45303752644872 57
1738722710054 64.70819887054012 58
1738722710088 69.72922145157553 59
1738722710121 212.07024920605852 60
1738722710155 176.24505435125988 61
1738722710190 205.9311851514223 62
1738722710225 204.47443248961238 63
1738722710260 170.56543209596637 64
1738722710296 181.55163929497067 65
1738722710332 234.4962063139368 66
1738722710366 215.6135289554251 67
1738722710400 141.89017799559124 68
1738722710434 115.37219244786023 69
1738722710467 209.5395600788459 70
1738722710499 229.9836823947823 71
1738722710532 133.96522866372348 72
1738722710565 171.41243838150496 73
1738722710597 159.94600722640823 74
1738722710629 183.56529561671073 75
1738722710661 205.8968319277978 76
1738722710693 215.27621560319298 77
1738722710725 241.53471940179952 78
1738722710757 51.502815071604275 79
1738722710790 190.8604324920266 80
1738722710822 149.51260190339994 81
1738722710854 222.30802310358143 82
1738722710886 154.86920099651877 83
1738722710917 170.15917755006848 84
1738722710949 157.4587347788928 85
1738722710980 182.8188237055446 86
1738722711011 165.3518311414333 87
1738722711043 84.53939622429681 88
1738722711075 247.53384499560573 89
1738722711107 164.35493877710553 90
1738722711139 150.68611542630507 91
1738722711170 353.07316653461214 92
1738722711202 177.59787845433027 93
1738722711234 88.25388967969637 94
1738722711266 93.78758845693423 95
1738722711297 149.06143170022656 96
1738722711329 216.51688254960237 97
1738722711361 168.6792035541286 98
1738722711392 183.5018653042788 99
1738722711424 168.93247216615248 100
1738722711455 175.39028031508576 101
1738722711487 182.43363378085627 102
1738722711518 169.7216641903192 103
1738722711550 101.86672813645423 104
1738722711582 127.9528317133184 105
1738722711614 196.14556405992505 106
1738722711647 185.12307581659223 107
1738722711680 170.35041619030628 108
1738722711733 196.34546833635403 109
1738722711771 139.12221535510162 110
1738722711836 268.9300492642404 111
1738722711873 116.39239538662879 112
1738722711907 158.02782943415116 113
1738722711941 143.27485353372003 114
1738722711975 142.78141566395533 115
1738722712008 157.04114279036864 116
1738722712040 143.19182714421987 117
1738722712074 141.93072212118471 118
1738722712107 255.82642755463147 119
1738722712141 142.64249213172806 120
1738722712174 182.18846674959124 121
1738722712208 138.17582682644232 122
1738722712241 216.2991759646827 123
1738722712273 124.88319796028142 124
1738722712306 206.75500607480626 125
1738722712339 230.97240946555837 126
1738722712371 190.1492723399658 127
1738722712403 185.77119064446964 128
1738722712435 182.40337073959785 129
1738722712467 299.7341550823826 130
1738722712499 250.60527639626855 131
1738722712532 235.2283049260809 132
1738722712565 144.45806613669635 133
1738722712598 206.35238476427753 134
1738722712630 156.50264249071878 135
1738722712663 209.0653807675301 136
1738722712697 99.53215668219997 137
1738722712730 249.46908706048234 138
1738722712762 160.41973028342326 139
1738722712795 170.00703400763953 140
1738722712828 276.377334355664 141
1738722712861 222.4162544031928 142
1738722712894 217.613689185048 143
1738722712927 198.5854890426871 144
1738722712960 214.18751906956396 145
1738722712993 98.87593806790082 146
1738722713026 117.95767794553255 147
1738722713058 165.52678076230723 148
1738722713090 162.2301497000488 149
1738722713122 145.18661442590926 150
1738722713154 162.51162224633393 151
1738722713186 235.37607949661788 152
1738722713218 101.82151405927115 153
1738722713250 170.14529053704175 154
1738722713282 212.96854085106162 155
1738722713314 121.44701029629407 156
1738722713346 196.33302361928975 157
1738722713379 163.24574885062026 158
1738722713410 173.1702911848564 159
1738722713442 223.68541811088116 160
1738722713474 179.87934029298486 161
1738722713507 133.13129206563482 162
1738722713538 161.51003347484834 163
1738722713571 197.29045466826804 164
1738722713603 185.7001313472953 165
1738722713636 151.72492364641997 166
1738722713667 96.77996957014622 167
1738722713700 127.82922904212141 168
1738722713732 138.72615752383257 169
1738722713763 98.77146423704137 170
1738722713795 164.66096706942483 171
1738722713827 109.94150225373369 172
1738722713858 108.36699541876584 173
1738722713890 176.78599479416764 174
1738722713921 157.38010029674106 175
1738722713952 140.48825935374106 176
1738722713984 188.73123917664677 177
1738722714015 137.49974938670465 178
1738722714046 126.02717716614985 179
1738722714077 151.54581667667682 180
1738722714109 130.85809743676694 181
1738722714140 226.68389845811097 182
1738722714171 142.83134561631138 183
1738722714202 185.03909213984142 184
1738722714234 177.12288598328516 185
1738722714265 189.42314724509455 186
1738722714296 174.54369720153653 187
1738722714327 148.38782670159463 188
1738722714359 226.42985083709874 189
1738722714392 91.24328930921983 190
1738722714424 191.35087701648288 191
1738722714456 87.34407554861255 192
1738722714487 90.34587693827385 193
1738722714519 174.01517872032716 194
1738722714550 119.03650921023906 195
1738722714581 192.74267828891766 196
1738722714612 165.8113036309235 197
1738722714643 203.05399624869068 198
1738722714674 224.8779829361053 199
1738722714705 201.78436523344436 200
1738722714736 128.97667124123404 201
1738722714767 154.18909197602997 202
1738722714798 154.20924681580152 203
1738722714829 221.55840197381087 204
1738722714861 141.8284312689518 205
1738722714892 142.11447306885404 206
1738722714923 163.00304279760365 207
1738722714954 158.8788936936047 208
1738722714985 128.68715744985545 209
1738722715017 208.3227366577587 210
1738722715049 200.47082245894188 211
1738722715080 207.0545320719445 212
1738722715112 152.16398892905826 213
1738722715143 157.21770750856888 214
1738722715175 152.1924929598144 215
1738722715207 161.88551372627654 216
1738722715238 185.10177563414612 217
1738722715270 151.1279626924471 218
1738722715301 267.9484825450608 219
1738722715332 128.70884198531314 220
1738722715363 125.4964668738761 221
1738722715395 187.87432733543616 222
1738722715426 133.29793724643667 223
1738722715457 112.8554527525081 224
1738722715488 123.55778166934903 225
1738722715519 174.43505399543767 226
1738722715550 195.62309502355313 227
1738722715582 61.43619310793762 228
1738722715613 195.85566015932372 229
1738722715645 155.58701912381036 230
1738722715676 152.4741559906002 231
1738722715708 167.4818729991724 232
1738722715741 288.72013254711635 233
1738722715773 161.16127072981942 234
1738722715804 126.87397499314787 235
1738722715836 156.51322957836734 236
1738722715867 242.94190681965284 237
1738722715898 169.2697309809432 238
1738722715929 134.3292132427048 239
1738722715960 89.88398217982929 240
1738722715991 202.46149338842844 241
1738722716022 183.98407355336454 242
1738722716053 166.5812816755377 243
1738722716084 126.92545867577321 244
1738722716115 190.2906272417683 245
1738722716146 76.83101742669156 246
1738722716178 179.17321758518707 247
1738722716210 156.38739672435713 248
1738722716241 187.62033303410638 249
1738722716272 252.80228577495586 250
1738722716304 160.7935529795318 251
1738722716335 118.32043367803836 252
1738722716367 266.9262530477537 253
1738722716399 134.3795151208512 254
1738722716431 186.0081888649261 255
1738722716463 217.1093878969978 256
1738722716496 126.83289532693445 257
1738722716527 162.13527565507326 258
1738722716559 120.71238792410267 259
1738722716591 158.0619156842244 260
1738722716623 160.50010517899156 261
1738722716655 187.9728063014156 262
1738722716688 148.228311148481 263
1738722716721 161.40543120068506 264
1738722716753 166.41024483670995 265
1738722716785 231.37922265070821 266
1738722716818 151.09881552353562 267
1738722716850 200.34130800663453 268
1738722716881 161.77625944577983 269
1738722716913 111.57071923364668 270
1738722716945 182.20658620249424 271
1738722716977 213.36215273475727 272
1738722717009 97.31327697826907 273
1738722717040 159.57025322306836 274
1738722717072 99.47840129223651 275
1738722717104 130.7713957472822 276
1738722717136 188.98823365713105 277
1738722717167 208.1952206438366 278
1738722717199 104.65531518002102 279
1738722717230 137.35743388721346 280
1738722717262 158.3733154758648 281
1738722717293 165.1098815777441 282
1738722717326 57.75150072449496 283
1738722717358 188.5216414311914 284
1738722717390 236.8886135446602 285
1738722717421 212.7107310062162 286
1738722717453 177.29400109948855 287
1738722717484 201.27020268058723 288
1738722717516 125.12248451268798 289
1738722717547 182.13089675734133 290
1738722717579 123.90483579260751 291
1738722717610 209.50381432227985 292
1738722717642 197.68236262956245 293
1738722717673 4.887974515220295 294
1738722717705 222.5657215837312 295
1738722717736 183.30294826008412 296
1738722717767 281.12865095033305 297
1738722717800 165.83556643248596 298
1738722717832 106.08643403377233 299
1738722717864 216.1059566348249 300
1738722717896 232.91284632209423 301
1738722717928 81.25541909624944 302
1738722717959 35.868255765825644 303
1738722717991 172.9542616170511 304
1738722718023 180.30731596705573 305
1738722718054 153.4699380570489 306
1738722718086 187.4064150757379 307
1738722718118 141.58524923794056 308
1738722718150 162.05961061444708 309
1738722718181 184.46677296688813 310
1738722718212 152.43344378772855 311
1738722718244 151.58766355109896 312
1738722718275 159.6251422733919 313
1738722718308 232.1219320461188 314
1738722718341 116.02123294564862 315
1738722718373 129.0628995657701 316
1738722718406 123.0943859932803 317
1738722718438 109.23685364501026 318
1738722718471 214.77926087284618 319
1738722718503 159.7327221681304 320
1738722718535 196.08366700311004 321
1738722718567 150.1530827425158 322
1738722718598 150.10967902890303 323
1738722718630 124.30520279592211 324
1738722718661 190.20953897527548 325
1738722718693 140.90756130655197 326
1738722718724 219.2724363144924 327
1738722718756 289.7496161078155 328
1738722718789 152.08016186752187 329
1738722718821 118.47867347200201 330
1738722718853 246.06307913533996 331
1738722718886 205.49859549501613 332
1738722718920 531.5120235545854 333
1738722718953 168.67622943766443 334
1738722718986 133.80745040140476 335
1738722719019 76.52891357081019 336
1738722719051 161.05729059804932 337
1738722719083 69.77891679669266 338
1738722719116 152.07637035526972 339
1738722719147 181.4446653371816 340
1738722719179 198.74155576702069 341
1738722719211 107.92970869971833 342
1738722719242 196.2334397595636 343
1738722719274 182.35536530311254 344
1738722719305 44.51337232737626 345
1738722719337 203.66537663967912 346
1738722719369 163.85155010395897 347
1738722719400 169.1898859885178 348
1738722719431 184.54348940066026 349
1738722719462 116.97189000666816 350
1738722719494 122.53735189214345 351
1738722719525 226.02735900892418 352
1738722719557 203.94665221135642 353
1738722719589 263.96479592706055 354
1738722719621 201.84791817679428 355
1738722719653 225.31829982228334 356
1738722719686 147.99156888026334 357
1738722719718 309.92972623915387 358
1738722719750 248.81323082272115 359
1738722719782 252.04065747701605 360
1738722719814 70.88842712725784 361
1738722719847 176.44811777566292 362
1738722719878 190.24517694051164 363
1738722719911 137.63479059548416 364
1738722719943 252.61953153410215 365
1738722719975 193.51002302929797 366
1738722720007 147.42743310194192 367
1738722720039 196.57171296995148 368
1738722720070 213.00379260742494 369
1738722720102 175.50134310884843 370
1738722720133 176.182626616079 371
1738722720165 119.4176606085326 372
1738722720196 150.30511180855464 373
1738722720228 88.89485243242952 374
1738722720259 231.53112086842785 375
1738722720291 126.71668046006494 376
1738722720322 211.32540210245884 377
1738722720354 134.64805124715213 378
1738722720385 202.63570239481467 379
1738722720416 199.93129991155217 380
1738722720448 176.25912139170487 381
1738722720479 185.6758646218346 382
1738722720512 156.69782916647566 383
1738722720545 239.93835268407184 384
1738722720577 180.12545216095924 385
1738722720609 401.2383952145493 386
1738722720640 179.51361742265755 387
1738722720672 184.18212437987083 388
1738722720706 275.34762148500346 389
1738722720739 149.11440087152644 390
1738722720773 176.3720998705854 391
1738722720807 224.3904442508787 392
1738722720841 245.0890006864324 393
1738722720875 201.51086058193857 394
1738722720908 173.8485661001588 395
1738722720941 121.5676067653495 396
1738722720974 60.227486146909605 397
1738722721007 198.84597071454263 398
1738722721039 170.0938812274489 399
1738722721072 159.1066123200263 400
1738722721105 113.94478917317578 401
1738722721137 188.08020749338783 402
1738722721170 177.02736723047968 403
1738722721202 184.30316725129393 404
1738722721235 148.26349961953045 405
1738722721268 173.58668748119885 406
1738722721301 163.71064823094943 407
1738722721333 194.3915360829477 408
1738722721365 183.12243005739666 409
1738722721398 251.2861950493781 410
1738722721431 141.24698666982792 411
1738722721464 156.2158552865668 412
1738722721496 127.97911410432093 413
1738722721529 167.02006344407755 414
1738722721561 158.47126621619728 415
1738722721594 160.38862507187747 416
1738722721626 151.78097477545958 417
1738722721659 168.95398954838922 418
1738722721691 152.96739107879333 419
1738722721724 188.5153660390193 420
1738722721757 176.03299523737022 421
1738722721790 182.6600482769874 422
1738722721823 313.6748987946764 423
1738722721856 145.09073518331235 424
1738722721888 195.67555216801136 425
1738722721921 117.26670029867226 426
1738722721954 56.86944741767027 427
1738722721987 181.52069844568345 428
1738722722020 154.74821633708083 429
1738722722053 310.6050921937279 430
1738722722086 187.17947299407422 431
1738722722119 214.89211926283093 432
1738722722153 173.03329878865543 433
1738722722185 43.446580312288916 434
1738722722218 114.18130284298036 435
1738722722251 154.7757780859048 436
1738722722285 131.0343764924277 437
1738722722318 208.0395797262839 438
1738722722351 174.26440166692979 439
1738722722407 104.12762685217695 440
1738722722473 208.1749758732415 441
1738722722508 177.67409849669986 442
1738722722542 186.25369691632994 443
1738722722576 127.98929467827183 444
1738722722609 166.22445984965196 445
1738722722642 169.97341739839973 446
1738722722675 318.8157472109703 447
1738722722708 122.29752476709021 448
1738722722741 103.56444109241386 449
1738722722774 143.45218888728206 450
1738722722809 189.3046411581906 451
1738722722841 157.83633719777953 452
1738722722875 177.26076573366456 453
1738722722909 170.35269670201285 454
1738722722942 169.9911994756081 455
1738722722975 213.56619144362222 456
1738722723009 111.9790936461435 457
1738722723042 199.282473681585 458
1738722723075 51.816831375563815 459
1738722723110 184.4215161020896 460
1738722723143 173.10571816115154 461
1738722723176 190.19069003050697 462
1738722723208 189.12468196600904 463
1738722723239 319.85717028330896 464
1738722723271 225.60744914976195 465
1738722723303 171.2738861907904 466
1738722723335 280.35137131365684 467
1738722723367 140.76337429328154 468
1738722723399 172.50126563121458 469
1738722723431 109.7121622245448 470
1738722723463 41.693118644791646 471
1738722723495 179.01448065678252 472
1738722723528 172.2578437497694 473
1738722723562 122.29999048463257 474
1738722723594 186.57759619013308 475
1738722723626 264.1408059351328 476
1738722723659 139.37786793878072 477
1738722723691 143.05216746769315 478
1738722723724 94.0841097796489 479
1738722723757 145.61366974492313 480
1738722723789 175.08392301474922 481
1738722723821 112.30894364861882 482
1738722723854 83.91290765181009 483
1738722723886 236.90859864438082 484
1738722723919 220.06863595420754 485
1738722723951 140.63476205285374 486
1738722723984 64.05559308423697 487
1738722724016 193.94482009643826 488
1738722724047 166.86799312621648 489
1738722724079 305.57398831098186 490
1738722724112 184.8812366012093 491
1738722724145 225.89039050989643 492
1738722724179 198.03621910284477 493
1738722724212 177.13667573578243 494
1738722724245 178.779047052835 495
1738722724277 92.20577434347086 496
1738722724310 152.87888688447052 497
1738722724344 138.14644126373676 498
1738722724377 135.28609658986193 499
