1738723687434 169.24352203158307 0
1738723687436 169.2473251651574 1
1738723687438 169.24566846021924 2
1738723687441 169.24412996801018 3
1738723687443 169.24259510764162 4
1738723687445 169.24106617895455 5
1738723687447 169.23954311013617 6
1738723687450 169.2380258778309 7
1738723687453 169.2365144577974 8
1738723687455 169.23500882591944 9
1738723687458 169.2335089581845 10
1738723687460 169.23201483068397 11
1738723687462 169.23052641961237 12
1738723687464 169.2290437012672 13
1738723687466 169.2275666520482 14
1738723687468 169.22609524845726 15
1738723687471 169.22462946709757 16
1738723687472 169.2231692846735 17
1738723687474 169.22171467798995 18
1738723687477 169.22026562395195 19
1738723687479 169.2188220995643 20
1738723687481 169.2173840819311 21
1738723687483 169.21595154825516 22
1738723687485 169.2145244758378 23
1738723687487 169.21310284207829 24
1738723687488 169.2116866244734 25
1738723687490 169.21027580061704 26
1738723687492 169.20887034819975 27
1738723687494 169.2074702450083 28
1738723687496 169.2060754689255 29
1738723687498 169.20468599792918 30
1738723687500 169.20330181009254 31
1738723687502 169.20192288358305 32
1738723687504 169.20054919666256 33
1738723687506 169.19918072768644 34
1738723687508 169.19781745510352 35
1738723687510 169.19645935745555 36
1738723687512 169.19510641337666 37
1738723687514 169.19375860159317 38
1738723687515 169.19241590092304 39
1738723687517 169.19107829027553 40
1738723687519 169.18974574865075 41
1738723687521 169.1884182551394 42
1738723687523 169.1870957889221 43
1738723687524 169.18577832926923 44
1738723687527 169.18446585554048 45
1738723687530 169.18315834718442 46
1738723687532 169.18185578373814 47
1738723687534 169.1805581448267 48
1738723687536 169.17926541016317 49
1738723687539 169.17797755954774 50
1738723687541 169.17669457286758 51
1738723687543 169.17541643009648 52
1738723687549 169.17414311129443 53
1738723687555 169.17287459660724 54
1738723687557 169.17161086626606 55
1738723687559 169.17035190058715 56
1738723687578 169.16909767997154 57
1738723687595 169.1678481849045 58
1738723687602 169.16660339595518 59
1738723687605 169.16536329377638 60
1738723687611 169.16412785910413 61
1738723687616 169.16289707275715 62
1738723687619 169.16167091563685 63
1738723687621 169.16044936872655 64
1738723687624 169.15923241309142 65
