1738724279213 160.9217155382582 0
1738724279246 134.44186635486105 1
1738724279279 178.2086624677839 2
1738724279311 154.197653028851 3
1738724279344 175.50844661790433 4
1738724279377 212.25680089052705 5
1738724279409 174.26966795684757 6
1738724279441 156.51109356003312 7
1738724279474 186.32011341528008 8
1738724279506 160.03607247536482 9
1738724279538 117.86981797902861 10
1738724279570 190.2906970710554 11
1738724279603 145.75866613752737 12
1738724279635 98.87865318037831 13
1738724279667 248.65261802287978 14
1738724279699 210.8859685357987 15
1738724279731 235.85327601224094 16
1738724279763 179.51308602589083 17
1738724279795 185.72409031745812 18
1738724279827 128.88817205248938 19
1738724279859 130.81916586303427 20
1738724279891 105.51097378774186 21
1738724279923 176.28081844398318 22
1738724279955 183.13754050987012 23
1738724279987 134.65552219242724 24
1738724280019 140.98249619256572 25
1738724280051 35.72071482564636 26
1738724280083 149.05930799418815 27
1738724280115 176.18502625821495 28
1738724280147 116.16298971808544 29
1738724280178 184.8799722282506 30
1738724280210 164.4696467527575 31
1738724280242 224.910983115247 32
1738724280274 143.29120890835418 33
1738724280306 159.77545687681504 34
1738724280338 224.0353669285207 35
1738724280369 170.612826500878 36
1738724280401 123.7558593026565 37
1738724280433 99.60275012794298 38
1738724280464 221.2715056313218 39
1738724280496 139.78045381450895 40
1738724280528 168.2008453005395 41
1738724280559 336.3068419007647 42
1738724280591 120.22253239016761 43
1738724280623 196.89436285226986 44
1738724280654 324.7952665485527 45
1738724280686 172.28595802791705 46
1738724280717 310.9629997024789 47
1738724280749 168.2442438785502 48
1738724280781 124.56528738145131 49
1738724280812 112.2909702665071 50
1738724280845 193.74935542419303 51
1738724280879 152.37917176786866 52
1738724280912 166.3289656677513 53
1738724280945 123.74870181975673 54
1738724280977 179.03513828587103 55
1738724281010 244.6684220899417 56
1738724281042 166.34798354564236 57
1738724281074 214.3344248776318 58
1738724281106 119.65636563593773 59
1738724281139 256.58986514649894 60
1738724281171 228.33107601562693 61
1738724281204 176.1302379978069 62
1738724281236 175.31153487305735 63
1738724281269 198.76620279410193 64
1738724281302 427.1720673423745 65
1738724281335 195.0276093662838 66
1738724281368 201.73244292186752 67
1738724281400 118.15382805244022 68
1738724281433 110.71005473104643 69
1738724281465 237.7472567256903 70
1738724281498 193.00355444949864 71
1738724281530 208.23447977110155 72
1738724281562 258.2972011490889 73
1738724281595 199.29569733518733 74
1738724281627 211.00361882030683 75
1738724281659 189.00255697051455 76
1738724281691 154.91313627846407 77
1738724281723 222.55089500926033 78
1738724281755 143.89550488053814 79
1738724281788 115.14911021230985 80
1738724281820 217.04044890115125 81
1738724281852 187.59768282329063 82
1738724281884 185.04368667093667 83
1738724281916 132.07514017915182 84
1738724281948 165.14936979258763 85
1738724281980 189.77836929159966 86
1738724282011 151.425069085322 87
1738724282043 169.6679404643456 88
1738724282075 185.79851950214587 89
1738724282107 210.864387395762 90
1738724282138 183.5224982572198 91
1738724282170 198.12276832082057 92
1738724282202 85.42481887889181 93
1738724282234 264.89495371572093 94
1738724282266 63.63480321769236 95
1738724282297 176.01877972476862 96
1738724282329 148.21514507631986 97
1738724282361 193.63277142175866 98
1738724282393 136.12356757591945 99
1738724282425 236.87104964195697 100
1738724282456 140.92636293462473 101
1738724282488 62.54778745212536 102
1738724282520 161.00272016776236 103
1738724282552 278.99114732879866 104
1738724282583 169.14061204318543 105
1738724282615 178.80206862381507 106
1738724282647 148.8834946881507 107
1738724282679 202.80210200037757 108
1738724282710 168.98387881751154 109
1738724282742 196.69691496855614 110
1738724282773 193.08579037670157 111
1738724282805 175.17772738208626 112
1738724282837 121.59161482881909 113
1738724282868 257.53029598438707 114
1738724282901 221.42063067646663 115
1738724282940 144.56140242479682 116
1738724282977 231.76783124807218 117
1738724283014 178.26123974996906 118
1738724283050 164.97719875579816 119
1738724283084 134.483476699392 120
1738724283118 157.34458673336047 121
1738724283151 109.02572529847916 122
1738724283184 248.90592892394545 123
1738724283216 172.82877943975183 124
1738724283248 159.10010710698913 125
1738724283281 243.39601819576728 126
1738724283313 201.92977275690194 127
1738724283345 130.0204520526301 128
1738724283379 198.70518448372906 129
1738724283412 185.2524915297642 130
1738724283444 196.47014366132487 131
1738724283477 224.63486974980287 132
1738724283510 230.69232783849301 133
1738724283542 99.14091042569665 134
1738724283574 95.95726558602142 135
1738724283607 70.60801445127264 136
1738724283639 99.88964704204518 137
1738724283671 169.56576810627737 138
1738724283704 125.23582403583532 139
1738724283736 239.2510778741734 140
1738724283768 175.60123743248607 141
1738724283800 136.51195984371859 142
1738724283832 204.5121523848712 143
1738724283864 183.64949404101856 144
1738724283899 244.909341448586 145
1738724283940 186.56442985628783 146
1738724283978 161.18800104563337 147
1738724284053 180.107818043657 148
1738724284093 127.42463018308975 149
1738724284125 204.19237573606293 150
1738724284158 115.50419104334104 151
1738724284190 201.26624102912538 152
1738724284222 183.94393736127984 153
1738724284254 187.62747895404385 154
1738724284286 217.2455186374559 155
1738724284318 185.264369701122 156
1738724284350 221.9576655096262 157
1738724284382 189.7309818557476 158
1738724284413 149.44082784400496 159
1738724284445 189.68268390171698 160
1738724284477 221.88815636628462 161
1738724284509 161.89561367290364 162
1738724284541 216.54615423211195 163
1738724284573 210.4650097808821 164
1738724284605 209.25959586151546 165
1738724284637 117.65470011900761 166
1738724284669 240.18339461523368 167
1738724284701 150.5892794782912 168
1738724284733 239.17189574460778 169
1738724284766 142.91629154830272 170
1738724284799 149.0023807103676 171
1738724284832 138.9422388850828 172
1738724284864 135.8936149550372 173
1738724284897 208.89314805412064 174
1738724284930 145.22404216929937 175
1738724284964 159.57328044270068 176
1738724284997 186.036321883749 177
1738724285030 142.61499265110285 178
1738724285062 207.6733994131666 179
1738724285095 234.33076589843105 180
1738724285127 135.23219159003736 181
1738724285159 157.7599327242429 182
1738724285191 140.71177534389417 183
1738724285224 120.6251495857742 184
1738724285257 206.15615936269032 185
1738724285290 154.99730199353345 186
1738724285323 212.0269297653727 187
1738724285356 178.13820963026834 188
1738724285389 166.87925201666806 189
1738724285422 188.43017751283173 190
1738724285456 159.37137732344252 191
1738724285488 164.65458680287338 192
1738724285521 88.88413234496137 193
1738724285553 153.19253430848272 194
1738724285585 182.2831970239484 195
1738724285617 161.62933570129198 196
1738724285649 190.96765633508141 197
1738724285681 256.724374172592 198
1738724285714 173.16888556054815 199
1738724285746 198.19485596720583 200
1738724285779 218.3313695295561 201
1738724285811 167.37365688292797 202
1738724285843 110.42959734360328 203
1738724285875 186.00921644252045 204
1738724285907 82.94308922376553 205
1738724285939 140.74120558809733 206
1738724285971 242.79901887625982 207
1738724286010 188.53701025963076 208
1738724286047 112.34116496830289 209
1738724286080 148.19625938041418 210
1738724286113 251.93685083578322 211
1738724286146 192.54249500675127 212
1738724286179 184.51999512680553 213
1738724286211 186.5486371784987 214
1738724286244 148.68699460461673 215
1738724286276 265.73237108263856 216
1738724286309 158.54427232101986 217
1738724286341 202.9139651716781 218
1738724286374 124.38631617119631 219
1738724286406 93.12111217789952 220
1738724286438 154.84073782035026 221
1738724286471 154.92481695368195 222
1738724286504 217.55716994237176 223
1738724286537 132.51963978205546 224
1738724286569 196.0164203049964 225
1738724286602 87.64322207289062 226
1738724286635 212.3225104482642 227
1738724286667 246.01487645891672 228
1738724286699 172.03600009010768 229
1738724286731 190.03330972531185 230
1738724286763 139.37655871144847 231
1738724286795 162.74448197527406 232
1738724286827 193.1202720159053 233
1738724286859 182.53033297822097 234
1738724286891 115.94630074415271 235
1738724286923 326.927545495706 236
1738724286955 233.8254797780637 237
1738724286987 209.25162785139665 238
1738724287019 192.39154337707782 239
1738724287051 274.02703856537204 240
1738724287082 252.94047682830168 241
1738724287114 160.64206562874475 242
1738724287146 230.75975088278258 243
1738724287178 124.16613166695417 244
1738724287210 209.08800500498393 245
1738724287242 104.89355005362115 246
1738724287274 194.5094471413732 247
1738724287305 106.96097704700726 248
1738724287337 116.00971687983053 249
1738724287369 161.05454382228245 250
1738724287401 153.801965462335 251
1738724287433 158.93944106126494 252
1738724287465 260.8657852827663 253
1738724287497 115.21078317284466 254
1738724287529 267.22610604927206 255
1738724287561 155.0100336544895 256
1738724287592 161.4552851343733 257
1738724287624 201.69651409007741 258
1738724287657 179.9123148924499 259
1738724287689 158.5816046299804 260
1738724287721 174.12887213958717 261
1738724287754 122.30227280206314 262
1738724287786 197.44283565861244 263
1738724287818 144.40896757619117 264
1738724287850 304.2378700584828 265
1738724287882 115.25962270433038 266
1738724287914 137.02161360728775 267
1738724287946 357.5774518251355 268
1738724287978 208.29411716806166 269
1738724288010 141.62129963811648 270
1738724288042 202.43514733959927 271
1738724288074 157.9026022152836 272
1738724288106 232.9250992376908 273
1738724288138 161.00995694281812 274
1738724288170 140.92941882382868 275
1738724288202 153.1312361904616 276
1738724288234 141.2955493070065 277
1738724288266 138.39282348917348 278
1738724288298 160.75779988715064 279
1738724288330 136.9077898817901 280
1738724288362 188.12652841684522 281
1738724288393 86.80268994700273 282
1738724288425 151.13690882031085 283
1738724288457 134.55341295303512 284
1738724288489 152.11219002658927 285
1738724288521 170.0280082696885 286
1738724288553 190.005721444511 287
1738724288585 114.94778592096154 288
1738724288616 208.44125531373908 289
1738724288648 164.30899888541626 290
1738724288680 116.16203273266166 291
1738724288712 111.91245289111411 292
1738724288743 146.58412574731125 293
1738724288775 202.1600939506905 294
1738724288807 173.72185270918354 295
1738724288839 204.93884854722535 296
1738724288871 140.0608474860753 297
1738724288902 123.08566421678717 298
1738724288934 228.81627153982888 299
1738724288966 179.8180420313135 300
1738724288997 150.37918906727458 301
1738724289029 160.016346165712 302
1738724289061 172.9734972292143 303
1738724289093 197.27328852467176 304
1738724289124 227.9174479880226 305
1738724289156 134.56556505537193 306
1738724289188 236.0548308772865 307
1738724289219 205.55319150317635 308
1738724289251 176.35348294041717 309
1738724289283 147.96809549422014 310
1738724289314 172.1399693824035 311
1738724289346 115.07968155660208 312
1738724289378 193.33307929703017 313
1738724289409 212.47446315609574 314
1738724289440 156.14916300550587 315
1738724289472 127.67806292092932 316
1738724289504 200.60264001113092 317
1738724289536 200.54940555052153 318
1738724289568 180.7133205731331 319
1738724289599 441.8002541154894 320
1738724289631 229.89491542343063 321
1738724289662 390.6862629452383 322
1738724289694 150.0441686940556 323
1738724289725 198.35735785323 324
1738724289757 102.10236554573181 325
1738724289788 271.06985780660847 326
1738724289820 191.77985539759962 327
1738724289851 171.09866097802498 328
1738724289883 169.0119338409765 329
1738724289914 131.32965386070165 330
1738724289946 104.64009878689357 331
1738724289977 134.52216940954014 332
1738724290009 223.64876771478873 333
1738724290040 168.142533325023 334
1738724290072 78.53784465090769 335
1738724290103 203.1273764924251 336
1738724290136 108.48275563862867 337
1738724290168 130.4703869966207 338
1738724290200 211.2685104471053 339
1738724290232 188.06781258321323 340
1738724290264 161.93388587823458 341
1738724290296 118.3645580526894 342
1738724290327 280.6417180816223 343
1738724290359 193.49699955232862 344
1738724290391 130.42202120770554 345
1738724290423 194.8835107738139 346
1738724290455 127.57712905578508 347
1738724290487 167.09011707267584 348
1738724290518 145.45020676336543 349
1738724290550 136.75732201712532 350
1738724290582 160.55722276317886 351
1738724290613 200.06769716015432 352
1738724290645 200.8767053112025 353
1738724290677 121.37015221969867 354
1738724290708 165.38403096266296 355
1738724290740 222.89196530166456 356
1738724290772 218.79512457123045 357
1738724290803 160.14078517045027 358
1738724290835 149.4362475412437 359
1738724290867 181.83290435391692 360
1738724290899 146.0982686446567 361
1738724290931 183.88671982773113 362
1738724290963 302.9625253287775 363
1738724290995 183.46941220987688 364
1738724291027 144.68535707370285 365
1738724291058 204.9827262381463 366
1738724291090 211.80512577954505 367
1738724291122 113.54887031765568 368
1738724291153 133.47798945492343 369
1738724291185 191.65914137294243 370
1738724291216 86.97746419036046 371
1738724291248 528.9934787775084 372
1738724291280 153.36772722144835 373
1738724291311 322.07404150194 374
1738724291343 271.2780206645196 375
1738724291375 138.80803150087024 376
1738724291406 123.8247841526247 377
1738724291438 179.21870131717924 378
1738724291469 120.32348600209255 379
1738724291501 156.04322149636482 380
1738724291533 199.917446061416 381
1738724291565 78.89902946702942 382
1738724291597 159.01996694487195 383
1738724291628 74.9910297171349 384
1738724291660 158.49086511844132 385
1738724291692 134.6048283550538 386
1738724291723 191.85999223074157 387
1738724291755 195.95763205866575 388
1738724291786 199.85072116281907 389
1738724291818 166.93501592257874 390
1738724291849 112.51521341072251 391
1738724291881 153.51407420348306 392
1738724291913 151.92812537113645 393
1738724291944 169.277670570874 394
1738724291975 181.60050718621176 395
1738724292007 220.4426232408779 396
1738724292038 261.43752009935463 397
1738724292070 143.82845707338208 398
1738724292101 185.40010034842442 399
1738724292133 207.23576630026707 400
1738724292164 207.11263826573216 401
1738724292196 198.5802163069072 402
1738724292227 161.07699237561042 403
1738724292258 352.55276851457484 404
1738724292290 53.12690764331005 405
1738724292321 192.10821904176225 406
1738724292353 216.8358155617142 407
1738724292384 230.2068362671272 408
1738724292415 138.22707407411937 409
1738724292447 114.34286931741289 410
1738724292478 214.81451975787897 411
1738724292509 198.94931636369893 412
1738724292541 252.61873097953253 413
1738724292572 181.04496846205868 414
1738724292603 197.54105363722692 415
1738724292635 172.3822128990766 416
1738724292666 198.62475476199495 417
1738724292698 152.55798212280982 418
1738724292729 147.54831697158178 419
1738724292761 264.14287953894257 420
1738724292792 196.7311718309255 421
1738724292824 152.5412479219746 422
1738724292855 229.4289042785385 423
1738724292886 405.0084204471417 424
1738724292918 185.16090525604696 425
1738724292949 215.92750858415704 426
1738724292981 205.05891264591867 427
1738724293012 129.6883894256191 428
1738724293044 150.15441867683268 429
1738724293075 136.49706135715965 430
1738724293106 259.23803535232094 431
1738724293138 181.75861849617579 432
1738724293169 204.23648935049835 433
1738724293203 116.895405678154 434
1738724293234 50.46702787392958 435
1738724293266 164.49248367569834 436
1738724293297 221.58391105310358 437
1738724293328 175.36130600886628 438
1738724293360 213.5782029264021 439
1738724293391 173.09683063930567 440
1738724293423 234.11987901929814 441
1738724293454 154.98569321199355 442
1738724293486 0.8805659900824798 443
1738724293517 157.59064024916577 444
1738724293549 168.57403388192378 445
1738724293580 144.9106475188973 446
1738724293612 125.02798768095963 447
1738724293644 82.37126817195715 448
1738724293675 125.62103219054967 449
1738724293706 189.2169454185285 450
1738724293738 306.1540028659663 451
1738724293769 132.9641338899365 452
1738724293801 145.856645137309 453
1738724293832 145.91648007400758 454
1738724293864 104.37009255770421 455
1738724293895 158.30716046798656 456
1738724293926 154.79217595533981 457
1738724293958 196.64372205158344 458
1738724293989 174.88272043508064 459
1738724294020 184.97882248817518 460
1738724294052 211.43265671061715 461
1738724294083 162.03977665255354 462
1738724294114 170.12082365391416 463
1738724294146 37.594642049223054 464
1738724294177 70.91162393649944 465
1738724294208 88.51802802179951 466
1738724294239 115.67984984831102 467
1738724294271 203.50134428460666 468
1738724294302 165.41074985719024 469
1738724294333 128.94227042276708 470
1738724294364 263.34513874086076 471
1738724294395 229.9212094064348 472
1738724294427 127.93118122759361 473
1738724294458 182.90951398800132 474
1738724294489 209.70523053356553 475
1738724294520 224.8433062649795 476
1738724294551 118.6784748217652 477
1738724294583 120.4107476030992 478
1738724294614 181.418772074967 479
1738724294645 97.07692884786445 480
1738724294676 293.15132860658593 481
1738724294708 140.07192601704858 482
1738724294739 121.42380895916284 483
1738724294770 173.9573396551202 484
1738724294801 202.73721278914454 485
1738724294832 178.62870438031283 486
1738724294864 186.06847459190288 487
1738724294895 170.71208820763857 488
1738724294926 67.52634899467841 489
1738724294957 203.20137422151845 490
1738724294989 170.59491812344444 491
1738724295020 165.81665185312522 492
1738724295051 93.51799700989159 493
1738724295082 93.04397839568459 494
1738724295113 117.79993772783492 495
1738724295145 171.59652423117592 496
1738724295176 199.3233177536834 497
1738724295224 152.87408329989353 498
1738724295257 72.93207081726874 499
