1738724557019 169.35425224434476 0
1738724557023 167.87523841138926 1
1738724557026 167.44753359299574 2
1738724557029 170.28072561349595 3
1738724557032 171.23657242802 4
1738724557035 168.88884451140777 5
1738724557038 168.5995505584215 6
1738724557041 171.0180497796516 7
1738724557044 169.63828892083097 8
1738724557047 166.62787456885093 9
1738724557050 169.08774228188435 10
1738724557053 169.3528836023881 11
1738724557056 169.6506342761664 12
1738724557059 167.74446801088004 13
1738724557062 169.3279708479728 14
1738724557065 169.19462186807388 15
1738724557069 168.4149472706434 16
1738724557072 169.04925894430124 17
1738724557075 170.46402895322237 18
1738724557078 169.31677929875983 19
