1738724146608 170.33940377959163 0
1738724146611 168.04131601730163 1
1738724146614 169.1274949797964 2
1738724146617 170.07377172552106 3
1738724146620 170.4171357631286 4
1738724146623 169.34250830910875 5
1738724146625 168.74173879254997 6
1738724146628 166.8379189715174 7
1738724146631 168.8346782253593 8
1738724146634 167.60987997447234 9
1738724146636 169.03468577338057 10
1738724146639 169.2279530634856 11
1738724146642 169.7085467041674 12
1738724146645 170.0189091453995 13
1738724146648 168.3894217540934 14
1738724146650 166.18345637442567 15
1738724146653 168.43299248139888 16
1738724146656 168.7631239128793 17
1738724146659 168.50231871608062 18
1738724146662 168.76925824709892 19
1738724146665 171.3969713897829 20
1738724146668 169.54153974434047 21
1738724146671 170.2903652156181 22
1738724146674 170.05954188355724 23
1738724146676 169.3187220753092 24
