1738723881434 292.21440207988707 0
1738723881468 159.5602978716322 1
1738723881502 159.1328298516937 2
1738723881535 183.8161460128989 3
1738723881568 90.71019903030104 4
1738723881601 134.97190289038184 5
1738723881636 139.35786879860603 6
1738723881670 241.13415288178314 7
1738723881704 135.37033934711016 8
1738723881738 93.06816105777565 9
1738723881772 324.92734473852613 10
1738723881806 161.9598935704374 11
1738723881840 201.0495081509864 12
1738723881873 182.2587183801398 13
1738723881907 95.9669802835816 14
1738723881940 181.70378561978816 15
1738723881974 222.5589322653085 16
1738723882008 186.1050344261704 17
1738723882042 118.88107828593195 18
1738723882076 138.14298662239693 19
1738723882109 114.13685962058432 20
1738723882143 159.45134004412196 21
1738723882177 177.1033436466971 22
1738723882210 146.50052940233854 23
1738723882244 189.99735504321202 24
1738723882277 113.00430813649474 25
1738723882321 148.59552809984604 26
1738723882356 180.8033185344525 27
1738723882391 174.50178255004667 28
1738723882425 233.95822569145938 29
1738723882460 151.877601573085 30
1738723882494 120.35717078945578 31
1738723882527 161.52047094640875 32
1738723882561 137.5363372861879 33
1738723882595 109.83828744931886 34
1738723882629 150.09759549612352 35
1738723882662 131.83893599339856 36
1738723882696 182.62679633297822 37
1738723882730 128.09031936889164 38
1738723882763 183.97587532838617 39
1738723882797 204.7380187624548 40
1738723882830 123.5613157695799 41
1738723882864 201.74081806569302 42
1738723882897 207.14532916089854 43
1738723882931 190.4298505119772 44
1738723882964 231.26506057195746 45
1738723882998 105.93364341607811 46
1738723883031 122.2686881174059 47
1738723883064 149.26685631475675 48
1738723883098 222.8086883775556 49
1738723883131 187.11526855899146 50
1738723883164 162.44304239987645 51
1738723883198 143.22560531747092 52
1738723883231 146.32075931773946 53
1738723883264 181.70138743126407 54
1738723883298 177.34254923143436 55
1738723883331 142.54637898531686 56
1738723883365 54.91940807826221 57
1738723883398 153.71981646198384 58
1738723883431 120.17745865583348 59
1738723883465 126.3336392611267 60
1738723883498 278.81730232913833 61
1738723883531 171.09363658255694 62
1738723883564 135.27863415683754 63
1738723883597 192.45702117386162 64
1738723883630 170.92334421798688 65
1738723883664 230.6122861159214 66
1738723883700 243.31887456474192 67
1738723883735 151.5858215354236 68
1738723883769 163.86454599702031 69
1738723883803 171.08506604896064 70
1738723883837 152.06525398102062 71
1738723883871 165.08459181518018 72
1738723883905 178.15824677082486 73
1738723883939 176.6297238752728 74
1738723883972 88.43829750077909 75
1738723884006 119.03065811492638 76
1738723884040 32.81101074529307 77
1738723884074 150.91038327651927 78
1738723884108 217.9538065799449 79
1738723884141 230.75488809787032 80
1738723884175 221.70649447100368 81
1738723884210 66.90982888873717 82
1738723884244 169.85654415582425 83
1738723884278 87.71069005599804 84
1738723884312 178.12629678080953 85
1738723884346 196.5918367227825 86
1738723884380 130.1238304028706 87
1738723884413 175.72718854428678 88
1738723884446 185.47166299772033 89
1738723884480 148.15421947345536 90
1738723884513 162.96005495733365 91
1738723884546 478.1362036158071 92
1738723884579 221.82360185585907 93
1738723884613 179.5195921178753 94
1738723884646 107.67242509128566 95
1738723884679 162.29287888124495 96
1738723884712 189.02829937741555 97
1738723884745 171.39410465974575 98
1738723884778 197.49483387273082 99
1738723884811 144.69690886290985 100
1738723884844 197.07282671202387 101
1738723884878 165.5118739126719 102
1738723884911 102.56612815487901 103
1738723884944 258.861741300676 104
1738723884977 150.95940053245084 105
1738723885011 176.94479054011134 106
1738723885045 239.01120101193396 107
1738723885078 78.87253920310425 108
1738723885111 134.47971670600825 109
1738723885144 117.87083193776701 110
1738723885177 205.2326386328182 111
1738723885210 181.29468361860086 112
1738723885243 223.08937744224707 113
1738723885276 148.03526665692598 114
1738723885309 99.47053686172156 115
1738723885342 199.1577521537565 116
1738723885375 222.95981625394032 117
1738723885408 356.9599969629257 118
1738723885441 188.31741837167678 119
1738723885474 149.1960461981968 120
1738723885507 181.65355411360204 121
1738723885540 132.56267849190183 122
1738723885573 141.2768407046292 123
1738723885606 194.94283196237495 124
1738723885639 141.6381738900525 125
1738723885672 136.50303586072135 126
1738723885704 205.9625928837417 127
1738723885737 182.38794326751406 128
1738723885770 157.39322022049632 129
1738723885804 101.8997245957584 130
1738723885837 163.07285104371084 131
1738723885870 150.45769139067062 132
1738723885902 150.00562276847964 133
1738723885935 128.62890057179527 134
1738723885968 113.5795359643725 135
1738723886001 59.90318533289622 136
1738723886034 131.60104267119866 137
1738723886067 148.6380954533404 138
1738723886100 181.38595182769205 139
1738723886133 151.1768004732669 140
1738723886166 151.6017955397613 141
1738723886199 191.5650818521183 142
1738723886231 133.16260427438647 143
1738723886264 189.4347942125294 144
1738723886297 268.3717191664626 145
1738723886330 173.2031565370348 146
1738723886363 186.15563878546862 147
1738723886396 90.60490703964747 148
1738723886428 155.82091808586688 149
1738723886461 101.60772650055931 150
1738723886494 136.99550937171853 151
1738723886527 73.09124671947413 152
1738723886560 129.33924788479857 153
1738723886593 141.38372293540309 154
1738723886625 211.41758573942568 155
1738723886658 152.07675500668603 156
1738723886691 164.45072552278003 157
1738723886724 84.09785696787077 158
1738723886757 129.74125971064677 159
1738723886790 149.3521154611518 160
1738723886824 177.22170093442975 161
1738723886858 194.89244929006887 162
1738723886892 219.86487139209785 163
1738723886925 155.38244844703664 164
1738723886959 101.98204748653525 165
1738723886992 45.6728375242106 166
1738723887026 75.6542123477099 167
1738723887059 205.57326050024068 168
1738723887093 211.4432228012622 169
1738723887126 107.8211313621047 170
1738723887160 176.9738075371115 171
1738723887193 154.92696944596113 172
1738723887226 183.1794983632673 173
1738723887260 222.28665126077064 174
1738723887293 78.88480002368183 175
1738723887326 200.68867401831562 176
1738723887360 172.6610674908984 177
1738723887393 247.25118623692947 178
1738723887427 149.59230335151824 179
1738723887460 56.90588129022076 180
1738723887494 167.68659111409622 181
1738723887527 107.56556180471947 182
1738723887560 151.63315571985825 183
1738723887594 177.00822928460968 184
1738723887627 217.3489881789367 185
1738723887660 91.95837835000201 186
1738723887694 212.04071696137328 187
1738723887727 141.87529244838302 188
1738723887760 69.13339889170656 189
1738723887794 483.3884591262089 190
1738723887827 221.09914927593925 191
1738723887860 273.66446389483986 192
1738723887894 202.03844956349272 193
1738723887927 172.84435098814956 194
1738723887960 169.2473175810933 195
1738723887994 154.07269320965264 196
1738723888027 179.06181047627203 197
1738723888060 141.52399549233513 198
1738723888093 171.4346765480651 199
1738723888127 171.02956149151018 200
1738723888160 310.3348143478856 201
1738723888194 113.75138368716065 202
1738723888227 169.2410159238171 203
1738723888260 175.93977011736644 204
1738723888293 280.03664581941194 205
1738723888327 140.72647893916044 206
1738723888360 140.33259372958048 207
1738723888393 200.3025118291893 208
1738723888426 156.85442741291627 209
1738723888459 120.12422093564552 210
1738723888492 174.14442315980477 211
1738723888526 107.66786717093058 212
1738723888559 172.46642085159465 213
1738723888592 132.19583611405884 214
1738723888625 149.7327589719683 215
1738723888658 232.76149239450606 216
1738723888692 195.20183749625798 217
1738723888725 199.80878882844056 218
1738723888758 203.52129750565223 219
1738723888792 130.48147408014782 220
1738723888825 107.40693891397459 221
1738723888858 306.73393482604837 222
1738723888891 183.53564213330685 223
1738723888924 187.98983478035882 224
1738723888957 158.35062213342985 225
1738723888990 177.55653953227795 226
1738723889023 181.02711948007456 227
1738723889056 132.71029780090657 228
1738723889089 170.93037664581274 229
1738723889122 263.0535060578064 230
1738723889155 97.99350446993968 231
1738723889188 159.03578541414205 232
1738723889221 297.4743735524889 233
1738723889254 352.2175893923079 234
1738723889287 172.63138329325955 235
1738723889322 136.67799396480308 236
1738723889357 175.54275870996028 237
1738723889391 120.87962693845412 238
1738723889425 305.28182309683876 239
1738723889459 270.22264218839933 240
1738723889492 191.51832906945398 241
1738723889526 217.45027265614152 242
1738723889560 190.17786593937262 243
1738723889594 357.54082444823393 244
1738723889628 242.7635622984004 245
1738723889661 308.17703972255356 246
1738723889695 156.82870987837654 247
1738723889728 213.1778814859054 248
1738723889762 212.25113958817607 249
1738723889796 196.35958118074672 250
1738723889829 164.01252401350382 251
1738723889863 152.64740557583985 252
1738723889896 154.7276071059428 253
1738723889930 212.333193552543 254
1738723889963 186.7075010486463 255
1738723889996 249.67109456169197 256
1738723890029 182.8576762273956 257
1738723890063 189.3853424613572 258
1738723890096 176.89958350181755 259
1738723890129 164.25548374737286 260
1738723890162 264.9229730174196 261
1738723890196 126.69287593998463 262
1738723890229 131.10246442925617 263
1738723890263 183.81009218137388 264
1738723890296 184.4106184427421 265
1738723890329 190.5174104981331 266
1738723890362 196.43214940942497 267
1738723890395 126.92915769500115 268
1738723890428 180.90815050583922 269
1738723890461 175.93750561778182 270
1738723890494 194.35163641319866 271
1738723890527 84.74829395417008 272
1738723890560 89.80007621627706 273
1738723890593 172.4927634000459 274
1738723890626 111.0292058107384 275
1738723890659 260.24804819945103 276
1738723890692 196.57049172402512 277
1738723890725 240.8592152131239 278
1738723890758 153.55205231275 279
1738723890791 171.212076976071 280
1738723890824 112.54109373307892 281
1738723890857 180.04924300296807 282
1738723890890 215.82942785341814 283
1738723890923 139.0248280420381 284
1738723890956 184.53710263158177 285
1738723890989 197.75695199072214 286
1738723891022 102.64179462078722 287
1738723891055 192.96929705682842 288
1738723891088 172.38354765893956 289
1738723891121 203.72637075702616 290
1738723891154 152.39893068763797 291
1738723891187 162.4813573743516 292
1738723891220 142.60890427068756 293
1738723891253 78.51584227010763 294
1738723891285 154.02942702418707 295
1738723891318 257.5449061785838 296
1738723891351 159.96583811991565 297
1738723891384 460.09739492800145 298
1738723891417 165.80100495096704 299
1738723891450 88.95844155828198 300
1738723891483 175.15643555685824 301
1738723891516 153.40769064157647 302
1738723891549 134.12126181877355 303
1738723891582 180.47912278771338 304
1738723891615 57.34617912716908 305
1738723891648 177.71893978904038 306
1738723891680 150.7100874115208 307
1738723891713 148.21108434978316 308
1738723891746 182.35366999443778 309
1738723891779 82.77911588743179 310
1738723891814 92.63663284641744 311
1738723891850 204.21893161694473 312
1738723891884 160.69312517459946 313
1738723891919 137.80151465694064 314
1738723891953 195.72866509577509 315
1738723891987 278.9611553559111 316
1738723892020 89.09393324023438 317
1738723892054 185.5222557566348 318
1738723892088 220.023727324452 319
1738723892122 263.6927863556973 320
1738723892156 196.60943166005998 321
1738723892189 127.76437552192081 322
1738723892223 116.37167801578296 323
1738723892257 173.12769327195596 324
1738723892291 142.62069424433935 325
1738723892325 210.95288153179712 326
1738723892358 248.41755057523815 327
1738723892392 146.75164708639488 328
1738723892425 179.20097630729947 329
1738723892459 102.9648931313256 330
1738723892493 259.40326259675334 331
1738723892526 191.15339660081972 332
1738723892559 129.85322441035828 333
1738723892593 204.74662521296054 334
1738723892626 223.52500783635998 335
1738723892660 253.36293308998418 336
1738723892693 243.73727183072222 337
1738723892726 123.28453019217592 338
1738723892760 145.5969563059034 339
1738723892793 27.248742853268038 340
1738723892826 211.2548874304279 341
1738723892860 149.68847844625554 342
1738723892893 243.25536269950445 343
1738723892926 164.6167776335864 344
1738723892959 176.06694825321298 345
1738723892993 188.91269020787985 346
1738723893026 188.09325057597366 347
1738723893059 122.46263214209876 348
1738723893092 160.13846071623715 349
1738723893125 245.39015327403501 350
1738723893159 137.18134666816417 351
1738723893192 192.63554460179884 352
1738723893225 233.96588874354774 353
1738723893258 194.32726750740605 354
1738723893292 171.42080872446044 355
1738723893325 101.0996940290152 356
1738723893358 135.49331922586165 357
1738723893391 56.97089487272658 358
1738723893424 174.03717052002568 359
1738723893457 233.81681370075208 360
1738723893490 207.42300528116442 361
1738723893523 144.25885864201837 362
1738723893556 227.96268008569265 363
1738723893590 160.93113268540296 364
1738723893623 197.23651531493599 365
1738723893656 160.01354006376917 366
1738723893689 158.08221404424248 367
1738723893722 168.31818554597177 368
1738723893755 206.20969027618568 369
1738723893788 152.53640826223997 370
1738723893822 144.30974171275892 371
1738723893856 195.86142912854467 372
1738723893889 199.2279078589899 373
1738723893922 216.66477922038797 374
1738723893956 92.27083419201487 375
1738723893989 165.7316013082668 376
1738723894022 121.29150321036387 377
1738723894055 148.50068290693366 378
1738723894089 151.54623592091164 379
1738723894122 165.90164311846684 380
1738723894155 209.63879436684857 381
1738723894188 119.99068081064965 382
1738723894221 206.01063938775766 383
1738723894255 148.10557230332492 384
1738723894288 202.0744322975742 385
1738723894322 67.14406328265346 386
1738723894355 179.7570908742548 387
1738723894388 101.77601829027901 388
1738723894421 210.71806268718024 389
1738723894455 157.3531949242373 390
1738723894488 217.394019502184 391
1738723894521 97.29467611506529 392
1738723894554 255.4480158814587 393
1738723894587 207.91808477898866 394
1738723894620 189.56321388504045 395
1738723894654 140.77149696025901 396
1738723894687 153.9667204353494 397
1738723894720 175.51609217788211 398
1738723894753 133.33820999583594 399
1738723894787 257.39683664158105 400
1738723894820 105.61100748770862 401
1738723894853 120.86132176728216 402
1738723894886 154.56956965097513 403
1738723894919 161.68337011994836 404
1738723894952 140.94578564333773 405
1738723894985 170.25155912640852 406
1738723895018 244.5974798406068 407
1738723895051 305.02736273187276 408
1738723895084 200.75607728921048 409
1738723895117 204.64110217256672 410
1738723895150 276.35692190751814 411
1738723895184 252.6693807828594 412
1738723895217 285.65890355856595 413
1738723895250 241.5958768222228 414
1738723895283 193.25267870269687 415
1738723895316 176.41752088540892 416
1738723895349 119.97814338878165 417
1738723895383 159.48266058475613 418
1738723895417 170.11534991498775 419
1738723895451 170.48421296165884 420
1738723895486 180.47721751258211 421
1738723895522 112.31678163964253 422
1738723895559 174.62625661585417 423
1738723895593 115.40513251738119 424
1738723895628 111.79693140802685 425
1738723895663 155.26966345138817 426
1738723895697 285.57873218544484 427
1738723895731 352.67975541356844 428
1738723895765 301.60928585643074 429
1738723895799 200.71437345964443 430
1738723895832 151.89593252548124 431
1738723895866 258.32126762839704 432
1738723895900 162.43265646239269 433
1738723895933 185.0160851701664 434
1738723895967 168.63888630894738 435
1738723896000 139.47094063714817 436
1738723896034 134.97057791536253 437
1738723896068 258.92504428797804 438
1738723896102 164.266190103742 439
1738723896136 145.07658414284674 440
1738723896170 202.72125362716375 441
1738723896204 191.82806206543972 442
1738723896237 158.41125531916802 443
1738723896271 176.33864399264735 444
1738723896306 228.1053231022775 445
1738723896341 159.05792677494503 446
1738723896375 195.02315792727507 447
1738723896408 157.94729926621855 448
1738723896442 142.06577573025197 449
1738723896475 52.33448055461988 450
1738723896508 139.86671304971122 451
1738723896542 153.389074450413 452
1738723896575 182.00140726051197 453
1738723896609 171.41486358880002 454
1738723896642 167.72046335930946 455
1738723896675 79.836831656173 456
1738723896708 197.47685912931732 457
1738723896742 184.29323806584296 458
1738723896775 135.62308540206993 459
1738723896808 143.8234885624669 460
1738723896841 167.9659576629595 461
1738723896875 193.06015614729932 462
1738723896908 142.36027601247838 463
1738723896941 152.58049866589093 464
1738723896974 117.48768544547987 465
1738723897007 301.8183527300497 466
1738723897041 229.0589913301383 467
1738723897074 158.20962770560763 468
1738723897107 125.06229830016218 469
1738723897140 121.42814967640021 470
1738723897173 225.31808581998254 471
1738723897207 93.24734848641626 472
1738723897240 170.06511436683948 473
1738723897273 124.21737630844834 474
1738723897306 154.52380740677722 475
1738723897339 94.08329929145775 476
1738723897373 253.17854923994145 477
1738723897407 208.2821469027183 478
1738723897441 191.07364660610656 479
1738723897476 146.66505494450521 480
1738723897510 255.3338218553434 481
1738723897545 201.62087707178458 482
1738723897579 107.0062994869851 483
1738723897613 199.66175594198728 484
1738723897647 107.39799119212083 485
1738723897682 153.98613267640727 486
1738723897716 246.57904235986697 487
1738723897750 196.4076184079301 488
1738723897784 164.44364453640932 489
1738723897819 207.80257702219484 490
1738723897853 168.84287933041017 491
1738723897887 119.55144975334782 492
1738723897921 109.09497890091998 493
1738723897955 200.6047745342318 494
1738723897989 193.8650819802042 495
1738723898023 193.03250112998947 496
1738723898057 452.4227691686378 497
1738723898091 173.78824198391453 498
1738723898125 200.61857967151087 499
