1738724867071 185.11711904673126 0
1738724867100 143.95116794020728 1
1738724867129 157.32245669910523 2
1738724867159 164.8284942954633 3
1738724867188 174.18475893211675 4
1738724867217 170.17883571897292 5
1738724867246 169.20973672716715 6
1738724867275 163.84768822645714 7
1738724867305 167.83971407920387 8
1738724867334 193.113152143799 9
1738724867363 181.35661345561226 10
1738724867392 179.85784780038588 11
1738724867422 138.0549877760598 12
1738724867451 203.7937999843914 13
1738724867480 195.99420871397015 14
1738724867509 182.19483312152022 15
1738724867538 144.34962632177374 16
1738724867567 153.9291116477691 17
1738724867596 132.6123367872359 18
1738724867624 160.70172448856383 19
1738724867653 189.71158899706495 20
1738724867682 172.4989484496168 21
1738724867711 189.0861607293072 22
1738724867740 170.27056353554266 23
1738724867769 167.54778455372715 24
1738724867798 148.77429875149937 25
1738724867827 163.84788817835263 26
1738724867855 174.603590231248 27
1738724867884 182.7069063679597 28
1738724867913 172.0350771732025 29
1738724867941 153.33494983793682 30
1738724867970 188.28926190113538 31
1738724867999 186.8785017096108 32
1738724868028 163.748608415531 33
1738724868057 163.31850299443883 34
1738724868086 180.7356889526027 35
1738724868115 187.1876033730001 36
1738724868144 161.89375211007842 37
1738724868173 181.01128621755723 38
1738724868201 172.83416958408165 39
1738724868230 150.26867689653417 40
1738724868259 155.34428995164856 41
1738724868288 137.58564766714505 42
1738724868317 173.46271013540212 43
1738724868347 199.22211025312438 44
1738724868376 186.96809580436894 45
1738724868405 182.02714318207506 46
1738724868434 175.20537009993342 47
1738724868463 147.11991598058694 48
1738724868492 170.70225230622654 49
1738724868522 155.29598673922243 50
1738724868552 170.6874960982447 51
1738724868581 191.70160606831206 52
1738724868610 156.10271411070406 53
1738724868639 158.948219590393 54
1738724868668 155.54323367606926 55
1738724868697 160.27948851879665 56
1738724868726 148.928791309932 57
1738724868755 163.91442474563138 58
1738724868784 163.27058211723852 59
1738724868813 177.01368228166533 60
1738724868842 148.31751668569268 61
1738724868871 133.4539661238232 62
1738724868900 176.05281437182924 63
1738724868929 180.9481249250003 64
1738724868958 168.04087835632566 65
1738724868987 164.32337438417537 66
1738724869016 180.51013414433467 67
1738724869045 194.3163380929018 68
1738724869075 148.496369144517 69
1738724869104 154.27862349759803 70
1738724869133 163.82363411000162 71
1738724869161 206.84827702001738 72
1738724869190 170.792824347764 73
1738724869219 171.38580389823372 74
1738724869248 198.27236904697153 75
1738724869277 174.78849457328127 76
1738724869306 156.76045283791865 77
1738724869335 172.83026217119962 78
1738724869364 185.32581719540767 79
1738724869393 150.6478208987746 80
1738724869422 156.71434933305488 81
1738724869451 152.36994114005282 82
1738724869480 184.34615885403286 83
1738724869509 152.21920476266152 84
1738724869540 160.20253059587827 85
1738724869569 164.7709700420031 86
1738724869598 183.07463937790757 87
1738724869628 173.46644611457253 88
1738724869657 175.1027792442943 89
1738724869687 162.14139999781776 90
1738724869717 168.5688382287634 91
1738724869746 190.81126049877125 92
1738724869776 209.21622690509358 93
1738724869805 165.29840976972378 94
1738724869834 159.83899113492208 95
1738724869863 166.7965157462183 96
1738724869892 142.62422901844528 97
1738724869921 138.69912226794443 98
1738724869950 178.52330713263584 99
1738724869979 165.55285307208504 100
1738724870008 190.3972890251153 101
1738724870037 184.56473892785246 102
1738724870066 170.7294270091278 103
1738724870095 172.8947614291701 104
1738724870124 163.53485980697732 105
1738724870154 169.9476475411073 106
1738724870183 164.1839638343489 107
1738724870212 184.20494379013653 108
1738724870241 153.93832051279026 109
1738724870270 180.37664130738597 110
1738724870299 175.30468798472756 111
1738724870328 172.7320161997774 112
1738724870357 166.7797435488863 113
1738724870386 156.30925424332005 114
1738724870415 164.14502765533646 115
1738724870444 176.88345804880254 116
1738724870473 176.64988627638104 117
1738724870502 180.46414963206576 118
1738724870532 184.46833746152512 119
1738724870562 170.80154517417205 120
1738724870591 163.51168778131802 121
1738724870620 191.46519933275673 122
1738724870649 153.44816690015278 123
1738724870678 135.326100647633 124
1738724870708 174.42089201873813 125
1738724870737 143.02365150810206 126
1738724870766 155.33173725717882 127
1738724870795 186.40845940676635 128
1738724870824 126.13825961160546 129
1738724870853 153.30228836822954 130
1738724870882 153.49160999989664 131
1738724870911 173.00964983108705 132
1738724870940 172.69533588344967 133
1738724870969 155.19013165643898 134
1738724870998 179.46275764165688 135
1738724871027 174.88023348134723 136
1738724871056 158.1516243028113 137
1738724871085 189.09102744327265 138
1738724871114 163.32540501605385 139
1738724871143 174.29241415540966 140
1738724871172 133.28569930321123 141
1738724871200 153.4883746016133 142
1738724871229 174.6867530188666 143
1738724871258 160.21385958694452 144
1738724871287 152.81993055780495 145
1738724871316 189.80240392035907 146
1738724871345 168.82567133236608 147
1738724871374 165.89510474355765 148
1738724871403 175.52956990034767 149
1738724871432 169.11406486442718 150
1738724871461 156.9313876852868 151
1738724871490 164.47942178600508 152
1738724871518 168.82053817901456 153
1738724871547 202.3139303933686 154
1738724871576 179.0003231403866 155
1738724871605 172.44232437131623 156
1738724871634 182.59879480740497 157
1738724871663 149.9815836664016 158
1738724871692 169.37499811082142 159
1738724871721 151.86044768031374 160
1738724871750 182.14381022142817 161
1738724871778 141.89572779203357 162
1738724871808 159.99389577341822 163
1738724871837 180.2611960153594 164
1738724871866 169.29967907745498 165
1738724871895 159.4022585509517 166
1738724871924 168.17438775569855 167
1738724871952 162.10152635731993 168
1738724871981 165.74031819118653 169
1738724872010 163.60010238637838 170
1738724872039 185.15216462506646 171
1738724872067 147.41103840030016 172
1738724872096 183.3500590674246 173
1738724872125 183.05165879159884 174
1738724872154 168.96466035586434 175
1738724872183 169.4416037655975 176
1738724872212 182.93218209009115 177
1738724872241 175.43183709775997 178
1738724872270 161.93731367995835 179
1738724872299 160.7009575130103 180
1738724872328 170.84784134350735 181
1738724872357 168.5478281836058 182
1738724872386 152.06290155169927 183
1738724872415 182.90911627031198 184
1738724872444 189.17557116581276 185
1738724872473 174.82416282244887 186
1738724872501 169.95533407754698 187
1738724872532 178.5903724151637 188
1738724872561 179.83963613243682 189
1738724872590 145.66526635790456 190
1738724872619 177.41992177272837 191
1738724872649 167.75371674762204 192
1738724872678 190.04446667734484 193
1738724872707 160.33929825502324 194
1738724872741 146.1072796740414 195
1738724872770 185.672389917459 196
1738724872799 183.8368403718104 197
1738724872828 168.14393343703767 198
1738724872857 162.01895098291948 199
1738724872886 198.74617111851896 200
1738724872915 131.54789898678416 201
1738724872945 164.90988302596972 202
1738724872974 195.51948090864028 203
1738724873003 154.1733609690401 204
1738724873032 147.9164988005165 205
1738724873061 172.08726304606688 206
1738724873090 177.2716305916765 207
1738724873119 184.14267459370367 208
1738724873149 165.71945920914752 209
1738724873178 185.72029803858965 210
1738724873207 145.1751014112855 211
1738724873236 178.08731224680093 212
1738724873267 170.45426159380028 213
1738724873295 178.36767927540728 214
1738724873324 141.1085868593001 215
1738724873354 185.74825702507107 216
1738724873383 163.10795280269554 217
1738724873412 184.63881359008357 218
1738724873441 179.9652160012704 219
1738724873470 173.27692422956724 220
1738724873499 176.67563665525083 221
1738724873530 151.11895606620206 222
1738724873559 163.99055010187658 223
1738724873588 170.36506933916834 224
1738724873617 173.4079840458297 225
1738724873646 174.87122831141232 226
1738724873675 198.00296850775058 227
1738724873704 167.7124667249286 228
1738724873733 172.93179987519858 229
1738724873763 158.31412813021439 230
1738724873792 145.8282325105139 231
1738724873821 155.0253357865769 232
1738724873850 153.8110248373628 233
1738724873879 167.32625444186112 234
1738724873909 140.7292340036494 235
1738724873939 175.07044888585077 236
1738724873968 158.30094135291097 237
1738724873997 159.13198929206672 238
1738724874027 149.82681507105394 239
1738724874056 163.76726680442408 240
1738724874085 141.23410408585687 241
1738724874115 176.09023363490292 242
1738724874144 166.51107736418084 243
1738724874174 181.50268392620563 244
1738724874203 172.99501715556528 245
1738724874233 147.49729171492407 246
1738724874262 172.85231228755703 247
1738724874292 177.86057723180355 248
1738724874321 197.9962064133824 249
1738724874350 174.91932882210983 250
1738724874379 152.34780154598442 251
1738724874409 183.02997421519842 252
1738724874438 184.51960543796025 253
1738724874467 159.73662811700422 254
1738724874496 172.3552175437289 255
1738724874526 158.73754645458195 256
1738724874555 152.77428912238764 257
1738724874584 165.97214957572777 258
1738724874613 183.83083493406014 259
1738724874643 163.03619547612158 260
1738724874672 184.48972252166234 261
1738724874701 168.05634979510333 262
1738724874730 162.17476437514028 263
1738724874760 175.8166347624682 264
1738724874789 194.53006946679747 265
1738724874818 171.6370826056421 266
1738724874847 151.99570231435163 267
1738724874876 183.67173509189755 268
1738724874906 178.30305312396362 269
1738724874935 183.39553254344744 270
1738724874964 170.6324200727622 271
1738724874993 190.64127006209247 272
1738724875023 176.5061903652394 273
1738724875052 193.00608885670144 274
1738724875081 184.5260597952986 275
1738724875110 161.20904128046726 276
1738724875140 152.2777317593418 277
1738724875169 171.54887601201037 278
1738724875198 156.2856808179573 279
1738724875228 167.35546606296307 280
1738724875257 174.43049051131405 281
1738724875286 169.0942978274245 282
1738724875315 168.4350241116641 283
1738724875344 190.62629266433956 284
1738724875373 195.4963897143363 285
1738724875402 179.84828002789507 286
1738724875431 175.0164926119956 287
1738724875460 156.18842227161346 288
1738724875490 159.45751711732868 289
1738724875519 181.27000214888614 290
1738724875548 176.96296320633294 291
1738724875577 154.93290109032012 292
1738724875605 181.01697996625566 293
1738724875634 156.78936703465456 294
1738724875664 185.22045402118817 295
1738724875693 179.75246343057478 296
1738724875722 154.04155707597354 297
1738724875751 161.54320438864394 298
1738724875780 158.7279702684975 299
1738724875809 174.54171007299496 300
1738724875838 136.4810062678002 301
1738724875867 178.0652246847053 302
1738724875896 169.46070062633905 303
1738724875925 175.8112602716812 304
1738724875954 201.2380467247578 305
1738724875983 197.82897034759947 306
1738724876012 168.3778864678599 307
1738724876043 154.6935546936565 308
1738724876071 179.20889004480844 309
1738724876101 183.02559856410758 310
1738724876129 185.09369212324648 311
1738724876158 166.83213120112205 312
1738724876187 174.98694711541617 313
1738724876217 144.09956451383923 314
1738724876245 154.34372051840043 315
1738724876274 156.52520959968808 316
1738724876303 179.3462059760051 317
1738724876332 165.80750516749399 318
1738724876361 122.97835039396519 319
1738724876390 179.91447988483137 320
1738724876418 176.52989424175544 321
1738724876447 167.6191833513055 322
1738724876476 160.00250269971 323
1738724876505 167.66678976878944 324
1738724876534 183.19863830418228 325
1738724876562 180.60266468554056 326
1738724876591 170.2622546155068 327
1738724876620 169.93126030451663 328
1738724876648 157.41966453792656 329
1738724876677 151.97823185333732 330
1738724876706 185.44437922914616 331
1738724876734 152.00273585559802 332
1738724876763 182.28058308236365 333
1738724876792 179.83615047891337 334
1738724876820 169.03587079728229 335
1738724876849 199.67666446146086 336
1738724876878 166.77044920510292 337
1738724876907 152.65036237457417 338
1738724876935 195.81150840114134 339
1738724876964 178.0341692760932 340
1738724876993 159.56281696000408 341
1738724877021 170.01580180534665 342
1738724877050 170.84635779962227 343
1738724877079 147.22273099495652 344
1738724877107 176.80194580167273 345
1738724877136 178.8527579506178 346
1738724877164 181.94960885201647 347
1738724877193 159.34342205303855 348
1738724877222 181.50224707332956 349
1738724877251 184.86512385618246 350
1738724877280 178.70543918145063 351
1738724877309 190.31499317611986 352
1738724877338 165.658279955739 353
1738724877367 194.59443266818568 354
1738724877395 165.19919004071005 355
1738724877424 173.8237695120687 356
1738724877453 163.90573852017292 357
1738724877481 155.28502799557378 358
1738724877510 154.6857637230198 359
1738724877539 176.08671085068013 360
1738724877567 162.72841007335174 361
1738724877596 179.4024709374326 362
1738724877624 187.90545773206577 363
1738724877653 165.2441406875895 364
1738724877682 181.3579282315328 365
1738724877710 188.59085070643485 366
1738724877739 154.76108828055857 367
1738724877767 155.04745266043363 368
1738724877796 166.6129519029919 369
1738724877824 127.79123875191051 370
1738724877853 155.02841000610044 371
1738724877881 151.7308904924936 372
1738724877910 183.02959912518622 373
1738724877939 193.74443925860965 374
1738724877967 136.0811374135563 375
1738724877997 143.3353047646144 376
1738724878026 200.57244217750383 377
1738724878056 164.09551880790045 378
1738724878086 176.502960186371 379
1738724878115 163.44809632881316 380
1738724878144 159.7987194346611 381
1738724878174 124.64815344255422 382
1738724878202 179.56136242904833 383
1738724878231 161.4318692772707 384
1738724878260 178.69789724415764 385
1738724878289 173.45802639159325 386
1738724878318 155.57628228179723 387
1738724878348 166.7371725691382 388
1738724878377 164.5187764788484 389
1738724878406 171.90220935300945 390
1738724878435 166.20875690119811 391
1738724878464 181.86193568720708 392
1738724878493 165.5074301741957 393
1738724878522 167.142853094486 394
1738724878551 158.53545696343647 395
1738724878580 155.0740076360367 396
1738724878610 162.08230197372913 397
1738724878639 182.21635141133882 398
1738724878668 169.2090456896646 399
1738724878697 155.84289193834763 400
1738724878725 181.38768265663055 401
1738724878754 170.00781900815207 402
1738724878783 170.17119640305125 403
1738724878812 157.3270166036563 404
1738724878841 169.0042228908509 405
1738724878870 169.31657213172687 406
1738724878899 194.82799589298082 407
1738724878928 168.30516449557211 408
1738724878957 189.01731402955528 409
1738724878985 166.4594655006565 410
1738724879014 164.93757009257055 411
1738724879043 164.0768927172734 412
1738724879072 159.24416393231976 413
1738724879100 167.30959618872404 414
1738724879129 173.02786738269936 415
1738724879158 180.62122285189818 416
