1738726149632 167.27117885104286 0
1738726149636 169.5062568478748 1
1738726149639 165.8772676912086 2
1738726149643 165.71430358808368 3
1738726149647 171.63038167341128 4
1738726149651 169.63240129847156 5
1738726149654 169.45822842602036 6
1738726149659 168.77422349607525 7
1738726149662 169.89861861482706 8
1738726149666 169.2883917132243 9
1738726149670 167.88047246086262 10
1738726149673 168.6589992261101 11
1738726149677 168.232188416155 12
1738726149680 168.67523630316037 13
1738726149684 171.04509677165112 14
1738726149687 167.77264951997776 15
1738726149691 168.34478357823573 16
1738726149695 166.68124778156874 17
1738726149699 172.00871522005426 18
1738726149703 167.3590126211187 19
1738726149706 165.95253251087462 20
1738726149710 167.63066762047904 21
1738726149714 169.23650942723722 22
1738726149718 168.92436188310023 23
1738726149722 168.1965091136014 24
1738726149725 170.70899344706186 25
1738726149729 170.3147462559882 26
1738726149733 167.8678539970071 27
1738726149736 170.2129914852202 28
1738726149740 168.00658672945815 29
1738726149744 170.30969290683183 30
1738726149747 169.46705340623154 31
1738726149751 168.7246380626987 32
1738726149755 169.78759596356466 33
1738726149759 170.62278819770967 34
1738726149762 168.42631348554903 35
1738726149766 169.30400610537757 36
1738726149769 170.31493186578103 37
1738726149773 167.02924872080843 38
1738726149777 168.56332280153404 39
1738726149780 167.26816348737827 40
1738726149784 168.63351148687198 41
