1738722612503 174.91499212550178 0
1738722612538 211.71508538140057 1
1738722612573 141.42190627689283 2
1738722612610 158.8132213608573 3
1738722612645 176.5179011450313 4
1738722612681 170.33526086565627 5
1738722612717 176.61047814908613 6
1738722612752 158.58308798394324 7
1738722612788 169.95844295815292 8
1738722612823 145.93738622254162 9
1738722612858 164.5952579638767 10
1738722612894 167.226055272954 11
1738722612929 169.9875225904151 12
1738722612964 132.92517365196505 13
1738722612999 169.50837749419145 14
1738722613034 182.33036090855964 15
1738722613069 175.1660965758408 16
1738722613104 141.7223242121396 17
1738722613139 142.67698247918406 18
1738722613174 172.60213777352692 19
1738722613209 184.45164721254147 20
1738722613243 147.0248742645186 21
1738722613279 179.8293679957672 22
1738722613314 142.19344967273486 23
1738722613349 155.66222471711407 24
1738722613385 155.42176797179053 25
1738722613420 170.78898991380012 26
1738722613455 212.77740021857667 27
1738722613491 168.57472086126063 28
1738722613526 193.49265796604436 29
1738722613560 156.49744528019505 30
1738722613595 211.88456326156847 31
1738722613630 166.22643591855953 32
1738722613664 191.07777221799748 33
1738722613699 153.41390535659832 34
1738722613734 186.97247009002277 35
1738722613769 196.05502775020256 36
1738722613804 168.0588210866129 37
1738722613839 163.4495879395129 38
1738722613874 185.6804016248007 39
1738722613908 114.81719636489676 40
1738722613943 203.61762364921105 41
1738722613978 161.04114673458054 42
1738722614013 162.91343879620536 43
1738722614048 167.9256330864185 44
1738722614083 160.60222048958178 45
1738722614119 189.75946587862177 46
1738722614154 161.7077079003267 47
1738722614189 188.89990899487213 48
1738722614224 150.32280365185943 49
1738722614259 158.47512873689004 50
1738722614294 159.2219034535208 51
1738722614329 166.5656154763054 52
1738722614364 160.0807692738646 53
1738722614399 175.77815140903715 54
1738722614435 179.60589316647815 55
1738722614470 170.39145288125567 56
1738722614505 169.89001509798638 57
1738722614541 184.64612114226668 58
1738722614576 173.5642019515498 59
1738722614611 162.4025420989427 60
1738722614646 160.81990844664338 61
1738722614682 160.50063161743617 62
1738722614717 206.11982378219014 63
1738722614752 182.69428532889359 64
1738722614787 160.17741209215598 65
1738722614821 167.5349728640261 66
1738722614856 192.8228671929556 67
1738722614891 167.62749501074558 68
1738722614926 209.52203579426535 69
1738722614963 165.43725890563456 70
1738722615000 161.61568851388432 71
1738722615037 157.02706067934275 72
1738722615102 160.5537975559702 73
1738722615167 163.23005188109272 74
1738722615203 157.91616958328177 75
1738722615237 181.16261756849008 76
1738722615272 175.68165732492434 77
1738722615306 184.52099044088047 78
1738722615341 160.46917337118055 79
1738722615375 201.81204039466195 80
1738722615410 174.6156340007638 81
1738722615446 177.55103308794386 82
1738722615481 160.21761755987384 83
1738722615516 151.1713536256848 84
1738722615551 177.3352259607446 85
1738722615586 172.30820371452063 86
1738722615621 130.8941273325955 87
1738722615656 182.3012046511495 88
1738722615691 182.34798938713473 89
1738722615726 172.78773280122783 90
1738722615760 181.51994600621913 91
1738722615795 154.06022183435317 92
1738722615830 149.99550438681715 93
1738722615864 188.90598612136282 94
1738722615899 166.314675450521 95
1738722615933 152.70146780609718 96
1738722615967 148.8670082486237 97
1738722616002 185.87841704048427 98
1738722616038 182.13910650002654 99
1738722616072 149.1413069484178 100
1738722616107 166.3763649311399 101
1738722616142 174.15908410921847 102
1738722616177 152.86039432032632 103
1738722616211 147.9862349192925 104
1738722616246 190.10988424057882 105
1738722616281 162.31337723947152 106
1738722616315 175.021190112498 107
1738722616350 174.47767889831786 108
1738722616384 187.26189248386007 109
1738722616419 174.4943519028133 110
1738722616453 203.02141635266034 111
1738722616488 161.509682355235 112
1738722616522 171.24911338594782 113
1738722616557 172.42070352608755 114
1738722616591 169.80928373881602 115
1738722616626 165.87250025439323 116
1738722616660 195.23498857321204 117
1738722616695 163.82260314120953 118
1738722616729 193.6147676553395 119
1738722616764 162.82604632027017 120
1738722616799 201.7386140278699 121
1738722616834 165.5370539627806 122
1738722616870 191.39512936543542 123
1738722616904 176.94297797580447 124
1738722616939 162.7719821372348 125
1738722616975 157.17818787907004 126
1738722617010 171.28399267737703 127
1738722617045 172.6821940623995 128
1738722617079 155.35065621467575 129
1738722617114 203.17483350047016 130
1738722617149 177.97331197495745 131
1738722617183 152.29858476763866 132
1738722617218 217.51217919444528 133
1738722617252 163.64333594935846 134
1738722617287 159.73923146904318 135
1738722617322 144.07588133329403 136
1738722617358 198.99487184894144 137
1738722617393 168.0967903676475 138
1738722617428 127.96511243625326 139
1738722617463 202.87097717349587 140
1738722617498 184.16057309386844 141
1738722617533 139.19627899062314 142
1738722617568 181.15978500474674 143
1738722617603 174.40654080175142 144
1738722617638 167.42914953454127 145
1738722617673 171.24846317733443 146
1738722617707 153.33023143653668 147
1738722617742 185.48930631926663 148
1738722617777 181.96447395439205 149
1738722617812 154.64344290685403 150
1738722617847 172.5177753234308 151
1738722617882 202.20213849989503 152
1738722617916 174.0330761942045 153
1738722617951 145.49608122735137 154
1738722617986 152.94763429919777 155
1738722618020 175.25241112513027 156
1738722618055 170.568942147772 157
1738722618090 142.93100440873357 158
1738722618128 155.6989983175301 159
1738722618163 170.20054527363317 160
1738722618198 178.1404404388302 161
1738722618232 183.20178690721426 162
1738722618267 181.88371708373205 163
1738722618302 164.31969452987718 164
1738722618336 171.43780995193956 165
1738722618372 148.25724099378903 166
1738722618407 194.65248953137674 167
1738722618443 138.4713668304534 168
1738722618478 176.0561496604266 169
1738722618513 136.3350822245604 170
1738722618549 175.25803404482212 171
1738722618585 172.68034661579534 172
1738722618620 135.55956733739734 173
1738722618657 211.79614762237878 174
1738722618694 163.79934510216523 175
1738722618730 178.315109811236 176
1738722618766 154.41708383765248 177
1738722618802 172.50360876100106 178
1738722618838 182.40460248441252 179
1738722618875 172.98248055131245 180
1738722618912 190.49146314321789 181
1738722618950 153.42422637856149 182
1738722618986 173.86113980345786 183
1738722619021 154.28398955073212 184
1738722619057 181.23558248128072 185
1738722619092 168.38762680077602 186
1738722619127 152.1168746675505 187
1738722619164 173.44251838032946 188
1738722619200 208.15556222044924 189
1738722619235 176.1998639365746 190
1738722619271 157.40839338186134 191
1738722619306 154.86790128891133 192
1738722619341 173.20963611870081 193
1738722619377 134.00631036076342 194
1738722619412 166.32942313265187 195
1738722619447 171.31941735519362 196
1738722619482 188.62308188179452 197
1738722619517 190.3565247275905 198
1738722619552 167.31244155900058 199
1738722619594 165.67779253393388 200
1738722619644 206.58279150255535 201
1738722619680 138.1803691010864 202
1738722619717 157.26887749656365 203
1738722619753 178.75672405398188 204
1738722619789 216.9598062121407 205
1738722619824 147.63387837870272 206
1738722619860 171.5920636163271 207
1738722619895 162.89612983939008 208
1738722619930 173.97801567797973 209
1738722619966 170.05835617213648 210
1738722620001 162.7242637971331 211
1738722620036 165.56161578470557 212
1738722620072 126.43454475034488 213
1738722620108 159.42306923772333 214
1738722620144 162.94287146301775 215
1738722620180 170.2720096417687 216
1738722620216 186.24975358011085 217
1738722620251 173.38264754315122 218
1738722620286 167.29690332577889 219
1738722620321 134.58524173167365 220
1738722620356 166.69850462054288 221
1738722620391 175.42833383058942 222
1738722620426 138.52466390388204 223
1738722620461 165.63624671303137 224
1738722620497 196.60634133336518 225
1738722620531 163.8523692624666 226
1738722620566 193.4244431360113 227
1738722620602 189.74498154279985 228
1738722620638 154.91596860312617 229
1738722620673 142.5820352407626 230
1738722620709 188.1672421244777 231
1738722620744 161.29060700031692 232
1738722620779 169.18137800078503 233
1738722620814 145.64729983390583 234
1738722620849 171.52419624910948 235
1738722620884 195.06362553452723 236
1738722620925 136.72386024923173 237
1738722620971 173.6132655950413 238
1738722621007 182.5415687430694 239
1738722621043 194.44759759369774 240
1738722621078 181.41968926002554 241
1738722621114 187.29990731822656 242
1738722621149 221.94914574052777 243
1738722621185 171.78657000417545 244
1738722621220 159.860680484614 245
1738722621255 169.58565697003155 246
1738722621290 158.52041373585942 247
1738722621326 191.65965566318232 248
1738722621362 154.57147308591817 249
1738722621399 165.9182574358436 250
1738722621435 158.72208734527237 251
1738722621472 165.1056506198631 252
1738722621508 172.0421106183664 253
1738722621544 168.18978303270512 254
1738722621580 188.41672514851678 255
1738722621615 202.5769143852142 256
1738722621651 159.82448849310111 257
1738722621686 177.09564807290758 258
1738722621722 173.25969747927232 259
1738722621757 168.2854184572263 260
1738722621792 152.2221500659604 261
1738722621827 172.2002510274916 262
1738722621863 159.08145472374775 263
1738722621899 165.9426932153816 264
1738722621935 177.7052093420116 265
1738722621970 153.24774586718792 266
1738722622006 150.2557333099354 267
1738722622042 159.2980322037482 268
1738722622078 154.53379007795027 269
1738722622113 161.66441929900654 270
1738722622149 192.6817568747142 271
1738722622185 167.4842930286686 272
1738722622221 175.01777723541696 273
1738722622256 165.63436894507325 274
1738722622291 174.292406767878 275
1738722622340 152.54868400514732 276
1738722622377 218.18539426377453 277
1738722622413 170.07516862695178 278
1738722622448 165.88144283916603 279
1738722622483 184.51643858747045 280
1738722622518 148.87297099089713 281
1738722622552 138.24832240370293 282
1738722622587 162.9409168035923 283
1738722622622 166.9258589777823 284
1738722622656 183.11322005342814 285
1738722622692 166.32200214221749 286
1738722622729 112.63098524888149 287
1738722622765 187.97016489185592 288
1738722622826 177.86159034026747 289
1738722622863 164.76320809512188 290
1738722622899 164.76079726712567 291
1738722622935 148.70445261645162 292
1738722622971 155.3309729065228 293
1738722623007 180.30962886015834 294
1738722623042 129.70175518585032 295
1738722623077 179.0625936090649 296
1738722623113 139.9394400600132 297
1738722623148 167.38704044282207 298
1738722623183 171.7853064566055 299
1738722623217 167.22763028052307 300
1738722623254 168.43019761766504 301
1738722623290 161.5270860855299 302
1738722623327 167.7051772620132 303
1738722623364 145.2895099803002 304
1738722623401 158.55160547388058 305
1738722623438 178.01760431110046 306
1738722623475 150.8026062575047 307
1738722623512 183.51103478709325 308
1738722623549 156.9243234132311 309
1738722623586 174.54590128742007 310
1738722623622 171.8800742937366 311
1738722623658 169.39901124077966 312
1738722623695 157.12069201283208 313
1738722623732 168.60029755034626 314
1738722623769 155.3523402210806 315
1738722623808 149.76530266451772 316
1738722623845 159.90217801331806 317
1738722623881 176.16729836720697 318
1738722623917 183.57472915146303 319
1738722623953 152.81212096408572 320
1738722623989 160.2850189135584 321
1738722624026 171.84257840534613 322
1738722624062 173.5814486854703 323
1738722624098 154.66498466894822 324
1738722624133 150.46967030049117 325
1738722624169 179.02181282481524 326
1738722624205 165.33385771045508 327
1738722624241 153.4737196250242 328
1738722624277 208.77363979819148 329
1738722624312 158.2088997728161 330
1738722624346 155.49953575370404 331
1738722624381 169.78868929272406 332
1738722624416 163.6665747341882 333
1738722624451 177.9144701005586 334
1738722624486 180.2567863751425 335
1738722624522 191.563001654272 336
1738722624558 177.17081580128743 337
1738722624593 170.13378923034895 338
1738722624629 156.2982384060659 339
1738722624664 180.36863460722947 340
1738722624699 196.33247212627705 341
1738722624734 163.15100114760293 342
1738722624769 165.2028809873033 343
1738722624804 141.03249269541985 344
1738722624839 144.60223812426602 345
1738722624873 165.04054059500896 346
1738722624908 191.5620089892748 347
1738722624942 167.74256739972907 348
1738722624977 167.23013468848617 349
1738722625012 166.77441187569764 350
1738722625047 159.57111535594493 351
1738722625082 198.59080487917356 352
1738722625116 171.03562774544378 353
1738722625151 146.2449075428685 354
1738722625185 199.99137614562667 355
1738722625219 186.9334504060877 356
1738722625254 185.6051554526897 357
1738722625288 174.80182205751478 358
1738722625323 166.7953771615706 359
1738722625357 170.95967448741408 360
1738722625393 193.48547535272087 361
1738722625429 188.29182195293393 362
1738722625465 148.02860882887003 363
1738722625502 190.29946341088805 364
1738722625538 185.16988882628453 365
1738722625574 197.2651781916809 366
1738722625609 156.79848694433863 367
1738722625645 184.55905777120478 368
1738722625681 182.63949614106488 369
1738722625716 159.53057230801073 370
1738722625752 147.04473986475298 371
1738722625788 183.99178784674217 372
1738722625823 197.77676742884904 373
1738722625858 169.72526760979704 374
1738722625893 153.6425795270015 375
1738722625928 166.67114455145634 376
1738722625964 175.45172738356737 377
1738722625998 179.7682099231811 378
1738722626033 194.19567241543302 379
1738722626068 158.51222063823081 380
1738722626103 173.4877945865452 381
1738722626138 169.72299504890762 382
1738722626174 157.94204023913272 383
1738722626210 172.36485377830712 384
1738722626248 169.78534581057974 385
1738722626287 168.56597622488187 386
1738722626325 181.33895205111483 387
1738722626361 172.12134797203672 388
1738722626398 170.24483664318132 389
1738722626435 199.06859848658166 390
1738722626472 176.05079088344792 391
1738722626508 166.25023697914756 392
1738722626545 184.68820822960282 393
1738722626581 175.77914422899468 394
1738722626617 109.68243564973132 395
1738722626652 168.59115109968667 396
1738722626688 167.55100192145997 397
1738722626724 163.4160031773041 398
1738722626760 166.09682830202115 399
1738722626795 162.77687999748986 400
1738722626831 150.3795405992131 401
1738722626866 160.161820503178 402
1738722626901 162.3955224382527 403
1738722626936 163.6206178263154 404
1738722626972 169.35792834051205 405
1738722627011 136.39433959485302 406
1738722627047 171.98617612964938 407
1738722627083 186.3493975775955 408
1738722627119 149.73177778374543 409
1738722627156 146.69963825896704 410
1738722627192 202.64762684997692 411
1738722627228 175.49984235550193 412
1738722627263 144.42782364368423 413
1738722627299 201.59563954854113 414
1738722627335 151.61211849727655 415
1738722627371 182.86198166788077 416
1738722627406 182.55499702892382 417
1738722627441 188.54845588228315 418
1738722627477 179.64418204618232 419
1738722627512 146.25109577519953 420
1738722627547 187.27490587164166 421
1738722627582 95.61212995910903 422
1738722627617 173.59791212587896 423
1738722627652 166.5187090538584 424
1738722627687 187.4925711776925 425
1738722627722 169.99822206983853 426
1738722627757 152.20037376108485 427
1738722627793 150.9329985311745 428
1738722627829 144.36896044570864 429
1738722627864 168.25506519719926 430
1738722627900 170.26872290312997 431
1738722627936 168.77394447445604 432
1738722627971 166.6887565869128 433
1738722628009 141.52652268051258 434
1738722628048 165.70838483828555 435
1738722628084 143.24100385180265 436
1738722628120 154.85595879812786 437
1738722628156 161.85027682442566 438
1738722628192 174.49478674038534 439
1738722628227 154.20771307979984 440
1738722628263 177.3438063366315 441
1738722628300 167.28284271897377 442
1738722628336 194.73166717826214 443
1738722628372 239.3924659809631 444
1738722628408 115.75593565181622 445
1738722628444 164.16966805864595 446
1738722628479 159.44455430976979 447
1738722628515 169.89768401587878 448
1738722628550 242.2353545364201 449
1738722628586 166.63965274202153 450
1738722628621 157.0472814202225 451
1738722628657 180.15340352360178 452
1738722628692 175.4735429595758 453
1738722628727 165.86274608814702 454
1738722628763 197.8332599704717 455
1738722628798 157.02051558637808 456
1738722628834 142.65069812744488 457
1738722628869 182.95277989046076 458
1738722628905 166.64311259944836 459
1738722628940 173.503501659672 460
1738722628974 187.54099352274903 461
1738722629009 163.2940322199419 462
1738722629044 188.59238284808265 463
1738722629079 146.22357975621705 464
1738722629114 203.16298838240758 465
1738722629151 145.2023406313394 466
1738722629187 159.00705173642916 467
1738722629222 161.71338651020727 468
1738722629258 182.10600730181486 469
1738722629293 163.2334028335003 470
1738722629328 165.60829061337225 471
1738722629364 169.41467617039405 472
1738722629398 201.717894332387 473
1738722629433 157.48940895263036 474
1738722629468 177.5887851463175 475
1738722629503 171.57595495484088 476
1738722629538 158.21006168410273 477
1738722629573 77.33829443728716 478
1738722629608 165.8383323687133 479
1738722629643 108.94321691448506 480
1738722629677 196.13560033203757 481
1738722629712 139.77180291524363 482
1738722629747 190.62549529974027 483
1738722629782 150.1776495092761 484
1738722629816 182.43906609387116 485
1738722629851 183.77011959611983 486
1738722629886 167.8970180795982 487
1738722629920 177.87651642619014 488
1738722629955 155.42471496736042 489
1738722629989 169.36219103740015 490
1738722630024 167.8887734755225 491
1738722630058 159.86741935518017 492
1738722630093 161.7377290665337 493
1738722630127 170.51294667106924 494
1738722630162 171.44755740211278 495
1738722630196 183.0311140775149 496
1738722630231 161.23583389637406 497
1738722630265 183.32732077882707 498
1738722630300 177.15132753601415 499
