1738724983032 155.77799403737504 0
1738724983067 165.79362556321132 1
1738724983101 163.30697344620424 2
1738724983136 164.04157905716787 3
1738724983171 160.68775776942022 4
1738724983240 139.70180306239067 5
1738724983275 176.62774746960469 6
1738724983313 173.08030039686628 7
1738724983351 156.0890261380821 8
1738724983389 172.97691011754313 9
1738724983423 174.40727023354412 10
1738724983458 157.80559605361964 11
1738724983493 166.732171898276 12
1738724983528 167.53279416866377 13
1738724983562 164.75279297623018 14
1738724983597 165.66587692897969 15
1738724983630 175.1276624591532 16
1738724983664 153.77398627053032 17
1738724983698 178.96546346015316 18
1738724983731 179.72835947837484 19
1738724983765 172.4919641902084 20
1738724983798 177.98173644613578 21
1738724983832 160.13804379453026 22
1738724983865 164.07326755921986 23
