1738722941185 168.2517418934917 0
1738722941217 193.5461292547746 1
1738722941249 170.249269689391 2
1738722941281 162.4479781320406 3
1738722941313 158.4784784391604 4
1738722941346 154.51531518375356 5
1738722941377 185.44650304801465 6
1738722941408 171.21889834233303 7
1738722941440 174.64562596814474 8
1738722941471 154.16415909561695 9
1738722941502 167.8025885334844 10
1738722941533 158.7449587252395 11
1738722941564 159.90642739126665 12
1738722941595 125.87505016763714 13
1738722941627 181.07305375213238 14
1738722941658 138.8177289354509 15
1738722941689 193.93497222469185 16
1738722941720 176.54133710555945 17
1738722941751 183.29613639859528 18
1738722941783 189.88231136730505 19
1738722941814 181.567641886536 20
1738722941845 155.56926593836016 21
1738722941876 170.2768927350157 22
1738722941907 150.1648521189225 23
1738722941939 178.70514292632365 24
1738722941970 153.64393651051785 25
1738722942001 168.2495476846729 26
1738722942032 183.10872390828678 27
1738722942064 141.10478885846666 28
1738722942095 153.34115234615132 29
1738722942126 178.68247119778937 30
1738722942157 160.73071011330146 31
1738722942188 162.74513738575612 32
1738722942219 170.15772607286823 33
1738722942250 174.84625033881235 34
1738722942282 147.75545810874087 35
1738722942313 170.44226523713533 36
1738722942344 153.09639403840742 37
1738722942375 150.4606425715477 38
1738722942407 167.14974273758276 39
1738722942438 145.0224558176495 40
1738722942469 162.95716266095 41
1738722942500 160.65782382296462 42
1738722942531 149.04541939140162 43
1738722942563 172.79346085089125 44
1738722942594 177.80632177912017 45
1738722942625 175.76099750917945 46
1738722942656 200.346043402099 47
1738722942687 162.4819895791976 48
1738722942718 158.58969471791013 49
1738722942749 145.20536374876215 50
1738722942780 161.8839871946002 51
1738722942811 175.6239175901543 52
1738722942842 180.11568855033502 53
1738722942873 156.94759180120147 54
1738722942904 124.41671167210929 55
1738722942935 170.2148745645088 56
1738722942966 161.45828804388236 57
1738722942997 170.12187576683658 58
1738722943028 167.79159564981072 59
1738722943059 162.20975622492773 60
1738722943090 193.1143776482417 61
1738722943121 147.69435622879803 62
1738722943152 167.24627031025898 63
1738722943183 179.70523099690124 64
1738722943214 170.67235271416925 65
1738722943244 187.34239364498023 66
1738722943275 158.1640960817099 67
1738722943307 149.20014851011862 68
1738722943339 192.7554317976943 69
1738722943371 153.8136767771696 70
1738722943403 193.694712107891 71
1738722943434 162.39988548478615 72
1738722943466 169.87376480329576 73
1738722943497 176.56704234754812 74
1738722943529 170.18791797919363 75
1738722943561 160.7195804592065 76
1738722943593 149.0708981715876 77
1738722943624 168.34455698178047 78
1738722943656 194.28097699637422 79
1738722943687 163.61293318942194 80
1738722943719 177.22825680126334 81
1738722943751 152.69476051255356 82
1738722943782 174.07617467169962 83
1738722943814 132.6677668594131 84
1738722943846 153.39830656019515 85
1738722943878 144.30316726831083 86
1738722943910 160.3021287573072 87
1738722943941 163.94952489523573 88
1738722943973 157.37707599553127 89
1738722944004 180.9804945945005 90
1738722944036 188.0039591577046 91
1738722944068 158.99602825807528 92
1738722944099 161.31572223817963 93
1738722944131 153.52599363979422 94
1738722944162 183.82637677083633 95
1738722944193 152.85708298253283 96
1738722944225 198.34743429695644 97
1738722944256 174.24450858119252 98
1738722944287 179.24532443317617 99
1738722944318 185.08965610769172 100
1738722944350 173.82695906008823 101
1738722944381 140.93492595658805 102
1738722944412 199.1914672054119 103
1738722944443 184.36001427771282 104
1738722944474 151.35326462512558 105
1738722944506 159.4882598942711 106
1738722944537 177.7340528193899 107
1738722944568 167.55651021466727 108
1738722944599 185.5217007826232 109
1738722944630 183.7338746312952 110
1738722944661 158.87398958065873 111
1738722944692 165.68004355870903 112
1738722944724 151.38835692066726 113
1738722944755 167.86721052374037 114
1738722944786 168.06009260764338 115
1738722944817 172.49768937353485 116
1738722944848 158.22085665434963 117
1738722944879 174.9675673704626 118
1738722944911 168.37343685900709 119
1738722944942 154.14239207490587 120
1738722944974 159.49099966045063 121
1738722945005 160.4163902428716 122
1738722945036 173.28785436858126 123
1738722945067 151.62317587978362 124
1738722945099 151.29254101831228 125
1738722945130 128.43237384936813 126
1738722945162 159.4965666406531 127
1738722945193 183.47275544485603 128
1738722945225 189.3159440889486 129
1738722945256 167.8644182703719 130
1738722945287 158.3132050402436 131
1738722945318 186.3458662119889 132
1738722945350 183.22453110428108 133
1738722945381 170.0326138991291 134
1738722945412 180.1924767470326 135
1738722945443 159.80469873164483 136
1738722945475 162.70608075512646 137
1738722945506 178.54044791926682 138
1738722945537 187.68820851075162 139
1738722945569 191.7444560708166 140
1738722945600 181.45581549425486 141
1738722945631 172.02585162864517 142
1738722945662 209.47503913309666 143
1738722945694 213.82863410731733 144
1738722945725 153.2728095942868 145
1738722945756 161.5054714816118 146
1738722945787 148.28724433819326 147
1738722945818 149.4199949430908 148
1738722945850 184.39187093144415 149
1738722945881 165.953991354866 150
1738722945912 167.96849135942693 151
1738722945943 147.37684848652313 152
1738722945974 198.52701764551762 153
1738722946005 146.44001854916115 154
1738722946037 155.34297965125114 155
1738722946068 200.13188401046835 156
1738722946099 159.5545330600126 157
1738722946130 158.60163541555679 158
1738722946161 167.5239309141859 159
1738722946192 148.20482267631505 160
1738722946223 164.0631045392565 161
1738722946254 177.71733400297333 162
1738722946286 178.38390332472437 163
1738722946316 187.8255634235489 164
1738722946348 150.69152490178632 165
1738722946378 163.5627629840571 166
1738722946409 164.55114698664727 167
1738722946440 180.50179088582394 168
1738722946471 136.78641322289454 169
1738722946502 191.14001564362468 170
1738722946533 149.51861827310645 171
1738722946564 164.21082960597892 172
1738722946595 172.07329750037695 173
1738722946626 169.41336443726274 174
1738722946657 167.31493484342403 175
