1738722865355 136.92072781914106 0
1738722865391 161.30513444214392 1
1738722865427 166.85163107171007 2
1738722865464 169.63965318377961 3
1738722865500 158.47859580306724 4
1738722865535 161.07826659119016 5
1738722865571 163.85258141239106 6
1738722865607 160.17387478667354 7
1738722865641 167.9423318377832 8
1738722865676 164.4621771142356 9
1738722865711 168.94744098788155 10
1738722865745 159.31769395751414 11
1738722865780 177.78359110065614 12
1738722865816 160.20848141524388 13
1738722865870 173.42650210421948 14
1738722865917 169.94624421056605 15
1738722865961 159.9065621216704 16
1738722866000 146.2974251552651 17
