1738721998029 169.03872118005174 0
1738721998031 169.11768065986618 1
1738721998033 169.18675563656637 2
1738721998034 170.1818312660911 3
1738721998036 168.56446748430528 4
1738721998038 170.2243384131767 5
1738721998039 168.3516057702095 6
1738721998041 169.30533301833094 7
1738721998043 167.72230353987496 8
1738721998045 167.2748143517683 9
1738721998046 167.0731784589346 10
1738721998048 168.92631235615067 11
1738721998050 169.0478905460725 12
1738721998052 168.62611108132123 13
1738721998053 167.7052829546918 14
1738721998055 168.060321938332 15
1738721998056 167.17894598756405 16
1738721998058 169.07991109981526 17
1738721998060 168.12332509348172 18
1738721998062 167.29659128645514 19
1738721998064 172.01868261435217 20
1738721998066 168.22187523843868 21
1738721998067 169.9850314400529 22
1738721998069 170.77725169617588 23
1738721998071 168.25685759080707 24
1738721998072 169.00006504526294 25
1738721998074 165.93186462771158 26
1738721998075 170.50110411511872 27
1738721998077 169.86462774784263 28
1738721998079 170.40601584530864 29
1738721998080 168.44289942272727 30
1738721998082 171.19372731104946 31
1738721998084 168.89511096221352 32
1738721998085 167.44609788588517 33
1738721998087 169.7860907544092 34
1738721998089 169.03630102830107 35
1738721998090 169.31270497675226 36
1738721998092 171.1832857467785 37
1738721998094 168.89193247223957 38
1738721998095 170.8600616687691 39
1738721998097 167.36580308896214 40
1738721998099 168.4199977060358 41
1738721998101 169.24901061185213 42
1738721998103 167.7887780154523 43
1738721998104 168.12250010207276 44
1738721998106 173.43262455066403 45
1738721998108 168.56653712004237 46
1738721998109 168.1471484669904 47
1738721998111 169.11659071980807 48
1738721998113 169.93395601483135 49
1738721998114 169.6718836985027 50
1738721998116 168.1397170445771 51
1738721998117 169.8213708151754 52
1738721998119 166.71483593794454 53
1738721998121 169.7605745535927 54
1738721998123 167.90833672461068 55
1738721998124 168.55029393516693 56
1738721998126 168.1560565025391 57
1738721998128 169.30316999873727 58
1738721998129 164.08604126159727 59
1738721998131 169.302421692068 60
1738721998133 168.07586191804063 61
1738721998135 169.4918703189087 62
1738721998136 165.36924133455918 63
1738721998138 170.72372800477623 64
1738721998140 170.46809178533883 65
1738721998141 166.70840243703034 66
1738721998143 167.70895191082406 67
1738721998145 169.48924305955725 68
1738721998146 169.49709571309268 69
1738721998149 170.80175906637024 70
1738721998151 169.89729999158521 71
1738721998152 170.44040176877814 72
1738721998154 169.1326306284635 73
1738721998155 170.64358643531256 74
1738721998157 171.03858411389766 75
1738721998159 169.07886409294517 76
1738721998161 169.71619319504484 77
1738721998162 169.94503283819537 78
1738721998164 167.3867513520643 79
1738721998166 171.8807941566464 80
1738721998168 170.82207828005724 81
1738721998170 168.76052801527874 82
1738721998171 168.69472666151006 83
1738721998173 168.69968805422582 84
1738721998174 171.89128272686318 85
1738721998176 168.70603594944143 86
1738721998178 167.97535918616032 87
1738721998179 167.37441554621054 88
1738721998181 167.9731921913661 89
1738721998183 168.84237212695524 90
1738721998184 166.20002318160422 91
1738721998186 168.16063494632846 92
1738721998188 167.31010952745473 93
1738721998189 168.47094261292983 94
1738721998191 170.57474450264425 95
1738721998193 169.4206272178999 96
1738721998194 167.20001185721466 97
1738721998196 170.12543832312676 98
1738721998198 169.60960017945774 99
1738721998200 165.95801968332123 100
1738721998201 165.6983809153287 101
1738721998203 168.23750002305133 102
1738721998205 168.9516940712043 103
1738721998206 167.63640393969027 104
1738721998208 168.5056374620619 105
1738721998210 169.1872781215372 106
1738721998211 169.3014213451732 107
1738721998213 167.20493999078244 108
1738721998215 167.67288490679712 109
1738721998217 169.45343370152355 110
1738721998218 169.03594507436998 111
1738721998220 167.5673623267775 112
1738721998222 167.24763225239434 113
1738721998224 169.08997159598763 114
1738721998226 169.21207598592957 115
1738721998227 170.05717480989003 116
1738721998229 168.7697089911074 117
1738721998232 168.94255464966452 118
1738721998234 168.92720192817498 119
1738721998237 168.68981379442044 120
1738721998238 166.96982241011122 121
1738721998240 169.89700455363143 122
1738721998242 168.96811013158182 123
1738721998243 167.23356176455482 124
1738721998245 171.72318036720173 125
1738721998247 172.256053779623 126
1738721998249 169.77091721146363 127
1738721998251 168.59742893824324 128
1738721998253 170.2870935516167 129
1738721998264 169.9761478082506 130
1738721998274 168.05141716766747 131
1738721998284 169.9914982587321 132
1738721998295 167.96248490572293 133
1738721998298 168.5787140850562 134
1738721998301 169.14294553044715 135
1738721998303 168.14551637028453 136
1738721998305 167.65906387964452 137
1738721998308 165.72971587953086 138
1738721998311 166.21537500281892 139
1738721998316 169.92982681883075 140
1738721998319 169.28527177823057 141
1738721998321 170.93068726788232 142
1738721998322 165.89337249474374 143
1738721998324 167.1401374398719 144
1738721998326 172.39117022041563 145
1738721998327 167.8036438866069 146
1738721998329 169.64773727324345 147
1738721998331 166.5959659497956 148
1738721998332 170.88714279207656 149
1738721998334 167.80261240851576 150
1738721998335 170.26996672918293 151
1738721998337 169.85384756145913 152
1738721998339 169.36711499006822 153
1738721998340 167.789254302036 154
1738721998342 167.03156256688925 155
1738721998343 166.64293703451673 156
1738721998345 170.42620040261173 157
1738721998346 167.2298418051571 158
1738721998348 168.21265293495125 159
1738721998350 167.1877829775056 160
1738721998351 167.94016950949964 161
1738721998353 168.80547105244844 162
1738721998354 170.16246911458703 163
1738721998356 171.83448297011748 164
1738721998357 168.2106334892057 165
1738721998359 169.407790460482 166
1738721998361 166.92681783989073 167
1738721998362 166.05128414891982 168
1738721998364 169.71292053442775 169
1738721998365 169.2780343272545 170
1738721998367 170.06690617704731 171
1738721998369 168.7995253996716 172
1738721998370 168.94910716214545 173
1738721998372 169.0975759098878 174
1738721998374 167.432299323223 175
1738721998375 168.26476419882437 176
1738721998377 168.53297195100689 177
1738721998379 167.42407865972808 178
1738721998380 167.09431761979474 179
1738721998382 170.7437857395081 180
1738721998384 169.28564263140066 181
1738721998385 169.7058568878 182
1738721998387 169.51015800823347 183
1738721998389 168.1849400251599 184
1738721998390 168.56584396879262 185
1738721998392 166.32840807379958 186
1738721998394 168.71998640387395 187
1738721998396 169.1151557031633 188
1738721998398 169.01000557651273 189
1738721998399 168.35053792243303 190
1738721998401 168.27917460938966 191
1738721998403 170.0345271885113 192
1738721998405 168.60222424194043 193
1738721998406 166.98094248958918 194
1738721998408 171.75728930018857 195
1738721998410 166.8804771975437 196
1738721998412 167.23170027367527 197
1738721998414 171.12753806200317 198
1738721998415 168.35745231200124 199
1738721998417 169.60083296512948 200
1738721998419 168.15810954530573 201
1738721998420 170.36256954980362 202
1738721998422 166.13473458564906 203
1738721998423 167.35668268879863 204
1738721998425 168.23737091036676 205
1738721998427 167.89454113283503 206
1738721998429 169.2206271937136 207
1738721998431 168.45471747409985 208
1738721998432 168.96252398396328 209
1738721998434 168.7178366779315 210
1738721998435 169.55279175006518 211
1738721998437 170.56719218719795 212
1738721998439 167.84442019569585 213
1738721998440 171.33137614209633 214
1738721998442 167.34914593979408 215
1738721998444 168.1077411303132 216
1738721998446 168.34606204637183 217
1738721998447 167.71876801176057 218
1738721998449 167.87734963858898 219
1738721998451 168.74739597711329 220
1738721998452 170.46995156717708 221
1738721998454 167.7119590964726 222
1738721998456 170.21200208966619 223
1738721998457 169.58518439393532 224
1738721998459 169.36851973575696 225
1738721998461 171.3786620082743 226
1738721998463 170.5420352381436 227
1738721998464 170.20669257877543 228
1738721998466 169.39698383116746 229
1738721998468 168.83769308623903 230
1738721998469 169.9618655956775 231
1738721998471 167.07407753103888 232
1738721998472 167.35307984646028 233
1738721998474 169.6997040124116 234
1738721998475 167.0848892022512 235
1738721998477 169.02140233965216 236
1738721998479 166.7192065335034 237
1738721998481 167.47522329132332 238
1738721998483 170.39810679847457 239
1738721998485 165.83203889741887 240
1738721998487 168.18390506449666 241
1738721998488 167.82263229329027 242
1738721998490 170.6198649530916 243
1738721998492 171.1046418307135 244
