1738726395666 168.67230847811308 0
1738726395705 233.65134358069955 1
1738726395744 140.54318635545405 2
1738726395783 179.8354846244723 3
1738726395823 176.92531940381576 4
1738726395862 205.7204630489651 5
1738726395900 111.41326225983616 6
1738726395938 189.61676230546007 7
1738726395976 156.50672475726782 8
1738726396014 182.76213714435073 9
1738726396052 197.62794883613824 10
1738726396090 178.7736269445049 11
1738726396128 138.4434781636684 12
1738726396165 178.3012457578649 13
1738726396203 139.79697246010628 14
1738726396241 201.85940355237713 15
1738726396279 160.99275389568706 16
1738726396316 160.41039427077186 17
1738726396354 175.65765112964704 18
1738726396391 180.77568707250862 19
1738726396429 175.85401828122505 20
1738726396466 139.53489274338233 21
1738726396504 136.5371571335472 22
1738726396541 151.9633931665128 23
1738726396579 169.43033949950933 24
1738726396616 176.9405368837233 25
1738726396653 139.43296982498416 26
1738726396691 174.30834623137773 27
1738726396728 192.28214292174482 28
1738726396765 149.35798544289653 29
1738726396803 162.7766363644758 30
1738726396843 176.56146676396955 31
1738726396882 165.6004247673581 32
1738726396922 140.34446052518362 33
1738726396962 176.99240949158133 34
1738726397002 184.71214980515512 35
1738726397042 183.080467624254 36
1738726397081 162.87715698872634 37
1738726397121 163.56961954180812 38
1738726397161 163.45301846912292 39
1738726397200 138.3256522420823 40
1738726397240 158.83570986578061 41
1738726397279 135.06404600823427 42
1738726397320 167.33295266953547 43
1738726397360 161.33579416010258 44
1738726397432 159.17686132852256 45
1738726397479 181.29567271358104 46
1738726397520 187.01879004194942 47
1738726397561 174.88568001380787 48
1738726397601 151.40434811435514 49
1738726397642 173.15045916264586 50
1738726397682 157.81436830108865 51
1738726397721 174.1164170351548 52
1738726397761 177.69985083175416 53
1738726397802 157.37699702409506 54
1738726397842 167.70579227667042 55
1738726397883 172.58549372817677 56
1738726397924 198.26080460880115 57
1738726397966 133.18284928522382 58
1738726398007 185.23229918426412 59
1738726398046 134.02437078838017 60
1738726398087 154.4969371669031 61
1738726398127 163.402381493824 62
1738726398167 150.57342968362977 63
1738726398207 189.7708506423453 64
1738726398247 182.8807187290899 65
1738726398285 186.58798540060607 66
1738726398323 182.69112852444616 67
1738726398361 213.71902820739996 68
1738726398399 186.11616189544776 69
1738726398437 172.66460060484658 70
1738726398475 229.37822120394947 71
1738726398512 173.88552540702983 72
1738726398551 161.02157874398907 73
1738726398590 185.79904204236908 74
1738726398629 146.17148317375504 75
1738726398669 211.94670435634188 76
1738726398708 177.42256836537788 77
1738726398748 190.0813160439852 78
1738726398788 181.09980340049148 79
1738726398828 172.72525055942884 80
1738726398867 161.07219729880404 81
1738726398907 172.71263086540742 82
1738726398946 171.16202929154787 83
1738726398986 153.26501142642158 84
1738726399026 159.15217943652888 85
1738726399065 179.2822488184533 86
1738726399104 178.3525136044228 87
1738726399142 160.29835139429235 88
1738726399180 163.40166524141685 89
1738726399219 179.68962528317263 90
1738726399259 199.55947773239737 91
1738726399299 162.16819289924095 92
1738726399339 129.83006341325117 93
1738726399380 172.81017439218985 94
1738726399420 164.31246816341863 95
1738726399460 105.59355513411128 96
1738726399499 228.9900708903895 97
1738726399540 165.28033208370468 98
1738726399583 195.5742770102246 99
1738726399650 164.45968557267165 100
1738726399690 171.8998983829201 101
1738726399729 167.89711977062515 102
1738726399769 182.87094869237518 103
1738726399808 172.37507831641645 104
1738726399846 188.71091625910813 105
1738726399885 169.27275523332844 106
1738726399924 146.7923029829654 107
1738726399963 141.62415821087077 108
1738726400001 153.1570664500006 109
1738726400039 169.10331220132753 110
1738726400078 144.93328481973495 111
1738726400118 179.26521512745467 112
1738726400158 175.72569759451076 113
1738726400198 153.0028700716932 114
1738726400239 192.6419197221532 115
1738726400280 168.66513529032096 116
1738726400320 155.97605258054563 117
1738726400359 157.31981908429591 118
1738726400399 171.68265992659744 119
1738726400438 173.66944727109075 120
1738726400477 139.16656129348638 121
1738726400518 178.43044197467023 122
1738726400557 182.34925787979154 123
1738726400596 167.92609682167546 124
1738726400635 167.95677920021603 125
1738726400674 161.8052820245102 126
1738726400714 166.84143952786965 127
1738726400753 156.5110280396189 128
1738726400793 158.0004668753294 129
1738726400832 155.90766745708117 130
1738726400870 182.99046793756582 131
1738726400908 216.20223593981362 132
1738726400947 172.24333028726852 133
1738726400986 146.52538716883242 134
1738726401025 175.93327337332965 135
1738726401064 175.82852087363364 136
1738726401102 155.45589133591164 137
1738726401141 167.06890271455734 138
1738726401179 182.1004311269291 139
1738726401217 181.83677492816798 140
1738726401256 201.55737188748876 141
1738726401294 184.20273075286536 142
1738726401332 140.1666103906535 143
1738726401370 160.32003207921034 144
1738726401409 137.35644849669612 145
1738726401447 164.83440526399295 146
1738726401485 142.99827228529728 147
1738726401528 92.17612936403806 148
1738726401568 164.14107361744036 149
1738726401608 166.35033895174558 150
1738726401647 199.89679352866318 151
1738726401685 174.81495650576264 152
1738726401722 210.79609746105666 153
1738726401761 94.08790010179831 154
1738726401800 182.4309064753588 155
1738726401838 169.7138216534897 156
1738726401877 167.73935955133692 157
1738726401917 171.66547133251726 158
1738726401955 179.27808976849784 159
1738726401994 172.59302648141448 160
1738726402033 169.5318094674281 161
1738726402071 122.42709545506361 162
1738726402110 153.27373958984037 163
1738726402149 172.74307170977198 164
1738726402187 180.00933834938397 165
1738726402226 170.71000978048713 166
1738726402264 176.05139178211016 167
1738726402303 142.72760983457673 168
1738726402341 177.22827458463635 169
1738726402380 191.26477886701463 170
1738726402418 175.03135915297293 171
1738726402456 176.90289137793008 172
1738726402494 175.26053291045287 173
1738726402532 185.57575146280263 174
1738726402570 180.13259910671152 175
1738726402607 170.73434839344714 176
1738726402646 161.77549902429612 177
1738726402684 157.0397126121567 178
1738726402723 181.01684351818218 179
1738726402761 186.49645605793563 180
1738726402800 214.85380654063286 181
1738726402838 184.1891717755399 182
1738726402877 158.41263075401665 183
1738726402915 190.3144161898025 184
1738726402954 153.8236816771559 185
1738726402992 167.21869079752122 186
1738726403030 164.5432772305676 187
1738726403068 141.96091816157988 188
1738726403106 164.08023471382842 189
1738726403143 193.60777065855632 190
1738726403181 214.68904138628918 191
1738726403218 176.05912116127638 192
1738726403255 224.8288175690353 193
1738726403293 212.4154171899838 194
1738726403330 183.4807301723552 195
1738726403370 144.96371516536303 196
1738726403408 157.4016435172367 197
1738726403446 176.61981508991155 198
1738726403484 156.40207967915214 199
1738726403522 157.04381401063478 200
1738726403560 186.89116125640444 201
1738726403598 210.49099679168387 202
1738726403636 188.12048117997637 203
1738726403676 179.69728487249282 204
1738726403714 131.9696256635009 205
1738726403751 160.4202705069558 206
1738726403800 178.95675496794206 207
1738726403845 170.04346358945486 208
1738726403890 156.45828207898765 209
1738726403929 160.58364180738178 210
1738726403968 179.47642320427178 211
1738726404008 140.4893722004502 212
1738726404047 164.7780021113441 213
1738726404085 203.68471229164712 214
1738726404124 168.72419901297954 215
1738726404163 191.18994290117092 216
1738726404202 160.74581750664117 217
1738726404240 187.83418779081424 218
1738726404279 189.09731997097612 219
1738726404317 169.1699764194017 220
1738726404355 175.93392007779448 221
1738726404394 171.94292641409385 222
1738726404432 223.64984121984588 223
1738726404470 207.7628943033174 224
1738726404507 163.0905280734094 225
1738726404545 174.50366951403765 226
1738726404583 170.90979579406851 227
1738726404621 166.33052633577654 228
1738726404659 150.04638580930043 229
1738726404697 179.6870140999269 230
1738726404734 169.89460508248675 231
1738726404784 183.27623874036638 232
1738726404825 150.33900565518078 233
1738726404864 158.49435987947948 234
1738726404903 209.5389893258474 235
1738726404941 198.1368989843971 236
1738726404979 182.77408796396767 237
1738726405019 172.02309395027575 238
1738726405058 179.72348158404853 239
1738726405096 173.09389981150025 240
1738726405135 171.73993761295375 241
1738726405174 161.88806965418658 242
1738726405214 181.43074292971266 243
1738726405254 159.79673786350668 244
1738726405293 139.26150071107122 245
1738726405333 168.5326103637272 246
1738726405373 179.04157798143044 247
1738726405413 180.08783052463554 248
1738726405453 199.215066590762 249
1738726405493 172.88165355164955 250
1738726405533 174.91673130179777 251
1738726405573 235.43690405231322 252
1738726405614 211.73449288777553 253
1738726405654 175.667817389581 254
1738726405695 139.73242728010885 255
1738726405736 177.69347074000152 256
1738726405776 216.31471327739496 257
1738726405815 154.65792976413024 258
1738726405855 164.51362087882637 259
1738726405895 157.4172808242654 260
1738726405935 154.41238027923097 261
1738726405974 150.09601835368238 262
1738726406015 159.8327893731325 263
1738726406054 162.2822793584054 264
1738726406093 185.4629135374808 265
1738726406132 147.4166236724352 266
1738726406171 156.2251715694524 267
1738726406211 166.02724420769786 268
1738726406250 160.26573352627895 269
1738726406289 179.4840536009065 270
1738726406328 152.2660190186735 271
1738726406370 168.2078265104696 272
1738726406410 166.24309876515343 273
1738726406450 178.296120918579 274
1738726406489 151.38854156256272 275
1738726406528 149.13340311488267 276
1738726406566 173.41760353744337 277
1738726406605 152.89010258988006 278
1738726406645 150.41533862965377 279
1738726406684 162.94333483488177 280
1738726406723 174.82096205714132 281
1738726406762 167.56152315934352 282
1738726406801 178.97014542324473 283
1738726406840 172.02309730934883 284
1738726406878 166.11933413917677 285
1738726406916 190.76102836112386 286
1738726406954 152.16564329212056 287
1738726406992 150.0997681360836 288
1738726407030 173.62928538209235 289
1738726407067 205.2144003902312 290
1738726407105 178.8888199456616 291
1738726407143 193.0332281068242 292
1738726407180 177.07302460088164 293
1738726407218 167.31533767845949 294
1738726407256 153.04195241989336 295
1738726407293 199.44671867064753 296
1738726407331 182.08855015893593 297
1738726407370 197.4242432147889 298
1738726407410 183.47258659116378 299
1738726407449 175.35520882948842 300
1738726407490 175.74979522136832 301
1738726407530 176.6684486281287 302
1738726407569 154.51512587926456 303
1738726407607 135.530838512468 304
1738726407645 155.91441006093905 305
1738726407683 175.62363436917286 306
1738726407721 175.42693435929326 307
1738726407759 153.5336015265345 308
1738726407797 169.33663928708907 309
1738726407835 177.16394341946474 310
1738726407874 159.72005034263552 311
1738726407913 180.8350295849546 312
1738726407951 187.44484939143217 313
1738726407988 193.1801216044435 314
1738726408026 165.8755658154195 315
1738726408064 172.97136084664072 316
1738726408101 163.69538298875398 317
1738726408139 184.3073327957018 318
1738726408176 163.2709590523398 319
1738726408214 219.40021368670264 320
1738726408251 171.33489372145732 321
1738726408289 187.70061530997904 322
1738726408326 148.14767113919027 323
1738726408364 160.95517530773 324
1738726408401 169.5883170240381 325
1738726408438 170.11102082430025 326
1738726408475 160.80453803973833 327
1738726408513 184.42165318406148 328
1738726408550 131.61773123982326 329
1738726408587 149.14414586080454 330
1738726408625 137.1105530514112 331
1738726408662 156.18141833702902 332
1738726408699 174.41765025938673 333
1738726408736 125.89823102706028 334
1738726408773 174.99010483147734 335
1738726408811 171.8381196321319 336
1738726408849 181.4995201466941 337
1738726408886 165.8876888142223 338
1738726408924 110.62623158274073 339
1738726408961 170.87071035062183 340
1738726408999 167.47381468244274 341
1738726409036 182.00147942592486 342
1738726409073 179.1006158237984 343
1738726409111 162.78962153840652 344
1738726409148 144.6633585964238 345
1738726409185 160.60399807129548 346
1738726409223 165.1674509313864 347
1738726409260 161.18198565915782 348
1738726409297 183.33820689077837 349
1738726409335 141.35647157244364 350
1738726409373 148.2061853308117 351
1738726409411 158.22436003382307 352
1738726409448 181.38339909822892 353
1738726409486 180.04537176402036 354
1738726409524 155.7422435255582 355
1738726409564 127.31151884025459 356
1738726409603 157.50673194435322 357
1738726409643 168.04152343847943 358
1738726409711 179.41145005905054 359
1738726409752 172.95911070882693 360
1738726409792 251.04866050191782 361
1738726409832 134.75822550122822 362
1738726409872 164.70424422252432 363
1738726409913 175.59163141067435 364
1738726409953 149.80435785917962 365
1738726409993 172.7965449920412 366
1738726410034 181.31315285745407 367
1738726410073 154.02759124196626 368
1738726410113 182.54729943978083 369
1738726410153 155.43991790809622 370
1738726410194 161.92227049575055 371
1738726410234 143.67451313040667 372
1738726410273 180.92981664294365 373
1738726410312 180.856758014916 374
1738726410350 184.9992575363838 375
1738726410389 178.1614810093703 376
1738726410427 133.00019536958385 377
1738726410465 174.5188811057859 378
1738726410504 184.36361124451807 379
1738726410542 206.94606906135562 380
1738726410581 189.43760634740005 381
1738726410619 198.4352654990352 382
1738726410657 139.74667634875772 383
1738726410695 169.40240320091942 384
1738726410735 147.55329171783418 385
1738726410773 201.07268439486694 386
1738726410811 147.69657987281124 387
1738726410848 138.28013855629302 388
1738726410887 183.4194121009536 389
1738726410925 188.86676885940523 390
1738726410962 165.06686012946435 391
1738726411000 155.28694921849436 392
1738726411037 189.72188743548503 393
1738726411075 169.50495490522687 394
1738726411113 168.42023371807778 395
1738726411152 165.23919918084147 396
1738726411192 197.60298448544026 397
1738726411231 183.69388723910237 398
1738726411270 169.15522152330277 399
1738726411308 164.72331419528876 400
1738726411346 184.40825816965497 401
1738726411384 188.80018827858427 402
1738726411421 151.40121377282927 403
1738726411459 136.47684166859844 404
1738726411496 181.75741382718502 405
1738726411534 144.0001044560295 406
1738726411571 146.4525975296151 407
1738726411609 169.0714708784233 408
1738726411646 172.51253766425864 409
1738726411684 163.8351980370083 410
1738726411721 181.17047035801028 411
1738726411759 187.6911392902592 412
1738726411796 148.5501858826136 413
1738726411833 145.06377455580673 414
1738726411871 169.30017220520563 415
1738726411908 177.6508762100282 416
1738726411947 176.41529879482354 417
1738726411986 174.56524188382866 418
1738726412026 177.7448925224428 419
1738726412066 281.0406729241651 420
1738726412107 166.17190386847892 421
1738726412148 191.5255188113219 422
1738726412188 146.42575501084139 423
1738726412228 155.81759173619884 424
1738726412269 136.6597518793303 425
1738726412307 189.65043886474658 426
1738726412347 185.68151276633773 427
1738726412386 179.16939461663992 428
1738726412426 129.38223096604935 429
1738726412472 164.46577075636398 430
1738726412528 153.85783496054248 431
1738726412567 203.11069733351076 432
1738726412606 163.27412849916675 433
1738726412645 161.142923478278 434
1738726412683 176.47026281762936 435
1738726412721 175.9111245736221 436
1738726412759 135.55558423847773 437
1738726412797 198.8920233030143 438
1738726412834 184.55168850308735 439
1738726412872 128.790646182096 440
1738726412910 146.9727109517146 441
1738726412947 180.35731786570923 442
1738726412985 172.96789915099203 443
1738726413022 132.76316115413456 444
1738726413060 171.43132959219145 445
1738726413097 141.50012826291382 446
1738726413134 200.66720922353997 447
1738726413172 169.72815857537682 448
1738726413209 194.52012843506188 449
1738726413247 110.45941741797307 450
1738726413284 157.12303368188066 451
1738726413322 166.28592710648692 452
1738726413363 169.1946042462994 453
1738726413402 164.99243204522418 454
1738726413441 177.35208234957315 455
1738726413479 170.87769964681308 456
1738726413517 156.2472112143829 457
1738726413555 171.09933235723636 458
1738726413594 163.54818204404717 459
1738726413632 167.9356548834775 460
1738726413670 137.47714332479512 461
1738726413708 228.36480240231597 462
1738726413746 168.19301756221708 463
1738726413784 164.75692551491184 464
1738726413822 189.07815802127587 465
1738726413860 148.66592888469944 466
1738726413898 206.09171218587704 467
1738726413936 156.7388721165003 468
1738726413974 158.18396975957455 469
1738726414012 167.1193851528545 470
1738726414049 177.6217737136281 471
1738726414087 169.19994170313328 472
1738726414125 152.41721069493036 473
1738726414162 193.7767327676933 474
1738726414200 169.2374664649511 475
1738726414238 165.09764547436157 476
1738726414275 183.1128813468216 477
1738726414313 160.61836838629236 478
1738726414350 166.17705746912867 479
1738726414388 185.02918332443053 480
1738726414426 135.25747015925725 481
1738726414464 183.5363952530321 482
1738726414502 175.2477292696992 483
1738726414540 182.83550057528018 484
1738726414578 144.17269791731542 485
1738726414616 141.5908273289465 486
1738726414654 159.19596928958936 487
1738726414692 158.2838594651788 488
1738726414730 163.69774867079613 489
1738726414768 210.14306787025987 490
1738726414807 164.06447086561195 491
1738726414845 189.97092888902193 492
1738726414883 150.6109223912206 493
1738726414922 174.09454773541398 494
1738726414960 211.33258154832112 495
1738726414998 181.90503053900855 496
1738726415036 182.42381547088172 497
1738726415074 167.51452963016743 498
1738726415112 160.32635926171682 499
