1738726714788 170.27099011840255 0
1738726714792 164.50470169665294 1
1738726714796 166.54359695144223 2
1738726714800 167.43435743003138 3
1738726714804 167.49365823295798 4
1738726714808 169.07105977244652 5
1738726714812 169.60023654982814 6
1738726714816 170.47527699210977 7
1738726714820 169.1770771947185 8
1738726714824 168.357534430491 9
1738726714828 167.70276982682427 10
1738726714832 168.2444258356381 11
1738726714836 167.3196757504028 12
1738726714841 170.82670078170145 13
1738726714845 170.38869599960998 14
1738726714849 169.90622451700077 15
1738726714853 166.92273715709885 16
1738726714857 168.7369396307038 17
1738726714861 168.61233098162705 18
