1738726704378 174.53677013926816 0
1738726704415 182.21987103045097 1
1738726704451 176.21258934545227 2
1738726704487 170.02114099078167 3
1738726704523 172.54699065376022 4
1738726704560 177.13822412530973 5
1738726704596 150.2835512884071 6
1738726704632 188.54080613309745 7
1738726704669 170.13306714323468 8
1738726704705 164.60528246034374 9
1738726704741 172.7394877780437 10
1738726704778 162.78876181243766 11
1738726704815 149.03161388240648 12
1738726704851 158.9456392504643 13
1738726704886 179.0166788616065 14
1738726704922 161.76862374935513 15
1738726704957 168.8673048943943 16
1738726704992 171.48188095661928 17
1738726705028 171.04721115709373 18
1738726705064 175.09542189959205 19
1738726705098 156.31056417031877 20
1738726705133 169.34086077430112 21
1738726705168 155.3687541242281 22
1738726705202 151.50673246913476 23
1738726705237 159.3084322343949 24
1738726705272 159.81649953690706 25
1738726705309 166.296192699119 26
1738726705345 174.48289318333735 27
1738726705381 167.87229586162874 28
