1738726767640 186.13882122033817 0
1738726767681 170.3246611849156 1
1738726767720 175.28303766871383 2
1738726767759 177.95633061687772 3
1738726767797 175.33754485724063 4
1738726767837 170.5851428165422 5
1738726767877 175.66324157335796 6
1738726767915 131.9463886772144 7
1738726767954 193.79025027021217 8
1738726767992 169.2134819979553 9
1738726768029 175.78487001460368 10
1738726768067 185.70227917316544 11
1738726768105 184.91382692619845 12
1738726768143 153.0584914764259 13
1738726768181 169.5817196221075 14
1738726768217 137.68039775234791 15
1738726768255 175.8538462800533 16
1738726768292 189.13730222210523 17
1738726768329 178.95981582510302 18
1738726768366 187.72399421522397 19
1738726768403 185.29480266912944 20
1738726768441 180.19569418389497 21
1738726768478 174.13828104011887 22
1738726768515 157.4766535544975 23
1738726768552 137.08975263457316 24
1738726768589 167.61322223814315 25
1738726768626 153.37695245134165 26
1738726768662 168.6661625843602 27
1738726768699 106.25891152724236 28
1738726768736 181.01700267121237 29
1738726768775 194.51699616485988 30
1738726768812 170.5386760585003 31
1738726768850 152.04027380906476 32
1738726768888 194.83206927576617 33
1738726768925 175.97726727742673 34
1738726768963 199.70826566477677 35
1738726769000 179.99778014262387 36
1738726769037 180.61459286011655 37
1738726769074 159.64981866222902 38
1738726769111 171.00251161939002 39
1738726769149 151.014405116745 40
1738726769186 184.5463927500075 41
1738726769222 143.71858616569935 42
1738726769259 182.21905519465008 43
1738726769296 184.09944908292383 44
1738726769332 172.20794145293036 45
1738726769369 156.12560225988605 46
1738726769407 153.16815112315984 47
1738726769444 152.3233283133698 48
1738726769480 164.65950239290254 49
1738726769517 187.31578225752412 50
1738726769554 197.82914878061783 51
1738726769591 174.13132530084928 52
1738726769627 152.30943420734374 53
1738726769663 169.44495892274057 54
1738726769700 156.83911252970415 55
1738726769736 150.06590508687552 56
1738726769778 155.8451927984515 57
1738726769824 201.6802698360574 58
1738726769867 161.82240236912057 59
1738726769906 160.16734251894596 60
1738726769944 156.20422371470934 61
1738726769983 176.11661068093932 62
1738726770021 174.87885099336356 63
1738726770058 167.4191767660823 64
1738726770095 144.93408681653216 65
1738726770132 166.33841490473327 66
1738726770169 183.69241362115451 67
1738726770207 191.37315056640304 68
1738726770244 178.23187252711972 69
1738726770283 143.39317088794454 70
1738726770321 155.98177678686352 71
1738726770359 175.14973958605123 72
1738726770396 169.97934758269454 73
1738726770434 179.04822376163497 74
1738726770471 174.25530143030915 75
1738726770511 180.93543502882056 76
1738726770549 177.66620565973787 77
1738726770592 174.65285238103462 78
1738726770629 178.793033211833 79
1738726770666 153.2814794765918 80
1738726770703 185.5438655659787 81
1738726770741 171.01038319975842 82
1738726770779 158.62556560694486 83
1738726770817 121.50265556804442 84
1738726770854 153.2843453887201 85
1738726770891 193.09429930784518 86
1738726770928 144.7960559431949 87
1738726770965 174.0128300710936 88
1738726771003 172.9716448896552 89
1738726771041 139.3085857300957 90
1738726771078 174.20978169302649 91
1738726771116 190.41996682009778 92
1738726771153 168.94313850942203 93
1738726771190 162.20386568798375 94
1738726771227 167.33936455952983 95
1738726771264 173.85947464015777 96
1738726771300 156.23125754800628 97
1738726771337 147.0777020335504 98
1738726771373 181.5829219283534 99
1738726771410 183.65680748270125 100
1738726771447 173.03883246172947 101
1738726771483 196.02561653295245 102
1738726771520 199.00806742864648 103
1738726771556 158.62482684026054 104
1738726771597 187.04374596353568 105
1738726771640 171.61566846262738 106
1738726771679 144.87407926684176 107
1738726771717 182.96177180920952 108
1738726771754 145.91916211508612 109
1738726771791 164.07011946423629 110
1738726771828 174.3873556104886 111
1738726771864 164.22374096735751 112
1738726771901 183.567894481168 113
1738726771937 178.4154459644485 114
1738726771974 156.96184566116722 115
1738726772010 110.46165560899371 116
1738726772047 156.03970441603337 117
1738726772083 194.42747960659506 118
1738726772120 174.8340931861644 119
1738726772156 144.75272126193371 120
1738726772193 152.95350343463375 121
1738726772230 178.91512150411552 122
1738726772266 170.73261562483603 123
1738726772302 203.30380939824377 124
1738726772338 153.15772695392653 125
1738726772374 178.1984874644779 126
1738726772410 169.28840210886224 127
1738726772447 186.9941519285902 128
1738726772483 162.88257354159123 129
1738726772519 174.6894903823644 130
1738726772555 168.72356018018712 131
1738726772604 175.8312278415253 132
1738726772644 173.83446631747 133
1738726772683 173.38145847148868 134
1738726772720 177.34739844476968 135
1738726772758 166.90873104980432 136
1738726772795 160.76557263994604 137
1738726772833 150.85386761225033 138
1738726772870 176.3003361740028 139
1738726772908 112.15100673388457 140
1738726772945 177.0028047068786 141
1738726772982 172.30382193174458 142
1738726773019 180.64640175621324 143
1738726773056 188.30313021793967 144
1738726773094 160.5489605114896 145
1738726773132 184.0035288913719 146
1738726773171 141.2095039464288 147
1738726773214 143.9288966970139 148
1738726773255 184.37095074857214 149
1738726773293 166.753924598988 150
1738726773330 158.59146907209873 151
1738726773368 177.05646152858506 152
1738726773405 191.18305632917463 153
1738726773443 156.91759119414982 154
1738726773479 123.74448086107125 155
1738726773516 177.14967482039248 156
1738726773553 198.1290713711786 157
1738726773592 152.5283161956972 158
1738726773630 172.20486884943895 159
1738726773669 169.89416071589778 160
1738726773707 186.14917553488965 161
1738726773745 183.60008637130804 162
1738726773782 165.0885887551729 163
1738726773819 170.05809388346498 164
1738726773856 165.84927848794086 165
1738726773895 165.03111626729824 166
1738726773934 143.71535387137848 167
1738726773972 182.5512991817275 168
1738726774009 177.9973055003776 169
1738726774046 150.93272731383848 170
1738726774085 162.324891134701 171
1738726774122 166.43534138595584 172
1738726774160 169.66786324415756 173
1738726774196 141.74761736226424 174
1738726774233 165.23736889914994 175
1738726774270 213.89120169058933 176
1738726774307 193.56051149579469 177
1738726774345 182.2431032224672 178
1738726774382 173.7609409571832 179
1738726774419 155.67874961669574 180
1738726774461 162.54767991836104 181
1738726774507 172.09190526510955 182
1738726774544 168.23365033548347 183
1738726774581 154.05437056685722 184
1738726774617 213.74940004469565 185
1738726774654 158.543072673748 186
1738726774691 185.33952177605443 187
1738726774728 179.9048708961313 188
1738726774764 174.52036981698822 189
1738726774800 166.02917146484612 190
1738726774837 185.0810322936788 191
1738726774873 170.58388534893322 192
1738726774910 193.7740179980962 193
1738726774947 175.3762496485539 194
1738726774984 185.8105612102662 195
1738726775021 179.62055589013863 196
1738726775058 185.54962136979472 197
1738726775095 182.86904616332686 198
1738726775131 175.15410371886261 199
1738726775168 194.74696682087313 200
1738726775204 128.69923957933483 201
1738726775242 191.54815778408644 202
1738726775279 138.98637641377474 203
1738726775316 189.64079441068174 204
1738726775353 205.58054757692506 205
1738726775390 198.37336637778998 206
1738726775427 159.92330586888036 207
1738726775464 170.77156730605296 208
1738726775501 192.2605802548922 209
1738726775538 154.81537588391313 210
1738726775580 147.55927580542314 211
1738726775618 145.11063862903066 212
1738726775655 151.56749863251915 213
1738726775691 148.258299218377 214
1738726775728 189.91522349185743 215
1738726775766 170.19933926049913 216
1738726775803 164.13151834392653 217
1738726775840 144.94337072697675 218
1738726775878 161.60531058719855 219
1738726775914 174.85009792051682 220
1738726775952 155.56281123599587 221
1738726775990 184.11760706510447 222
1738726776027 177.56022676113605 223
1738726776065 163.20249888324216 224
1738726776102 166.33144001859958 225
1738726776139 165.24064114487774 226
1738726776177 164.65429192036305 227
1738726776214 173.37669598933186 228
1738726776251 158.60268225772558 229
1738726776288 158.38724798548694 230
1738726776326 132.98350108432024 231
1738726776363 208.95093935324246 232
1738726776401 170.65263104636108 233
1738726776444 195.91402783430877 234
1738726776482 169.2817401447217 235
1738726776520 205.4615768212721 236
1738726776557 179.5327178055063 237
1738726776595 152.178666354351 238
1738726776633 169.4281532787096 239
1738726776671 205.66585828404487 240
1738726776709 226.5314599429848 241
1738726776746 161.1948311495651 242
1738726776784 173.60891147339038 243
1738726776821 148.12463103649017 244
1738726776884 183.7762296950048 245
1738726776921 147.9796367217915 246
1738726776958 163.44851242237212 247
1738726776995 162.51525423627734 248
1738726777032 194.003422338916 249
1738726777068 174.57936428966016 250
1738726777105 155.86557900323038 251
1738726777142 193.28773881520567 252
1738726777179 156.78463672713642 253
1738726777215 165.96379267154444 254
1738726777251 143.9206855634248 255
1738726777288 171.38477482312942 256
1738726777324 174.00682968423104 257
1738726777361 165.18662886665513 258
1738726777398 170.9908468839579 259
1738726777436 167.78218136816258 260
1738726777474 174.95108875687603 261
1738726777512 173.93818738932097 262
1738726777549 159.77655176527014 263
1738726777587 165.3801885152562 264
1738726777624 156.35074828124291 265
1738726777661 159.47868247358824 266
1738726777699 171.96252652651623 267
1738726777736 164.93148224478796 268
1738726777774 189.7092518702303 269
1738726777811 167.86140304249523 270
1738726777849 180.4113215022699 271
1738726777886 230.26738955238002 272
1738726777924 212.64208186847856 273
1738726777961 145.50841493874523 274
1738726777998 134.1271301555395 275
1738726778036 196.7046075641553 276
1738726778073 164.17291227172333 277
1738726778110 185.43501329198406 278
1738726778147 133.9349529185896 279
1738726778185 192.7171600551009 280
1738726778222 124.88331226576015 281
1738726778260 176.5148236725131 282
1738726778298 161.12203022720252 283
1738726778343 189.3722526399041 284
1738726778386 137.13387565231224 285
1738726778428 166.7369388013173 286
1738726778468 184.56280868096022 287
1738726778506 157.1946646409089 288
1738726778543 166.73077518338974 289
1738726778580 161.54764876267149 290
1738726778618 194.28975032691514 291
1738726778656 148.15741837761084 292
1738726778693 174.7530093327842 293
1738726778730 202.6591615743236 294
1738726778768 164.5286550654697 295
1738726778825 143.5192767232422 296
1738726778865 197.01077475229948 297
1738726778902 171.53312801182577 298
1738726778939 147.11925998062105 299
1738726778975 193.68878395878212 300
1738726779011 165.21735917598494 301
1738726779048 160.96806208555796 302
1738726779084 135.18297104640948 303
1738726779120 178.9913174710441 304
1738726779157 151.5541263781104 305
1738726779194 165.56643396013413 306
1738726779230 181.13320880468117 307
1738726779267 156.20850784350722 308
1738726779305 178.85933953648157 309
1738726779341 166.39294759319043 310
1738726779378 161.31155567388697 311
1738726779415 179.9753925481607 312
1738726779453 179.79819367785743 313
1738726779490 168.47803052712214 314
1738726779529 138.0056102243819 315
1738726779566 166.77697409889961 316
1738726779604 155.02665726987962 317
1738726779640 166.32151948906952 318
1738726779677 151.7543374540716 319
1738726779722 152.37267225970356 320
1738726779759 219.91319610446197 321
1738726779797 179.23823089477403 322
1738726779836 166.60468328386668 323
1738726779875 161.9710103032104 324
1738726779914 149.2481791900393 325
1738726779954 208.4935760708543 326
1738726779993 190.24962825793966 327
1738726780033 188.38359724508607 328
1738726780072 158.92156745102164 329
1738726780110 177.273113588915 330
1738726780147 173.98199609968978 331
1738726780185 174.64513306774072 332
1738726780224 183.2402118688252 333
1738726780262 155.72637844862933 334
1738726780300 161.09842249002529 335
1738726780337 161.3343083804172 336
1738726780374 115.71585584706993 337
1738726780411 189.43153745754958 338
1738726780448 153.71020944803178 339
1738726780485 171.56572142278603 340
1738726780521 165.51429172677413 341
1738726780558 177.01587629555516 342
1738726780595 172.34463549502098 343
1738726780632 167.91167333483625 344
1738726780669 218.78981429181454 345
1738726780706 165.7346192662164 346
1738726780742 158.12219343587472 347
1738726780779 162.8261410247764 348
1738726780815 176.61705505229745 349
1738726780852 171.66676443343607 350
1738726780888 189.5035477158657 351
1738726780926 154.17837953105567 352
1738726780963 179.19666562930735 353
1738726780999 168.55348046048417 354
1738726781037 172.78879499183208 355
1738726781074 182.25238487855077 356
1738726781111 160.36472863075934 357
1738726781147 173.79534644217503 358
1738726781185 159.67034140499374 359
1738726781222 206.56188108677816 360
1738726781259 152.36124621915536 361
1738726781296 195.54941096577232 362
1738726781333 146.28920559762332 363
1738726781370 147.1482246475848 364
1738726781407 157.36976150396757 365
1738726781444 159.74431736568846 366
1738726781481 145.45961564236342 367
1738726781517 144.63744625770838 368
1738726781554 162.29524704377133 369
1738726781590 135.9883961547424 370
1738726781626 162.28460043374898 371
1738726781662 177.78361211104183 372
1738726781699 182.40612779913212 373
1738726781735 181.16345069910614 374
1738726781772 182.24420420074495 375
1738726781809 172.26441108169212 376
1738726781846 182.41438530420038 377
1738726781883 84.97898309512516 378
1738726781919 166.09411084444415 379
1738726781956 144.77656424543414 380
1738726781993 180.80632480822797 381
1738726782031 165.43871024725047 382
1738726782072 142.8864968895274 383
1738726782112 181.91567487257083 384
1738726782149 159.60273920850474 385
1738726782186 188.39993381610444 386
1738726782223 177.061447618131 387
1738726782261 154.03803620129813 388
1738726782298 162.51596802052072 389
1738726782334 192.03919223837974 390
1738726782371 154.84728940233285 391
1738726782408 226.11267690980273 392
1738726782444 158.90528867644298 393
1738726782480 175.40314053731817 394
1738726782517 159.79510276871986 395
1738726782553 165.83420912200083 396
1738726782590 158.04315538021226 397
1738726782626 169.5537512070221 398
1738726782663 180.1146986616231 399
1738726782699 174.341808545202 400
1738726782735 183.74453153741933 401
1738726782771 135.7241238339677 402
1738726782808 152.22889499492612 403
1738726782844 180.22555322905748 404
1738726782890 130.62806072026947 405
1738726782933 166.82528246754546 406
1738726782975 158.30194941476427 407
1738726783014 164.91810894116128 408
1738726783052 191.84395210383758 409
1738726783090 167.11516716225037 410
1738726783128 170.62843075341036 411
1738726783170 194.82025380280388 412
1738726783212 199.56253113545654 413
1738726783251 165.728150690756 414
1738726783291 163.27988288784212 415
1738726783329 184.20228567044435 416
1738726783366 140.87880533418277 417
1738726783405 221.35427639998196 418
1738726783443 149.68223987314602 419
1738726783481 195.82005889303093 420
1738726783521 179.48869015922213 421
1738726783561 175.12589762923835 422
1738726783603 145.57685672901312 423
1738726783647 177.50158573610915 424
1738726783685 150.23342819859397 425
1738726783723 166.96898199974035 426
1738726783760 144.04030401583614 427
1738726783809 181.28203024969574 428
1738726783851 186.94427468366843 429
1738726783898 172.16106075673972 430
1738726783940 181.9544832833026 431
1738726783979 171.01000214925318 432
1738726784029 175.2082677155867 433
1738726784115 192.23503732144965 434
1738726784163 185.81699309274396 435
1738726784207 135.97428742568192 436
1738726784251 194.11011136993304 437
1738726784292 163.64651724681727 438
1738726784331 155.81667110322846 439
1738726784369 189.51733295061842 440
1738726784407 162.01513892524076 441
1738726784445 166.6944905644377 442
1738726784483 171.99009335218997 443
1738726784520 163.65546949466096 444
1738726784557 175.03852098814053 445
1738726784595 186.0654348775266 446
1738726784632 196.42603191914446 447
1738726784669 124.72311769126057 448
1738726784707 176.48775336984264 449
1738726784744 181.31652484332167 450
1738726784788 195.0979120469252 451
1738726784827 201.38025123706822 452
1738726784864 159.07392987254042 453
1738726784902 183.56236628836314 454
1738726784940 162.9700577987558 455
1738726784978 182.28146685383638 456
1738726785016 145.61005577913247 457
1738726785053 164.25883304154638 458
1738726785089 173.97453212213287 459
1738726785125 155.57241225502315 460
1738726785161 179.21124377096854 461
1738726785198 144.85468545644824 462
1738726785235 179.08430673860818 463
1738726785274 168.82588257279917 464
1738726785336 155.7423937812138 465
1738726785373 155.97182753294476 466
1738726785410 165.3842614086111 467
1738726785448 149.61066364838192 468
1738726785485 159.3208981682927 469
1738726785522 180.15232826398517 470
1738726785560 142.96003372997444 471
1738726785597 163.99623170526405 472
1738726785637 157.79216538685327 473
1738726785675 163.64257014580514 474
1738726785713 185.38336245697977 475
1738726785750 175.80088889429027 476
1738726785787 154.88544978399395 477
1738726785823 177.377791211898 478
1738726785860 145.88353293786324 479
1738726785897 169.5661729722603 480
1738726785935 179.3955454207147 481
1738726785972 165.4722340031454 482
1738726786010 195.66220878601652 483
1738726786047 182.36326772848946 484
1738726786085 156.39872340992702 485
1738726786122 156.83694339280575 486
1738726786160 156.25004444232937 487
1738726786197 164.38590098435486 488
1738726786234 155.35852007483658 489
1738726786271 183.07169909034778 490
1738726786308 158.59843768243857 491
1738726786346 179.07032161086096 492
1738726786383 172.7718306862857 493
1738726786421 161.79321600916012 494
1738726786458 171.31976843702674 495
1738726786495 168.9201731308259 496
1738726786532 187.849087331645 497
1738726786569 217.2359341800053 498
1738726786606 184.6731970799777 499
