1738726731280 147.9088791442074 0
1738726731316 167.9114544945257 1
1738726731353 131.39526722559864 2
1738726731390 181.12187326364548 3
1738726731426 180.6518755477745 4
1738726731463 149.78291161585096 5
1738726731501 150.0525658398197 6
1738726731539 177.60328277996834 7
1738726731576 153.183434740468 8
1738726731614 147.03879641599596 9
1738726731651 183.1524863724663 10
1738726731688 180.7638180460506 11
1738726731725 165.90881495714154 12
1738726731762 185.26987720071492 13
1738726731800 161.32766601604624 14
1738726731837 151.54634182361062 15
1738726731874 225.37806262195022 16
