1738726595830 168.2302411128763 0
1738726595834 172.45799203565227 1
1738726595838 166.33043916568198 2
1738726595842 168.98166959467505 3
1738726595846 168.41270936958028 4
1738726595849 167.72794021400406 5
1738726595853 169.08791405480852 6
1738726595857 169.4900035091572 7
1738726595861 165.22185341615813 8
1738726595864 172.9423424801909 9
1738726595868 172.74832858676444 10
1738726595872 172.05019179387523 11
1738726595876 169.67682209098766 12
1738726595880 170.80012296194897 13
1738726595883 168.46689399584568 14
