1738726150005 167.36582135487652 0
1738726150009 169.53799670025725 1
1738726150013 168.57807147678795 2
1738726150017 169.63035068836857 3
1738726150020 170.3616423390714 4
1738726150024 166.75877485431263 5
1738726150028 170.5846898569106 6
1738726150032 169.896763440683 7
1738726150036 167.47009776952896 8
1738726150040 170.05511708526336 9
1738726150044 170.1544370206565 10
1738726150047 169.90476873256864 11
1738726150051 169.56640241281502 12
1738726150055 169.00952717337034 13
1738726150059 167.65725543176484 14
1738726150063 171.24695878111547 15
1738726150067 169.97015504296718 16
1738726150070 171.39797644990492 17
1738726150074 171.21481075605786 18
1738726150077 166.5555690562185 19
1738726150081 167.8179520912201 20
1738726150085 166.77347531505038 21
1738726150089 168.4300717436257 22
1738726150093 169.64515919293035 23
1738726150096 170.26546375783755 24
1738726150100 165.13440091476627 25
1738726150104 167.97039531725795 26
1738726150107 170.98612343013107 27
1738726150111 169.3007512574897 28
1738726150115 170.93407031517293 29
1738726150119 167.36604894470034 30
1738726150123 168.45397629784793 31
1738726150127 170.72822464329357 32
1738726150130 169.67564865630675 33
1738726150135 169.75454842070363 34
1738726150138 168.93387669744854 35
1738726150143 167.757759523146 36
1738726150146 168.70042696789062 37
1738726150150 168.1862256918133 38
1738726150154 169.38428815209383 39
1738726150158 169.5027885178428 40
1738726150162 165.44147603937373 41
1738726150166 169.29534643809026 42
1738726150169 169.11564321411123 43
1738726150173 168.10597486731334 44
1738726150177 167.81575971261677 45
1738726150181 166.844449282758 46
1738726150185 170.48981419221306 47
1738726150188 168.31189771173604 48
1738726150192 167.1452515814267 49
1738726150196 167.55155022174148 50
1738726150199 169.71923922425987 51
1738726150203 168.99431910420532 52
1738726150207 169.7143691738115 53
1738726150211 167.5134806784541 54
1738726150214 168.49376812852725 55
1738726150218 164.9189230367385 56
1738726150222 168.67230732105892 57
1738726150226 170.13822107873884 58
1738726150230 167.74384071751783 59
1738726150234 168.38128628843162 60
1738726150238 171.47768422564096 61
1738726150242 166.98715778470026 62
