1738722555088 167.6222527243762 0
1738722555121 156.18114223682755 1
1738722555154 165.10560252698312 2
1738722555187 173.63569232216116 3
1738722555220 151.93568605762005 4
1738722555253 171.03153749939798 5
1738722555287 180.83435458186003 6
1738722555320 167.42307524459937 7
1738722555352 165.7478692480391 8
1738722555385 170.7209756892702 9
1738722555418 167.07686217286096 10
1738722555451 141.84814480569077 11
1738722555484 179.25674415958596 12
1738722555516 172.3450130425506 13
1738722555549 167.3782868637954 14
1738722555581 175.1322427403037 15
1738722555614 178.7255531739787 16
1738722555646 161.0881846291279 17
1738722555679 159.49375022788053 18
1738722555711 175.03450389162455 19
1738722555743 162.89106427715782 20
1738722555799 179.03733514880162 21
1738722555872 174.4469690939129 22
1738722555928 137.39290226140687 23
1738722556007 169.69882636179182 24
1738722556054 163.67107388664755 25
1738722556088 166.58918038553773 26
1738722556138 163.2306930217891 27
1738722556175 170.79004241877428 28
1738722556209 171.9562941104068 29
1738722556243 162.19873685924046 30
1738722556277 169.36444510720708 31
1738722556312 189.68137649924338 32
1738722556351 163.92539799936748 33
1738722556384 134.40737764212744 34
1738722556418 189.79701803555474 35
1738722556451 160.99293198168328 36
1738722556484 166.0339343962034 37
1738722556518 178.5407848956087 38
1738722556551 172.42619470890963 39
1738722556588 169.61160006343155 40
1738722556622 157.30699959506208 41
1738722556655 137.43680436098037 42
1738722556688 188.78728639674551 43
1738722556722 176.16423038279993 44
1738722556755 170.28916677107887 45
1738722556788 159.83356185944288 46
1738722556821 149.63899162603172 47
1738722556854 165.5227741856032 48
1738722556890 164.02019093894995 49
1738722556946 175.0818362524704 50
1738722556988 181.9735656507922 51
1738722557033 175.28149243846755 52
1738722557093 145.60636429940442 53
1738722557168 184.5729513660307 54
1738722557220 156.92788462468465 55
1738722557259 170.06697708774755 56
1738722557294 149.69225802560186 57
1738722557329 149.86322506727015 58
1738722557364 168.62766835218568 59
1738722557399 166.59700882068836 60
1738722557446 181.27458107321186 61
1738722557493 174.88679421608808 62
1738722557527 161.19384671521468 63
1738722557561 158.48845753993606 64
1738722557595 174.17367713281863 65
1738722557630 154.96871261390334 66
1738722557665 158.36664847176633 67
1738722557699 171.34031959735555 68
1738722557732 167.0435495540047 69
1738722557765 156.80285396099117 70
1738722557799 165.05853372184535 71
1738722557833 165.44660868387575 72
1738722557866 174.64923071175798 73
1738722557901 171.02991550667727 74
1738722557934 182.70042791417117 75
1738722557968 166.80635307083065 76
1738722558001 177.90752316935504 77
1738722558035 168.55883122364662 78
1738722558068 186.06651942881896 79
1738722558101 173.4812194750623 80
1738722558134 168.25682045744927 81
1738722558167 176.4838954283291 82
1738722558200 161.15078784413828 83
1738722558233 164.08328992914574 84
1738722558266 156.78209975255197 85
1738722558299 163.8279566562088 86
1738722558335 179.50294781042558 87
1738722558370 175.17486908590234 88
1738722558405 166.14575456727852 89
1738722558438 171.63677482590785 90
1738722558471 177.46352687619432 91
1738722558504 174.4043876969849 92
1738722558537 174.11431039554745 93
1738722558570 172.72557982246434 94
1738722558602 166.59619113385352 95
1738722558636 167.40022154191175 96
1738722558669 160.3459063789052 97
1738722558702 170.51783805377366 98
1738722558735 181.06254953575942 99
1738722558768 159.88660441856518 100
