1738723740310 186.55949409373457 0
1738723740347 168.76854240367092 1
1738723740386 145.72288603584104 2
1738723740422 189.36228259016846 3
1738723740459 177.31592704928474 4
1738723740496 174.98353738853734 5
1738723740533 223.83590342876388 6
1738723740570 186.4022525046605 7
1738723740607 164.8649330818867 8
1738723740645 168.33445885126858 9
1738723740682 151.46063093743388 10
1738723740719 161.35069903512138 11
1738723740755 171.80636215175488 12
1738723740792 133.955553291426 13
1738723740829 178.64853206492128 14
1738723740865 165.21038701586212 15
1738723740902 175.44077321659321 16
1738723740939 200.62879315906005 17
1738723740976 172.01589268491105 18
1738723741014 186.51891843829387 19
1738723741053 178.56277929152876 20
1738723741091 187.10327058846775 21
1738723741129 185.5474511548215 22
1738723741167 175.22270701593817 23
1738723741206 154.08787677067593 24
1738723741244 189.62667913809972 25
1738723741281 166.95361714958588 26
1738723741319 166.58649530936816 27
1738723741357 180.58611100320417 28
1738723741395 163.8953132865604 29
1738723741433 172.35344145796185 30
1738723741471 154.19308698998006 31
1738723741509 168.1995614593353 32
1738723741547 170.53009854597465 33
1738723741584 158.54481906883328 34
1738723741621 178.32883544509872 35
1738723741658 173.00633938112526 36
1738723741696 167.42069532203436 37
1738723741733 171.31822120737712 38
1738723741770 154.10221705426588 39
1738723741807 183.35818846855005 40
1738723741845 165.04857568988254 41
1738723741882 184.33362241581924 42
1738723741920 157.6199465243798 43
1738723741957 138.6651520826112 44
1738723741995 171.3634454831105 45
1738723742034 147.75489284740846 46
1738723742072 166.38566055253943 47
1738723742110 162.47370934210895 48
1738723742148 149.10635246749507 49
1738723742186 175.49464457220395 50
1738723742223 147.98439710006298 51
1738723742260 169.03098200096898 52
1738723742298 177.22316915994443 53
1738723742336 155.91473860790174 54
1738723742374 165.40340756825046 55
1738723742411 143.37108467736246 56
1738723742449 171.08810010264162 57
1738723742488 182.60928813920697 58
1738723742526 212.9760863882095 59
1738723742563 177.62083900820508 60
1738723742601 141.24846731823894 61
1738723742638 138.4996635092435 62
1738723742676 150.2823649792505 63
1738723742714 174.45471562107687 64
1738723742752 156.91692358078663 65
1738723742789 183.7485117086306 66
1738723742828 186.62428530136032 67
1738723742866 135.18237794467942 68
1738723742904 169.39303520063999 69
1738723742942 205.33928122352253 70
1738723742980 202.40374476373486 71
1738723743018 165.77910285436326 72
1738723743056 160.32048683485968 73
1738723743095 228.79922272019388 74
1738723743134 172.11553076740117 75
1738723743171 168.38090479962378 76
1738723743209 165.3736665009101 77
1738723743246 139.0514945654987 78
1738723743285 169.1060111126408 79
1738723743324 136.11038354446853 80
1738723743362 156.0348529926493 81
1738723743401 178.36646493947757 82
1738723743439 168.78833343951914 83
1738723743477 169.0643658916799 84
1738723743515 168.84883220108208 85
1738723743552 166.95793508814407 86
1738723743590 164.63032658953824 87
1738723743626 134.87752568224496 88
1738723743664 167.15013978354023 89
1738723743703 161.78498955798773 90
1738723743740 170.5698319799275 91
1738723743778 147.95995954914542 92
1738723743816 133.29139165601646 93
1738723743854 194.93384821624105 94
1738723743892 173.1272163704084 95
1738723743930 187.85000658843688 96
1738723743969 149.7265677961355 97
1738723744008 180.76740559690035 98
1738723744046 183.6178221562408 99
1738723744085 192.16443821094552 100
1738723744122 162.05023091907788 101
1738723744160 164.41849906138296 102
1738723744197 161.9960805962405 103
1738723744235 166.5551967089924 104
1738723744272 166.43124676484982 105
1738723744310 155.27712369069457 106
1738723744348 162.0900577295273 107
1738723744385 195.41496681401014 108
1738723744422 193.2344787195874 109
1738723744460 144.5077639275124 110
1738723744497 153.09560423686946 111
1738723744534 176.03596718657792 112
1738723744571 170.2966651079291 113
1738723744608 164.40934089838123 114
1738723744646 158.26431629917099 115
1738723744683 159.53119578295474 116
1738723744720 165.5232147527588 117
1738723744757 168.5668597032232 118
1738723744794 178.01710661257437 119
1738723744832 174.07736569919808 120
1738723744869 179.98658252501698 121
1738723744906 154.9008758380156 122
1738723744943 167.9592324722288 123
1738723744980 133.5288528900139 124
1738723745017 155.21268556768769 125
1738723745054 170.21608226244774 126
1738723745091 162.74194463502218 127
1738723745127 144.36126175060804 128
1738723745164 137.83398282088984 129
1738723745201 161.5911838355714 130
1738723745238 164.8321750926059 131
1738723745275 180.4266589055621 132
1738723745312 177.75597354207002 133
1738723745349 163.6214120967056 134
1738723745386 178.81894143007435 135
1738723745423 166.3189586260105 136
1738723745460 150.89150386776853 137
1738723745496 190.13500410971227 138
1738723745533 155.96615821008442 139
1738723745570 165.71419715475426 140
1738723745606 161.0343684141202 141
1738723745643 192.42727850764174 142
1738723745679 179.918261845786 143
1738723745716 115.41029358628369 144
1738723745753 154.1897057434945 145
1738723745789 177.9762693496507 146
1738723745826 171.619023377808 147
1738723745862 162.97931758744392 148
1738723745899 159.86848513285233 149
1738723745935 163.37718625914053 150
1738723745972 171.37440520010563 151
1738723746008 156.99387775535152 152
1738723746044 168.32513872090507 153
1738723746081 175.57697813039204 154
1738723746117 180.86930981712428 155
1738723746153 210.43153484471327 156
1738723746190 181.32071511141976 157
1738723746226 169.502369406797 158
1738723746262 166.56177060785822 159
1738723746298 179.0755717483056 160
1738723746334 173.1824382520597 161
1738723746371 173.6505100917157 162
1738723746407 170.54367640139375 163
1738723746443 160.2025549424353 164
1738723746479 157.93892745990524 165
1738723746515 173.6602730242619 166
1738723746552 180.79861570972673 167
1738723746588 169.23774213316824 168
1738723746624 143.19023557264353 169
1738723746660 178.06863982372647 170
1738723746697 176.37787981708442 171
1738723746733 163.8243070601675 172
1738723746769 132.51722884374686 173
1738723746805 183.9312675586919 174
1738723746842 174.71422546544093 175
1738723746878 122.67908772580401 176
1738723746914 163.60631632533656 177
1738723746950 173.73594313508121 178
1738723746986 169.5707970385919 179
1738723747022 176.00503291994605 180
1738723747058 167.40867858397613 181
1738723747094 176.53039093290855 182
1738723747130 156.30944641416409 183
1738723747167 169.1752703147255 184
1738723747203 139.4082588543859 185
1738723747239 168.0526395422211 186
1738723747275 171.72861509216716 187
1738723747311 190.43680194572576 188
1738723747349 177.56644604727794 189
1738723747386 176.52498849976703 190
1738723747423 165.7870416668785 191
1738723747460 171.31463155840885 192
1738723747497 183.3775573019083 193
1738723747534 146.96809876115145 194
1738723747571 158.6537534692895 195
1738723747608 160.3695533270578 196
1738723747644 165.73970704372513 197
1738723747681 147.4510126327661 198
1738723747718 151.694549168173 199
1738723747755 170.40546981151184 200
1738723747791 147.2028468634727 201
1738723747828 182.58994742183273 202
1738723747864 156.61328648130828 203
1738723747901 190.69279165097805 204
1738723747937 165.76232013615294 205
1738723747974 169.88752075270634 206
1738723748011 161.5805274816169 207
1738723748047 149.00709822245406 208
1738723748084 223.63632731280757 209
1738723748120 155.92555975276485 210
1738723748157 171.1838585127754 211
1738723748193 164.07092627572288 212
1738723748230 154.69456714029505 213
1738723748266 159.78441489592112 214
1738723748303 196.8712974111679 215
1738723748339 186.34103120606616 216
1738723748376 168.19990207825654 217
1738723748412 186.99183352274773 218
1738723748448 185.9288980890206 219
1738723748485 182.99066971425407 220
1738723748521 196.15070727948265 221
1738723748557 155.42156562071762 222
1738723748593 143.23134156629587 223
1738723748629 210.30738648836132 224
1738723748666 170.4103818681998 225
1738723748702 180.7958472291026 226
1738723748738 146.77128247747555 227
1738723748774 159.0515687464095 228
1738723748810 175.82549886489792 229
1738723748847 178.37673806190077 230
1738723748885 167.69695525768904 231
1738723748922 159.6152709749724 232
1738723748960 162.35458495465767 233
1738723748997 168.848802298338 234
1738723749034 180.2124743329498 235
1738723749071 217.5486447373372 236
1738723749108 163.89902155603798 237
1738723749145 154.66230569342048 238
1738723749182 146.27381611662304 239
1738723749219 167.90408570492548 240
1738723749256 188.09862392665266 241
1738723749293 156.8983029011223 242
1738723749330 155.81581859029967 243
1738723749367 145.25601237097808 244
1738723749404 144.69163416023642 245
1738723749441 165.84634499635547 246
1738723749478 173.96092313553498 247
1738723749515 148.77011088592286 248
1738723749552 160.36019190042936 249
1738723749589 174.7494822211129 250
1738723749626 166.34705592353137 251
1738723749662 179.89037227917305 252
1738723749699 142.62314491172296 253
1738723749736 143.87689695877006 254
1738723749773 133.7035369493342 255
1738723749810 192.70442061486344 256
1738723749847 159.58374554510652 257
1738723749884 150.8895402837942 258
1738723749920 180.86515829012131 259
1738723749957 159.59592133756763 260
1738723749994 162.46658299394986 261
1738723750030 180.90271991032495 262
1738723750067 185.47763409104314 263
1738723750104 183.3545862906489 264
1738723750141 194.08809350694315 265
1738723750177 168.89831335275642 266
1738723750214 188.9029251967017 267
1738723750251 187.0794787882605 268
1738723750287 157.57415382165098 269
1738723750324 183.02178127582832 270
1738723750360 161.27370829159594 271
1738723750397 171.48070867393082 272
1738723750434 108.77403690455749 273
1738723750470 147.81693710514085 274
1738723750507 179.82666265876864 275
1738723750543 163.07540606906508 276
1738723750580 160.85554051637624 277
1738723750616 198.67801573222752 278
1738723750653 158.35873249317137 279
1738723750689 184.72707230118135 280
1738723750726 171.1973017196385 281
1738723750762 176.7618588111006 282
1738723750799 174.4068369063557 283
1738723750835 167.7688998878379 284
1738723750872 175.57410851710975 285
1738723750909 166.37061949337544 286
1738723750946 159.35616206022814 287
1738723750982 173.44172555511977 288
1738723751019 155.3913179641452 289
1738723751055 151.08211873556436 290
1738723751091 210.39857320177316 291
1738723751128 191.3950198269839 292
1738723751164 164.17299224943528 293
1738723751201 164.29444423602504 294
1738723751237 180.451086695598 295
1738723751273 135.10629547942415 296
1738723751310 156.9635691665024 297
1738723751348 218.88723077561139 298
1738723751385 178.75033627957873 299
1738723751422 202.46130853754605 300
1738723751459 163.34216068314583 301
1738723751496 169.1870231424062 302
1738723751534 173.51643025003463 303
1738723751571 159.37966499472387 304
1738723751608 150.14444637973406 305
1738723751645 145.72911631731753 306
1738723751682 193.19572013508758 307
1738723751719 155.81773630796926 308
1738723751755 157.78905266392718 309
1738723751792 182.41881658679694 310
1738723751829 183.49333017846288 311
1738723751866 158.72877629856504 312
1738723751903 195.2374355970843 313
1738723751939 131.82334131545002 314
1738723751976 147.15750536283855 315
1738723752013 211.1460147302797 316
1738723752049 160.4628359913529 317
1738723752086 187.75056908603193 318
1738723752122 161.54086167152963 319
1738723752159 192.40949134151742 320
1738723752196 179.6120068365786 321
1738723752232 147.65347726626266 322
1738723752269 180.71354621504761 323
1738723752305 185.77303485574242 324
1738723752341 170.52024686188196 325
1738723752378 165.22249462041634 326
1738723752414 165.97076445300252 327
1738723752450 165.692723651401 328
1738723752487 149.76183663041817 329
1738723752523 146.9788312675779 330
1738723752560 168.45513055924874 331
1738723752596 165.74505694339393 332
1738723752632 173.409040359533 333
1738723752669 155.39528993919208 334
1738723752705 171.0686948835405 335
1738723752741 177.3667062580468 336
1738723752777 129.62939338321718 337
1738723752814 185.6798983444999 338
1738723752850 114.39599007780777 339
1738723752886 138.80401609280162 340
1738723752923 162.2687255756652 341
1738723752959 161.1019994132565 342
1738723752996 182.19189397735838 343
1738723753032 174.86957433191105 344
1738723753069 175.15332314071287 345
1738723753105 160.99372112186495 346
1738723753142 129.25069761556196 347
1738723753178 163.0211659102787 348
1738723753214 173.5958540820947 349
1738723753252 178.47128421389854 350
1738723753289 225.97911013207187 351
1738723753326 160.14984427702674 352
1738723753364 155.50562704266343 353
1738723753400 179.35308596032783 354
1738723753437 177.47563230481313 355
1738723753474 197.1495960516921 356
1738723753510 181.0214203785335 357
1738723753547 180.1148079172863 358
1738723753583 181.95388393029486 359
1738723753620 169.26359935856482 360
1738723753656 178.26938842495437 361
1738723753692 186.93871290091727 362
1738723753728 185.81522582135722 363
1738723753764 188.8049236390962 364
1738723753801 175.99598546893944 365
1738723753838 172.5551351128925 366
1738723753874 178.95431704699652 367
1738723753912 172.19383947302808 368
1738723753948 169.80302496261223 369
1738723753985 191.51133938325793 370
1738723754021 169.3614907250591 371
1738723754057 185.68316766788664 372
1738723754093 156.80791195124434 373
1738723754130 182.77737932820708 374
1738723754166 184.80991985498136 375
1738723754201 162.6239823914383 376
1738723754237 164.4252065301537 377
1738723754273 175.60031219831177 378
1738723754309 153.44272706630457 379
1738723754345 216.97151551904338 380
1738723754381 156.0221354135993 381
1738723754416 209.87249510211737 382
1738723754452 171.175582711376 383
1738723754488 181.16501018377127 384
1738723754524 179.09720577713588 385
1738723754560 212.29881608106936 386
1738723754596 161.51747227035423 387
1738723754632 144.0894123048409 388
1738723754668 172.72210913352697 389
1738723754704 150.24151775536433 390
1738723754740 159.977470211897 391
1738723754776 175.56463165111688 392
1738723754812 143.13649923777385 393
1738723754847 164.41541222965463 394
1738723754883 167.2049694599936 395
1738723754919 127.44373206980491 396
1738723754955 153.47916494796658 397
1738723754991 177.3127592858843 398
1738723755028 151.30512198113425 399
1738723755063 162.17184715750062 400
1738723755099 183.20238350924222 401
1738723755135 178.11528459733842 402
1738723755171 217.2389874279733 403
1738723755207 169.7534145185034 404
1738723755243 175.59627430040794 405
1738723755278 180.237093702859 406
1738723755314 163.8451391971461 407
1738723755350 169.86099381742216 408
1738723755386 182.66492640645112 409
1738723755422 162.59479505747916 410
1738723755457 164.82342687366233 411
1738723755493 145.85452741215488 412
1738723755529 167.75225368054598 413
1738723755564 163.1720116354093 414
1738723755600 187.18270366294246 415
1738723755636 159.2654183296845 416
1738723755672 180.85480705504298 417
1738723755708 177.04524875457534 418
1738723755743 165.73420391984564 419
1738723755779 181.03301633012148 420
1738723755815 163.02501501357997 421
1738723755850 169.2055345914977 422
1738723755886 182.09699982537376 423
1738723755922 163.5726212248518 424
1738723755958 187.03663715934204 425
1738723755994 188.4965359452472 426
1738723756029 189.7466633569084 427
1738723756065 159.50432772357806 428
1738723756101 162.8659962185 429
1738723756137 189.62277261147813 430
1738723756172 156.06837815276933 431
1738723756208 169.60677942360834 432
1738723756244 150.47582735807742 433
1738723756280 179.09307850751682 434
1738723756316 177.5666205489545 435
1738723756351 150.52337888080348 436
1738723756387 140.94744851118227 437
1738723756423 166.71354139363453 438
1738723756459 168.79788740285304 439
1738723756495 139.9689967683625 440
1738723756531 156.7611665532178 441
1738723756566 173.10808830541407 442
1738723756602 134.43448126088674 443
1738723756638 160.35485984010649 444
1738723756674 172.1094388962428 445
1738723756709 164.92719519007858 446
1738723756745 127.63772561573978 447
1738723756781 175.43756593049594 448
1738723756817 159.32742070451152 449
1738723756853 133.92946526784436 450
1738723756889 162.30747631548897 451
1738723756925 151.1214421567569 452
1738723756960 157.952580527757 453
1738723756996 174.6514445282692 454
1738723757032 149.65756055167674 455
1738723757068 186.5228277364657 456
1738723757104 146.30258901990936 457
1738723757140 141.3683942719192 458
1738723757176 180.38941665835856 459
1738723757212 173.3180164635135 460
1738723757248 185.1242456482935 461
1738723757286 173.05238240420434 462
1738723757323 208.0963941178539 463
1738723757360 159.4702234561173 464
1738723757397 155.24070434719783 465
1738723757434 126.15719450153439 466
1738723757471 162.0456183939216 467
1738723757508 179.0847273249979 468
1738723757545 201.4508041312132 469
1738723757582 168.9153179602473 470
1738723757619 169.72080152573744 471
1738723757655 178.93323899052925 472
1738723757692 145.86154703536303 473
1738723757729 152.80189114096132 474
1738723757766 206.47496914905096 475
1738723757802 202.8650053568701 476
1738723757839 155.9565549073159 477
1738723757875 172.0389599791847 478
1738723757912 178.422676182398 479
1738723757948 168.08204366035423 480
1738723757985 173.10148066413245 481
1738723758021 177.13473215392497 482
1738723758058 163.86105167226702 483
1738723758095 166.05284644120403 484
1738723758131 159.7252839916582 485
1738723758168 189.12123398770848 486
1738723758205 170.54217997972182 487
1738723758241 152.3543222057446 488
1738723758278 152.9076462195947 489
1738723758315 193.74969993083465 490
1738723758351 167.22192267431262 491
1738723758387 156.92132834373794 492
1738723758423 192.30861046637924 493
1738723758459 161.173838386128 494
1738723758495 196.46273342270004 495
1738723758536 164.59037348848778 496
1738723758572 151.15534156950415 497
1738723758608 148.80023259320708 498
1738723758644 151.015354361437 499
