1738722566620 133.48181033550483 0
1738722566656 169.78789425570406 1
1738722566691 160.72109701747192 2
1738722566729 155.76953338360252 3
1738722566765 163.00705091229872 4
1738722566801 165.47771023653078 5
1738722566836 108.94306574048947 6
1738722566872 156.0143159415685 7
1738722566908 198.32457655614883 8
1738722566944 170.6650188021976 9
1738722566979 175.47474225081908 10
1738722567014 166.8600655530863 11
1738722567050 166.41412123974183 12
1738722567085 162.63458603968357 13
1738722567121 176.09319187479397 14
1738722567156 174.05410914918272 15
1738722567192 173.31540225214115 16
1738722567227 175.11974850150543 17
1738722567263 148.19991105097594 18
1738722567298 138.704517344229 19
1738722567334 161.17518626946907 20
1738722567370 178.2968897293909 21
1738722567406 165.84246626931989 22
1738722567441 148.44859765359143 23
1738722567477 175.08418705109452 24
1738722567513 180.22415231952752 25
1738722567548 141.64172724982274 26
1738722567584 231.3678757025589 27
1738722567619 162.66050513185607 28
1738722567654 150.08997503818557 29
1738722567689 204.99756029629575 30
1738722567723 159.5539859613386 31
1738722567759 170.02553211817525 32
1738722567796 186.9549134503771 33
1738722567831 168.30057467056008 34
1738722567866 158.57179748850115 35
1738722567901 185.57640586849314 36
1738722567953 179.13082109727287 37
1738722567992 157.32818016957822 38
1738722568027 161.49588238119549 39
1738722568063 155.30283718568984 40
1738722568099 204.21374103691636 41
1738722568135 178.43543737911048 42
1738722568171 183.02599973594926 43
1738722568206 170.55876400535973 44
1738722568241 163.03222411062083 45
1738722568276 183.507679154483 46
1738722568311 205.86220446337927 47
1738722568346 180.6060542865531 48
1738722568381 193.46608317684044 49
1738722568416 164.29941311547364 50
1738722568451 174.36192769674523 51
1738722568486 189.092041522548 52
1738722568521 186.67463656536523 53
1738722568556 197.94650628743855 54
1738722568591 168.1998569248886 55
1738722568627 174.68144267870088 56
1738722568661 187.39839058698897 57
1738722568696 176.12997084038028 58
1738722568731 130.55902372715272 59
1738722568766 151.28903924098202 60
1738722568801 177.2962180691102 61
1738722568836 166.2892823981163 62
1738722568870 167.81575132743916 63
1738722568905 157.8609413334138 64
1738722568940 154.74381706988896 65
1738722568975 174.72488051658277 66
1738722569010 134.23799708274484 67
1738722569045 168.7128903484464 68
1738722569080 161.44230001177766 69
1738722569114 156.49061622927854 70
1738722569149 179.7557244362631 71
1738722569184 171.20502582490747 72
1738722569219 171.60776245539364 73
1738722569253 117.9992357048595 74
1738722569288 161.37313235342046 75
1738722569323 179.48374216230008 76
1738722569358 165.0100800855223 77
1738722569392 155.74218099259215 78
1738722569427 177.47821910266788 79
1738722569462 180.78600395414128 80
1738722569498 188.27696915575277 81
1738722569533 214.0382534384385 82
1738722569569 169.5456212135175 83
1738722569604 162.6409941101343 84
1738722569638 192.99197260996309 85
1738722569673 171.66321472463693 86
1738722569709 153.02158631789555 87
1738722569743 156.3371996104948 88
1738722569778 157.0324174079738 89
1738722569813 168.5407727328467 90
1738722569847 155.46147393648417 91
1738722569882 158.79729897668878 92
1738722569916 186.399883359023 93
1738722569951 112.82749327885035 94
1738722569985 173.8438463922622 95
1738722570019 167.9240193068701 96
1738722570054 185.18519183931113 97
1738722570088 168.54570503386856 98
1738722570123 163.07635306541985 99
1738722570157 186.11399590875234 100
1738722570191 171.73200743888387 101
1738722570226 153.5511613850144 102
1738722570260 142.89424192720662 103
1738722570295 188.13012271031116 104
1738722570329 202.35812677089595 105
1738722570364 174.98048887020454 106
1738722570398 162.7375777164042 107
1738722570433 148.311049027372 108
1738722570467 203.82814112551586 109
1738722570502 198.0921273935838 110
1738722570536 168.94448289877664 111
1738722570570 153.87792483344504 112
1738722570605 173.07233985168006 113
1738722570639 179.60857301509859 114
1738722570673 154.26006535012692 115
1738722570708 197.6304678057799 116
1738722570742 181.43684520590503 117
1738722570777 175.3846599187365 118
1738722570811 175.49108484579273 119
1738722570845 163.85214390952197 120
1738722570880 156.66511572256303 121
1738722570914 159.3690864936876 122
1738722570949 196.84431938399308 123
1738722570983 186.6611190642311 124
1738722571018 142.4210069134203 125
1738722571052 177.29127258084858 126
1738722571087 151.26345930171672 127
1738722571121 157.69494038605436 128
1738722571156 161.91813297967914 129
1738722571191 153.09945527941366 130
1738722571226 164.37563059494406 131
1738722571261 197.6706570933113 132
1738722571296 176.7622954550633 133
1738722571331 167.82967577936304 134
1738722571365 168.18976201793194 135
1738722571400 165.6480185156312 136
1738722571435 175.11786948507066 137
1738722571469 156.9704906788855 138
1738722571504 192.69199803474973 139
1738722571538 158.9437838609843 140
1738722571573 188.4798265779524 141
1738722571608 131.22712638225448 142
1738722571642 148.67372234666746 143
1738722571677 159.69710855747854 144
1738722571711 159.25717677081073 145
1738722571746 165.5634093722071 146
1738722571780 174.0609090774375 147
1738722571815 156.4855893250673 148
1738722571849 176.21144196181953 149
1738722571884 160.03003925205618 150
1738722571918 177.40396760022094 151
1738722571953 188.0489287137453 152
1738722571987 153.34397625535684 153
1738722572021 177.18904089494754 154
1738722572056 172.07429271277883 155
1738722572090 170.24811091379854 156
1738722572126 151.58361271805614 157
1738722572162 177.12347115362883 158
1738722572197 174.91949049932222 159
1738722572233 162.57211051225397 160
1738722572268 163.4140108884216 161
1738722572304 163.2150777023161 162
1738722572339 162.80681502755604 163
1738722572374 163.97244953393025 164
1738722572409 165.2526222136387 165
1738722572444 152.40699026293507 166
1738722572479 166.7953710744802 167
1738722572513 193.12420345442698 168
1738722572548 162.96756985486178 169
1738722572583 163.9607566180467 170
1738722572618 214.3220644374639 171
1738722572652 133.93480147530084 172
1738722572687 175.45529917811626 173
1738722572722 105.28513229183555 174
1738722572757 175.00398173895135 175
1738722572791 160.48060325725203 176
1738722572826 173.13218924056176 177
1738722572861 161.92585532628686 178
1738722572895 171.12490300014937 179
1738722572930 169.56938415389325 180
1738722572965 158.6986070318082 181
1738722572999 166.3649760742354 182
1738722573034 170.317566056529 183
1738722573069 144.24981238743445 184
1738722573104 165.9747807030193 185
1738722573138 153.49860394500783 186
1738722573172 173.97386955164149 187
1738722573207 152.22321603629706 188
1738722573241 175.4592893315089 189
1738722573276 163.92064264531479 190
1738722573310 161.51552581604992 191
1738722573345 134.4533796023924 192
1738722573379 152.95484427869675 193
1738722573414 161.81991564322476 194
1738722573448 174.47664922586628 195
1738722573482 191.19491388071563 196
1738722573517 167.42080067270106 197
1738722573551 137.98791632371882 198
1738722573585 158.5932851259271 199
1738722573620 137.89262734318748 200
1738722573655 160.59837587119054 201
1738722573689 154.0676401448977 202
1738722573723 180.28585005062268 203
1738722573758 153.2878553115254 204
1738722573792 167.97256876789405 205
1738722573827 173.49692293461513 206
1738722573861 180.98284145186653 207
1738722573896 145.77174662535134 208
1738722573930 169.1024486504088 209
1738722573964 211.8057481576543 210
1738722573998 156.23466114585955 211
1738722574033 161.83308853296947 212
1738722574067 162.79617387519124 213
1738722574101 171.81156175056896 214
1738722574136 187.17712162510753 215
1738722574170 161.44970895490303 216
1738722574204 164.42793995325164 217
1738722574239 148.96614016963576 218
1738722574273 189.1580763712348 219
1738722574308 176.83306325120404 220
1738722574344 152.86332757521393 221
1738722574379 184.59769998450662 222
1738722574413 169.7581463782975 223
1738722574448 142.5043734625475 224
1738722574483 190.36183439620316 225
1738722574518 191.42252146044638 226
1738722574552 184.6314824253221 227
1738722574587 162.53814838664633 228
1738722574622 140.53485355754904 229
1738722574658 181.01859407639293 230
1738722574694 169.80262244869868 231
1738722574729 164.72764959984653 232
1738722574765 174.24848354893197 233
1738722574800 171.1863373833535 234
1738722574836 172.7601424051134 235
1738722574871 175.1272459866254 236
1738722574906 173.45355882999567 237
1738722574941 144.0152418593617 238
1738722574976 184.43088942925826 239
1738722575011 192.44247701692183 240
1738722575047 164.30997705383854 241
1738722575082 178.92990026903172 242
1738722575117 161.97462950710303 243
1738722575152 172.97550824236194 244
1738722575187 163.79324335242688 245
1738722575222 173.4138263688128 246
1738722575257 189.3432494554807 247
1738722575292 157.26695708879916 248
1738722575327 169.394545700845 249
1738722575362 185.0848346288739 250
1738722575398 171.04046567798565 251
1738722575433 168.97531200250108 252
1738722575467 179.85635383154937 253
1738722575502 142.563751140947 254
1738722575537 169.67913561441432 255
1738722575572 194.06637676509766 256
1738722575606 208.04999781978788 257
1738722575641 175.0763229568723 258
1738722575676 172.72388308168414 259
1738722575710 158.43972588203948 260
1738722575745 168.10511123216142 261
1738722575780 159.37979477712517 262
1738722575814 162.80249551834902 263
1738722575850 167.7877781427326 264
1738722575888 204.20162594078545 265
1738722575924 183.82111899815723 266
1738722575960 154.45052081396085 267
1738722575995 189.10535979871185 268
1738722576030 193.82386489945512 269
1738722576065 221.95336941906493 270
1738722576100 165.40880445359306 271
1738722576136 184.18104379619697 272
1738722576171 181.8935713047814 273
1738722576207 152.60812728170671 274
1738722576242 144.5417125386116 275
1738722576277 139.75489530500877 276
1738722576313 170.15981099244462 277
1738722576349 184.7272592868466 278
1738722576385 177.47680164045596 279
1738722576421 166.8960314364402 280
1738722576457 165.2606588434416 281
1738722576492 167.73932200034074 282
1738722576527 184.8741886932224 283
1738722576562 157.1124877163208 284
1738722576598 188.8333001927416 285
1738722576633 185.22354936149682 286
1738722576669 149.2576354719326 287
1738722576704 155.8716791498644 288
1738722576739 162.57780557151332 289
1738722576774 167.21077481738172 290
1738722576809 150.86712217106836 291
1738722576844 140.62369209007346 292
1738722576879 183.24712609739365 293
1738722576914 188.5304443699395 294
1738722576949 190.35950463267113 295
1738722576984 160.70066539616042 296
1738722577019 148.73494734746765 297
1738722577054 175.97754594677596 298
1738722577089 179.67846509792287 299
1738722577124 186.6847239215221 300
1738722577160 133.84537108721588 301
1738722577195 156.73192987982483 302
1738722577230 145.38310986087285 303
1738722577265 177.62595382319952 304
1738722577300 169.1076595665165 305
1738722577335 163.01964504143737 306
1738722577370 153.8070767319934 307
1738722577404 180.52962328399002 308
1738722577439 175.79336288129016 309
1738722577475 153.96870344921697 310
1738722577510 150.5417485053737 311
1738722577546 165.2303049654117 312
1738722577580 179.63908370130542 313
1738722577615 162.2559632352223 314
