1738722533038 170.0180177962461 0
1738722533040 171.21761043640242 1
1738722533042 165.91517431764427 2
1738722533044 167.86832126576445 3
1738722533046 162.22343785317534 4
1738722533048 168.97011071403423 5
1738722533050 166.0747357729686 6
1738722533052 166.31340443190777 7
1738722533054 169.746872000506 8
1738722533056 166.1823011514572 9
1738722533059 175.58899283459493 10
1738722533061 170.1565228027545 11
1738722533063 170.04334892284757 12
1738722533064 172.26405071631842 13
1738722533067 166.81184588866336 14
1738722533069 168.77788651020148 15
1738722533071 174.47394209082333 16
1738722533073 170.63789065328726 17
1738722533074 165.6228867260132 18
1738722533076 170.20066294118405 19
1738722533078 169.35893472045538 20
1738722533080 172.61666959748393 21
1738722533082 166.85813387186153 22
1738722533084 169.63854069890655 23
1738722533086 166.86148085697812 24
1738722533088 169.02014253352462 25
1738722533090 168.38093854367568 26
1738722533092 167.98518191095638 27
1738722533094 166.5729612125411 28
1738722533096 166.7061659596586 29
1738722533098 167.77481145718434 30
1738722533100 167.9629269043359 31
1738722533101 171.2597218878809 32
1738722533103 169.42802508730273 33
1738722533105 170.64907419566998 34
1738722533107 171.50628138377064 35
1738722533109 167.3831142374919 36
1738722533111 168.24405284589523 37
1738722533113 169.81171500757944 38
1738722533115 167.73590098777626 39
1738722533117 169.92120585316198 40
1738722533119 171.0502355983693 41
1738722533121 166.40623735822945 42
1738722533123 173.19045745090006 43
1738722533125 168.16028421855128 44
1738722533127 164.52995043701884 45
1738722533129 168.81590192718141 46
1738722533132 171.8926773716095 47
1738722533134 167.96270052049223 48
1738722533136 168.2685011439572 49
1738722533138 172.364045803434 50
1738722533140 163.09359790787082 51
1738722533142 169.07602946927855 52
1738722533144 170.26245069915154 53
1738722533146 167.41896101086002 54
1738722533148 169.97167380635352 55
1738722533150 167.55418661023023 56
1738722533152 167.79613479822677 57
1738722533155 169.19693339282279 58
1738722533157 170.86231227147874 59
1738722533159 167.32516112152817 60
1738722533161 170.88364260259394 61
1738722533163 169.39875198145953 62
1738722533164 167.72243358922967 63
1738722533166 168.38281377395697 64
1738722533168 169.13602156871664 65
1738722533170 166.0031271630534 66
1738722533172 168.8541840274218 67
1738722533174 170.75620426825364 68
1738722533176 171.29685232542934 69
1738722533178 169.6957512317365 70
1738722533180 168.97261287958509 71
1738722533182 171.01122701352872 72
1738722533184 168.1577095722052 73
1738722533186 169.9464457691 74
1738722533188 168.46920934447056 75
1738722533190 167.5957621801482 76
1738722533192 169.33316585469058 77
1738722533194 166.97074725675407 78
1738722533196 169.88003543539068 79
1738722533198 166.47604147526616 80
1738722533200 169.44014038031654 81
1738722533202 167.5089139536115 82
1738722533204 171.7956073041091 83
1738722533206 167.3325990869885 84
1738722533208 167.04221385166633 85
1738722533210 166.12057172881825 86
1738722533212 171.9476453289538 87
1738722533214 171.08639551431656 88
1738722533216 170.11764599433528 89
1738722533218 169.05265276887178 90
