1738724599385 207.2505044800034 0
1738724599417 171.0906360450471 1
1738724599449 155.22622695239272 2
1738724599480 196.9092937578801 3
1738724599512 211.12212025767846 4
1738724599544 172.1118670821989 5
1738724599577 160.20192280620967 6
1738724599609 170.20201757313288 7
1738724599641 189.9803294723198 8
1738724599673 152.35271071782503 9
1738724599705 139.91259338744035 10
1738724599737 157.13033346648885 11
1738724599768 187.68635310753248 12
1738724599800 183.07213473889743 13
1738724599832 173.66497336094704 14
1738724599864 101.8269139235921 15
1738724599896 114.36005718935976 16
1738724599927 156.7860896629535 17
1738724599959 157.20137875008945 18
1738724599991 240.41705700249432 19
1738724600023 209.1495328295083 20
1738724600054 171.46663668033872 21
1738724600086 141.77192843829448 22
1738724600118 237.76811192367808 23
1738724600150 159.15527146716857 24
1738724600181 183.67605836490353 25
1738724600213 171.7584548875142 26
1738724600245 166.51263442667536 27
1738724600277 181.48616837203025 28
1738724600308 152.01346129805606 29
1738724600340 165.88277471107182 30
1738724600371 210.48055132133075 31
1738724600403 144.63013983190882 32
1738724600434 179.19402550972728 33
1738724600466 157.75811293730803 34
1738724600498 189.30298979908713 35
1738724600531 166.09381205463652 36
1738724600563 160.04790091828875 37
1738724600595 159.8202217638323 38
1738724600626 148.82814855241 39
1738724600658 162.1847753889445 40
1738724600690 171.95280135976557 41
1738724600721 196.4993635628832 42
1738724600753 173.96959354616752 43
1738724600785 160.74802659938575 44
1738724600817 136.80637938473018 45
1738724600849 151.20959099616604 46
1738724600880 137.30225646430608 47
1738724600912 179.66837859408176 48
1738724600943 168.9624911501839 49
1738724600975 156.8458508322006 50
1738724601006 193.60032478511621 51
1738724601038 170.5645291260049 52
1738724601070 160.42534488226693 53
1738724601101 168.2168056990718 54
1738724601133 156.36784862883488 55
1738724601165 168.2196756201331 56
1738724601196 176.95960850533396 57
1738724601228 179.67668792432542 58
1738724601260 173.7664382964697 59
1738724601291 191.0003575633196 60
1738724601323 151.7318585706993 61
1738724601355 165.58224272381898 62
1738724601387 166.28327599637257 63
1738724601418 171.80995363242712 64
1738724601450 178.23699591326326 65
1738724601482 166.52955404832045 66
1738724601513 163.2787719679631 67
1738724601545 165.72956632872314 68
1738724601576 165.9377866831112 69
1738724601608 178.32118953223872 70
1738724601639 144.77821369365364 71
1738724601671 180.28901868383807 72
1738724601703 161.82845315992256 73
1738724601734 193.9182562895919 74
1738724601765 148.3159759956169 75
1738724601797 163.4085179481414 76
1738724601828 160.22333572142819 77
1738724601860 181.00856673290704 78
1738724601891 131.53867116753594 79
1738724601923 170.80058882435995 80
1738724601954 166.6610383041505 81
1738724601985 206.62626591858125 82
1738724602017 162.14822066058073 83
1738724602048 147.30696239472368 84
1738724602079 162.6829554527864 85
1738724602111 187.58048825091353 86
1738724602142 177.19120177936938 87
1738724602173 185.74662629331752 88
1738724602205 192.5563161207173 89
1738724602236 207.27610341946328 90
1738724602267 165.81111060511284 91
1738724602299 153.47564529528762 92
1738724602340 153.51584351997212 93
1738724602374 157.36760725617484 94
1738724602407 145.13668694961274 95
1738724602441 176.43194923351737 96
1738724602474 162.8823490550495 97
1738724602506 172.26203204434321 98
1738724602546 178.5021875823333 99
1738724602590 159.22284777128434 100
1738724602627 188.54335315227806 101
1738724602660 161.17797524110767 102
1738724602694 156.45086713698586 103
1738724602727 179.43983737319726 104
1738724602760 175.75308099865757 105
1738724602792 173.96480850622555 106
1738724602825 188.22734739469325 107
1738724602859 152.01507473825785 108
1738724602891 181.54764217333098 109
1738724602923 169.46024620331943 110
1738724602956 148.17598751959903 111
1738724602988 169.17195617241154 112
1738724603020 156.44275636939165 113
1738724603052 138.27818082436647 114
1738724603084 171.47365426608982 115
1738724603116 181.2360964236721 116
1738724603148 134.82237223217308 117
1738724603180 161.5099910988657 118
1738724603212 149.8277085602481 119
1738724603244 178.0016269040158 120
1738724603276 176.70746415067498 121
1738724603308 162.52670420361798 122
1738724603340 183.49772260740042 123
1738724603371 162.4477529780615 124
1738724603403 192.97591304058184 125
1738724603435 162.3350501513758 126
1738724603467 138.08980740412034 127
1738724603499 183.42894809226044 128
1738724603530 211.212249349064 129
1738724603562 170.11758481020627 130
1738724603594 181.80944583664458 131
1738724603625 181.0740817210673 132
1738724603657 182.52246726098923 133
1738724603689 205.6637517687015 134
1738724603721 176.28934285391824 135
1738724603753 180.8876042314811 136
1738724603784 161.92691519771563 137
1738724603816 163.3047366327326 138
1738724603848 171.2000887257428 139
1738724603879 142.01567851942139 140
1738724603911 168.34688448539453 141
1738724603943 161.22976164522217 142
1738724603974 191.92077936200857 143
1738724604006 154.72816308617692 144
1738724604037 163.62892731372895 145
1738724604069 154.78830434727442 146
1738724604101 160.49087803321757 147
1738724604133 152.26007085539663 148
1738724604164 180.0479457514029 149
1738724604196 189.35629775321692 150
1738724604227 163.5937391241476 151
1738724604259 175.9306506825022 152
1738724604290 176.80072966810977 153
1738724604322 164.5254644839071 154
1738724604353 207.9643352343582 155
1738724604385 163.33728717065907 156
1738724604416 167.01177502756195 157
1738724604448 208.61377572102305 158
1738724604479 169.19131081572138 159
1738724604511 164.1085502713115 160
1738724604542 176.07749795406858 161
1738724604574 143.6858304436642 162
1738724604605 176.72067157241577 163
1738724604637 164.5846441607801 164
1738724604668 166.75583430173037 165
1738724604700 165.24465242742457 166
1738724604731 160.27615774912778 167
1738724604762 194.97263159577713 168
1738724604794 216.99697281807335 169
1738724604825 153.045985882061 170
1738724604856 158.75187916250033 171
1738724604888 184.1056702329951 172
1738724604920 165.1926835885133 173
1738724604951 178.35518173256526 174
1738724604982 166.12950177987543 175
1738724605014 142.46433129234342 176
1738724605046 173.42913193943247 177
1738724605077 167.22091413801542 178
1738724605108 177.28882974129556 179
1738724605139 182.186531376636 180
1738724605171 176.26314824332326 181
1738724605202 178.86025538884778 182
1738724605233 149.93094085778867 183
1738724605264 168.75483128508202 184
1738724605295 158.26304847330292 185
1738724605326 151.3610464243251 186
1738724605357 193.54710787533986 187
1738724605389 176.0638423166447 188
1738724605420 169.5859614184428 189
1738724605451 193.40369358219132 190
1738724605482 158.0200072340966 191
1738724605513 177.30410656510503 192
1738724605544 158.4845408778573 193
1738724605575 180.8622257992078 194
1738724605606 178.01218090033976 195
1738724605638 162.45371302874685 196
1738724605669 166.10019445196673 197
1738724605700 164.71798512795024 198
1738724605731 186.22175245780772 199
1738724605762 152.12711056349468 200
1738724605793 177.60974021215208 201
1738724605824 208.42759027507233 202
1738724605855 171.59874768248287 203
1738724605886 183.9147898483876 204
1738724605917 178.85730723513487 205
1738724605948 153.6620879182592 206
1738724605979 144.07715064622946 207
1738724606011 164.38270601431003 208
1738724606041 198.42810028300588 209
1738724606073 148.12816874315595 210
1738724606104 141.6393130368016 211
1738724606135 182.17815691990126 212
1738724606166 192.0674511942838 213
1738724606197 155.75930283797481 214
1738724606228 167.7903747468212 215
1738724606259 190.9493436570621 216
1738724606290 164.44943250737435 217
1738724606321 189.41278171745157 218
1738724606352 141.28476046120045 219
1738724606383 154.57235962170623 220
1738724606414 164.63386522878864 221
1738724606445 187.63055436703098 222
1738724606476 195.68314076896806 223
1738724606507 195.71376247537654 224
1738724606538 143.78710953362162 225
1738724606570 165.20237936052922 226
1738724606602 164.35874665964033 227
1738724606634 154.19455188886081 228
1738724606666 177.0433915214154 229
1738724606698 150.72240191870688 230
1738724606730 194.65023834960078 231
1738724606762 199.67281712489492 232
1738724606793 170.3098102663297 233
1738724606825 182.516853508804 234
1738724606857 175.53237313402718 235
1738724606888 161.46937899107294 236
1738724606920 178.6043291502681 237
1738724606952 168.66473708982022 238
1738724606984 184.67092801826044 239
1738724607015 183.08464267091514 240
1738724607047 197.79886499571495 241
1738724607078 152.30460570948551 242
1738724607110 149.00799376045256 243
1738724607142 205.4794569065502 244
1738724607173 183.18030500953526 245
1738724607205 177.17225401381137 246
1738724607236 169.2404704306235 247
1738724607267 202.2504697471707 248
1738724607299 179.01945438744414 249
1738724607330 148.8368771179857 250
1738724607362 204.3015855729812 251
1738724607393 186.37398906773086 252
1738724607425 172.3095602097668 253
1738724607456 187.42505833271724 254
1738724607487 177.4132918619661 255
1738724607519 182.49433494323137 256
1738724607550 184.13634677672243 257
1738724607582 176.24127050651404 258
1738724607614 149.98984615208397 259
1738724607645 147.78749380491408 260
1738724607676 174.79495098471614 261
1738724607708 145.11425824523133 262
1738724607739 134.42447835917739 263
1738724607770 130.61632554801457 264
1738724607801 175.46393567524134 265
1738724607833 171.4555272306956 266
1738724607864 161.48887032302545 267
1738724607895 163.25406189865691 268
1738724607927 162.05049165773988 269
1738724607958 181.15784738401968 270
1738724607989 197.75990086400904 271
1738724608021 197.88593222981513 272
1738724608052 150.40961791621797 273
1738724608084 162.03047757465984 274
1738724608116 182.41808374427018 275
1738724608148 184.54087338739535 276
1738724608180 151.7671616505578 277
1738724608212 167.7000313889365 278
1738724608244 175.88882903684717 279
1738724608276 171.93266803445766 280
1738724608308 167.3251321890461 281
1738724608340 140.96335527576105 282
1738724608372 142.60822441793408 283
1738724608404 186.4151950394562 284
1738724608435 173.59915523618676 285
1738724608467 196.3153701811647 286
1738724608499 185.06740269152868 287
1738724608531 183.17458280241274 288
1738724608563 168.19550673966745 289
1738724608595 202.77819309239806 290
1738724608627 181.78807197598456 291
1738724608658 131.6426430428869 292
1738724608690 159.58084060184186 293
1738724608722 174.67212793520298 294
1738724608753 202.62184108179218 295
1738724608785 171.27504600866902 296
1738724608817 171.65072866242042 297
1738724608849 204.42914051304086 298
1738724608880 178.78001567685675 299
1738724608912 158.07085418364613 300
1738724608943 151.09333052575207 301
1738724608975 196.53586743046188 302
1738724609007 108.83619866757456 303
1738724609039 134.03882033486454 304
1738724609071 217.213908447928 305
1738724609103 154.8861063024851 306
1738724609134 194.28706760827706 307
1738724609166 146.6405292115592 308
1738724609197 181.11090062988578 309
1738724609229 157.0004609631638 310
1738724609261 170.6788967029936 311
1738724609292 136.80838370815226 312
1738724609324 197.60856884210756 313
1738724609356 172.64898211547555 314
1738724609387 153.84243968839615 315
1738724609419 160.09473820502876 316
1738724609450 171.99147489223733 317
1738724609482 182.8336948831924 318
1738724609513 175.0951388489891 319
1738724609545 169.74395967192368 320
1738724609576 142.3802604722684 321
1738724609608 131.29563617621776 322
1738724609639 177.79949593035548 323
1738724609671 161.3540756671651 324
1738724609702 182.44704767648128 325
1738724609734 170.68206924967308 326
1738724609765 189.76297414670432 327
1738724609797 182.7467111428434 328
1738724609829 164.7699383923212 329
1738724609860 162.41705653566004 330
1738724609892 148.5350596830381 331
1738724609923 206.83599394163372 332
1738724609955 168.26087678725423 333
1738724609986 168.97521098695393 334
1738724610018 156.89923536680237 335
1738724610049 186.3841200528564 336
1738724610081 149.66110212779975 337
1738724610112 152.9152541966748 338
1738724610144 175.64699147408024 339
1738724610175 177.8657140333893 340
1738724610207 162.64485078531854 341
1738724610238 188.33049585506774 342
1738724610269 160.0448726967929 343
1738724610301 175.95359552350035 344
1738724610332 150.52785831829942 345
1738724610364 183.32869532214943 346
1738724610397 168.2709015001382 347
1738724610429 165.40039802549538 348
1738724610462 188.59668425003647 349
1738724610494 164.29689235549063 350
1738724610525 155.38834275764273 351
1738724610557 159.10384099576376 352
1738724610589 152.5740700431988 353
1738724610621 162.54626347477497 354
1738724610652 160.7915887499615 355
1738724610684 147.6578406337379 356
1738724610716 184.0362700823049 357
1738724610747 178.31564766415607 358
1738724610779 166.8930122982832 359
1738724610811 168.8693425301902 360
1738724610842 168.97169910167807 361
1738724610874 192.32478426405171 362
1738724610906 196.89429191341887 363
1738724610937 156.9783848152898 364
1738724610969 172.98813730079263 365
1738724611001 194.42577295287887 366
1738724611032 163.78191769595023 367
1738724611065 182.27055639705222 368
1738724611096 216.61931702221727 369
1738724611128 157.5867896429415 370
1738724611159 125.04598430701404 371
1738724611191 164.50667531566918 372
1738724611222 160.57441869693767 373
1738724611254 169.84237234286786 374
1738724611285 167.57971778951236 375
1738724611317 169.24853585713916 376
1738724611348 172.5893095940533 377
1738724611380 191.34523333892486 378
1738724611411 191.72129510406097 379
1738724611443 167.4592615444746 380
1738724611474 155.13466800240982 381
1738724611505 193.34979063522582 382
1738724611537 147.4294121097863 383
1738724611568 161.3105535626783 384
1738724611599 174.37456528951682 385
1738724611631 152.69159951204506 386
1738724611662 177.46403600940596 387
1738724611694 159.10451008210123 388
1738724611725 167.07539247683977 389
1738724611757 255.4318608361632 390
1738724611788 161.43035982928828 391
1738724611820 149.32312944081875 392
1738724611851 157.4221477390406 393
1738724611882 164.31139310451405 394
1738724611914 217.9512668373548 395
1738724611945 160.07770315701939 396
1738724611976 182.40815857058547 397
1738724612008 177.72851041056134 398
1738724612039 152.5387613023876 399
1738724612070 194.8566518588113 400
1738724612101 165.19509225603045 401
1738724612133 177.7295009703805 402
1738724612164 162.32736401651303 403
1738724612196 165.97158320001125 404
1738724612227 143.24282908244885 405
1738724612258 176.7494798499696 406
1738724612289 182.6372356768701 407
1738724612321 169.3613806827395 408
1738724612352 138.26594004476843 409
1738724612384 187.33856355803624 410
1738724612415 164.53913017132993 411
1738724612446 142.6142976777362 412
1738724612478 147.0166985136349 413
1738724612509 175.8025839759236 414
1738724612541 221.81735618291444 415
1738724612572 196.1445267151568 416
1738724612603 200.8170544247404 417
1738724612635 181.23764951443331 418
1738724612666 190.581705965425 419
1738724612697 162.0587946591785 420
1738724612729 220.4605915329593 421
1738724612760 168.50826798279186 422
1738724612791 191.09590909170586 423
1738724612823 157.0313630034637 424
1738724612854 218.11736503687285 425
1738724612885 159.22313985398057 426
1738724612916 169.74136137076283 427
1738724612947 171.11798507503275 428
1738724612978 182.24733930775884 429
1738724613010 180.72707767317308 430
1738724613041 145.60492035355352 431
1738724613072 183.4945093090831 432
1738724613104 160.35120148254643 433
1738724613136 170.90469402902409 434
1738724613167 174.27922270371948 435
1738724613198 170.19235933885363 436
1738724613229 159.02155910379594 437
1738724613260 154.34577592855268 438
1738724613291 148.95939597965491 439
1738724613323 201.30374741112473 440
1738724613354 144.41469244475965 441
1738724613385 161.4008676312856 442
1738724613416 155.35957926762197 443
1738724613448 177.87153258404925 444
