1738726276189 169.52898757659943 0
1738726276192 169.52343855251576 1
1738726276195 169.52028168861685 2
1738726276198 169.5171046811748 3
1738726276201 169.5139415339424 4
1738726276204 169.51079164298352 5
1738726276207 169.50765495976077 6
1738726276210 169.50453142657247 7
1738726276213 169.50142098613952 8
1738726276216 169.4983235814336 9
1738726276219 169.4952391556794 10
1738726276222 169.49216765235334 11
1738726276225 169.48910901518255 12
1738726276228 169.4860631881435 13
1738726276231 169.48303011546125 14
1738726276234 169.480009741608 15
1738726276237 169.4770020113022 16
1738726276240 169.47400686950738 17
1738726276243 169.471024261431 18
1738726276247 169.4680541325234 19
1738726276250 169.4650964284768 20
1738726276254 169.46215109522413 21
1738726276257 169.45921807893785 22
1738726276259 169.4562973260291 23
1738726276262 169.45338878314655 24
1738726276265 169.45049239717525 25
1738726276268 169.44760811523568 26
1738726276271 169.44473588468261 27
1738726276274 169.44187565310412 28
1738726276277 169.4390273683206 29
1738726276280 169.4361909783836 30
1738726276283 169.4333664315747 31
1738726276286 169.43055367640497 32
1738726276289 169.42775266161323 33
1738726276292 169.42496333616563 34
1738726276295 169.42218564925437 35
1738726276298 169.4194195502967 36
1738726276301 169.41666498893386 37
1738726276304 169.41392191503036 38
1738726276307 169.41119027867254 39
1738726276310 169.40847003016808 40
1738726276313 169.40576112004453 41
1738726276316 169.40306349904856 42
1738726276319 169.4003771181452 43
1738726276322 169.3977019285164 44
1738726276325 169.39503788156037 45
1738726276328 169.39238492889052 46
1738726276331 169.38974302233453 47
1738726276333 169.38711211393343 48
1738726276336 169.3844921559405 49
1738726276339 169.38188310082052 50
1738726276342 169.37928490124858 51
1738726276345 169.3766975101094 52
1738726276348 169.3741208804963 53
1738726276351 169.37155496571012 54
1738726276354 169.37025261586842 55
1738726276357 169.36654607789256 56
1738726276360 169.36528601739846 57
1738726276363 169.36160512515053 58
1738726276366 169.3603590690551 59
1738726276369 169.35794180435965 60
1738726276372 169.35556259514365 61
1738726276375 169.35319221367206 62
1738726276378 169.3508312721746 63
1738726276381 169.34847971721877 64
1738726276384 169.3461375097228 65
1738726276387 169.34380461047937 66
1738726276390 169.34148098045745 67
1738726276393 169.33916658079522 68
1738726276396 169.3368613727994 69
1738726276399 169.33456531794468 70
1738726276402 169.33227837787277 71
1738726276406 169.33000051439183 72
1738726276409 169.32773168947557 73
1738726276412 169.3254718652626 74
1738726276415 169.32322100405585 75
1738726276418 169.32097906832158 76
1738726276421 169.31874602068874 77
1738726276424 169.31652182394836 78
1738726276427 169.31430644105276 79
1738726276430 169.31209983511485 80
1738726276433 169.30990196940735 81
1738726276436 169.30771280736212 82
1738726276438 169.30553231256965 83
1738726276441 169.30336044877805 84
1738726276444 169.30119717989243 85
1738726276447 169.29904246997444 86
1738726276450 169.2968962832413 87
1738726276453 169.2947585840652 88
1738726276456 169.2926293369727 89
1738726276459 169.29050850664393 90
1738726276462 169.28839605791205 91
1738726276465 169.28629195576238 92
1738726276467 169.2841961653319 93
1738726276470 169.2821086519085 94
1738726276473 169.28002938093027 95
1738726276476 169.27795831798502 96
1738726276479 169.27589542880943 97
1738726276482 169.27384067928838 98
1738726276485 169.27179403545458 99
1738726276488 169.26975546348743 100
1738726276491 169.26772492971287 101
1738726276493 169.2657024006025 102
1738726276497 169.2636878427728 103
1738726276499 169.26168122298475 104
1738726276503 169.25968250814316 105
1738726276506 169.2576916652958 106
1738726276509 169.25570866163304 107
1738726276512 169.253733464487 108
1738726276515 169.2517660413312 109
1738726276518 169.2498063597796 110
1738726276521 169.24785438758627 111
1738726276524 169.24591009264464 112
1738726276527 169.2439734429868 113
1738726276529 169.242044406783 114
1738726276533 169.24012295234118 115
1738726276536 169.23820904810609 116
1738726276539 169.23630266265874 117
1738726276542 169.23440376471592 118
1738726276545 169.23251232312964 119
1738726276549 169.23062830688633 120
1738726276552 169.22875168510637 121
1738726276555 169.22688242704348 122
1738726276558 169.22502050208413 123
1738726276561 169.22316587974703 124
