1738724760208 111.14654611557398 0
1738724760237 149.10254505698367 1
1738724760267 129.9067198585786 2
1738724760297 237.4831519188606 3
1738724760326 139.18871360759752 4
1738724760356 220.14925033954393 5
1738724760386 205.14055722805082 6
1738724760415 150.55213632403292 7
1738724760444 76.40476071725757 8
1738724760474 198.0673466313093 9
1738724760503 134.1248977640273 10
1738724760533 120.98982157726674 11
1738724760562 176.16919127897273 12
1738724760591 167.64609889354244 13
1738724760620 184.81253243978782 14
1738724760649 271.19500117775294 15
1738724760678 75.23550630132134 16
1738724760707 169.82661559614982 17
1738724760736 269.6415862980386 18
1738724760765 169.3056178982914 19
1738724760794 150.6640890361899 20
1738724760823 246.47025167152697 21
1738724760852 206.31478169563837 22
1738724760881 248.4566527873288 23
1738724760910 200.88492353918258 24
1738724760939 93.84697852365565 25
1738724760968 127.54246095703427 26
1738724760997 153.7671333203493 27
1738724761025 183.3260157689955 28
1738724761054 191.23091334821396 29
1738724761083 46.53702117237285 30
1738724761112 202.77531119102622 31
1738724761140 147.89569538289916 32
1738724761169 172.0835205156841 33
1738724761198 190.11284443288832 34
1738724761227 178.5813379425082 35
1738724761256 142.97232392894963 36
1738724761284 203.26812202240743 37
1738724761313 206.16656422565597 38
1738724761342 180.9248363271768 39
1738724761370 174.99272861426928 40
1738724761399 182.5282666516022 41
1738724761427 133.1880612356078 42
1738724761456 141.6580437263082 43
1738724761485 210.19764221709713 44
1738724761514 101.54358298761528 45
1738724761542 136.90778178746453 46
1738724761571 343.4313286974756 47
1738724761600 207.08902456332558 48
1738724761628 217.65644322134528 49
1738724761657 192.15024426403096 50
1738724761685 104.25913637810613 51
1738724761714 155.647669329575 52
1738724761742 225.61964752819682 53
1738724761771 103.04630923969181 54
1738724761799 229.10402297476097 55
1738724761828 101.03836469962334 56
1738724761856 186.46268171004743 57
1738724761885 191.94446627733802 58
1738724761914 136.32982842530828 59
1738724761942 189.80489711669355 60
1738724761971 234.19488106364216 61
1738724762000 80.13206928035964 62
1738724762028 152.17188165456693 63
1738724762057 157.96834809766057 64
1738724762086 90.50070083799434 65
1738724762114 20.56451379962041 66
1738724762143 160.4125868975046 67
1738724762172 168.86939469677608 68
1738724762200 140.09520599596772 69
1738724762229 131.24579415018948 70
1738724762257 159.35701464995938 71
1738724762286 124.87436826316075 72
1738724762315 127.20172923250756 73
1738724762347 273.50147638651 74
1738724762376 149.1589519790299 75
1738724762405 143.6150850451795 76
1738724762434 215.6657805996019 77
1738724762463 280.6987281958413 78
1738724762492 147.13718561326797 79
1738724762521 125.25058199544392 80
1738724762550 180.18756843995993 81
1738724762579 181.29877944927148 82
1738724762608 132.58627508896433 83
1738724762637 123.53562945796222 84
1738724762665 165.22307148047187 85
1738724762694 138.5900294848048 86
1738724762723 175.81743452623974 87
1738724762752 125.36705454898254 88
1738724762781 192.36624378427342 89
1738724762809 306.09936016295416 90
1738724762838 218.97089184341033 91
1738724762867 283.9212064643556 92
1738724762896 61.736126721284066 93
1738724762924 237.5172676763656 94
1738724762953 108.62093693795094 95
1738724762982 33.864816350680314 96
1738724763010 155.82619098741046 97
1738724763039 163.69338205760903 98
1738724763067 95.52023584260172 99
1738724763096 122.46720297231471 100
1738724763124 239.83985470662935 101
1738724763153 106.68652911936611 102
1738724763181 154.99220523694277 103
1738724763210 261.3029922226487 104
1738724763238 109.12042950242713 105
1738724763267 146.9134912063339 106
1738724763295 123.77468479771564 107
1738724763324 90.71555149963692 108
1738724763352 127.8299868805778 109
1738724763381 137.94172684134597 110
1738724763409 136.58606513063654 111
1738724763437 149.4887172829643 112
1738724763466 143.2009550663259 113
1738724763494 236.75959273101887 114
1738724763524 214.91212200196995 115
1738724763553 130.221124563681 116
1738724763583 138.58522738016728 117
1738724763612 160.897438941471 118
1738724763641 239.03260719852386 119
1738724763670 106.61700153678083 120
1738724763699 109.64668715319249 121
1738724763728 133.79256946937647 122
1738724763757 214.79724852176784 123
1738724763786 237.67151823354632 124
1738724763816 183.57691080509386 125
1738724763845 173.9049350882279 126
1738724763874 134.1538344905214 127
1738724763903 197.07435030230823 128
1738724763932 161.70118066738698 129
1738724763961 369.56478427974747 130
1738724763990 87.60061719669106 131
1738724764019 451.34033660733104 132
1738724764048 217.02786349706403 133
1738724764077 107.86213614280041 134
1738724764105 135.0815297024459 135
1738724764134 159.6144483506367 136
1738724764163 130.6135525054267 137
1738724764192 241.2529420171239 138
1738724764221 67.84008474387802 139
1738724764250 74.72520636802574 140
1738724764278 110.9996579710104 141
1738724764307 152.7486375183163 142
1738724764336 125.00367609126393 143
1738724764365 140.23164854305534 144
1738724764394 149.72332057550062 145
1738724764423 172.50357119314057 146
1738724764452 180.32628647709075 147
1738724764481 198.2605401779791 148
1738724764510 146.1490875991604 149
1738724764538 213.2337764190559 150
1738724764568 221.57038320519482 151
1738724764597 207.95609597287958 152
1738724764626 147.09245807936725 153
1738724764655 118.69852791486007 154
1738724764684 236.51721004144287 155
1738724764713 172.56413388113998 156
1738724764741 206.7526511629028 157
1738724764770 155.60225486368407 158
1738724764799 119.71045894238387 159
1738724764828 231.50677137050587 160
1738724764857 173.76360860773013 161
1738724764885 274.20602029852597 162
1738724764914 202.20540757231834 163
1738724764943 150.04844045478487 164
1738724764972 166.40339365057216 165
1738724765001 205.49155090955276 166
1738724765029 95.20399186531822 167
1738724765058 168.9785604956329 168
1738724765087 208.97287689553485 169
1738724765116 119.79499588177444 170
1738724765144 187.49141619524295 171
1738724765173 80.22281902168972 172
1738724765202 136.77972143309157 173
1738724765230 132.19489021266415 174
1738724765259 167.07197923633666 175
1738724765288 240.98226746394008 176
1738724765317 158.02546338660275 177
1738724765346 117.71806069583869 178
1738724765375 178.2740532919215 179
1738724765405 139.05283754254322 180
1738724765434 138.34510096876892 181
1738724765463 110.8160584891726 182
1738724765492 183.78437929887434 183
1738724765521 130.50180370883754 184
1738724765550 187.44048804873592 185
1738724765579 146.01282775470816 186
1738724765608 151.24263151634585 187
1738724765637 218.3582533467446 188
1738724765666 190.58886945901827 189
1738724765695 132.59994303665567 190
1738724765724 142.36210688111981 191
1738724765753 208.73606184969194 192
1738724765782 179.13119134940544 193
1738724765811 148.9694674176216 194
1738724765840 165.8079771441668 195
1738724765869 163.92275164530074 196
1738724765898 363.3942928707623 197
1738724765927 166.55785497737043 198
1738724765956 240.99798401342616 199
1738724765985 230.92431080790433 200
1738724766014 136.35934911618753 201
1738724766043 170.5787307309986 202
1738724766071 164.6950885364493 203
1738724766100 164.66341364635196 204
1738724766129 152.08908273682036 205
1738724766158 128.50830438540953 206
1738724766187 246.391030598079 207
1738724766215 212.5232070454193 208
1738724766244 147.38638886009707 209
1738724766273 171.68032091819248 210
1738724766302 220.40474832668662 211
1738724766331 196.4553456722433 212
1738724766359 188.44534545401063 213
1738724766388 232.93567969850713 214
1738724766417 177.42722072358663 215
1738724766446 44.00783319850883 216
1738724766475 216.69806186118274 217
1738724766504 126.95792549215965 218
1738724766532 185.06708606840724 219
1738724766561 101.79091116767005 220
1738724766590 194.01133988831043 221
1738724766619 183.59031887786963 222
1738724766648 284.8968498409209 223
1738724766676 122.36150027857677 224
1738724766705 218.75996376619614 225
1738724766733 203.43375030213994 226
1738724766762 115.51283210017596 227
1738724766791 139.01503562443 228
1738724766819 441.2754735524486 229
1738724766848 169.82392479635197 230
1738724766877 171.26019247051352 231
1738724766906 133.82753527780838 232
1738724766934 175.22310335450624 233
1738724766963 205.97259625330827 234
1738724766991 281.2539916135594 235
1738724767020 289.0771977525238 236
1738724767048 183.2528824309043 237
1738724767077 77.43481528114347 238
1738724767105 118.78135594891579 239
1738724767134 264.2833538836883 240
1738724767162 119.00886970591438 241
1738724767191 186.02419947507022 242
1738724767219 134.58269665594645 243
1738724767248 274.0064038203837 244
1738724767276 159.94073286462807 245
1738724767305 151.52327729767137 246
1738724767333 157.0742537171369 247
1738724767362 158.83145662394645 248
1738724767390 460.5826847515632 249
1738724767419 150.89275283640777 250
1738724767447 185.7564294110108 251
1738724767475 155.97004273129278 252
1738724767504 146.61252391592043 253
1738724767532 128.74733054367914 254
1738724767561 77.37782542167972 255
1738724767590 174.14190428306875 256
1738724767618 199.71835597078413 257
1738724767647 174.05382649234525 258
1738724767676 49.05967526027011 259
1738724767705 211.74444101088883 260
1738724767733 83.58691407286179 261
1738724767762 174.47801094223672 262
1738724767791 145.3278583248777 263
1738724767820 200.8930463731262 264
1738724767848 95.58734572231523 265
1738724767877 169.0628694490075 266
1738724767906 222.6128803247239 267
1738724767935 104.07800084767143 268
1738724767963 262.66206727314295 269
1738724767992 99.34372405872082 270
1738724768021 158.6132604312311 271
1738724768049 321.0044283308522 272
1738724768078 187.23486985476168 273
1738724768107 149.2596800350644 274
1738724768136 237.76099765222182 275
1738724768165 190.4814491575172 276
1738724768193 97.5007623109495 277
1738724768222 191.49740807616763 278
1738724768251 165.73844434312224 279
1738724768280 207.6415170773599 280
1738724768309 258.4728932831833 281
1738724768337 57.986392586950096 282
1738724768366 159.68391238789152 283
1738724768395 132.65801924040014 284
1738724768424 72.95494201669227 285
1738724768452 182.41778499365455 286
1738724768481 87.3862296664978 287
1738724768510 187.5146781492579 288
1738724768538 177.3006386577249 289
1738724768567 151.2808450740399 290
1738724768596 161.5558664994012 291
1738724768624 263.7177336594683 292
1738724768653 292.88647293409366 293
1738724768682 157.7362750988118 294
1738724768711 184.3860525128016 295
1738724768740 200.0904171190088 296
1738724768769 246.9883634710022 297
1738724768797 278.9765799101132 298
1738724768826 163.60681583832516 299
1738724768855 181.2118129347745 300
1738724768883 146.79985990794637 301
1738724768912 169.23153186790114 302
1738724768941 161.6921705404667 303
1738724768970 195.57077825712713 304
1738724768998 176.98482980655524 305
1738724769027 268.3730004239614 306
1738724769056 154.69217632322506 307
1738724769084 228.92732205102598 308
1738724769113 95.6922189072406 309
1738724769141 216.60485825303618 310
1738724769170 164.46709600975015 311
1738724769199 161.77835205574502 312
1738724769227 114.73793843853052 313
1738724769256 162.44402780753504 314
1738724769284 124.08832904651553 315
1738724769336 128.652181950771 316
1738724769367 248.35709575522944 317
1738724769396 160.2522028436744 318
1738724769424 224.61573624962057 319
1738724769453 171.53086760525608 320
1738724769481 145.08766091802676 321
1738724769510 165.96971966598605 322
1738724769538 137.70860537858482 323
1738724769567 183.96113825294802 324
1738724769595 132.05338304877125 325
1738724769624 112.41481741990988 326
1738724769652 137.18548899557086 327
1738724769681 125.43972752811868 328
1738724769709 173.52265841024374 329
1738724769738 168.44317005636114 330
1738724769766 177.85757944129912 331
1738724769794 188.6396606151931 332
1738724769823 166.65599871340825 333
1738724769851 186.07527817652303 334
1738724769879 151.688198611447 335
1738724769908 451.87030214750075 336
1738724769936 150.59069351083085 337
1738724769966 334.0886614816503 338
1738724769995 113.71793890835033 339
1738724770025 183.6554430354555 340
1738724770054 135.03966887314098 341
1738724770083 216.4229397755272 342
1738724770112 188.69166511606878 343
1738724770141 150.89891172580593 344
1738724770170 143.9578629636287 345
1738724770199 105.26147505388235 346
1738724770228 149.2014399873963 347
1738724770257 133.3796853605441 348
1738724770286 250.7069673969319 349
1738724770316 216.7551422283565 350
1738724770345 191.42573435112857 351
1738724770374 143.04939024927802 352
1738724770403 194.73220294076603 353
1738724770432 201.38558437289453 354
1738724770461 127.7143715485031 355
1738724770489 168.6242228661188 356
1738724770518 304.2562095826967 357
1738724770547 146.14701243154425 358
1738724770576 203.42484439190335 359
1738724770605 170.25411324672876 360
1738724770634 192.01865441788595 361
1738724770663 112.38420572219022 362
1738724770692 202.2941652362184 363
1738724770721 101.5442028222819 364
1738724770750 190.22973344944114 365
1738724770779 189.86920010690778 366
1738724770807 177.0471583612873 367
1738724770836 140.78673969141542 368
1738724770865 199.20292673826168 369
1738724770894 184.5240039771497 370
1738724770922 93.28193433971109 371
1738724770951 152.88028150281718 372
1738724770980 198.9778480118753 373
1738724771009 201.0891317455047 374
1738724771038 203.90790323597398 375
1738724771066 181.62479101790075 376
1738724771095 104.20402080747299 377
1738724771124 267.02491704662805 378
1738724771153 374.42968767958286 379
1738724771182 198.3247972779817 380
1738724771211 165.62573715696254 381
1738724771240 163.82121000758195 382
1738724771269 125.04980810327388 383
1738724771297 174.96329894221952 384
1738724771327 114.78158747599204 385
1738724771357 159.1619064564517 386
1738724771386 159.26933403700212 387
1738724771415 260.9456411661361 388
1738724771445 249.67302908607897 389
1738724771474 247.56083440846973 390
1738724771503 158.8496085781769 391
1738724771532 112.97707444881809 392
1738724771562 121.27891403876937 393
1738724771591 176.74858417431304 394
1738724771620 250.42525231903508 395
1738724771650 142.23607742145833 396
1738724771679 199.4013432252549 397
1738724771708 132.61402294650412 398
1738724771737 348.73793883969336 399
1738724771766 220.45192323432087 400
1738724771796 105.9562661260767 401
1738724771825 204.52988436091638 402
1738724771854 150.60187435150996 403
1738724771883 242.5221687186991 404
1738724771912 151.31753367621008 405
1738724771941 150.23551446491678 406
1738724771970 237.7838395322974 407
1738724771999 192.59997977549895 408
1738724772028 228.68476300933986 409
1738724772057 341.8395876857337 410
1738724772086 161.49207681821213 411
1738724772115 203.91914821765207 412
1738724772144 143.5317301298881 413
1738724772176 173.35642160595864 414
1738724772205 103.35637076133435 415
1738724772234 159.310836836402 416
1738724772263 175.2515148190192 417
1738724772292 230.55151877951545 418
1738724772320 113.2904976577794 419
1738724772349 101.45698500799953 420
1738724772378 153.8777116164215 421
1738724772407 144.4169551549758 422
1738724772436 161.3302463532524 423
1738724772465 118.16390651835624 424
1738724772494 117.62522301152414 425
1738724772522 185.25386463868102 426
1738724772551 151.56091620217165 427
1738724772580 114.95174840207774 428
1738724772609 166.43175846354805 429
1738724772638 145.888516874933 430
1738724772666 200.8135589208371 431
1738724772695 167.08937753513354 432
1738724772724 144.03954907651345 433
1738724772753 158.60727317239352 434
1738724772782 284.97345378038574 435
1738724772811 209.90415929930867 436
1738724772840 122.7036553301206 437
1738724772869 211.26524458720482 438
1738724772897 309.5313395292998 439
1738724772926 156.42579556288257 440
1738724772954 226.37300446755034 441
1738724772983 129.99652148710553 442
1738724773012 252.86316617482393 443
1738724773040 138.60231365208628 444
1738724773069 144.3375930358834 445
1738724773098 144.4257896524574 446
1738724773126 152.99984955101837 447
1738724773155 264.849795903887 448
1738724773184 158.71803820998093 449
1738724773213 158.96800718233365 450
1738724773242 181.4610278349527 451
1738724773270 158.40491201411945 452
1738724773299 203.3696445198003 453
1738724773327 367.07603979251104 454
1738724773356 378.7766119932922 455
1738724773384 130.2921917476998 456
1738724773413 169.44156467430716 457
1738724773442 153.82888169230444 458
1738724773471 141.45792179487904 459
1738724773499 120.14255781443276 460
1738724773528 172.2399420289096 461
1738724773556 179.9415619707138 462
1738724773585 184.9975442033766 463
1738724773614 70.70140609398541 464
1738724773642 93.28049856234544 465
1738724773671 276.05828134594515 466
1738724773700 160.4088922949989 467
1738724773728 263.7948044838723 468
1738724773757 150.35292806679718 469
1738724773785 189.28364395347066 470
1738724773814 173.5756172806354 471
1738724773842 204.0419551927829 472
1738724773871 122.92096887116992 473
1738724773899 211.6429321023032 474
1738724773928 166.13455881507184 475
1738724773956 130.1879105425213 476
1738724773985 210.5588083528181 477
1738724774023 125.67539274666733 478
1738724774083 119.54846607469072 479
1738724774119 163.30433905058837 480
1738724774149 191.45677536785385 481
1738724774178 83.43536598277056 482
1738724774207 133.03297225529846 483
1738724774236 88.07308366024769 484
1738724774265 70.48081537343425 485
1738724774294 206.67620501608226 486
1738724774323 156.87546973804632 487
1738724774352 181.43783946555715 488
1738724774381 179.4023294880246 489
1738724774410 186.88882862953272 490
1738724774439 260.27780330174846 491
1738724774468 91.93830289570647 492
1738724774497 233.78914512132118 493
1738724774526 222.54060519542952 494
1738724774555 219.44833792188234 495
1738724774584 221.78320542860698 496
1738724774613 134.2133273303769 497
1738724774642 131.25456866794966 498
1738724774671 147.45179753693574 499
