1738722566159 168.76386345199344 0
1738722566162 167.1617609439125 1
1738722566164 170.3050343088547 2
1738722566166 170.31515405438873 3
1738722566168 168.33236682560653 4
1738722566170 169.85332827086668 5
1738722566172 168.94906744677115 6
1738722566174 169.99637097477336 7
1738722566176 168.79624876860368 8
1738722566178 168.12286660526198 9
1738722566180 169.4700225227201 10
1738722566182 168.1676991767859 11
1738722566184 170.50917624011814 12
1738722566186 170.30546525560996 13
1738722566188 169.05326122974427 14
1738722566190 170.12059685100726 15
1738722566192 169.7212978175696 16
1738722566194 167.9429486703631 17
1738722566196 169.804535016704 18
1738722566198 170.65925337783685 19
