1738722538274 176.8033850749396 0
1738722538312 162.41230133490006 1
1738722538350 166.48116386062281 2
1738722538388 167.4514797464761 3
1738722538425 160.28085055380097 4
1738722538464 160.62481929633634 5
1738722538502 176.38287784947252 6
1738722538539 169.87412810258456 7
1738722538576 175.88161232379096 8
1738722538613 168.34257085538815 9
1738722538649 138.26484420859154 10
1738722538685 163.2455880476567 11
1738722538722 168.93423660336876 12
1738722538759 162.22573200688154 13
1738722538795 174.7343158557291 14
1738722538832 171.52726293386178 15
1738722538869 168.88630050940904 16
1738722538907 175.11771270826807 17
1738722538945 149.49113282477288 18
