1738724777448 171.53271094055276 0
1738724777451 167.19527281628353 1
1738724777454 168.30391184638947 2
1738724777457 167.979298921203 3
1738724777460 170.42510926477973 4
1738724777463 169.6121108632406 5
1738724777467 169.58450875394885 6
1738724777470 168.63790429129793 7
1738724777473 169.70555359212216 8
1738724777476 171.3610621949444 9
1738724777479 167.47844966120846 10
1738724777482 167.5169701774642 11
1738724777486 168.514274459873 12
1738724777489 167.7116244387659 13
1738724777492 169.59935386132705 14
1738724777495 168.0610919309696 15
1738724777498 168.73723167991437 16
1738724777502 168.37381421543685 17
1738724777505 167.67335271092463 18
1738724777508 168.11318932271857 19
1738724777511 167.8973383310258 20
1738724777514 169.2397964504153 21
1738724777517 170.87094679834675 22
1738724777521 168.89729233352801 23
1738724777524 167.29577086715625 24
1738724777527 168.9277734081911 25
1738724777530 169.0448645644971 26
1738724777533 168.0929367490222 27
1738724777536 169.04985498346812 28
1738724777539 169.40951458522537 29
1738724777542 167.78911142141075 30
