1738722966370 141.72551648742166 0
1738722966402 123.33892938103435 1
1738722966434 177.99278114935942 2
1738722966466 180.03248492708195 3
1738722966498 158.11067560429598 4
1738722966529 162.06846224146173 5
1738722966562 179.74049898479308 6
1738722966594 166.72618563198623 7
1738722966626 159.99299936029954 8
1738722966657 174.72469331883784 9
1738722966689 182.5964676318175 10
1738722966721 180.55579547690536 11
1738722966752 173.0016443397706 12
1738722966783 149.23744152288538 13
1738722966819 191.95772774551776 14
1738722966863 164.2953943004017 15
1738722966897 148.60113158813365 16
1738722966931 173.32390000697856 17
1738722966965 193.52141880563607 18
1738722966998 153.98468310997134 19
1738722967031 166.50931360808647 20
1738722967064 163.61219098367758 21
1738722967096 159.2381371672719 22
1738722967129 167.47046030223012 23
1738722967161 181.33924923971784 24
1738722967193 197.03676572383702 25
1738722967225 186.04348683524103 26
1738722967257 189.63059980109455 27
1738722967289 154.7531279692421 28
1738722967321 167.48277098910057 29
1738722967352 162.92173452615938 30
1738722967384 154.97679895512164 31
1738722967416 173.32284553882005 32
1738722967447 162.42410411315558 33
1738722967479 169.21625351177224 34
1738722967510 174.88715274633108 35
1738722967543 166.27997247196427 36
1738722967576 179.86250015648997 37
1738722967612 163.1219264452242 38
1738722967646 153.51373960295484 39
1738722967679 170.01711356988721 40
1738722967712 148.27309393334136 41
1738722967745 142.55828778979625 42
1738722967778 214.2268091426255 43
1738722967810 176.15330086592382 44
1738722967843 194.20468404346346 45
1738722967876 175.45709129397022 46
1738722967908 176.34867227083996 47
1738722967940 184.47754483517267 48
1738722967973 175.41351627298963 49
1738722968006 164.81039381756202 50
1738722968038 196.18191533029972 51
1738722968071 169.15605293621783 52
1738722968103 154.32090428343918 53
1738722968136 168.23281987669912 54
1738722968167 169.14087058890888 55
1738722968199 165.24100038107326 56
1738722968231 189.7696920187168 57
1738722968264 182.4691436838874 58
1738722968298 207.5525485583658 59
1738722968331 186.63656134939546 60
1738722968364 196.44639779106404 61
1738722968396 172.59523121316948 62
1738722968429 162.7393371647159 63
1738722968462 181.89491813170855 64
1738722968494 147.4053502788586 65
1738722968526 151.47994396382157 66
1738722968558 163.42912269720506 67
1738722968590 171.29010525651776 68
1738722968624 164.60489611734826 69
1738722968656 226.06737049981763 70
1738722968689 203.17641356454195 71
1738722968721 148.53006618800973 72
1738722968753 181.27414836412012 73
1738722968785 181.4458816933173 74
1738722968817 159.73269182722723 75
1738722968849 169.86644410820512 76
1738722968880 158.01606486333102 77
1738722968912 185.1234799929345 78
1738722968943 172.04645898959464 79
1738722968976 147.73571578635833 80
1738722969009 184.34281443333876 81
1738722969042 165.25191050017455 82
1738722969075 172.59648557915727 83
1738722969108 159.09552078381947 84
1738722969140 168.12352185826884 85
1738722969172 131.94786339639086 86
1738722969204 170.94784389578174 87
1738722969236 153.0356215543869 88
1738722969268 156.33481558196786 89
1738722969301 195.6487278154314 90
1738722969333 173.70164611590846 91
1738722969365 169.55564215580958 92
1738722969396 177.2449504806128 93
1738722969427 177.77082378917032 94
1738722969458 169.05604789770163 95
1738722969490 191.3877781624023 96
1738722969521 150.83981896542593 97
1738722969553 173.141242041943 98
1738722969584 168.32640946085056 99
1738722969616 156.64410123623216 100
1738722969647 152.273159524019 101
1738722969678 158.57475265527987 102
1738722969709 168.92803094472168 103
1738722969741 158.78830071417863 104
1738722969772 171.5031856727689 105
1738722969804 203.0830705444646 106
1738722969835 172.20797524781727 107
1738722969866 164.4704793125299 108
1738722969897 175.0551212775865 109
1738722969929 168.26996220802477 110
1738722969960 172.1556985739542 111
1738722969991 173.50519038709362 112
1738722970022 179.62457514871124 113
1738722970053 198.90707362710148 114
1738722970085 194.47799007781674 115
1738722970117 181.9650110153072 116
1738722970149 140.35070067453054 117
1738722970181 166.83647685153795 118
1738722970212 169.9008672057012 119
1738722970244 192.17679789728996 120
1738722970275 187.39491052883227 121
1738722970307 161.5127803649587 122
1738722970338 196.60366373164624 123
1738722970369 173.66596933157518 124
1738722970400 190.64027156682775 125
1738722970432 177.39788898096018 126
1738722970463 189.5563335076916 127
1738722970495 181.1270843683248 128
