1738722389948 170.02035536015615 0
1738722389950 166.2900249023527 1
1738722389952 168.7855105725714 2
1738722389954 171.89212768765617 3
1738722389956 169.27259917275202 4
1738722389958 167.26914625276484 5
1738722389960 169.53873726331454 6
1738722389961 168.71732975880246 7
1738722389963 170.11792325226932 8
1738722389965 170.02686466001384 9
1738722389967 167.7212309000464 10
1738722389969 170.08662160273934 11
1738722389971 167.61002285392286 12
1738722389973 169.78614903413 13
1738722389975 168.51661266379145 14
