1738726594514 169.6771026365245 0
1738726594517 169.67351209383617 1
1738726594520 169.66993719292302 2
1738726594523 169.66637786301874 3
1738726594527 169.662834033681 4
1738726594530 169.65930563478997 5
1738726594533 169.65579259654658 6
1738726594537 169.65229484947136 7
1738726594540 169.6488123244028 8
1738726594543 169.64534495249586 9
1738726594546 169.64189266522084 10
1738726594550 169.63845539436142 11
1738726594553 169.63503307201353 12
1738726594556 169.63162563058404 13
1738726594559 169.62823300278896 14
1738726594562 169.6248551216523 15
1738726594565 169.62149192050464 16
1738726594568 169.61814333298156 17
1738726594571 169.61480929302238 18
1738726594574 169.6114897348687 19
1738726594577 169.60818459306313 20
1738726594581 169.60489380244766 21
1738726594584 169.60161729816264 22
1738726594587 169.598355015645 23
1738726594590 169.59510689062728 24
1738726594593 169.59187285913595 25
1738726594597 169.5886528574903 26
1738726594600 169.5854468223009 27
1738726594603 169.58225469046846 28
1738726594606 169.57907639918238 29
1738726594610 169.57591188591942 30
1738726594613 169.57276108844232 31
1738726594616 169.56962394479874 32
1738726594619 169.56650039331964 33
1738726594622 169.56339037261822 34
1738726594625 169.5602938215885 35
1738726594628 169.5572106794039 36
1738726594632 169.5541408855164 37
1738726594635 169.55108437965475 38
1738726594638 169.54804110182351 39
1738726594641 169.5450109923017 40
1738726594644 169.54199399164148 41
1738726594647 169.53899004066704 42
1738726594650 169.53599908047323 43
1738726594653 169.53302105242426 44
1738726594656 169.5300558981527 45
1738726594659 169.527103559558 46
1738726594662 169.52416397880543 47
1738726594665 169.5212370983248 48
1738726594668 169.51832286080915 49
1738726594671 169.51542120921374 50
1738726594675 169.5125320867547 51
1738726594678 169.50965543690788 52
1738726594681 169.5067912034076 53
1738726594684 169.50393933024557 54
1738726594687 169.50109976166968 55
1738726594690 169.49827244218272 56
1738726594693 169.49545731654135 57
1738726594696 169.4926543297548 58
1738726594699 169.48986342708383 59
1738726594703 169.4870845540396 60
1738726594706 169.48431765638227 61
1738726594709 169.4815626801202 62
1738726594712 169.47881957150855 63
1738726594716 169.47608827704823 64
1738726594719 169.47336874348485 65
1738726594722 169.47066091780755 66
1738726594725 169.46796474724778 67
1738726594728 169.46528017927824 68
1738726594731 169.46260716161197 69
1738726594734 169.45994564220092 70
1738726594737 169.45729556923513 71
1738726594740 169.45465689114135 72
1738726594743 169.45202955658232 73
1738726594747 169.4494135144554 74
1738726594750 169.44680871389153 75
1738726594753 169.44421510425437 76
1738726594756 169.44163263513883 77
1738726594759 169.4390612563705 78
1738726594762 169.43650091800419 79
1738726594766 169.4339515703231 80
1738726594769 169.43141316383765 81
1738726594772 169.42888564928455 82
1738726594775 169.42636897762563 83
1738726594778 169.4238631000469 84
1738726594781 169.42136796795756 85
1738726594784 169.41888353298884 86
1738726594787 169.41640974699308 87
1738726594792 169.4139465620427 88
1738726594795 169.41149393042915 89
1738726594798 169.40905180466194 90
1738726594801 169.4066201374677 91
1738726594804 169.404198881789 92
1738726594807 169.4017879907836 93
1738726594810 169.39938741782322 94
1738726594813 169.3969971164928 95
1738726594816 169.39461704058928 96
1738726594819 169.39224714412077 97
1738726594822 169.3898873813057 98
1738726594825 169.3875377065715 99
1738726594828 169.3851980745539 100
1738726594831 169.3828684400961 101
1738726594834 169.38054875824744 102
1738726594837 169.3782389842627 103
1738726594840 169.37593907360116 104
1738726594843 169.37364898192567 105
1738726594846 169.37136866510147 106
1738726594850 169.36909807919565 107
1738726594853 169.36683718047595 108
1738726594856 169.3645859254099 109
1738726594859 169.3623442706639 110
1738726594862 169.3601121731024 111
1738726594866 169.35788958978688 112
1738726594869 169.35567647797492 113
1738726594872 169.35347279511942 114
1738726594875 169.35127849886774 115
1738726594878 169.34909354706056 116
1738726594882 169.3469178977312 117
1738726594885 169.3447515091047 118
1738726594888 169.34259433959693 119
1738726594891 169.34044634781367 120
1738726594894 169.3383074925498 121
1738726594897 169.33617773278843 122
1738726594901 169.33405702769994 123
1738726594904 169.33194533664133 124
1738726594907 169.32984261915504 125
1738726594910 169.3277488349685 126
1738726594913 169.32566394399285 127
1738726594916 169.32358790632256 128
1738726594919 169.32152068223408 129
1738726594923 169.3194622321855 130
1738726594926 169.31741251681535 131
1738726594929 169.31537149694196 132
1738726594932 169.31333913356252 133
1738726594935 169.31131538785246 134
1738726594938 169.30930022116436 135
1738726594942 169.30729359502735 136
1738726594945 169.30529547114617 137
1738726594948 169.30330581140043 138
1738726594951 169.30132457784381 139
1738726594954 169.2993517327033 140
1738726594958 169.29738723837818 141
1738726594961 169.29543105743963 142
1738726594964 169.2934831526295 143
1738726594967 169.29154348685992 144
1738726594970 169.28961202321213 145
1738726594973 169.28768872493612 146
1738726594977 169.28577355544954 147
1738726594980 169.283866478337 148
1738726594983 169.28196745734942 149
1738726594986 169.28007645640318 150
1738726594989 169.27819343957935 151
1738726594992 169.27631837112293 152
1738726594995 169.27445121544213 153
1738726594998 169.2725919371077 154
1738726595001 169.27074050085196 155
1738726595005 169.26889687156833 156
1738726595008 169.26706101431031 157
1738726595011 169.26523289429102 158
1738726595014 169.26341247688225 159
1738726595017 169.26159972761394 160
1738726595020 169.25979461217318 161
1738726595023 169.25799709640378 162
1738726595026 169.25620714630537 163
1738726595029 169.2544247280327 164
1738726595032 169.25264980789498 165
1738726595035 169.25088235235518 166
1738726595038 169.24912232802927 167
1738726595041 169.24736970168559 168
1738726595044 169.245624440244 169
1738726595047 169.2438865107754 170
1738726595050 169.2421558805009 171
1738726595053 169.2404325167911 172
1738726595056 169.23871638716557 173
1738726595059 169.23700745929193 174
1738726595062 169.2353057009854 175
1738726595065 169.23361108020805 176
1738726595069 169.23192356506794 177
1738726595072 169.2302431238188 178
1738726595075 169.22856972485908 179
1738726595078 169.22690333673137 180
1738726595081 169.22524392812173 181
1738726595084 169.2235914678591 182
1738726595088 169.22194592491465 183
1738726595091 169.2203072684009 184
1738726595094 169.21867546757144 185
1738726595097 169.21705049181992 186
1738726595100 169.21543231067963 187
1738726595103 169.2138208938229 188
1738726595106 169.21221621106022 189
1738726595110 169.21061823233984 190
1738726595114 169.20902692774703 191
1738726595117 169.20744226750344 192
1738726595120 169.20586422196658 193
1738726595123 169.20429276162903 194
1738726595128 169.20272785711805 195
1738726595135 169.20116947919462 196
1738726595140 169.19961759875324 197
1738726595150 169.19807218682098 198
1738726595163 169.19653321455706 199
1738726595169 169.19500065325218 200
1738726595173 169.19347447432793 201
1738726595181 169.19195464933614 202
1738726595187 169.1904411499584 203
1738726595193 169.18893394800529 204
1738726595197 169.18743301541596 205
1738726595202 169.1859383242575 206
1738726595210 169.18444984672428 207
1738726595215 169.18296755513734 208
1738726595222 169.18149142194403 209
1738726595231 169.18002141971718 210
1738726595259 169.1785575211546 211
1738726595276 169.1770996990786 212
1738726595281 169.17564792643535 213
1738726595285 169.1742021762943 214
1738726595288 169.17276242184752 215
1738726595292 169.17132863640944 216
1738726595296 169.16990079341596 217
1738726595300 169.16847886642404 218
1738726595304 169.1670628291112 219
1738726595307 169.16565265527476 220
1738726595310 169.16424831883162 221
1738726595314 169.16284979381737 222
1738726595317 169.16145705438595 223
1738726595320 169.16007007480906 224
1738726595324 169.1586888294756 225
1738726595327 169.15731329289116 226
1738726595331 169.15594343967746 227
1738726595334 169.15457924457186 228
1738726595338 169.1532206824267 229
1738726595342 169.15186772820903 230
1738726595346 169.15052035699983 231
