1738722370170 217.8553641677755 0
1738722370203 237.99377843784617 1
1738722370237 196.38148513849282 2
1738722370269 104.88237064142896 3
1738722370302 196.21713168642876 4
1738722370335 211.3123091052473 5
1738722370369 193.18295896576075 6
1738722370402 320.14684108285894 7
1738722370435 162.82360789374755 8
1738722370468 136.30472910142052 9
1738722370501 213.2872683852454 10
1738722370535 191.9524302466228 11
1738722370568 117.96714671579475 12
1738722370600 324.30613025962913 13
1738722370633 212.60145015990307 14
1738722370666 150.28737824959487 15
1738722370699 143.0001757237792 16
1738722370732 141.2195483370129 17
1738722370765 253.96823995921426 18
1738722370798 99.55676833967077 19
1738722370831 186.0692347891712 20
1738722370864 183.0884375477607 21
1738722370896 178.49361963495036 22
1738722370929 152.87049821589105 23
1738722370962 212.54819426769106 24
1738722370995 139.9325661497603 25
1738722371027 111.0333946511321 26
1738722371060 181.9726033347077 27
1738722371093 129.91168453006043 28
1738722371126 115.01511541220064 29
1738722371158 179.624256901874 30
1738722371191 97.70657483239935 31
1738722371224 251.47449765495196 32
1738722371256 116.2109347502291 33
1738722371289 276.2170409560937 34
1738722371323 154.28242719981603 35
1738722371356 274.55202737984206 36
1738722371389 169.5050489942857 37
1738722371422 162.49865732034257 38
1738722371455 172.23703773810774 39
1738722371488 151.61043064373612 40
1738722371521 224.75469482091017 41
1738722371553 102.1325099709414 42
1738722371586 203.2715081286982 43
1738722371619 140.05457790017206 44
1738722371652 107.99375102480568 45
1738722371684 157.25012198985326 46
