1738722982088 167.8687372961059 0
1738722982121 168.24849543611705 1
1738722982153 173.53801738976225 2
1738722982185 158.87898663492044 3
1738722982217 171.74959851299957 4
1738722982252 167.66071406227658 5
1738722982284 171.31786539038447 6
1738722982332 175.61254823738756 7
1738722982365 161.26048992622134 8
1738722982398 165.79189542876773 9
1738722982430 170.86645388584432 10
1738722982463 165.23876470004487 11
1738722982495 171.32957205929452 12
1738722982527 185.88282864730024 13
1738722982559 166.98419426547773 14
1738722982591 174.73449016045015 15
1738722982624 176.29704352582155 16
1738722982656 187.81481571828112 17
1738722982688 171.81250293161102 18
1738722982720 163.88657148125338 19
