1738724778369 168.3477730813262 0
1738724778403 162.77694037867295 1
1738724778436 164.72027571500857 2
1738724778469 179.88432713965875 3
1738724778502 171.55651109865636 4
1738724778547 180.68256381087363 5
1738724778580 166.79868018031576 6
1738724778613 181.4591962095818 7
1738724778645 137.0060275617818 8
1738724778678 156.82945614055407 9
1738724778712 179.23564427814793 10
1738724778745 173.73558889506145 11
1738724778778 169.30902259304867 12
1738724778812 175.72067216835418 13
1738724778846 163.9975665776222 14
1738724778879 181.48905247830112 15
1738724778912 165.78977517925378 16
1738724778945 175.70518926536622 17
1738724778978 156.93078117113475 18
1738724779011 155.43104334994842 19
1738724779044 158.15143836921058 20
1738724779077 167.0642990430508 21
1738724779110 173.9492446196057 22
1738724779143 165.70418161406874 23
1738724779176 170.71038389907713 24
1738724779210 157.61276779679878 25
1738724779243 164.11002164413966 26
1738724779276 173.05218286804129 27
1738724779322 159.6833500490736 28
1738724779355 169.99262598991044 29
1738724779388 165.8412067756636 30
1738724779420 166.87601480830358 31
1738724779456 162.94336186121365 32
1738724779489 146.4409594930055 33
1738724779522 169.50384662548055 34
1738724779554 190.14768149363078 35
1738724779586 174.14169925798524 36
1738724779619 183.95423312274 37
1738724779651 172.74915064825328 38
1738724779683 174.54559478985692 39
1738724779715 172.51245691454903 40
1738724779748 178.2456327716843 41
1738724779780 170.69141356170965 42
1738724779812 153.71914732765444 43
1738724779845 165.68800093581532 44
1738724779877 176.78622448491575 45
1738724779909 158.97998632108022 46
1738724779941 168.43423432128992 47
1738724779973 176.6206070402086 48
1738724780006 167.37426272716962 49
1738724780038 179.0133469116148 50
1738724780070 172.58287314631232 51
1738724780102 159.93467656596206 52
1738724780134 157.52905554457138 53
1738724780166 170.00853653943835 54
