1738722488683 198.9766111731503 0
1738722488716 170.30076780121485 1
1738722488749 145.74555051383072 2
1738722488782 179.11815864733006 3
1738722488814 159.33827601704544 4
1738722488848 157.44629551043946 5
1738722488881 164.80887241098785 6
1738722488914 159.87706883710237 7
1738722488946 152.12500322018997 8
1738722488979 170.8134469917973 9
1738722489012 158.2966908223862 10
1738722489045 157.37490689044412 11
1738722489077 134.11897794175917 12
1738722489109 166.50018243715 13
1738722489142 143.40465266125702 14
1738722489174 176.68428370548455 15
1738722489207 156.93580768045072 16
1738722489239 159.62614545840256 17
1738722489272 172.83082125863572 18
1738722489306 152.5078275830188 19
1738722489340 156.13048280879383 20
1738722489373 169.63724955004014 21
1738722489407 179.321546376574 22
1738722489441 163.58454735759182 23
1738722489475 160.1827862281272 24
1738722489508 180.98975844650988 25
1738722489541 148.8903691837907 26
1738722489575 187.5245741200068 27
1738722489608 160.4133748522658 28
1738722489642 212.48992390616698 29
1738722489678 165.01229717778637 30
1738722489712 130.46444288339467 31
1738722489745 164.00712505346738 32
1738722489778 200.61257200983422 33
1738722489812 162.337294302735 34
1738722489845 141.46482004866834 35
1738722489878 176.76528163913105 36
1738722489912 152.13679854149117 37
1738722489945 171.3654623720006 38
1738722489979 170.2628750357955 39
1738722490013 169.24105971111837 40
1738722490046 176.78882184572922 41
1738722490079 178.9705092520796 42
1738722490112 154.97784070514265 43
1738722490146 128.7761303631633 44
1738722490179 159.18659678323715 45
1738722490212 171.45129700107546 46
1738722490244 188.9868364030748 47
1738722490277 162.70802454123822 48
1738722490310 176.94554272758086 49
1738722490342 161.55811718653035 50
1738722490375 175.46828856681657 51
1738722490408 187.92062057452142 52
1738722490440 172.0386216367087 53
1738722490475 169.97155724400324 54
1738722490510 167.2759436806686 55
1738722490546 157.0049375417078 56
1738722490609 144.07003874288313 57
1738722490644 178.47509857286633 58
1738722490678 156.91736599445522 59
1738722490711 146.23820148717078 60
1738722490745 184.8172141899375 61
1738722490779 190.99829443298276 62
1738722490812 191.9008638738294 63
1738722490845 167.57750567430247 64
1738722490878 147.87970689080572 65
1738722490911 180.1174709923125 66
1738722490944 196.76552310189626 67
1738722490976 167.2664125423309 68
1738722491010 162.63752705300098 69
1738722491043 174.32199585678367 70
1738722491076 179.65912751710812 71
1738722491111 161.5528133975948 72
1738722491145 170.01625763621914 73
1738722491178 177.10713025434475 74
1738722491212 188.22275693966498 75
1738722491245 175.17249835978848 76
1738722491278 194.98735296969215 77
1738722491311 173.69993678949987 78
1738722491345 159.13327910789525 79
1738722491378 164.0306400697744 80
1738722491411 184.50023825928008 81
1738722491446 142.666942193246 82
1738722491479 178.78400008283603 83
1738722491512 179.45950906773817 84
1738722491545 161.079675164884 85
1738722491578 172.35831987567855 86
1738722491611 161.6807769205867 87
1738722491644 165.13532924170661 88
1738722491678 180.47256337442155 89
1738722491712 118.66310112236393 90
1738722491745 158.55645989633237 91
1738722491778 150.17290243357374 92
1738722491810 185.34089423606144 93
1738722491843 166.49690230171805 94
1738722491876 157.55779035253485 95
1738722491909 146.36842549632718 96
1738722491941 174.47628618141073 97
1738722491974 156.5083137306565 98
1738722492008 188.71224784014743 99
1738722492041 176.43022999951646 100
1738722492074 193.74252514050184 101
1738722492107 184.53646388060932 102
1738722492140 148.12645165739332 103
1738722492172 170.646244479711 104
1738722492205 169.80551389181227 105
1738722492238 189.8429494139247 106
1738722492270 184.43705657922274 107
1738722492303 154.68190356017442 108
1738722492336 143.05544054076003 109
1738722492370 166.12727715462256 110
1738722492404 167.21988545838428 111
1738722492438 178.0447542787577 112
1738722492471 145.4018999969875 113
1738722492504 165.21700335919508 114
1738722492537 171.1068533355172 115
1738722492570 193.34026195147655 116
1738722492605 170.63631784815635 117
1738722492640 156.44549317301303 118
1738722492680 146.975287307908 119
1738722492715 182.20827769027323 120
1738722492748 184.57541056463796 121
1738722492781 154.6198343977012 122
1738722492814 177.27677460704965 123
1738722492848 152.91359571139697 124
1738722492882 168.1125829745385 125
1738722492916 154.83480579686244 126
1738722492949 177.08778446759536 127
1738722492983 156.85429652154468 128
1738722493017 195.23488151063123 129
1738722493050 158.99809460216585 130
1738722493084 179.74000329047618 131
1738722493118 124.68048357277301 132
1738722493152 179.59510978628435 133
1738722493185 198.11532908124764 134
1738722493218 184.51248973157828 135
1738722493251 178.15137518206782 136
1738722493284 136.35899879208696 137
1738722493317 185.54853936374982 138
1738722493351 169.5544669429125 139
1738722493392 168.25361085312255 140
1738722493426 179.52519143762507 141
1738722493460 172.1134203352137 142
1738722493495 166.17371863860214 143
1738722493529 172.38741450267574 144
1738722493563 161.80153407257265 145
1738722493596 164.71148359298837 146
1738722493629 161.43238998467928 147
1738722493662 173.71965265937476 148
1738722493695 134.76604793649548 149
1738722493727 173.13157760579622 150
1738722493762 170.0107390526168 151
1738722493796 146.85469708588656 152
1738722493829 177.4034138977076 153
1738722493863 168.4579045137488 154
1738722493896 154.90961072864351 155
1738722493929 156.7968622117604 156
1738722493962 180.8692506245087 157
1738722493995 169.9428085518778 158
1738722494028 184.441769169337 159
1738722494061 158.34793925782512 160
1738722494093 170.6542975103566 161
1738722494126 180.63653536369927 162
1738722494158 181.7807679614467 163
1738722494191 159.55289063429385 164
1738722494224 162.6486176881634 165
1738722494256 158.16562442969652 166
1738722494289 174.36790748132054 167
1738722494323 170.71307559711846 168
1738722494356 189.85780335696379 169
1738722494390 177.3177254775777 170
1738722494425 151.35749947130893 171
1738722494459 182.4116162038494 172
1738722494492 197.08167378341824 173
1738722494526 168.79737508133474 174
1738722494560 139.07134149279716 175
1738722494622 158.88382056846402 176
1738722494656 131.72751399718658 177
1738722494689 153.12415707850184 178
1738722494722 166.358948857272 179
1738722494756 138.78438984612575 180
1738722494790 178.99250721446816 181
1738722494824 177.12154443186782 182
1738722494857 171.2725758249987 183
1738722494890 155.1253271195208 184
1738722494923 162.03382004153593 185
1738722494958 210.3858724802554 186
1738722494992 175.7114899883913 187
1738722495026 114.9958842945233 188
1738722495059 176.7317228832465 189
1738722495092 164.8902548393569 190
1738722495125 183.89714421605123 191
1738722495159 179.46027424806746 192
1738722495192 242.28539957791358 193
1738722495225 161.75548390330235 194
1738722495258 173.63116001681271 195
1738722495291 163.45290277977963 196
1738722495324 165.23575057995615 197
1738722495358 183.3633866836682 198
1738722495391 175.12307919996792 199
1738722495423 165.78758007811564 200
1738722495456 182.527616100679 201
1738722495489 176.45070015708396 202
1738722495522 145.61637425241196 203
1738722495555 179.65229000465106 204
1738722495587 161.93276900327373 205
1738722495620 184.60203831152978 206
1738722495653 171.61747995320633 207
1738722495686 148.1564978100583 208
1738722495718 177.00151280362834 209
1738722495751 190.35909756862137 210
1738722495785 158.83679427344197 211
1738722495818 172.4451280378065 212
1738722495851 168.58219084012845 213
1738722495884 151.04862873170816 214
1738722495917 164.79933924063064 215
1738722495949 175.62083867571172 216
1738722495982 171.1377849845003 217
1738722496015 172.31136297460338 218
1738722496047 175.6558692353526 219
1738722496080 186.29963272439932 220
1738722496112 179.8680837169505 221
1738722496145 162.1137915307899 222
1738722496177 186.60983167706686 223
1738722496209 160.24131648520432 224
1738722496243 147.62689012082237 225
1738722496277 171.36001648526394 226
1738722496310 189.77340250330803 227
1738722496344 163.69037150860333 228
1738722496378 124.24806070608737 229
1738722496412 163.80961645495535 230
1738722496446 168.5414704288532 231
1738722496480 153.28209539037493 232
1738722496513 188.18332249831667 233
1738722496547 176.28850274430255 234
1738722496581 176.31220291810723 235
1738722496614 164.99332228417256 236
1738722496648 192.44891338025084 237
1738722496681 164.9450499545115 238
1738722496715 163.03409317532373 239
1738722496748 194.0757194114833 240
1738722496781 169.27003935759058 241
1738722496815 195.26778359877656 242
1738722496848 124.15362474924153 243
1738722496881 167.71295470317457 244
1738722496914 177.713863095857 245
1738722496947 174.00069721863466 246
1738722496980 175.90824975138514 247
1738722497013 168.22328953054074 248
1738722497045 186.46691540405763 249
1738722497079 165.9564036419302 250
1738722497112 186.7434986540127 251
1738722497146 186.63523341815736 252
1738722497180 188.30413208146047 253
1738722497214 200.5885339316781 254
1738722497248 150.12827771996018 255
1738722497281 145.8900799632033 256
1738722497314 174.52726820833962 257
1738722497347 130.13873768899848 258
1738722497381 158.23414709303367 259
1738722497414 159.54464124879314 260
1738722497464 135.9536561258129 261
1738722497516 144.78189946609513 262
1738722497549 159.13058719979335 263
1738722497583 160.06479152684216 264
1738722497616 155.6036297222695 265
1738722497650 234.1350725205754 266
1738722497683 139.86491511294423 267
1738722497717 187.14643512863015 268
1738722497751 172.90600854953894 269
1738722497786 149.39980746210307 270
1738722497820 165.114238960473 271
1738722497854 178.0508780841068 272
1738722497888 178.38495172461975 273
1738722497922 197.55622187516732 274
1738722497956 167.32310194873085 275
1738722497990 165.95621280048948 276
1738722498023 158.9658158408408 277
1738722498056 192.53496313560623 278
1738722498089 164.3025970881656 279
1738722498122 158.2439078445444 280
1738722498154 174.7671492747746 281
1738722498187 156.6280466804792 282
1738722498220 195.91898413703328 283
1738722498254 176.48255906417862 284
1738722498288 168.78482002173862 285
1738722498323 153.22479056297115 286
1738722498356 160.75010321826215 287
1738722498389 160.90498748441954 288
1738722498422 156.5524832887798 289
1738722498455 158.10949055367075 290
1738722498489 167.03334371931987 291
1738722498522 162.19337204530763 292
1738722498555 185.219249791891 293
1738722498589 171.51831045868556 294
1738722498623 155.38626490132665 295
1738722498656 168.2861452893719 296
1738722498689 184.19739563383018 297
1738722498723 176.98461821766858 298
1738722498756 152.8152272076614 299
1738722498790 155.59473561367156 300
1738722498823 180.512669147381 301
1738722498856 153.06307736136148 302
1738722498889 173.75286865252855 303
1738722498922 148.63967926472412 304
1738722498955 168.78924486246035 305
1738722498988 166.07390365978816 306
1738722499020 157.92039152829855 307
1738722499054 175.76410556206778 308
1738722499094 138.3831672506058 309
1738722499153 173.75281005914357 310
1738722499191 179.09878123977248 311
1738722499227 188.95320884861212 312
1738722499262 185.74768384265982 313
1738722499295 186.3236302428955 314
1738722499329 165.7255695208065 315
1738722499362 161.51380367105838 316
1738722499395 206.2863995815368 317
1738722499428 166.21323406245034 318
1738722499461 199.5572555776712 319
1738722499493 174.86900854579258 320
1738722499526 196.86011286949116 321
1738722499559 173.71581410541597 322
1738722499598 156.19755280784022 323
1738722499631 141.1199448742458 324
1738722499665 185.64881851588044 325
1738722499699 166.88707292569575 326
1738722499733 160.99130107070098 327
1738722499766 164.97369490357192 328
1738722499800 171.92452885777897 329
1738722499834 173.49623149203535 330
1738722499867 179.98315993661421 331
1738722499900 175.8371798138799 332
1738722499933 142.51197704170986 333
1738722499966 155.63569893423505 334
1738722499998 152.22125189771359 335
1738722500032 184.5617013285295 336
1738722500066 143.46855960856547 337
1738722500100 160.5565338369182 338
1738722500134 176.80062277970632 339
1738722500168 202.66592039010908 340
1738722500201 139.31194796195405 341
1738722500235 124.95637058771769 342
1738722500268 168.76805344042117 343
1738722500304 162.69019965403024 344
1738722500339 173.5319841254048 345
1738722500373 155.87832661041256 346
1738722500408 146.7483674165861 347
1738722500443 154.26521485751397 348
1738722500478 163.23709274525854 349
1738722500512 194.34412640321872 350
1738722500549 193.89402915088294 351
1738722500584 176.3937562547123 352
1738722500620 164.58208313508806 353
1738722500655 143.55723725093904 354
1738722500689 170.32348010446586 355
1738722500724 147.55384703485632 356
1738722500759 167.61930200850415 357
1738722500793 179.6211655215979 358
1738722500830 156.86709039666695 359
1738722500864 169.0776605242055 360
1738722500897 174.98972609521093 361
1738722500931 171.01118260989148 362
1738722500964 181.9097889367487 363
1738722500997 156.60110139632567 364
1738722501030 179.8264064098611 365
1738722501065 168.3205491395707 366
1738722501100 197.1043402844758 367
1738722501135 197.89581493313258 368
1738722501170 177.044226246874 369
1738722501206 167.87593388413006 370
1738722501241 172.5823144374465 371
1738722501275 156.93965524997884 372
1738722501311 163.47512430477357 373
1738722501346 171.4138893138626 374
1738722501382 178.5170104809778 375
1738722501417 184.71962298907286 376
1738722501452 140.30438899761262 377
1738722501487 156.92823296009453 378
1738722501521 177.0519829336702 379
1738722501554 153.1634277577691 380
1738722501589 187.28980762909868 381
1738722501625 179.64461068194927 382
1738722501660 147.98243254128846 383
1738722501694 169.74589180059414 384
1738722501728 168.254895253335 385
1738722501761 126.48742225031744 386
1738722501794 155.40648174329704 387
1738722501827 174.66078768552632 388
1738722501859 182.52945927466473 389
1738722501892 160.89864752264978 390
1738722501925 190.92857268760426 391
1738722501958 180.81371942228094 392
1738722501991 213.6123194589018 393
1738722502026 161.2192059118977 394
1738722502059 165.84433511366467 395
1738722502093 167.96342989020758 396
1738722502126 174.74213491454555 397
1738722502160 157.65164908198963 398
1738722502194 172.9961366488572 399
1738722502229 138.66160328962135 400
1738722502263 179.35055623786621 401
1738722502307 185.9884685140278 402
1738722502342 172.15111369550937 403
1738722502378 169.33454567472984 404
1738722502413 174.46065671838443 405
1738722502448 157.47450937156003 406
1738722502482 187.83561885074218 407
1738722502516 171.1136567602293 408
1738722502550 163.36765447439157 409
1738722502584 167.19508458104883 410
1738722502618 171.2490349510405 411
1738722502652 162.45735160938344 412
1738722502686 184.02580323429697 413
1738722502719 160.68188183102026 414
1738722502753 152.6294130291469 415
1738722502787 200.28468122199982 416
1738722502821 198.04637094154944 417
1738722502855 161.4832130917975 418
1738722502889 155.3615873857298 419
1738722502923 152.77540716258946 420
1738722502957 197.53641678649413 421
1738722502991 166.0473961458007 422
1738722503025 145.07791643936375 423
1738722503059 184.58640505630927 424
1738722503093 154.66891010427574 425
1738722503127 164.7201302677909 426
1738722503161 161.61627458839405 427
1738722503195 161.3936409362257 428
1738722503228 170.434693976725 429
1738722503262 170.20791467520908 430
1738722503295 160.98976795569365 431
1738722503329 162.93400679082063 432
1738722503363 131.11640023268706 433
1738722503397 183.77513719436647 434
1738722503430 205.95599725779616 435
1738722503464 139.61258549338538 436
1738722503498 173.3703016700209 437
1738722503531 195.71239172132996 438
1738722503566 169.14844828652056 439
1738722503599 180.11242264359865 440
1738722503632 170.15757282319322 441
1738722503665 175.99449341080415 442
1738722503699 177.99411759691083 443
1738722503732 209.1971865958275 444
1738722503765 168.29642746808776 445
1738722503798 159.8915124093226 446
1738722503831 141.77988882022657 447
1738722503863 177.60976390590744 448
1738722503896 181.80252700575787 449
1738722503929 156.3619296767292 450
1738722503962 175.80946099199465 451
1738722503995 196.51665819498828 452
1738722504027 194.48692537694288 453
1738722504060 145.26924330272738 454
1738722504093 183.2460705321805 455
1738722504125 171.3729321285003 456
1738722504158 198.12060425973573 457
1738722504191 168.01359976772395 458
1738722504223 173.69756102255454 459
1738722504256 169.85109295475857 460
1738722504288 162.8044986720567 461
1738722504320 169.12499971766616 462
1738722504352 155.3415645377831 463
1738722504385 185.1105023081567 464
1738722504417 161.6876889525468 465
1738722504449 158.5123674866756 466
1738722504481 163.5598775627541 467
1738722504514 147.86163635993074 468
1738722504546 181.22539346556516 469
1738722504578 184.7908248555738 470
1738722504611 162.03624123654112 471
1738722504643 173.21697509147901 472
1738722504675 160.67113416489585 473
1738722504707 175.24313418313372 474
1738722504740 172.73581031185063 475
1738722504772 174.71922842321507 476
1738722504804 162.36658149478245 477
1738722504837 158.40795705626348 478
1738722504869 151.42198477891992 479
1738722504901 175.80390793065757 480
1738722504934 172.16402517003345 481
1738722504966 174.47805046391613 482
1738722504999 141.8360293008433 483
1738722505034 174.01355971464298 484
1738722505067 145.12174766194912 485
1738722505100 161.3885463084103 486
1738722505132 135.1475073946823 487
1738722505165 203.243748819762 488
1738722505198 161.47533520057817 489
1738722505230 181.39484238067382 490
1738722505263 164.39232424884707 491
1738722505296 190.14636107007294 492
1738722505329 171.96885552815678 493
1738722505362 161.08311573558444 494
1738722505395 149.4858427748572 495
1738722505427 167.30850489701035 496
1738722505460 175.67739190239558 497
1738722505493 175.27688856899013 498
1738722505526 175.69431079128628 499
