1738724131217 176.08056377032915 0
1738724131251 174.65310504336296 1
1738724131285 166.8032599065816 2
1738724131319 166.00002075416933 3
1738724131353 169.38754945894323 4
1738724131387 182.86963967181546 5
1738724131422 162.82368858462968 6
1738724131456 164.5360914881989 7
1738724131490 173.65396704516698 8
1738724131523 174.85965120606772 9
1738724131557 161.36359329373408 10
1738724131590 156.27318530628574 11
1738724131624 171.68799502627706 12
1738724131657 159.4016181904109 13
1738724131690 167.59953576441512 14
1738724131723 156.90329946010047 15
1738724131757 173.61750412607026 16
1738724131790 185.42040765593433 17
1738724131824 159.22876053435712 18
1738724131857 154.3779929839002 19
1738724131891 169.44356778424796 20
1738724131924 160.35269045915598 21
1738724131957 168.90370084781097 22
1738724131990 187.452237155154 23
1738724132023 172.50978925903416 24
1738724132056 173.53938198623382 25
1738724132089 150.4781245067753 26
1738724132122 173.45905055280738 27
1738724132154 165.70301108988156 28
1738724132187 162.4753472162589 29
1738724132220 170.4822535693341 30
1738724132253 163.41760022788088 31
1738724132286 166.01309558802433 32
1738724132319 173.82402854575105 33
1738724132352 150.3912935391742 34
1738724132384 164.64741214456137 35
1738724132417 168.13658146531776 36
1738724132450 165.575754600841 37
1738724132483 165.993553633885 38
1738724132516 169.14432858518123 39
1738724132549 165.08356836161377 40
1738724132582 165.8194137619071 41
1738724132615 173.55917323788358 42
1738724132648 175.4041302259476 43
1738724132680 177.0610386092641 44
1738724132713 171.71465241818422 45
1738724132746 166.36618769978756 46
1738724132779 174.06571907255204 47
1738724132812 180.6642521472456 48
1738724132845 154.45126696001563 49
1738724132878 178.32774210877903 50
1738724132910 172.50222467222684 51
1738724132943 162.81225084361765 52
1738724132976 171.8490222054576 53
1738724133009 176.7677778925401 54
1738724133042 176.94802071806728 55
1738724133074 169.8607771042358 56
1738724133107 166.38450599365402 57
1738724133140 172.5368215909012 58
1738724133173 170.42997060503413 59
1738724133205 170.76052704210687 60
1738724133238 165.130531551143 61
1738724133270 161.4376723923828 62
1738724133303 166.91404278685437 63
1738724133340 161.81755849872414 64
1738724133374 167.8784276007199 65
1738724133407 172.825706657907 66
1738724133440 157.93156157759856 67
1738724133474 171.32889049261442 68
1738724133507 165.66648248289192 69
1738724133540 175.47662728378867 70
1738724133573 166.14611542096443 71
1738724133606 181.2556565647289 72
1738724133639 176.0764316246346 73
1738724133672 166.62364927655094 74
1738724133705 175.50576099182663 75
1738724133738 167.7776708510354 76
1738724133771 175.5009997622389 77
1738724133805 172.38238275514743 78
1738724133838 161.02087041442874 79
1738724133871 164.15628999570848 80
1738724133904 170.1616871315205 81
1738724133937 170.33175150176652 82
1738724133970 167.69233184690657 83
1738724134003 176.38746543616128 84
1738724134036 177.29082792287906 85
1738724134069 156.31503262754302 86
1738724134101 181.0693623495385 87
1738724134134 163.06517722732826 88
1738724134167 168.69413585724476 89
1738724134200 166.92921693036507 90
1738724134233 178.3853693964143 91
1738724134266 166.66062876757886 92
1738724134298 176.17977730701142 93
1738724134331 170.10704731691024 94
1738724134364 164.20495532220122 95
1738724134397 168.8695270026876 96
1738724134430 184.28607452592553 97
1738724134463 172.01614879617614 98
1738724134495 165.81787295789488 99
1738724134528 160.41297896403688 100
1738724134561 173.48183125209522 101
1738724134594 176.05184238370643 102
1738724134627 174.34501379577614 103
1738724134659 173.56396231362788 104
1738724134692 178.62095954223653 105
1738724134725 168.21898812014416 106
1738724134758 178.58142114703224 107
1738724134790 177.50299165951216 108
1738724134823 166.34081925319705 109
1738724134856 171.00985037047155 110
1738724134888 170.6513278026725 111
1738724134921 177.0518458571639 112
1738724134954 157.15878902854263 113
1738724134987 156.05810789807768 114
1738724135020 156.07014746950742 115
1738724135053 156.48988005693195 116
1738724135086 159.61634441633637 117
1738724135118 156.65691900940317 118
1738724135151 170.46541710341552 119
1738724135184 176.39711896133292 120
