1738726142518 169.73327124910762 0
1738726142521 169.73649787558594 1
1738726142524 169.73325037744152 2
1738726142527 169.7301328020441 3
1738726142530 169.72702346238478 4
1738726142533 169.72392462535993 5
1738726142536 169.72083620806566 6
1738726142538 169.71775817364434 7
1738726142541 169.71469048447025 8
1738726142544 169.71163310308313 9
1738726142547 169.70858599216857 10
1738726142550 169.70554911455807 11
1738726142553 169.70252243322804 12
1738726142556 169.69950591129964 13
1738726142559 169.69649951203786 14
1738726142562 169.69350319885095 15
1738726142565 169.69051693529002 16
1738726142568 169.68754068504828 17
1738726142571 169.68457441196054 18
1738726142575 169.68161808000258 19
1738726142578 169.6786716532906 20
1738726142581 169.67573509608056 21
1738726142585 169.67280837276772 22
1738726142588 169.66989144788607 23
1738726142591 169.6669842861076 24
1738726142594 169.66408685224192 25
1738726142597 169.66119911123548 26
1738726142600 169.65832102817134 27
1738726142603 169.65545256826815 28
1738726142606 169.65259369688007 29
1738726142609 169.64974437949584 30
1738726142611 169.64690458173843 31
1738726142614 169.6440742693644 32
1738726142617 169.6412534082634 33
1738726142620 169.63844196445763 34
1738726142623 169.63563990410114 35
1738726142626 169.63284719347953 36
1738726142629 169.6300637990093 37
1738726142631 169.62728968723724 38
1738726142635 169.6245248248399 39
1738726142637 169.62176917862334 40
1738726142640 169.61902271552208 41
1738726142643 169.6162854025991 42
1738726142646 169.61355720704492 43
1738726142649 169.6108380961773 44
1738726142652 169.60812803744068 45
1738726142655 169.6054269984055 46
1738726142657 169.60273494676798 47
1738726142660 169.60005185034936 48
1738726142663 169.59737767709532 49
1738726142666 169.59471239507585 50
1738726142669 169.59205597248442 51
1738726142672 169.58940837763743 52
1738726142675 169.58676957897393 53
1738726142678 169.58413954505508 54
1738726142681 169.5815182445634 55
1738726142684 169.57890564630267 56
1738726142687 169.5763017191971 57
1738726142690 169.57370643229086 58
1738726142693 169.57111975474794 59
1738726142696 169.56854165585113 60
1738726142700 169.56597210500203 61
1738726142703 169.56341107172022 62
1738726142706 169.56085852564289 63
1738726142710 169.55831443652437 64
1738726142715 169.55577877423576 65
1738726142718 169.55325150876413 66
1738726142723 169.55073261021244 67
1738726142726 169.54822204879878 68
1738726142729 169.54571979485598 69
1738726142732 169.54322581883125 70
1738726142736 169.54074009128553 71
1738726142740 169.53826258289314 72
1738726142746 169.5357932644413 73
1738726142750 169.5333321068297 74
1738726142755 169.53087908106983 75
1738726142758 169.52843415828497 76
1738726142761 169.52599730970917 77
1738726142765 169.52356850668724 78
1738726142768 169.5211477206741 79
1738726142771 169.51873492323438 80
1738726142775 169.516330086042 81
1738726142778 169.51393318087958 82
1738726142782 169.51154417963818 83
1738726142785 169.50916305431673 84
1738726142788 169.50678977702168 85
1738726142791 169.50442431996652 86
1738726142794 169.50206665547137 87
1738726142798 169.4997167559624 88
1738726142801 169.49737459397159 89
1738726142804 169.49504014213625 90
1738726142808 169.4927133731985 91
1738726142811 169.49039426000502 92
1738726142815 169.48808277550634 93
1738726142818 169.4857788927567 94
1738726142822 169.4834825849135 95
1738726142825 169.48119382523694 96
1738726142828 169.4789125870894 97
1738726142832 169.47663884393532 98
1738726142835 169.47437256934066 99
1738726142838 169.4721137369723 100
1738726142842 169.46986232059794 101
1738726142845 169.4676182940856 102
1738726142848 169.46538163140303 103
1738726142852 169.46315230661745 104
1738726142855 169.4609302938952 105
1738726142858 169.4587155675012 106
1738726142862 169.45650810179868 107
1738726142865 169.45430787124866 108
1738726142869 169.45211485040963 109
1738726142872 169.44992901393715 110
1738726142875 169.44775033658343 111
1738726142879 169.4455787931969 112
1738726142882 169.44341435872192 113
1738726142885 169.44125700819833 114
1738726142889 169.43910671676102 115
1738726142892 169.43696345963963 116
1738726142895 169.43482721215813 117
1738726142899 169.43269794973443 118
1738726142902 169.43057564787998 119
1738726142905 169.4284602821994 120
1738726142909 169.42635182839024 121
1738726142912 169.42425026224228 122
1738726142916 169.42215555963753 123
1738726142919 169.42006769654955 124
1738726142922 169.41798664904326 125
1738726142925 169.41591239327457 126
1738726142929 169.4138449054898 127
1738726142933 169.41178416202578 128
1738726142936 169.4097301393088 129
1738726142940 169.40768281385488 130
1738726142943 169.40564216226903 131
1738726142948 169.40360816124516 132
1738726142951 169.40158078756534 133
1738726142954 169.3995600180999 134
1738726142957 169.39754582980666 135
1738726142960 169.39553819973094 136
1738726142963 169.39353710500487 137
1738726142966 169.3915425228473 138
1738726142969 169.38955443056332 139
1738726142972 169.38757280554387 140
1738726142975 169.3855976252656 141
1738726142978 169.38362886729027 142
1738726142981 169.3816665092646 143
1738726142984 169.37971052891973 144
1738726142987 169.37776090407112 145
1738726142990 169.37581761261808 146
1738726142993 169.37388063254326 147
1738726142996 169.3719499419128 148
1738726142999 169.37002551887537 149
1738726143002 169.36810734166238 150
1738726143006 169.36619538858727 151
1738726143009 169.36428963804542 152
1738726143012 169.36239006851372 153
1738726143015 169.36049665855015 154
1738726143018 169.35860938679366 155
1738726143021 169.35672823196367 156
1738726143023 169.35485317285983 157
1738726143026 169.35298418836172 158
1738726143029 169.35112125742833 159
1738726143032 169.34926435909813 160
1738726143035 169.3474134724883 161
1738726143038 169.34556857679482 162
1738726143041 169.3437296512917 163
1738726143044 169.34189667533118 164
1738726143047 169.34006962834306 165
1738726143050 169.33824848983446 166
1738726143053 169.33643323938955 167
1738726143056 169.33462385666928 168
1738726143059 169.33282032141094 169
1738726143062 169.33102261342802 170
1738726143065 169.3292307126097 171
1738726143068 169.3274445989208 172
1738726143071 169.3256642524012 173
1738726143074 169.32388965316585 174
1738726143077 169.32212078140404 175
1738726143080 169.32035761737959 176
1738726143083 169.31860014143024 177
1738726143086 169.31684833396736 178
1738726143089 169.3151021754758 179
1738726143092 169.3133616465135 180
1738726143094 169.31162672771123 181
1738726143097 169.30989739977224 182
1738726143100 169.3081736434721 183
1738726143103 169.30645543965818 184
1738726143106 169.30474276924963 185
1738726143109 169.30303561323691 186
1738726143112 169.3013339526816 187
1738726143115 169.29963776871605 188
1738726143118 169.2979470425431 189
1738726143121 169.29626175543584 190
1738726143123 169.29458188873735 191
1738726143126 169.2929074238603 192
1738726143129 169.29123834228687 193
1738726143132 169.2895746255682 194
1738726143135 169.28791625532435 195
1738726143138 169.28626321324393 196
1738726143141 169.28461548108385 197
1738726143143 169.28297304066905 198
1738726143146 169.28133587389212 199
1738726143149 169.2797039627132 200
1738726143152 169.27807728915963 201
1738726143155 169.27645583532563 202
1738726143158 169.2748395833722 203
1738726143160 169.2732285155265 204
1738726143163 169.27162261408213 205
1738726143166 169.27002186139833 206
1738726143169 169.26842623990004 207
1738726143172 169.26683573207754 208
1738726143175 169.26525032048613 209
1738726143177 169.26366998774603 210
1738726143180 169.26209471654192 211
1738726143183 169.26052448962292 212
1738726143186 169.2589592898021 213
1738726143189 169.25739909995636 214
1738726143192 169.25584390302606 215
1738726143194 169.254293682015 216
1738726143197 169.25274841998993 217
1738726143200 169.25120810008033 218
1738726143203 169.2496727054784 219
1738726143206 169.2481422194383 220
1738726143209 169.2466166252766 221
1738726143212 169.24509590637143 222
1738726143215 169.24358004616252 223
1738726143218 169.24206902815092 224
1738726143221 169.24056283589871 225
1738726143224 169.23906145302877 226
1738726143226 169.23756486322463 227
1738726143229 169.23607305023003 228
1738726143232 169.23458599784894 229
1738726143235 169.233103689945 230
1738726143238 169.23162611044168 231
1738726143241 169.23015324332164 232
1738726143244 169.22868507262683 233
1738726143247 169.227221582458 234
1738726143250 169.22576275697455 235
1738726143253 169.2243085803945 236
1738726143256 169.22285903699384 237
1738726143259 169.22141411110675 238
1738726143261 169.219973787125 239
1738726143264 169.21853804949794 240
1738726143267 169.21710688273225 241
1738726143270 169.21568027139162 242
1738726143273 169.2142582000965 243
1738726143276 169.21284065352415 244
1738726143279 169.2114276164081 245
1738726143282 169.21001907353798 246
1738726143285 169.20861500975948 247
1738726143288 169.20721540997397 248
1738726143291 169.20582025913825 249
1738726143293 169.20442954226453 250
1738726143296 169.20304324441994 251
1738726143299 169.20166135072662 252
1738726143302 169.20028384636115 253
1738726143305 169.19891071655465 254
1738726143308 169.19754194659237 255
1738726143311 169.1961775218136 256
1738726143314 169.19481742761133 257
1738726143316 169.19346164943215 258
1738726143319 169.19211017277598 259
1738726143322 169.19076298319587 260
1738726143325 169.1894200662978 261
1738726143328 169.18808140774047 262
1738726143331 169.18674699323503 263
1738726143334 169.18541680854509 264
1738726143337 169.18409083948606 265
1738726143339 169.18276907192555 266
1738726143342 169.18145149178267 267
1738726143345 169.18013808502803 268
1738726143348 169.1788288376836 269
1738726143351 169.17752373582232 270
1738726143354 169.17622276556804 271
1738726143357 169.1749259130953 272
1738726143360 169.17363316462914 273
1738726143363 169.17234450644472 274
1738726143366 169.17105992486748 275
1738726143369 169.16977940627262 276
1738726143372 169.16850293708507 277
1738726143375 169.16723050377922 278
1738726143377 169.16596209287871 279
1738726143380 169.16469769095633 280
1738726143383 169.16343728463383 281
1738726143386 169.16218086058157 282
1738726143389 169.16092840551852 283
1738726143392 169.15967990621184 284
1738726143394 169.15843534947703 285
1738726143397 169.15719472217734 286
1738726143400 169.15595801122396 287
1738726143403 169.1547252035755 288
1738726143406 169.15349628623812 289
1738726143409 169.15227124626503 290
1738726143412 169.15105007075658 291
1738726143415 169.14983274685986 292
1738726143418 169.14861926176863 293
1738726143420 169.14740960272323 294
1738726143423 169.1462037570101 295
1738726143426 169.1450017119619 296
1738726143429 169.14380345495724 297
1738726143432 169.14260897342038 298
1738726143435 169.14141825482113 299
1738726143438 169.1402312866748 300
1738726143441 169.13904805654187 301
1738726143444 169.13786855202778 302
1738726143447 169.1366927607829 303
1738726143450 169.13552067050227 304
1738726143453 169.13435226892537 305
1738726143456 169.13318754383607 306
1738726143459 169.13202648306245 307
1738726143462 169.13086907447644 308
1738726143465 169.1297153059938 309
1738726143468 169.1285651655741 310
1738726143471 169.1274186412202 311
1738726143474 169.12627572097833 312
1738726143477 169.12513639293786 313
1738726143480 169.12400064523112 314
1738726143483 169.12286846603322 315
1738726143486 169.12173984356187 316
1738726143489 169.1206147660773 317
1738726143492 169.11949322188204 318
1738726143495 169.1183751993207 319
1738726143498 169.11726068677987 320
1738726143501 169.116149672688 321
1738726143504 169.1150421455152 322
1738726143507 169.11393809377282 323
1738726143510 169.1128375060139 324
1738726143513 169.11174037083228 325
1738726143516 169.11064667686313 326
1738726143520 169.10955641278215 327
1738726143523 169.10846956730592 328
1738726143526 169.10738612919153 329
1738726143529 169.10630608723628 330
1738726143532 169.1052294302778 331
1738726143535 169.10415614719383 332
1738726143538 169.1030862269018 333
1738726143541 169.10201965835913 334
1738726143544 169.10095643056255 335
1738726143547 169.09989653254848 336
1738726143550 169.09883995339246 337
1738726143553 169.09778668220912 338
1738726143556 169.09673670815224 339
1738726143559 169.09569002041428 340
1738726143562 169.09464660822644 341
1738726143565 169.09360646085838 342
1738726143568 169.09256956761814 343
1738726143571 169.0915359178521 344
1738726143574 169.09050550094452 345
1738726143576 169.08947830631774 346
1738726143579 169.08845432343182 347
1738726143582 169.0874335417845 348
1738726143585 169.0864159509109 349
1738726143588 169.0854015403836 350
1738726143591 169.08439029981233 351
1738726143594 169.0833822188439 352
1738726143597 169.08237728716196 353
1738726143601 169.08137549448705 354
1738726143617 169.0803768305762 355
1738726143628 169.079381285223 356
1738726143638 169.07838884825742 357
1738726143643 169.0773995095456 358
1738726143651 169.07641325898965 359
1738726143655 169.07543008652775 360
