1738726277975 166.54317565683894 0
1738726277979 167.23648304813102 1
1738726277983 167.78776399598837 2
1738726277986 171.57051450060257 3
1738726277990 168.7416764468601 4
1738726277994 168.39236998564368 5
1738726277998 170.98386321558107 6
1738726278002 170.83740796691316 7
1738726278005 166.779877097651 8
1738726278009 168.1320045045584 9
1738726278013 167.82600393074662 10
1738726278016 169.65689036429606 11
1738726278020 167.22652769332254 12
1738726278024 172.47457711378257 13
1738726278027 167.7954202824933 14
1738726278031 168.31435777615047 15
1738726278035 169.4492173016239 16
1738726278038 170.8056579830958 17
1738726278042 167.91119051239647 18
1738726278045 163.32551712894713 19
1738726278049 168.58146579143812 20
1738726278053 169.39858316071394 21
1738726278056 167.40731367076253 22
1738726278060 168.1774360773055 23
1738726278064 166.87397308710246 24
1738726278067 169.15341039027976 25
1738726278071 169.24364735119363 26
1738726278075 166.77743971859817 27
1738726278078 170.99566419249257 28
1738726278082 167.9262265598256 29
1738726278085 168.66826279577216 30
1738726278089 167.51533955858855 31
1738726278093 169.6688173739648 32
1738726278096 167.97262761398702 33
1738726278100 169.91924812887052 34
1738726278103 166.6992854819278 35
1738726278107 168.37581421996947 36
1738726278111 166.04006510863297 37
1738726278114 168.17891268005684 38
1738726278118 167.90392372994026 39
1738726278122 167.34504524602053 40
1738726278125 169.53055432939675 41
1738726278129 170.18892377534743 42
1738726278132 169.51324444079802 43
1738726278136 168.57125470803868 44
1738726278140 167.71528514148122 45
1738726278143 167.4676842594411 46
1738726278147 167.3590760981025 47
1738726278151 167.19874212210593 48
1738726278154 169.53592619595716 49
1738726278158 166.98462598676656 50
1738726278161 168.5638319676877 51
1738726278165 170.50878032458743 52
1738726278169 167.36324547032476 53
1738726278173 170.03809837082883 54
1738726278177 168.45450535360223 55
1738726278181 167.817684558174 56
1738726278184 167.79392633234332 57
1738726278188 168.22566538574597 58
1738726278192 166.9398148052792 59
1738726278195 169.1687141352897 60
1738726278199 170.06541713547728 61
1738726278203 166.87949021949518 62
1738726278206 168.29525439029857 63
1738726278210 168.59798509345833 64
1738726278214 169.1070306696452 65
1738726278217 167.10063096271782 66
1738726278221 169.31502737041802 67
1738726278224 169.3992076650642 68
1738726278228 168.25546885552293 69
1738726278232 168.63357108507424 70
1738726278235 168.3065403406007 71
1738726278239 167.56489898261827 72
1738726278243 166.73460345177315 73
1738726278246 167.36129858825035 74
1738726278250 168.58406469025914 75
1738726278253 167.14551170219795 76
1738726278257 170.3321621711979 77
1738726278261 168.7624053650677 78
1738726278264 164.70901775666024 79
1738726278268 168.17532105385712 80
1738726278271 169.2897516156717 81
1738726278275 169.97991319031215 82
1738726278279 167.18399199839797 83
1738726278282 166.12622847355541 84
1738726278286 169.38667289999378 85
1738726278290 169.7291639777623 86
1738726278293 167.89763981478197 87
