1738724360067 235.17604578918642 0
1738724360099 107.15102420785146 1
1738724360132 245.07356072941084 2
1738724360164 193.83214137588567 3
1738724360197 200.8736638275524 4
1738724360229 102.38982592594625 5
1738724360261 266.83304157000396 6
1738724360293 153.94449744767064 7
1738724360325 190.49833541353394 8
1738724360357 194.4991714154446 9
1738724360389 118.83115947214804 10
1738724360421 168.01360025788708 11
1738724360452 129.79887282584943 12
1738724360484 182.47776590811728 13
1738724360516 171.21895512374732 14
1738724360549 152.24958249908863 15
1738724360581 185.15433219138362 16
1738724360613 229.04799640790262 17
1738724360644 290.7352662585447 18
1738724360676 146.8731719877678 19
1738724360707 178.88860467077944 20
1738724360739 181.4071528132396 21
1738724360770 113.6843957082992 22
1738724360802 193.35535978778734 23
1738724360833 153.61295388264912 24
1738724360865 203.43757030794347 25
1738724360896 299.0056036974647 26
1738724360928 176.9849943042465 27
1738724360960 210.82795407720354 28
1738724360991 176.05446809605942 29
1738724361023 187.89745731215538 30
1738724361054 147.05124830883904 31
1738724361086 173.97337960540926 32
1738724361118 221.41923182280252 33
1738724361149 87.6400392277032 34
1738724361181 215.2364947276902 35
1738724361213 377.6295897766898 36
1738724361244 124.82005364007657 37
1738724361275 183.11673270171883 38
1738724361307 117.3751887710774 39
1738724361341 134.54254583620428 40
1738724361374 195.2370020907114 41
1738724361406 205.7767936228907 42
1738724361439 169.0260479984098 43
1738724361471 195.88262218229235 44
1738724361504 209.09395515593755 45
1738724361536 235.4328587930208 46
1738724361568 136.93248938526526 47
1738724361600 165.80392777949424 48
1738724361632 163.25490877261007 49
1738724361664 146.06686385654632 50
1738724361697 185.09916584322005 51
1738724361729 167.79366247986965 52
1738724361761 188.8692298093704 53
1738724361793 144.01032522601577 54
1738724361826 229.92555661320367 55
1738724361858 166.38253784310268 56
1738724361890 184.5564098659015 57
1738724361922 115.21077886723722 58
1738724361955 174.89034561194524 59
1738724361987 232.1429727386716 60
1738724362019 204.15429982863571 61
1738724362051 163.22810569420182 62
1738724362083 193.56225365183957 63
1738724362116 144.13136755618467 64
1738724362148 214.32946010520382 65
1738724362180 253.84640804431277 66
1738724362212 110.86933368872707 67
1738724362244 86.4346491839564 68
1738724362276 194.8258485022206 69
1738724362314 123.55146103372925 70
1738724362349 188.4130765695484 71
1738724362383 175.8529498885785 72
1738724362416 195.53439794002125 73
1738724362449 231.42797628636774 74
1738724362481 128.31471368373144 75
1738724362514 153.83733843690584 76
1738724362546 169.06687909689717 77
1738724362579 118.46598812329403 78
1738724362618 138.91352337929362 79
1738724362651 189.5817601424939 80
1738724362683 76.09345333585573 81
1738724362716 182.95444604012002 82
1738724362748 176.7445828887584 83
1738724362781 179.57047534130396 84
1738724362813 110.60816706864082 85
1738724362845 11.71581237346767 86
1738724362878 223.430284658481 87
1738724362910 172.31508069980075 88
1738724362942 218.1808045343808 89
1738724362974 172.2878517319814 90
1738724363007 135.4707875793045 91
1738724363039 144.1306106537667 92
1738724363071 162.28736394856398 93
1738724363103 192.25504211425252 94
1738724363135 228.11459113647444 95
1738724363167 208.3260238117607 96
1738724363199 207.00180011837406 97
1738724363232 157.08627416380645 98
1738724363264 238.68164311821096 99
1738724363296 239.33722043194163 100
1738724363328 189.67705878590635 101
1738724363360 157.04106823769195 102
1738724363393 221.02154353681607 103
1738724363425 156.40415591499058 104
1738724363456 177.60376266929634 105
1738724363488 138.19997497029385 106
1738724363520 170.20045543060516 107
1738724363552 192.9328693220879 108
1738724363584 205.66172938105046 109
1738724363616 223.17663827022187 110
1738724363648 136.03969180629701 111
1738724363680 116.48472114498992 112
1738724363713 213.64348104274256 113
1738724363745 205.4012076784106 114
1738724363778 146.0118084442544 115
1738724363810 165.6769479024453 116
1738724363842 219.98543085440522 117
1738724363874 167.68376220512513 118
1738724363907 159.3690618534272 119
1738724363939 179.37444331508868 120
1738724363971 193.44790740757364 121
1738724364003 106.72134776899902 122
1738724364035 198.53484199102664 123
1738724364067 80.97337869556073 124
1738724364099 192.92779838567367 125
1738724364131 176.8362524432536 126
1738724364164 93.49562536832431 127
1738724364196 266.7263764459312 128
1738724364228 40.260747108557126 129
1738724364260 134.19822413234385 130
1738724364292 156.84803365367685 131
1738724364324 245.5180396068564 132
1738724364356 161.35249682728642 133
1738724364388 145.28338780767703 134
1738724364419 122.18325725917502 135
1738724364451 185.4717616590862 136
1738724364483 190.50955629536094 137
1738724364515 186.01914557286065 138
1738724364547 134.51493091849323 139
1738724364579 171.0597953897544 140
1738724364610 239.51809154689047 141
1738724364642 137.4075340850965 142
1738724364674 128.22337001255818 143
1738724364705 115.43316882096155 144
1738724364737 102.03279016054621 145
1738724364769 248.86360572494235 146
1738724364800 220.42212228664047 147
1738724364832 137.3266324985945 148
1738724364864 133.64774638179364 149
1738724364895 211.38320354698152 150
1738724364927 167.1826722321658 151
1738724364959 140.1845939697498 152
1738724364991 265.27675878660466 153
1738724365023 159.93702357036096 154
1738724365056 168.0983089895093 155
1738724365088 142.24987116045392 156
1738724365120 166.80331974465406 157
1738724365151 185.63624053021346 158
1738724365183 289.1785940128222 159
1738724365215 216.77923835743752 160
1738724365246 72.39932288822746 161
1738724365278 209.93198086319 162
1738724365310 146.28520882772054 163
1738724365342 144.9801646554732 164
1738724365375 186.2740782194529 165
1738724365408 183.3973519950063 166
1738724365440 182.66800696944352 167
1738724365473 188.98782115453204 168
1738724365506 109.0449402452332 169
1738724365538 183.88771796788723 170
1738724365571 156.4734604311386 171
1738724365603 173.47653696048388 172
1738724365636 143.0397499831052 173
1738724365668 168.04615845027845 174
1738724365701 158.06172426206277 175
1738724365734 348.8156191198891 176
1738724365767 203.09550441712076 177
1738724365801 155.93828330197647 178
1738724365833 197.65761874908728 179
1738724365866 121.82651289712909 180
1738724365898 131.6174282045488 181
1738724365930 170.45852291470234 182
1738724365962 99.82276973562173 183
1738724365994 199.56603400672594 184
1738724366026 240.41146114841584 185
1738724366058 118.24358150996417 186
1738724366090 174.62793903364886 187
1738724366122 147.44335793297122 188
1738724366154 141.15605668584928 189
1738724366186 113.47648277635963 190
1738724366218 153.82772917734408 191
1738724366250 210.72919447427293 192
1738724366282 219.53403675496017 193
1738724366314 184.57522869812192 194
1738724366346 238.82842560560337 195
1738724366378 22.273572077854922 196
1738724366410 145.69281272016954 197
1738724366441 166.48626183763443 198
1738724366473 144.91891520149855 199
1738724366505 166.07812058734214 200
1738724366537 235.2665834462892 201
1738724366568 116.33960670041473 202
1738724366600 174.3971224179251 203
1738724366632 177.52563441846897 204
1738724366663 184.95782993463447 205
1738724366695 175.89893226226175 206
1738724366727 208.95269455762474 207
1738724366759 91.73564610619717 208
1738724366790 169.62520644563472 209
1738724366822 88.88637784054409 210
1738724366854 152.24776466478377 211
1738724366886 85.50772404808207 212
1738724366917 127.81492199758813 213
1738724366949 151.26035338603606 214
1738724366981 170.5681341028461 215
1738724367012 191.57286242845447 216
1738724367044 137.48673104249812 217
1738724367076 265.39781052219354 218
1738724367107 196.011060252997 219
1738724367139 233.32432049910267 220
1738724367171 71.87347210631026 221
1738724367202 248.9792685228173 222
1738724367234 149.5418146884978 223
1738724367265 155.62783926358478 224
1738724367297 230.17101436776267 225
1738724367329 173.49202768827226 226
1738724367363 186.268558158347 227
1738724367395 185.61667607788553 228
1738724367428 73.87075180040164 229
1738724367460 284.80182360149433 230
1738724367492 121.12329123372072 231
1738724367525 169.2376634650961 232
1738724367557 222.7459278499594 233
1738724367589 149.19866221024913 234
1738724367622 184.73663351317992 235
1738724367654 108.31955815614823 236
1738724367686 192.6318391272331 237
1738724367718 130.88427236429905 238
1738724367750 134.86193132128417 239
1738724367783 163.55660756234272 240
1738724367815 193.24503823546294 241
1738724367847 137.35620079622586 242
1738724367880 81.27298559035778 243
1738724367913 145.90608947044294 244
1738724367945 186.06940987475707 245
1738724367978 184.61104967462649 246
1738724368010 142.04482598467138 247
1738724368043 214.13419829675135 248
1738724368075 172.52707434977697 249
1738724368107 99.92952668852428 250
1738724368139 156.49358360499582 251
1738724368172 101.34041147088884 252
1738724368204 159.391931665605 253
1738724368236 122.24876976244161 254
1738724368268 205.39987902436448 255
1738724368300 188.39073227838819 256
1738724368332 152.39298144207476 257
1738724368364 257.1301770090748 258
1738724368396 171.43881663850388 259
1738724368428 158.79617237474898 260
1738724368461 157.7398783498763 261
1738724368493 207.816236508978 262
1738724368525 146.8243034250948 263
1738724368557 369.0981741074959 264
1738724368589 177.8177462199959 265
1738724368621 343.3006539059395 266
1738724368653 195.75289717018543 267
1738724368685 132.9793410224487 268
1738724368717 189.71997244498664 269
1738724368749 169.4946784391785 270
1738724368781 35.560733127447754 271
1738724368813 238.6929172056038 272
1738724368845 140.7039707933077 273
1738724368877 242.12670354023976 274
1738724368909 153.5578254119205 275
1738724368941 189.96749979995957 276
1738724368973 133.795661601507 277
1738724369005 110.61922232557009 278
1738724369037 179.36233910541327 279
1738724369069 189.21904623971116 280
1738724369101 168.08452717784144 281
1738724369132 319.02740824451723 282
1738724369164 286.4040323216941 283
1738724369196 154.9594338786346 284
1738724369228 147.00588462802 285
1738724369260 167.5382501219787 286
1738724369292 441.4977694657271 287
1738724369324 152.5666146921023 288
1738724369356 167.72529324540758 289
1738724369388 141.27005654346814 290
1738724369420 128.48408795949584 291
1738724369452 152.74638669130533 292
1738724369483 241.06206653332166 293
1738724369515 193.94676965662063 294
1738724369547 86.46620293552215 295
1738724369579 141.9995804771579 296
1738724369610 111.70873288565048 297
1738724369642 147.35691125870864 298
1738724369674 116.61500185712259 299
1738724369706 163.80322418002885 300
1738724369737 160.12742231828926 301
1738724369769 145.5053997518378 302
1738724369801 194.14852785070426 303
1738724369833 92.6768937105551 304
1738724369865 251.47936044354185 305
1738724369897 141.2109731810799 306
1738724369928 110.5552281450154 307
1738724369960 179.05082789239722 308
1738724369992 140.0872119587964 309
1738724370024 222.53502756010354 310
1738724370056 184.91330895629093 311
1738724370088 182.05691849528114 312
1738724370120 113.83599731691812 313
1738724370152 197.17123920070836 314
1738724370184 95.71851198904677 315
1738724370216 131.7556049255337 316
1738724370247 220.52047845918085 317
1738724370279 238.47474644344013 318
1738724370311 168.61081540015917 319
1738724370343 165.14009236836748 320
1738724370375 264.01404950457226 321
1738724370407 145.70729004168993 322
1738724370439 176.23304759477415 323
1738724370471 187.24088915810273 324
1738724370502 214.83233157478605 325
1738724370534 194.21266749621958 326
1738724370566 119.12773856454648 327
1738724370597 224.64050999543403 328
1738724370629 146.46536108468618 329
1738724370660 211.80988657235142 330
1738724370692 148.75168649705117 331
1738724370724 145.36242814016032 332
1738724370755 208.35947847688408 333
1738724370787 146.25487520516847 334
1738724370818 97.4965873713619 335
1738724370850 189.2342588569117 336
1738724370882 238.34894192466066 337
1738724370913 203.4822919007695 338
1738724370945 223.86420675058463 339
1738724370977 109.70193835355883 340
1738724371008 120.30602097009081 341
1738724371040 182.13394011747516 342
1738724371071 84.18649786018652 343
1738724371103 197.67045671607835 344
1738724371134 283.3099635483764 345
1738724371166 166.64454401380846 346
1738724371198 204.93451268006237 347
1738724371229 78.00566986817886 348
1738724371261 269.40852023430955 349
1738724371293 143.8209234586244 350
1738724371324 74.98753583878815 351
1738724371356 77.50005408946346 352
1738724371388 174.80136116033032 353
1738724371420 179.76766234659794 354
1738724371451 135.18391000114488 355
1738724371483 195.76302876276657 356
1738724371515 150.92232095579325 357
1738724371546 118.95018070541428 358
1738724371578 245.3894142220039 359
1738724371610 175.45185528283253 360
1738724371641 256.29779965445465 361
1738724371673 168.66836851875595 362
1738724371705 183.40764624747518 363
1738724371736 149.62469648860727 364
1738724371768 125.64736078022703 365
1738724371800 96.58789211790409 366
1738724371831 144.75301278142777 367
1738724371863 145.4465176707278 368
1738724371895 195.49524384879678 369
1738724371926 95.4553609245278 370
1738724371958 163.36053142139093 371
1738724371990 131.73753733092846 372
1738724372021 105.34492602782176 373
1738724372053 234.42144079839957 374
1738724372084 189.23116940075013 375
1738724372116 182.39791768067954 376
1738724372148 144.02804553191262 377
1738724372179 162.2556227637261 378
1738724372211 175.25466307338448 379
1738724372243 168.92392655863875 380
1738724372274 135.0157494493547 381
1738724372306 218.22680367082657 382
1738724372337 130.023388815343 383
1738724372369 174.80764150453714 384
1738724372401 200.22800501124235 385
1738724372432 134.37550358480058 386
1738724372464 261.1879254441727 387
1738724372496 202.51291560940493 388
1738724372527 98.16047824158244 389
1738724372559 126.1936917122701 390
1738724372590 142.09279592259853 391
1738724372622 175.53968831140998 392
1738724372654 131.42234287976967 393
1738724372685 191.29742108913584 394
1738724372717 129.7817452778943 395
1738724372749 126.66228862483283 396
1738724372780 130.40140444547072 397
1738724372812 183.7027280710888 398
1738724372843 113.34073019446772 399
1738724372874 179.19718104073362 400
1738724372906 174.22792253895983 401
1738724372937 173.3249128386251 402
1738724372969 184.36337765248965 403
1738724373000 115.39741313194008 404
1738724373032 122.05905249406514 405
1738724373063 264.47602254955893 406
1738724373095 115.06418286268446 407
1738724373127 176.95887390638373 408
1738724373158 110.53259471296136 409
1738724373190 181.77641157073913 410
1738724373221 148.7570859484307 411
1738724373253 184.30380587890596 412
1738724373285 117.19108492223991 413
1738724373316 400.4752467337779 414
1738724373348 117.10278707168992 415
1738724373379 252.2909047453949 416
1738724373411 195.6975838423156 417
1738724373443 135.1374552327478 418
1738724373475 241.6172793375623 419
1738724373508 178.01793047923599 420
1738724373540 133.0848657584929 421
1738724373572 190.74661919873483 422
1738724373604 235.41224864006355 423
1738724373636 147.81795619418304 424
1738724373668 280.8210523932243 425
1738724373700 239.72291962349166 426
1738724373732 215.32521125768378 427
1738724373764 120.64093657407429 428
1738724373796 209.89339825268692 429
1738724373827 166.7520515770568 430
1738724373859 197.90798213345116 431
1738724373891 251.13263774724228 432
1738724373923 110.76206636417513 433
1738724373955 62.264824953936994 434
1738724373987 180.5680851684269 435
1738724374019 92.02484667111429 436
1738724374051 216.91114212827276 437
1738724374083 125.55559609023489 438
1738724374115 111.10553404397146 439
1738724374146 185.38157590839182 440
1738724374178 94.1898797086915 441
1738724374210 156.48076565434636 442
1738724374241 162.15355170944295 443
1738724374273 205.89146940714522 444
1738724374305 257.48427315160234 445
1738724374336 128.23515600747422 446
1738724374368 172.4336386946944 447
1738724374400 72.34146639373111 448
1738724374431 58.1359140311158 449
1738724374463 150.8533668162244 450
1738724374494 166.6755564621322 451
1738724374526 127.67328364282865 452
1738724374557 111.88944303607919 453
1738724374589 205.13988802886465 454
1738724374621 208.39010267653458 455
1738724374652 217.06418942471947 456
1738724374684 231.00208814777406 457
1738724374715 154.92103566296998 458
1738724374747 145.468254736216 459
1738724374778 144.4647167764232 460
1738724374810 112.17869614138206 461
1738724374841 144.1799803249837 462
1738724374873 153.92651575418748 463
1738724374904 341.6869474545329 464
1738724374936 175.88534968667207 465
1738724374967 258.34911003502316 466
1738724374999 168.58309413856932 467
1738724375030 215.76798625948578 468
1738724375062 206.92890858687372 469
1738724375093 222.15545660320794 470
1738724375125 208.67358223851 471
1738724375156 141.09220459047407 472
1738724375187 241.38531142021372 473
1738724375219 133.6986979211931 474
1738724375250 154.73125358074927 475
1738724375282 68.83003592823279 476
1738724375313 181.10904554157565 477
1738724375345 200.29030127904556 478
1738724375376 133.3479398848918 479
1738724375408 184.92086543123034 480
1738724375439 128.97895433149125 481
1738724375470 73.53965194614007 482
1738724375502 114.07227778378822 483
1738724375534 284.0424936177498 484
1738724375565 183.27306741135808 485
1738724375597 298.99305972006397 486
1738724375628 135.18199481353415 487
1738724375660 245.76108411221475 488
1738724375691 197.93637270095311 489
1738724375722 178.28511962879446 490
1738724375754 168.74440312379014 491
1738724375785 255.33410224256122 492
1738724375817 58.523687662690705 493
1738724375848 121.04168553250685 494
1738724375879 148.24469764986858 495
1738724375911 122.94317992654874 496
1738724375942 120.8734071541607 497
1738724375973 245.0543227605029 498
1738724376005 246.0521244874694 499
