1738722113789 169.49544703133958 0
1738722113792 170.72677517749352 1
1738722113794 170.48473665803414 2
1738722113795 170.13753577949643 3
1738722113797 170.12316093638432 4
1738722113799 168.26885544704626 5
1738722113801 167.30140891906 6
1738722113803 169.43628280831302 7
1738722113805 168.32327778409652 8
1738722113806 165.9267170584173 9
1738722113809 166.79067651827916 10
1738722113810 170.0140984110968 11
1738722113812 166.7750991561127 12
1738722113814 166.3594174197995 13
1738722113816 167.41373892906947 14
1738722113818 167.94120381369513 15
1738722113820 171.58085290698062 16
1738722113822 170.71843470565213 17
1738722113823 166.9588570689072 18
1738722113825 171.97520488657273 19
1738722113827 168.61079961440703 20
1738722113829 172.02151057511284 21
1738722113831 168.3491730425085 22
1738722113833 168.08194090685197 23
1738722113834 166.60817316320933 24
1738722113836 169.2145539086298 25
1738722113838 170.02216836356544 26
1738722113840 168.34816060117072 27
1738722113842 167.59487909905033 28
1738722113844 170.0123934525826 29
1738722113845 167.28105711230407 30
1738722113847 169.31982584825735 31
1738722113849 169.3759769401252 32
1738722113851 167.47414059672977 33
1738722113852 169.2430708706237 34
1738722113854 170.2887320662282 35
1738722113856 169.4991924806242 36
1738722113858 164.57235307532395 37
1738722113859 171.63878792054865 38
