1738723692119 168.2182923072665 0
1738723692121 170.7044633479758 1
1738723692124 170.2772107285618 2
1738723692126 168.37022273086683 3
1738723692129 170.37585944574886 4
1738723692131 168.44814622056404 5
1738723692134 168.6922090642931 6
1738723692136 169.31906261175132 7
1738723692139 167.51200320827724 8
1738723692141 169.3868560820715 9
1738723692144 168.1263156986892 10
1738723692146 169.8833869413477 11
1738723692149 169.6459856467563 12
1738723692151 167.82954241526934 13
1738723692154 170.03731095237544 14
1738723692156 167.50580466001162 15
1738723692159 169.62048949337816 16
1738723692161 169.32920630381048 17
1738723692164 169.19270829595982 18
1738723692166 168.92611005912838 19
1738723692169 167.52294043112647 20
1738723692171 167.7690665838972 21
1738723692174 167.67889548248928 22
1738723692176 168.5941670949426 23
1738723692178 167.98090252096014 24
1738723692181 169.57675611824658 25
1738723692183 170.08051726712026 26
1738723692186 169.99688663442063 27
1738723692188 170.56354243892477 28
1738723692191 168.12889351390467 29
1738723692193 170.96057950218946 30
1738723692195 166.80138214776116 31
1738723692198 168.61455706819945 32
1738723692200 169.61874983008914 33
1738723692203 170.03502957280676 34
1738723692205 170.14264486948656 35
1738723692208 167.66536311795548 36
1738723692210 167.255484179525 37
1738723692212 168.84684937052506 38
1738723692215 166.12462518912 39
1738723692217 167.83736592683331 40
1738723692220 168.46977894008634 41
1738723692222 170.16957963395336 42
1738723692225 171.02497839449896 43
1738723692227 171.68947457296457 44
1738723692229 168.48986890800794 45
1738723692232 167.5283496092245 46
1738723692234 167.8369870116607 47
1738723692237 168.69496050346092 48
1738723692239 169.43656158184862 49
1738723692242 169.8109352742069 50
1738723692244 169.47618465190368 51
1738723692246 170.2245531825111 52
1738723692249 168.20661171536062 53
1738723692251 167.48335812140974 54
1738723692254 169.23661733120193 55
1738723692256 169.91466282623924 56
1738723692259 167.3839543323095 57
1738723692261 171.36002054103605 58
1738723692264 165.95298319339608 59
1738723692266 168.7658374169214 60
1738723692268 167.3593005431453 61
1738723692271 168.83866772213406 62
1738723692273 166.71803480901085 63
1738723692276 169.4486831530257 64
1738723692278 170.50733949726617 65
1738723692281 166.80816628500472 66
1738723692283 170.37144423792478 67
1738723692285 172.58581186221292 68
1738723692288 169.38452791333464 69
1738723692290 169.69819780160086 70
1738723692293 168.92057361033386 71
1738723692295 168.86157767920378 72
1738723692298 168.85513295081415 73
1738723692300 169.14935522236314 74
1738723692302 166.03460100999948 75
1738723692305 167.5513066602972 76
1738723692307 166.7163462333873 77
1738723692310 167.52551806822055 78
1738723692313 169.67287665639049 79
1738723692315 169.30888187506994 80
1738723692318 168.37652562242206 81
1738723692320 169.82406510148678 82
1738723692323 168.36429821573157 83
1738723692325 167.06216487896643 84
1738723692328 168.52786052679045 85
1738723692331 169.6386451894439 86
1738723692333 168.12222473049192 87
1738723692336 170.81379076141116 88
1738723692338 169.4693000544355 89
1738723692341 168.1842558786308 90
1738723692343 166.99777372160145 91
1738723692346 167.35800947072988 92
1738723692348 170.70900336283373 93
1738723692350 169.8657169706821 94
