1738724416352 102.23848228993691 0
1738724416385 175.24340006618397 1
1738724416418 384.59909059327543 2
1738724416451 160.13993149658188 3
1738724416485 204.4099369978622 4
1738724416518 197.54172926950133 5
1738724416551 133.75790732268325 6
1738724416584 135.09229040926778 7
1738724416617 166.5684751631595 8
1738724416650 227.48455404032524 9
1738724416683 235.30185724352341 10
1738724416716 193.89264428008767 11
1738724416749 140.35930069773724 12
1738724416783 278.4139023216122 13
1738724416817 246.4762941499677 14
1738724416850 195.27829448064892 15
1738724416884 197.508337518829 16
1738724416934 136.8396526955335 17
1738724416968 104.15715769732755 18
1738724417001 420.9680547407436 19
1738724417034 128.81640412891662 20
1738724417067 148.92559314102644 21
1738724417101 174.2026444203769 22
1738724417134 130.02151473145653 23
1738724417166 187.1473513922966 24
1738724417199 141.81338296519763 25
1738724417232 172.33289982569173 26
1738724417265 229.40610813967325 27
1738724417298 150.89752787503346 28
1738724417331 190.4220576245801 29
1738724417363 165.73494900317664 30
1738724417396 224.7314935819692 31
1738724417429 162.00173093300083 32
1738724417461 181.8541910947837 33
1738724417494 165.05208736879453 34
1738724417526 141.14357151190472 35
1738724417559 226.7977610557705 36
1738724417591 180.50176269920146 37
1738724417624 164.44940947497903 38
1738724417656 174.0674240853433 39
1738724417688 137.48663878780292 40
1738724417721 115.7270054141472 41
1738724417753 154.04548551300502 42
1738724417786 271.53103367417197 43
1738724417818 145.25085425409176 44
1738724417851 198.64521669964589 45
1738724417883 161.57167757686466 46
1738724417916 159.61764659502873 47
1738724417949 346.0281905576982 48
1738724417982 138.4041727592574 49
1738724418015 145.8343051960504 50
1738724418048 169.6619866813224 51
1738724418080 187.68966467892898 52
1738724418113 196.77815814483267 53
1738724418146 166.23828445880264 54
1738724418179 226.20879221142945 55
1738724418211 143.09369519628487 56
1738724418244 180.61186457082508 57
1738724418277 218.26275350806148 58
1738724418310 322.00634664848263 59
1738724418343 193.46422680707744 60
1738724418376 253.9525491277766 61
1738724418411 203.4640523243729 62
1738724418445 153.92969223773798 63
1738724418483 204.6867655827454 64
1738724418517 152.87272148046003 65
1738724418551 121.44874626751881 66
1738724418584 170.95211711597332 67
1738724418617 202.25450792870598 68
1738724418651 107.25532782327403 69
1738724418684 233.55921266833542 70
1738724418717 152.31733293236408 71
1738724418750 142.72884609482603 72
1738724418783 97.42337138182162 73
1738724418817 124.21690009676033 74
1738724418850 172.58408662315145 75
1738724418884 292.48831837534925 76
1738724418919 145.46367527407813 77
1738724418953 117.16623501949705 78
1738724418987 89.5809176430868 79
1738724419021 157.47279280969408 80
1738724419055 186.96469593671387 81
1738724419089 210.9505269762454 82
1738724419124 127.51134586314132 83
1738724419158 234.34648538005203 84
1738724419193 161.46508587709758 85
1738724419227 154.71032718445932 86
1738724419261 233.8132514179719 87
1738724419295 164.71042287680388 88
1738724419328 192.19759413371096 89
1738724419362 190.74607677859132 90
1738724419395 198.07409016577753 91
1738724419428 179.97459713586153 92
1738724419462 228.5858522361504 93
1738724419494 162.97737965625234 94
1738724419527 174.18681488876678 95
1738724419560 156.90811848752864 96
1738724419593 139.98501558109783 97
1738724419626 188.75214906406435 98
1738724419659 229.40576443581986 99
1738724419692 172.32245418779152 100
1738724419724 122.74597645587676 101
1738724419757 155.90739653673455 102
1738724419790 152.80860366119302 103
1738724419822 146.36767721085556 104
1738724419855 146.1841798357141 105
1738724419887 151.33206598106537 106
1738724419919 147.18728778876817 107
1738724419952 182.10659530181567 108
1738724419985 174.83007947388322 109
1738724420017 223.04106887901904 110
1738724420049 190.87367630915426 111
1738724420082 212.64477995035048 112
1738724420114 171.25271721752074 113
1738724420148 224.5614369385476 114
1738724420182 151.5321487667686 115
1738724420216 133.25194328324693 116
1738724420250 123.09096615708685 117
1738724420283 141.91904590553096 118
1738724420316 250.0474457354757 119
1738724420350 248.01573651807325 120
1738724420383 159.40282018104514 121
1738724420416 192.3355523571162 122
1738724420449 178.2793087320225 123
1738724420483 217.75645440625365 124
1738724420516 114.84533311887394 125
1738724420549 175.67188829973517 126
1738724420582 143.23502475863762 127
1738724420615 143.3900976882213 128
1738724420649 151.08030514164176 129
1738724420683 201.52151076832575 130
1738724420717 197.4944214405746 131
1738724420750 94.88132278880538 132
1738724420783 163.14305430992547 133
1738724420817 161.15043538223807 134
1738724420851 184.406666775142 135
1738724420884 152.49291803249378 136
1738724420918 151.7718048407542 137
1738724420951 171.61041827393086 138
1738724420984 85.68285450496523 139
1738724421016 141.2979703169849 140
1738724421049 166.3468329303973 141
1738724421082 169.81223783282195 142
1738724421115 261.608821675556 143
1738724421147 153.83375138048933 144
1738724421180 152.94773361818244 145
1738724421214 188.56313103880703 146
1738724421247 357.2844964638814 147
1738724421279 109.61791679624656 148
1738724421312 144.990659572083 149
1738724421345 228.4394984814607 150
1738724421378 136.88534167258365 151
1738724421410 184.82572700759926 152
1738724421443 153.4100177142416 153
1738724421475 139.68731807341393 154
1738724421508 158.80085203512365 155
1738724421541 244.23010368747728 156
1738724421573 209.17103112175747 157
1738724421606 141.11516913675754 158
1738724421639 188.73775494047942 159
1738724421672 354.7014193735957 160
1738724421705 157.04394668552268 161
1738724421737 247.8447717188688 162
1738724421769 161.12327890790135 163
1738724421802 60.66270499423794 164
1738724421837 187.33434913772328 165
1738724421871 70.21841356665786 166
1738724421905 141.51186979196197 167
1738724421939 156.1177506285781 168
1738724421973 133.2117129429907 169
1738724422006 136.1856310623369 170
1738724422041 98.6130228322816 171
1738724422075 43.27574959997905 172
1738724422110 146.10972959107983 173
1738724422143 122.05340202467994 174
1738724422181 158.5964654589514 175
1738724422214 134.3537767493946 176
1738724422248 68.80965328353776 177
1738724422281 89.01922694583828 178
1738724422321 146.77635661964823 179
1738724422356 102.42290858340101 180
1738724422390 190.370940614225 181
1738724422424 131.99863697290843 182
1738724422457 127.07903403071586 183
1738724422492 140.54984751017173 184
1738724422526 308.19362608139954 185
1738724422560 77.0765525926935 186
1738724422594 141.30992159931063 187
1738724422627 252.59955471614205 188
1738724422661 219.81554948215194 189
1738724422694 286.76943347102434 190
1738724422727 125.6532499395134 191
1738724422761 152.3631834460461 192
1738724422794 78.1173209695179 193
1738724422827 102.35997356252317 194
1738724422860 215.37573426321748 195
1738724422894 237.13985879913113 196
1738724422927 236.82200352276058 197
1738724422960 165.39324136074254 198
1738724422993 183.35934605012588 199
1738724423026 215.83563020544045 200
1738724423059 170.56723798473115 201
1738724423093 177.17696598935547 202
1738724423127 176.90705794450324 203
1738724423161 188.72225190702125 204
1738724423194 201.4631859589052 205
1738724423228 107.46104076730235 206
1738724423261 151.8987232898457 207
1738724423294 166.45800882721187 208
1738724423327 194.95190097432595 209
1738724423360 174.07867952656494 210
1738724423394 173.25993747123292 211
1738724423428 190.2923199478462 212
1738724423461 154.19442618115508 213
1738724423494 124.00483517504696 214
1738724423527 145.61862640295496 215
1738724423560 228.058827912135 216
1738724423593 133.17650432656393 217
1738724423627 128.44528193807528 218
1738724423661 217.32577753170676 219
1738724423695 165.50467687395636 220
1738724423729 98.3764005795689 221
1738724423762 185.07034593038952 222
1738724423795 155.92930017059336 223
1738724423829 172.99029393544555 224
1738724423863 301.2607230943299 225
1738724423897 100.37125849206511 226
1738724423931 216.19692621206073 227
1738724423964 224.05802904923294 228
1738724423996 130.34507305656328 229
1738724424030 161.06963895378462 230
1738724424062 155.00751081973291 231
1738724424095 419.1914786097935 232
1738724424128 115.56460315815934 233
1738724424161 145.04757414165218 234
1738724424193 119.42519067028249 235
1738724424226 191.1123586968861 236
1738724424259 181.9873228922492 237
1738724424292 195.5481303514183 238
1738724424324 133.29015490870302 239
1738724424359 436.541193438065 240
1738724424393 180.85009287067797 241
1738724424427 172.7397445274329 242
1738724424460 164.07396276992148 243
1738724424493 170.70913793514424 244
1738724424526 172.6398702654703 245
1738724424559 151.360885412898 246
1738724424593 174.55686236821782 247
1738724424627 346.315661104328 248
1738724424661 184.68497930483022 249
1738724424694 160.9680853043504 250
1738724424728 129.03027267685738 251
1738724424762 229.21549373550818 252
1738724424838 92.80589116981365 253
1738724424876 136.32492061510132 254
1738724424910 151.15430118102435 255
1738724424943 166.22276225743283 256
1738724424976 139.75967675592074 257
1738724425011 215.51142979631493 258
1738724425044 156.55333436925218 259
1738724425078 154.3699605860966 260
1738724425111 308.2186550973029 261
1738724425145 158.29638395428267 262
1738724425179 135.84887179564382 263
1738724425213 188.30628529425888 264
1738724425246 96.45482052714549 265
1738724425279 231.88034601779702 266
1738724425315 205.88654229556803 267
1738724425348 112.85730415995761 268
1738724425382 36.59017410116497 269
1738724425415 186.34511745517653 270
1738724425450 109.06772131520651 271
1738724425483 317.79894281521524 272
1738724425516 238.990307990384 273
1738724425549 214.9277416368995 274
1738724425584 160.46277922694864 275
1738724425617 171.64749876655588 276
1738724425651 155.08643703276908 277
1738724425685 77.69256903226464 278
1738724425719 137.25045162601978 279
1738724425753 150.64242287211647 280
1738724425786 154.84323022017523 281
1738724425819 122.75942340787346 282
1738724425853 118.88343514235883 283
1738724425886 284.5973568574064 284
1738724425920 162.15998462849092 285
1738724425953 210.37537009729314 286
1738724425986 128.84273836328896 287
1738724426019 224.99744328929714 288
1738724426053 161.09245765985372 289
1738724426087 243.42593950195788 290
1738724426120 182.2595970928014 291
1738724426153 149.72944624646263 292
1738724426188 297.9135647444988 293
1738724426222 154.64075299240125 294
1738724426257 175.25643157639888 295
1738724426290 182.62787298379675 296
1738724426325 113.03681198362403 297
1738724426358 167.39053803538974 298
1738724426392 66.552341528862 299
1738724426425 113.9781795143686 300
1738724426459 509.3316424682041 301
1738724426494 174.7530709019403 302
1738724426528 281.01993835582203 303
1738724426561 123.45889217243732 304
1738724426596 187.7909408461909 305
1738724426630 120.43917962580794 306
1738724426664 144.82419126784006 307
1738724426697 177.43936449553934 308
1738724426731 310.6622580958123 309
1738724426765 255.588550745585 310
1738724426799 254.63396716397403 311
1738724426832 225.22571541674847 312
1738724426866 98.40410843454863 313
1738724426900 112.78580916088576 314
1738724426933 239.279311121478 315
1738724426966 184.89341264358882 316
1738724426999 143.55006031002264 317
1738724427034 124.84251929063097 318
1738724427068 268.0177848709393 319
1738724427101 119.8777651179689 320
1738724427135 221.15358719139448 321
1738724427168 180.31484863622782 322
1738724427201 175.60604259672616 323
1738724427235 208.64884598664287 324
1738724427269 182.66207666403824 325
1738724427302 189.79303086325245 326
1738724427335 155.98579764266094 327
1738724427369 113.51261577232344 328
1738724427402 104.72717514095031 329
1738724427435 256.5016279272882 330
1738724427468 151.72644377964988 331
1738724427501 164.9838738345686 332
1738724427534 133.96992459752366 333
1738724427567 219.98511871828296 334
1738724427600 258.390901746327 335
1738724427632 273.8107953521702 336
1738724427665 144.93976675523123 337
1738724427697 139.21951586298837 338
1738724427730 189.13002847725386 339
1738724427763 228.45841448322216 340
1738724427795 143.21281887416194 341
1738724427827 154.44862365081934 342
1738724427860 120.13524585852917 343
1738724427893 152.7499886750579 344
1738724427926 221.38278099113907 345
1738724427961 153.1087372818468 346
1738724427994 174.41568745252636 347
1738724428028 156.9142197703653 348
1738724428061 145.36991252650552 349
1738724428095 150.3972086784712 350
1738724428128 129.1874928764641 351
1738724428162 230.78949605340492 352
1738724428195 152.48054604047218 353
1738724428228 41.72896758090106 354
1738724428261 101.45445770026106 355
1738724428295 102.20928079150723 356
1738724428328 209.6845877372104 357
1738724428361 172.34497133428744 358
1738724428394 166.31573237700152 359
1738724428427 180.3714652898467 360
1738724428460 192.3554385978249 361
1738724428494 99.73502763893431 362
1738724428527 221.68874820769182 363
1738724428560 236.82428899007414 364
1738724428593 154.01248944567814 365
1738724428626 237.9006987847107 366
1738724428659 163.79088010287728 367
1738724428692 91.36537661466842 368
1738724428725 186.89300686630617 369
1738724428759 195.09108713121336 370
1738724428792 234.70238490067138 371
1738724428824 182.11961077438937 372
1738724428857 160.16512800016184 373
1738724428890 312.40463948899423 374
1738724428923 149.85999249458087 375
1738724428955 67.6896584312816 376
1738724428988 129.19231153619265 377
1738724429021 180.02998254995532 378
1738724429053 100.46435135935806 379
1738724429086 184.14627433936525 380
1738724429119 191.66941237521633 381
1738724429151 131.92161192343661 382
1738724429184 160.17393636092626 383
1738724429216 200.81207164361214 384
1738724429248 152.98078049718387 385
1738724429281 132.13946865731674 386
1738724429313 185.92793595168558 387
1738724429346 229.31369901528475 388
1738724429379 107.0922574624583 389
1738724429411 136.09458368725856 390
1738724429444 194.2736160337689 391
1738724429476 122.57079153568561 392
1738724429510 160.40000090890297 393
1738724429544 155.36025504970536 394
1738724429578 132.2664893027479 395
1738724429611 278.00028237240815 396
1738724429644 219.9598255178516 397
1738724429678 179.7967963491663 398
1738724429711 139.7002741926022 399
1738724429745 312.0479832577886 400
1738724429778 185.2777214852615 401
1738724429811 170.52224277258412 402
1738724429844 185.90752912432006 403
1738724429877 94.46220004439316 404
1738724429911 139.96435868782814 405
1738724429944 151.63056335071354 406
1738724429977 138.98184565492568 407
1738724430011 167.95925760968365 408
1738724430044 140.31557979679593 409
1738724430077 154.29644895945242 410
1738724430110 114.54666262360054 411
1738724430144 166.97852633245935 412
1738724430177 149.18900309544958 413
1738724430210 163.7502931855333 414
1738724430243 147.76036547578772 415
1738724430276 195.81494722645488 416
1738724430309 210.81547915201034 417
1738724430343 175.4811964199846 418
1738724430377 101.12996916795989 419
1738724430411 129.5371380498248 420
1738724430444 96.71865202443661 421
1738724430477 389.27994149460056 422
1738724430510 222.6040604807755 423
1738724430543 256.82512213012546 424
1738724430576 170.74116644811585 425
1738724430609 147.4794501886667 426
1738724430642 193.50617384596862 427
1738724430675 92.58081394661619 428
1738724430707 94.36905194167694 429
1738724430740 298.75905225621773 430
1738724430773 303.2664989168617 431
1738724430806 212.29859245114352 432
1738724430838 166.22689781653648 433
1738724430871 97.1764027308806 434
1738724430904 130.55363945291134 435
1738724430936 303.7647418564964 436
1738724430969 155.8758154002894 437
1738724431002 147.7244604746962 438
1738724431034 185.295830184657 439
1738724431067 130.6829987257426 440
1738724431099 128.84502200458425 441
1738724431132 199.5179133891512 442
1738724431164 149.2206498665954 443
1738724431197 265.6467845589642 444
1738724431229 112.24017639110008 445
1738724431262 149.6036010359784 446
1738724431294 151.1376691177795 447
1738724431327 217.07603290113585 448
1738724431359 189.7853606305478 449
1738724431392 338.8880662867759 450
1738724431424 174.1900144114372 451
1738724431456 158.7263953614424 452
1738724431489 146.63765570767063 453
1738724431521 146.54829957516884 454
1738724431553 141.7080828160072 455
1738724431586 152.37354117939856 456
1738724431618 302.9406420506483 457
1738724431651 131.79851510113318 458
1738724431683 155.41668128868255 459
1738724431716 146.46422508086334 460
1738724431748 199.13744200180227 461
1738724431780 108.32170598467813 462
1738724431813 127.08994749679822 463
1738724431845 180.87460350446798 464
1738724431877 273.0092722701972 465
1738724431910 119.52464420759304 466
1738724431942 193.11775171079344 467
1738724431974 214.6203138151601 468
1738724432006 140.00165078237782 469
1738724432039 192.48929812253448 470
1738724432071 157.44887712032707 471
1738724432103 436.73286533587213 472
1738724432136 265.01668001051473 473
1738724432169 244.29523964409475 474
1738724432202 91.36634068811072 475
1738724432235 162.3587001803746 476
1738724432267 230.79197939429534 477
1738724432300 156.03392626644052 478
1738724432332 228.61421163013068 479
1738724432364 180.48264853066235 480
1738724432396 133.58645855298994 481
1738724432430 146.97285205066987 482
1738724432464 205.4038114517548 483
1738724432498 236.65321903308177 484
1738724432531 250.4237498351928 485
1738724432564 237.8387644077361 486
1738724432597 379.2731330686183 487
1738724432631 121.59011596420483 488
1738724432664 216.62150134348346 489
1738724432696 181.48726070105906 490
1738724432729 187.2021903849145 491
1738724432762 167.75654878759045 492
1738724432795 164.0177662452876 493
1738724432829 213.52269915360955 494
1738724432862 168.85080941027465 495
1738724432895 457.91448896899675 496
1738724432929 215.5381039962628 497
1738724432963 161.84635882697035 498
1738724432996 156.71414059510758 499
