1738726279154 168.09684752647289 0
1738726279158 167.50344206151775 1
1738726279161 170.5837214099388 2
1738726279165 167.9583883686696 3
1738726279169 168.9160420965059 4
1738726279173 168.04681712092295 5
1738726279177 167.67478568873148 6
1738726279181 170.91716247011146 7
1738726279185 169.30206270604762 8
1738726279188 169.22193420414334 9
1738726279192 167.11444871483818 10
1738726279196 165.45188303201894 11
1738726279199 168.37179340999833 12
1738726279203 168.29277223882337 13
1738726279207 168.03350815904744 14
1738726279210 169.96901147593536 15
1738726279214 169.2412281569484 16
1738726279217 170.59386820663937 17
1738726279221 169.15833675351388 18
1738726279225 167.35844534918792 19
1738726279228 169.69451367431952 20
1738726279232 169.6344528012741 21
1738726279235 169.0806557289223 22
