1738722563643 169.16748048763887 0
1738722563647 169.15088188821377 1
1738722563649 169.1350413207967 2
1738722563652 169.11992265474672 3
1738722563655 169.10549151338796 4
1738722563656 169.09171518811567 5
1738722563659 169.07856255672652 6
1738722563662 169.06600400576656 7
1738722563664 169.05401135669752 8
1738722563667 169.04255779569394 9
1738722563673 169.03161780689157 10
1738722563676 169.02116710891738 11
1738722563681 169.01118259453938 12
1738722563683 169.00164227328182 13
1738722563686 168.99252521686088 14
1738722563688 168.98381150730063 15
1738722563690 168.97548218759783 16
1738722563693 168.96751921480993 17
1738722563695 168.95990541544677 18
1738722563698 168.95262444305263 19
1738722563700 168.94566073787033 20
1738722563702 168.9389994884857 21
1738722563703 168.93262659535392 22
1738722563708 168.9265286361154 23
1738722563710 168.92069283261375 24
1738722563712 168.91510701953084 25
1738722563713 168.90975961456013 26
1738722563715 168.90463959004268 27
1738722563716 168.8997364459931 28
1738722563718 168.89504018444796 29
1738722563720 168.89054128507055 30
1738722563722 168.8862306819511 31
1738722563724 168.88209974154344 32
1738722563726 168.87814024168154 33
1738722563727 168.87434435162365 34
1738722563731 168.87070461307317 35
1738722563733 168.8672139221281 36
1738722563740 168.86386551211353 37
1738722563742 168.86065293725397 38
1738722563748 168.85757005714362 39
1738722563750 168.85461102197624 40
1738722563751 168.8517702584966 41
1738722563753 168.84904245663833 42
1738722563755 168.8464225568142 43
1738722563756 168.8439057378274 44
1738722563758 168.8414874053728 45
1738722563759 168.83916318109885 46
1738722563761 168.8369288922039 47
1738722563762 168.83478056153913 48
1738722563764 168.83271439819472 49
1738722563766 168.83072678854396 50
1738722563767 168.82881428772455 51
1738722563769 168.8269736115342 52
1738722563770 168.82520162872106 53
1738722563772 168.82349535364924 54
1738722563774 168.82185193932125 55
1738722563775 168.82026867073967 56
1738722563777 168.81874295859168 57
1738722563778 168.8172723332402 58
1738722563780 168.81585443900718 59
1738722563782 168.8144870287344 60
1738722563783 168.81316795860803 61
1738722563785 168.81189518323447 62
1738722563786 168.81066675095497 63
1738722563788 168.80948079938702 64
1738722563790 168.8083355511823 65
1738722563791 168.80722930998945 66
1738722563793 168.80616045661247 67
1738722563794 168.80512744535514 68
1738722563796 168.80412880054172 69
1738722563797 168.80316311320632 70
1738722563799 168.80222903794166 71
1738722563800 168.8013252899002 72
1738722563802 168.80045064194007 73
1738722563803 168.79960392190807 74
1738722563805 168.79878401005428 75
1738722563807 168.7979898365707 76
1738722563808 168.79722037924847 77
1738722563810 168.7964746612478 78
1738722563811 168.79575174897505 79
1738722563813 168.7950507500618 80
1738722563815 168.7943708114409 81
