1738722888824 116.01262899418737 0
1738722888857 165.58387826658685 1
1738722888889 151.00270804388012 2
1738722888921 181.40709350595205 3
1738722888953 173.64051816885006 4
1738722888986 172.66681985598586 5
1738722889019 172.60657447029848 6
1738722889052 170.4857971271854 7
1738722889085 162.60863583834495 8
1738722889118 176.14652560825866 9
1738722889152 180.0396712203055 10
1738722889185 150.35062949485618 11
1738722889218 175.5418396049042 12
1738722889250 166.75332913358352 13
1738722889282 164.68920440998156 14
1738722889314 155.60490081260255 15
1738722889346 169.58240643567638 16
1738722889377 165.96597999442702 17
1738722889409 204.72106639732607 18
1738722889441 193.051743158798 19
1738722889472 187.73720351683176 20
1738722889504 153.20787508778054 21
1738722889536 150.19250302523776 22
1738722889567 174.43854865759548 23
1738722889599 153.63782864862455 24
1738722889630 174.25985767943195 25
1738722889662 157.91895571746107 26
1738722889693 192.7155032407138 27
1738722889725 176.386499782487 28
1738722889756 218.6721591304835 29
1738722889788 129.23863688629643 30
1738722889820 158.29800759996718 31
1738722889852 159.63977175448778 32
1738722889883 154.4774191298812 33
1738722889915 158.5724578624547 34
1738722889946 182.0185915310317 35
1738722889978 186.74271112776472 36
1738722890009 165.45173663609964 37
1738722890065 151.40535870817968 38
1738722890098 167.28914754444978 39
1738722890130 184.84042296160638 40
1738722890161 141.45583785151206 41
1738722890193 167.16720569227817 42
1738722890226 157.1569068865277 43
1738722890257 153.89195949335263 44
1738722890289 162.88712143255333 45
1738722890321 165.48901318670843 46
1738722890353 156.58918397369004 47
1738722890385 158.33698273028287 48
1738722890417 144.46830902973488 49
1738722890448 183.74023284961825 50
1738722890480 169.13789834263892 51
1738722890511 148.96428433416307 52
1738722890543 149.82782668363922 53
1738722890575 162.5804543111158 54
1738722890607 181.7304306403339 55
1738722890639 164.97418260347243 56
1738722890670 154.2553077616699 57
1738722890702 186.75752331705945 58
1738722890734 145.19387306548327 59
1738722890765 155.04475674514498 60
1738722890797 169.92754440356978 61
1738722890828 147.31411820383644 62
1738722890860 176.25268160157384 63
1738722890891 157.5894264455305 64
1738722890922 194.35314891243954 65
1738722890953 165.72265564223537 66
1738722890985 161.51137994198982 67
1738722891016 160.07412039625066 68
1738722891047 180.23877938347496 69
1738722891078 169.5133108793914 70
1738722891110 166.9228130100537 71
1738722891141 202.7546148708685 72
1738722891172 158.92409591118684 73
1738722891204 159.61706072741623 74
1738722891235 192.89389205826618 75
1738722891266 183.32310278318187 76
1738722891297 163.49819210197322 77
1738722891330 172.96020459509725 78
1738722891362 186.6577138894259 79
1738722891394 170.13508658126722 80
1738722891426 183.99315456380003 81
1738722891458 191.7347959733231 82
1738722891489 159.50423105454516 83
1738722891521 184.27757920300655 84
1738722891553 154.7832717504362 85
1738722891584 156.72046892902642 86
1738722891616 165.7327623565086 87
1738722891647 178.09234110387206 88
1738722891679 179.1869826408466 89
1738722891710 193.4309360382794 90
1738722891742 168.83616122969875 91
1738722891773 182.55082392051645 92
1738722891804 172.3127774686051 93
1738722891836 162.52387383898548 94
1738722891867 164.22574376458644 95
1738722891899 148.3978615270929 96
1738722891930 157.3498207546826 97
1738722891962 177.95536034512688 98
1738722891993 183.9344866577276 99
1738722892024 193.17496270915467 100
1738722892055 174.1564623320251 101
1738722892086 161.25650317538347 102
1738722892117 159.7152743687627 103
1738722892149 167.14666234188132 104
1738722892180 163.82742341558267 105
1738722892211 193.15027446761124 106
1738722892242 176.7445694298384 107
1738722892273 194.7281053860118 108
1738722892305 139.90054031578384 109
1738722892336 181.266139362431 110
1738722892367 164.44049832138904 111
1738722892398 161.65006159116186 112
1738722892429 166.14405171020564 113
1738722892460 179.15298214615905 114
1738722892492 166.6413726393654 115
1738722892523 165.3283435703509 116
1738722892554 183.91025299266673 117
1738722892585 169.28828689176086 118
1738722892617 173.34388891253687 119
1738722892649 152.1479160687441 120
1738722892680 185.7996782990648 121
1738722892712 180.77245607021536 122
1738722892743 170.30195411361834 123
1738722892774 232.47981870266173 124
1738722892806 178.02758816519813 125
1738722892837 154.47431437328385 126
1738722892868 157.74380555903602 127
1738722892900 174.05336232331027 128
1738722892933 159.21165800953614 129
1738722892966 162.47185920195182 130
1738722892998 151.51958639860632 131
1738722893030 151.33650596128606 132
1738722893064 172.33042025066862 133
1738722893097 179.43495033226392 134
1738722893130 189.7068726241034 135
1738722893162 148.92987274434142 136
1738722893194 132.136981575235 137
1738722893226 166.1450522926314 138
1738722893258 171.19414158480546 139
1738722893290 162.59818068976853 140
1738722893321 177.86861708891334 141
1738722893354 180.4717810056422 142
1738722893386 174.11412085309698 143
1738722893418 178.15314787573388 144
1738722893450 173.68390093911077 145
1738722893482 170.97047815299757 146
1738722893513 174.2356253947582 147
1738722893545 108.95374819666733 148
1738722893577 160.14915990545427 149
1738722893609 170.974964413674 150
1738722893640 188.3326153599231 151
1738722893672 147.63316972874128 152
1738722893704 178.1078941311091 153
1738722893735 206.18822596450494 154
1738722893767 179.39900240076264 155
1738722893799 172.58225989326306 156
1738722893830 156.62652222317425 157
1738722893866 183.60272824220192 158
1738722893904 193.26753890453097 159
1738722893943 173.6620230519637 160
1738722893976 156.6045807345354 161
1738722894009 159.62008074219938 162
1738722894041 171.84240597750954 163
1738722894073 163.86053030913783 164
1738722894106 159.8428207526015 165
1738722894138 176.5751263924772 166
1738722894169 179.28122739415397 167
1738722894201 178.02066711316203 168
1738722894232 149.11366726076594 169
1738722894264 202.25736112643193 170
1738722894296 187.8639117578341 171
1738722894327 173.08445145273637 172
1738722894359 173.73333823563192 173
1738722894390 172.59942513143648 174
1738722894422 148.0382469311864 175
1738722894453 163.67554566045615 176
1738722894485 135.1468911211569 177
1738722894516 153.44418527026377 178
1738722894548 178.14543171996655 179
1738722894579 173.78766822882875 180
1738722894611 130.80290254938924 181
1738722894642 173.18270798455035 182
1738722894674 172.78503382166735 183
1738722894705 160.67655444344172 184
1738722894737 186.55083099821414 185
1738722894768 181.00880208097524 186
1738722894799 175.89715915798965 187
1738722894831 161.5439616097451 188
1738722894862 176.0586028700734 189
1738722894893 170.68891546624266 190
1738722894925 186.21903944024956 191
1738722894956 187.97285093574533 192
1738722894987 199.83338615950063 193
1738722895019 164.2837754718686 194
1738722895050 205.31494705474935 195
1738722895081 164.42868690398282 196
1738722895113 148.9945653321513 197
1738722895144 152.1747750031021 198
1738722895175 182.5150101356296 199
1738722895206 197.55385828287123 200
1738722895238 180.1313374767777 201
1738722895269 166.57928610108982 202
1738722895300 191.512614720241 203
1738722895332 166.0961494703641 204
1738722895363 173.76944385464105 205
1738722895394 168.06382350767228 206
1738722895426 196.4070128742098 207
1738722895457 202.74475697908588 208
1738722895488 166.35700024942005 209
1738722895519 173.1506090365424 210
1738722895551 173.8094793908175 211
1738722895582 176.39479366422086 212
1738722895613 128.4652852528494 213
1738722895644 154.31178854634953 214
1738722895676 169.9022598463799 215
1738722895707 157.0656543103516 216
1738722895738 149.8043390368094 217
1738722895770 176.7517432366295 218
1738722895801 188.2361281279693 219
1738722895832 167.61996733753884 220
1738722895863 176.48550457121024 221
1738722895894 198.5452129707213 222
1738722895925 190.50810485152593 223
1738722895956 167.5219704042738 224
1738722895988 160.9714080783281 225
1738722896019 182.0347545093254 226
1738722896050 175.5304684027953 227
1738722896081 216.2804651994902 228
1738722896112 141.10805593433767 229
1738722896144 192.47347492213044 230
1738722896175 171.32037818211498 231
1738722896206 170.6095423426196 232
1738722896237 161.11315055387976 233
1738722896268 168.46344916112997 234
1738722896299 159.19229131360453 235
1738722896330 168.62582288277687 236
1738722896361 181.13165687549454 237
1738722896392 158.32743383770028 238
1738722896424 174.4931100015999 239
1738722896455 151.42274071391185 240
1738722896486 181.4295514204907 241
1738722896517 180.80180694684216 242
1738722896548 185.9223389664052 243
1738722896579 180.3594141754418 244
1738722896610 160.15672194890632 245
1738722896641 160.99413659409515 246
1738722896672 178.06901307488943 247
1738722896704 160.63328330789798 248
1738722896735 176.71195672727782 249
1738722896767 128.45058009409507 250
1738722896798 156.09427500204794 251
1738722896829 194.1922140250368 252
1738722896860 209.9190078200757 253
1738722896891 169.12882899184922 254
1738722896922 156.91053430297433 255
1738722896954 135.96514544168156 256
1738722896986 192.06897180344797 257
1738722897018 187.64369328219922 258
1738722897050 155.82368773900816 259
1738722897082 176.57480172528372 260
1738722897114 177.12194966206584 261
1738722897146 189.08941605714887 262
1738722897178 145.36401230642687 263
1738722897209 169.8264700966684 264
1738722897241 153.6417920237034 265
1738722897272 158.268748305534 266
1738722897305 159.381438484905 267
1738722897337 192.91450216717536 268
1738722897369 175.12891727610693 269
1738722897401 162.83566637795843 270
1738722897433 147.41024385231617 271
1738722897465 138.64831793714777 272
1738722897497 136.2321414606998 273
1738722897528 168.6221340250351 274
1738722897560 165.76929980852051 275
1738722897592 187.3349720752191 276
1738722897624 193.3365007450309 277
1738722897656 176.3058327516133 278
1738722897687 182.10512806016877 279
1738722897722 151.68877712656248 280
1738722897754 157.83373786622067 281
1738722897785 156.75607311142662 282
1738722897817 167.6527514030766 283
1738722897849 177.75474815561807 284
1738722897880 157.0435225369826 285
1738722897912 159.0077800417912 286
1738722897944 150.96670076651472 287
1738722897975 158.61402522192057 288
1738722898007 167.55977374313676 289
1738722898038 141.56168158847015 290
1738722898070 132.7919797431441 291
1738722898101 153.00931845148384 292
1738722898133 147.28026459964804 293
1738722898164 140.53513644427002 294
1738722898196 173.40557286479338 295
1738722898227 176.9100063489333 296
1738722898259 154.2708486694946 297
1738722898290 176.7843031088546 298
1738722898321 159.1678912767972 299
1738722898353 166.45129231564474 300
1738722898384 174.9099483355387 301
1738722898416 136.98467279962136 302
1738722898447 178.13728752031238 303
1738722898478 214.39790631865307 304
1738722898510 172.95598867360397 305
1738722898541 169.89248171712418 306
1738722898572 177.95634641679723 307
1738722898603 172.57540802387481 308
1738722898635 173.56835829296585 309
1738722898666 190.7963281532186 310
1738722898698 176.30615400465507 311
1738722898729 157.18168018586513 312
1738722898760 165.58313692234938 313
1738722898792 174.48728353141624 314
1738722898824 183.1838080681726 315
1738722898855 165.8208095284871 316
1738722898887 170.95486293267004 317
1738722898918 174.26094760572522 318
1738722898949 167.922770868185 319
1738722898981 171.987225904158 320
1738722899012 170.42502853223317 321
1738722899043 171.58519033340036 322
1738722899075 146.76984221752826 323
1738722899106 174.94127723263537 324
1738722899138 149.59551658659385 325
1738722899169 164.3803145859457 326
1738722899200 180.0210551910304 327
1738722899232 151.5342857135777 328
1738722899263 158.8911700538784 329
1738722899294 181.83499718582212 330
1738722899326 157.4359970847661 331
1738722899357 150.9859624693872 332
1738722899388 178.4206278235401 333
1738722899420 190.40425036273885 334
1738722899451 171.92363303368612 335
1738722899482 182.82959025394314 336
1738722899513 171.5788225490333 337
1738722899545 158.34595869146554 338
1738722899576 176.3171975139398 339
1738722899607 152.25622230918046 340
1738722899638 141.8945347862257 341
1738722899670 176.38134361423195 342
1738722899701 155.1695835596575 343
1738722899732 165.3120392062199 344
1738722899763 166.35864863764795 345
1738722899794 155.67720615989384 346
1738722899825 178.87070682030443 347
1738722899856 210.48927139226035 348
1738722899887 152.11548589284155 349
1738722899918 177.78863320132058 350
1738722899949 196.7325533720446 351
1738722899980 170.67012729348602 352
1738722900011 178.74155524641873 353
1738722900042 155.09927407492597 354
1738722900073 171.13265010765483 355
1738722900104 181.06027759586576 356
1738722900137 152.43774272408743 357
1738722900169 183.24717710664808 358
1738722900201 176.11198539502814 359
1738722900233 170.3065880574426 360
1738722900265 158.77604155326998 361
1738722900297 157.74610336283916 362
1738722900329 160.1934437786203 363
1738722900361 176.21709622132258 364
1738722900392 144.1354564792901 365
1738722900424 173.6140780479874 366
1738722900455 196.4638062887254 367
1738722900487 176.42068583615253 368
1738722900518 165.4270962910869 369
1738722900550 156.73368887649627 370
1738722900585 175.6373852036964 371
1738722900616 156.76240117622223 372
1738722900648 167.42059855162043 373
1738722900679 186.121749222076 374
1738722900710 188.06435387800244 375
1738722900742 177.20199206284326 376
1738722900773 176.3858650833753 377
1738722900805 182.09154680577316 378
1738722900837 184.80801098327788 379
1738722900870 215.14831367060285 380
1738722900901 178.7150976975449 381
1738722900933 138.2658899587793 382
1738722900965 163.81377847376234 383
1738722900998 145.5221893443713 384
1738722901029 138.80119051970567 385
1738722901061 156.81976583308835 386
1738722901093 177.86042905667526 387
1738722901125 191.33908367066326 388
1738722901156 173.726481669731 389
1738722901188 159.5952655375185 390
1738722901220 175.4987729182228 391
1738722901252 157.53122913768175 392
1738722901284 152.33378910669066 393
1738722901316 165.16935270668102 394
1738722901347 183.9595811674454 395
1738722901379 155.64263987986195 396
1738722901411 177.654330688822 397
1738722901443 138.68621755116553 398
1738722901474 180.71057271607677 399
1738722901506 182.11778098587243 400
1738722901537 173.2114617739679 401
1738722901569 141.5336462416035 402
1738722901601 161.17530530481943 403
1738722901632 188.4841079656549 404
1738722901664 176.77325118576405 405
1738722901696 159.92755084035403 406
1738722901727 149.734801593774 407
1738722901759 164.5284628296488 408
1738722901791 167.74421539113726 409
1738722901822 185.17347168030966 410
1738722901854 146.56214001099877 411
1738722901885 186.95370571581515 412
1738722901917 164.37698516663932 413
1738722901948 162.17063689794875 414
1738722901980 141.74261862141014 415
1738722902011 167.80517397826006 416
1738722902043 169.7802290509239 417
1738722902075 190.5615250037267 418
1738722902106 177.6867524734821 419
1738722902138 210.8996324692586 420
1738722902169 165.10587725785103 421
1738722902200 153.7366567433294 422
1738722902232 157.83220030001414 423
1738722902263 180.53794442995348 424
1738722902295 174.8594362003063 425
1738722902326 142.6441773400921 426
1738722902358 165.40972711167268 427
1738722902389 149.27273673299453 428
1738722902421 169.96361065095047 429
1738722902452 157.62767605089593 430
1738722902484 174.14306157793706 431
1738722902515 168.45752073568374 432
1738722902546 191.05647758013873 433
1738722902578 180.6858193984633 434
1738722902609 168.62675303157806 435
1738722902641 167.2443099640441 436
1738722902672 157.50676691904792 437
1738722902703 164.5931583364932 438
1738722902735 162.94804534165345 439
1738722902766 169.16740872145235 440
1738722902798 161.46588037270905 441
1738722902829 172.7134828121819 442
1738722902861 149.70469662403542 443
1738722902892 179.02086181651754 444
1738722902924 183.366016994233 445
1738722902955 161.36329299717292 446
1738722902986 188.8084399772023 447
1738722903017 156.1134909013099 448
1738722903048 173.38938653814495 449
1738722903080 181.00571975362243 450
1738722903111 170.38332189171027 451
1738722903142 174.20146078921692 452
1738722903173 157.33376895230094 453
1738722903204 169.79911746547143 454
1738722903235 178.02886082119042 455
