1738726541909 159.70814440766856 0
1738726541944 145.27364168938323 1
1738726541979 176.16474306343358 2
1738726542013 175.15337769571985 3
1738726542047 144.09153007299994 4
1738726542082 173.2039849738808 5
1738726542117 157.643483508994 6
1738726542152 152.54798216907218 7
1738726542187 189.61041597290347 8
1738726542221 154.70597773399783 9
1738726542256 179.4832646900744 10
1738726542290 97.39434411320364 11
1738726542324 190.51314880232445 12
1738726542358 173.2220900611431 13
1738726542393 162.9181733905856 14
1738726542427 268.3818110295373 15
1738726542461 212.54529792191468 16
1738726542495 161.56202102138582 17
1738726542529 151.79861639070504 18
1738726542564 183.01005157495732 19
1738726542598 212.15279965502438 20
1738726542632 119.71950673853304 21
1738726542667 65.17046673107001 22
1738726542703 144.76306932508467 23
1738726542737 183.6577783422854 24
1738726542771 151.9930546257735 25
1738726542805 287.1906448382069 26
1738726542839 157.89699695561373 27
1738726542873 192.4442381612923 28
1738726542907 118.79197716595786 29
1738726542941 198.22713274598337 30
1738726542975 166.6748425565684 31
1738726543009 130.18279230204078 32
1738726543043 226.36224689915818 33
1738726543077 114.70230503888052 34
1738726543111 248.54213299676942 35
1738726543145 166.7560303803471 36
1738726543181 188.53943031730887 37
1738726543216 237.33972618747305 38
1738726543250 137.9385196123439 39
1738726543285 252.5517630791503 40
1738726543320 183.95849249427644 41
1738726543355 248.7595501260866 42
1738726543417 192.1298307404166 43
1738726543452 169.24928161030724 44
1738726543487 315.2295516666385 45
1738726543521 112.30255711166437 46
1738726543556 174.2702295954168 47
1738726543591 149.17409616859604 48
1738726543625 134.7029042582023 49
1738726543659 112.20049079522566 50
1738726543694 137.84728608844088 51
1738726543728 224.13395434317923 52
1738726543763 216.9865683677985 53
1738726543797 144.7830267366068 54
1738726543831 169.66019628623621 55
1738726543865 92.42849381888368 56
1738726543899 174.40337100480767 57
1738726543933 144.59621885512874 58
1738726543967 166.65834647409056 59
1738726544001 243.70831814350572 60
1738726544038 110.98860772487838 61
1738726544072 105.69269800593973 62
1738726544106 189.83562021872035 63
1738726544140 308.8072451688247 64
1738726544174 196.12750169512378 65
1738726544208 87.56614407232028 66
1738726544242 148.61381024944038 67
1738726544276 182.3255358223087 68
1738726544310 210.28631644247426 69
1738726544344 126.04328795353727 70
1738726544378 257.43312596595786 71
1738726544412 177.1056438632809 72
1738726544446 205.49347370304235 73
1738726544481 100.58692709469182 74
1738726544515 140.86853213738056 75
1738726544548 137.5944353205652 76
1738726544582 203.27292866048057 77
1738726544616 217.4327514852303 78
1738726544658 174.98619398130964 79
1738726544693 194.06293490451642 80
1738726544729 208.18363532702855 81
1738726544764 220.23028189991692 82
1738726544798 209.86833212590074 83
1738726544833 165.9598424174601 84
1738726544868 47.9823640281858 85
1738726544904 141.1453429794994 86
1738726544939 227.03221477294315 87
1738726544974 157.06875045952165 88
1738726545009 175.2799064401642 89
1738726545043 202.48297786297385 90
1738726545077 200.67969076481197 91
1738726545112 177.81055289673773 92
1738726545146 249.08204972601447 93
1738726545180 241.1883057357688 94
1738726545215 231.33868474033784 95
1738726545250 126.1940682837042 96
1738726545285 242.03904580731535 97
1738726545320 172.16567669468108 98
1738726545355 139.7428477402395 99
1738726545389 179.90950283972978 100
1738726545424 112.63897184586519 101
1738726545459 178.55837455048706 102
1738726545494 131.3177622021141 103
1738726545529 186.916580358573 104
1738726545563 240.65667957608903 105
1738726545598 194.05402140589143 106
1738726545632 181.1489054685815 107
1738726545667 213.8708075332427 108
1738726545701 203.4983483275161 109
1738726545736 173.54336914117957 110
1738726545773 69.11862335403349 111
1738726545807 118.97316489985609 112
1738726545841 198.75231872084564 113
1738726545876 98.91938582076743 114
1738726545910 188.75402101639898 115
1738726545944 165.89717192019464 116
1738726545978 277.7783599246142 117
1738726546012 127.95814236231212 118
1738726546046 203.84817022086926 119
1738726546080 204.2834589519349 120
1738726546114 180.35431781537693 121
1738726546148 168.406675045802 122
1738726546182 102.00057144566742 123
1738726546216 297.680932263959 124
1738726546250 183.67503900681615 125
1738726546284 137.658394660484 126
1738726546318 395.22428855369543 127
1738726546353 165.91375165094922 128
1738726546387 202.46126834501263 129
1738726546421 153.0146773672078 130
1738726546455 80.34443494215563 131
1738726546489 152.88031102958445 132
1738726546523 183.3105667882154 133
1738726546557 214.91115729934518 134
1738726546591 310.1527080327111 135
1738726546625 105.63258376294664 136
1738726546659 206.35639042696081 137
1738726546693 161.9583323604983 138
1738726546727 166.98387483581075 139
1738726546761 147.0385568954087 140
1738726546795 150.02951154872412 141
1738726546829 229.41627909953272 142
1738726546863 163.1740716273451 143
1738726546897 156.13279073540306 144
1738726546930 198.86968098286602 145
1738726546964 149.7028946326532 146
1738726546998 174.44292869325045 147
1738726547032 181.0633859493677 148
1738726547065 165.50119062028176 149
1738726547099 202.48730131322444 150
1738726547133 206.75038762918163 151
1738726547167 183.50608411827298 152
1738726547201 167.86275856266948 153
1738726547235 199.36412350740434 154
1738726547269 133.9029784659084 155
1738726547302 174.88765557016376 156
1738726547336 119.99432617194712 157
1738726547371 188.6423990129813 158
1738726547405 120.0257123763302 159
1738726547440 184.34332949260025 160
1738726547474 152.83287291994904 161
1738726547509 217.27601241242357 162
1738726547543 123.09658775004311 163
1738726547578 122.33848640956046 164
1738726547612 152.57109707083188 165
1738726547646 172.92421572260864 166
1738726547680 181.1556525828854 167
1738726547714 214.19301031648814 168
1738726547749 162.83895864384 169
1738726547784 110.55531836822324 170
1738726547818 161.84573608879325 171
1738726547853 211.35263958665163 172
1738726547888 150.81786382278037 173
1738726547923 210.5510932543918 174
1738726547958 102.94957320048312 175
1738726547992 81.5601901777531 176
1738726548027 103.32968914161046 177
1738726548061 147.5869263751173 178
1738726548096 140.21297403655146 179
1738726548130 175.90622991957113 180
1738726548164 215.160386554221 181
1738726548199 121.66192382491336 182
1738726548233 166.182802924302 183
1738726548268 219.37930588943465 184
1738726548302 224.85110007052396 185
1738726548336 308.2259045691154 186
1738726548371 171.7419750791958 187
1738726548407 199.98918959247274 188
1738726548441 196.47633044667955 189
1738726548476 160.09831851655832 190
1738726548510 191.78970287601214 191
1738726548545 64.69117985737948 192
1738726548579 226.38284262818576 193
1738726548614 175.21343117002962 194
1738726548648 129.76566941841895 195
1738726548682 190.2724382129834 196
1738726548717 186.68376915876135 197
1738726548751 120.59254363835066 198
1738726548785 141.8875452534862 199
1738726548820 98.20909742722972 200
1738726548854 233.2089671296354 201
1738726548888 268.72708127929513 202
1738726548923 218.0259384559311 203
1738726548957 205.3512030174046 204
1738726548991 111.29628734383348 205
1738726549025 160.9001450733477 206
1738726549059 231.80466933084315 207
1738726549093 202.38943103100686 208
1738726549128 128.41811206762844 209
1738726549162 166.2693449700531 210
1738726549196 201.39055057502523 211
1738726549230 140.33743719359526 212
1738726549264 213.87820642781668 213
1738726549299 190.41779598936705 214
1738726549333 199.33605439298867 215
1738726549367 238.55154731306277 216
1738726549401 99.12354263399023 217
1738726549435 148.39023732387557 218
1738726549469 70.7127815088739 219
1738726549503 152.69289741265627 220
1738726549537 133.29933891898014 221
1738726549571 255.55229900627873 222
1738726549605 218.05571577927356 223
1738726549640 166.4156475567775 224
1738726549674 155.53710909226663 225
1738726549708 103.01007077269219 226
1738726549742 198.79020743947186 227
1738726549776 150.88815138927083 228
1738726549810 195.6705848937847 229
1738726549845 300.4047637233906 230
1738726549879 188.21369510093697 231
1738726549913 232.8431557080095 232
1738726549947 134.40841349308894 233
1738726549981 215.51861258942304 234
1738726550015 228.4886420329188 235
1738726550049 179.86236157153084 236
1738726550084 114.74003863984166 237
1738726550118 187.45516609277578 238
1738726550152 136.5576479841121 239
1738726550186 137.161687059221 240
1738726550220 193.9084440824368 241
1738726550254 302.94131034314915 242
1738726550288 153.71595923703302 243
1738726550322 154.60720160068615 244
1738726550356 212.0292684566769 245
1738726550390 164.0785461415537 246
1738726550424 285.61457014855665 247
1738726550458 152.12921071622313 248
1738726550492 211.9789976860095 249
1738726550527 131.77887124226413 250
1738726550561 162.94898453684476 251
1738726550595 173.75886333463393 252
1738726550629 173.10472009489033 253
1738726550663 164.06609578076066 254
1738726550697 166.7719504493577 255
1738726550730 217.58069468043138 256
1738726550764 132.83851883303603 257
1738726550798 177.79373429938735 258
1738726550832 106.04837977013736 259
1738726550866 164.2871926339188 260
1738726550901 164.23714359251892 261
1738726550934 62.721239592279375 262
1738726550968 155.6162170085231 263
1738726551002 124.21573218379922 264
1738726551036 226.98954278281641 265
1738726551070 211.50619798498198 266
1738726551104 117.22124260085866 267
1738726551138 113.75028773472127 268
1738726551172 200.91711680917174 269
1738726551206 212.10143059577206 270
1738726551240 140.1104273840531 271
1738726551274 157.81965267206888 272
1738726551308 238.51757224694057 273
1738726551341 183.66737816600389 274
1738726551375 120.43325163882609 275
1738726551409 186.7723179438961 276
1738726551443 167.36584547392863 277
1738726551477 167.8634300038826 278
1738726551511 161.2833686618921 279
1738726551544 94.78538204625174 280
1738726551578 107.15322746215145 281
1738726551612 114.14395256818797 282
1738726551646 50.65548601457655 283
1738726551680 186.35649317427675 284
1738726551714 130.90693781328224 285
1738726551747 178.75435807963075 286
1738726551781 146.04898137186873 287
1738726551815 241.95612008825518 288
1738726551849 127.30574904165833 289
1738726551883 76.75437479825096 290
1738726551917 95.3728119003809 291
1738726551950 196.62369795665305 292
1738726551984 191.40084655767816 293
1738726552018 183.44829377303762 294
1738726552052 69.55550681697449 295
1738726552086 164.26757131389152 296
1738726552119 226.72372626571303 297
1738726552153 176.14917484027634 298
1738726552187 188.88346438554578 299
1738726552221 187.35966204056376 300
1738726552255 126.91577675999072 301
1738726552288 238.44900514671352 302
1738726552322 142.4551326489974 303
1738726552355 212.6103312102329 304
1738726552389 201.66336604540842 305
1738726552423 209.85514567817103 306
1738726552456 171.03414412412155 307
1738726552490 151.68561365131478 308
1738726552524 345.92031988330456 309
1738726552558 48.4329849006997 310
1738726552592 47.96342834835816 311
1738726552625 184.7083309165242 312
1738726552660 143.1388993292136 313
1738726552695 174.8050150916471 314
1738726552730 295.0795820733119 315
1738726552764 221.9805714361984 316
1738726552798 208.6339048532189 317
1738726552833 82.72073959957285 318
1738726552867 192.159351972523 319
1738726552902 200.9569397332213 320
1738726552936 204.33382016639715 321
1738726552971 191.301970014486 322
1738726553005 106.8757994287542 323
1738726553040 207.15753360378937 324
1738726553074 118.96586535211705 325
1738726553108 330.88597176394455 326
1738726553142 196.71641797732363 327
1738726553176 165.4301102668636 328
1738726553210 154.68864942049646 329
1738726553245 175.83314290304227 330
1738726553279 155.90460854184255 331
1738726553313 254.08258676135497 332
1738726553349 157.94208211424197 333
1738726553383 86.36421639854842 334
1738726553417 133.42533255537475 335
1738726553451 146.06615979601844 336
1738726553485 145.99771209036584 337
1738726553519 125.50941150133714 338
1738726553553 167.98925021232563 339
1738726553587 216.25851732662005 340
1738726553621 206.87222756494376 341
1738726553655 262.130001126283 342
1738726553689 156.10804382961342 343
1738726553723 199.57989421544548 344
1738726553757 201.87105313428785 345
1738726553791 191.5790002468721 346
1738726553825 222.04557055840226 347
1738726553858 111.56850538496477 348
1738726553892 282.4443022674548 349
1738726553926 95.69831459335748 350
1738726553961 202.03853723934995 351
1738726553995 137.2209675511154 352
1738726554029 230.2364620464196 353
1738726554063 157.1897194470272 354
1738726554096 176.48318667036756 355
1738726554130 182.97347794229134 356
1738726554164 241.74926063179333 357
1738726554198 472.1622628096383 358
1738726554231 267.31102042999936 359
1738726554265 190.94821283355233 360
1738726554299 133.05169770161802 361
1738726554333 191.4967973401736 362
1738726554366 188.72285574306102 363
1738726554401 131.44632900431066 364
1738726554434 144.17087665996766 365
1738726554468 190.55714013056087 366
1738726554502 132.4816354025675 367
1738726554535 235.958375383542 368
1738726554569 212.48028908551893 369
1738726554603 162.63846545967726 370
1738726554637 203.68680749952048 371
1738726554670 191.65469646032307 372
1738726554704 213.7333773093601 373
1738726554738 215.19157414114 374
1738726554771 63.08297616537317 375
1738726554805 256.6882122550858 376
1738726554839 184.85385275270173 377
1738726554872 125.03275358919582 378
1738726554906 350.3600159196964 379
1738726554940 242.22445278850972 380
1738726554973 164.7021393841279 381
1738726555007 136.27938599048267 382
1738726555041 226.05013872018432 383
1738726555075 206.48439244403318 384
1738726555108 154.8320889025403 385
1738726555142 148.15688905632803 386
1738726555176 127.97740271267287 387
1738726555211 131.57076877584157 388
1738726555246 207.42131202248842 389
1738726555281 195.0397293696615 390
1738726555316 212.7073704372351 391
1738726555350 207.28437916730903 392
1738726555385 156.59337150431307 393
1738726555420 184.5099170895008 394
1738726555454 178.5648639249518 395
1738726555489 189.13583830239213 396
1738726555524 155.96939817520925 397
1738726555559 176.63110317244545 398
1738726555593 179.4435619517895 399
1738726555628 234.31804359908156 400
1738726555663 206.3381801352487 401
1738726555697 104.42839402106587 402
1738726555732 161.22398172860392 403
1738726555766 172.85836782852078 404
1738726555801 148.85281163838346 405
1738726555835 173.1412303766348 406
1738726555870 258.49691607068627 407
1738726555904 258.56520559558527 408
1738726555939 266.4214339240058 409
1738726555973 163.27082167176638 410
1738726556008 148.0911736078617 411
1738726556043 209.04270507904866 412
1738726556078 260.7927573134399 413
1738726556112 250.05742033829145 414
1738726556146 156.77094105929774 415
1738726556180 169.9531262064083 416
1738726556215 185.61893279673677 417
1738726556249 112.80204319808519 418
1738726556283 148.8898418540266 419
1738726556317 36.73437025426298 420
1738726556352 135.74830010603856 421
1738726556386 144.92609488544696 422
1738726556420 184.57755263394628 423
1738726556455 127.89717163517633 424
1738726556489 177.56350339872208 425
1738726556523 256.1118077865277 426
1738726556557 259.90915009891796 427
1738726556592 225.9005480723564 428
1738726556626 146.4074484522132 429
1738726556660 153.34891931663498 430
1738726556694 183.2059326519471 431
1738726556728 185.2017827357801 432
1738726556762 94.78969482740635 433
1738726556796 71.8449619219741 434
1738726556830 171.44398893186312 435
1738726556865 178.69598285307 436
1738726556899 192.19736055285674 437
1738726556933 123.69177212507977 438
1738726556967 242.7081507978114 439
1738726557001 230.88227303574152 440
1738726557035 124.16280160919229 441
1738726557069 187.26044050222612 442
1738726557103 458.5546220240008 443
1738726557137 66.50560429328534 444
1738726557171 136.4858527363336 445
1738726557205 324.8616995683492 446
1738726557239 189.9392992037869 447
1738726557274 92.27206225454954 448
1738726557308 179.0383993963061 449
1738726557342 111.21803763419572 450
1738726557376 175.50671157902815 451
1738726557410 182.7979145546644 452
1738726557444 162.04844332140024 453
1738726557478 155.62465739410294 454
1738726557512 273.26123187661636 455
1738726557546 176.1289577087471 456
1738726557580 301.86855994853147 457
1738726557615 165.09387836944506 458
1738726557649 184.42382152837254 459
1738726557683 104.76344111749003 460
1738726557717 114.03085478015548 461
1738726557751 267.4567850042488 462
1738726557785 240.36977172990478 463
1738726557819 135.33105721366786 464
1738726557853 144.80408585962897 465
1738726557887 141.3634851710925 466
1738726557921 162.16582987025035 467
1738726557955 265.0975643928961 468
1738726557989 156.0337756450984 469
1738726558023 84.91779988968788 470
1738726558058 87.38066436539924 471
1738726558093 205.195492259676 472
1738726558127 221.37888367186838 473
1738726558162 257.9895631281988 474
1738726558196 220.80045467496257 475
1738726558232 122.31710210923424 476
1738726558267 185.5214733514631 477
1738726558301 120.6730937568433 478
1738726558336 196.105673440397 479
1738726558371 362.54602387338565 480
1738726558406 159.28055395369074 481
1738726558440 201.52517111811986 482
1738726558475 155.1408992926864 483
1738726558510 179.57205044806764 484
1738726558544 170.19961074261224 485
1738726558579 111.28474806427828 486
1738726558613 182.367344744136 487
1738726558648 277.55699098838215 488
1738726558682 146.27610000894765 489
1738726558716 172.49360006905547 490
1738726558751 156.2918542004896 491
1738726558785 141.35868520496447 492
1738726558820 162.146979518507 493
1738726558854 239.22294761265377 494
1738726558888 194.63038603677467 495
1738726558923 73.09285267103847 496
1738726558957 178.63201573427278 497
1738726558991 133.8514827784264 498
1738726559026 173.8390808109426 499
