1738726301554 161.06377962763364 0
1738726301593 174.94565264713023 1
1738726301631 160.677790794031 2
1738726301669 161.79802810299367 3
1738726301709 160.4819625788778 4
1738726301748 170.89801214027779 5
1738726301786 150.47665197677344 6
1738726301825 159.81563427430504 7
1738726301863 195.87264834864814 8
1738726301902 169.0114849211437 9
1738726301940 159.50335765071677 10
1738726301977 186.3530024459381 11
1738726302015 167.13384713382814 12
1738726302052 165.26901175007916 13
1738726302089 184.94234800616687 14
1738726302127 159.69183464318385 15
1738726302164 132.72794496163152 16
1738726302201 185.61128073531484 17
1738726302239 159.8111573210819 18
1738726302278 191.69860839332705 19
1738726302316 140.3059566139768 20
1738726302354 159.37020608217875 21
1738726302392 155.94645935406584 22
1738726302430 143.93519550832423 23
1738726302468 159.44027673001477 24
1738726302506 167.41713996820798 25
1738726302544 163.327836025685 26
1738726302581 198.39134385944294 27
1738726302619 190.4177275971077 28
1738726302656 182.0535909797553 29
1738726302694 172.1602821978904 30
1738726302732 123.38665481040202 31
1738726302800 158.39336883072082 32
1738726302838 156.61274701714217 33
1738726302876 145.16899512904567 34
1738726302915 147.26867824439125 35
1738726302953 193.220276820535 36
1738726302991 175.35663471827777 37
1738726303028 157.37277810334714 38
1738726303066 150.56279951763776 39
1738726303104 178.41974492633312 40
1738726303141 172.61162629926113 41
1738726303179 167.7305286900759 42
1738726303217 172.04317357103585 43
1738726303254 175.66521708072062 44
1738726303292 155.17316972124374 45
1738726303330 183.82750082284085 46
1738726303367 157.75032225206826 47
1738726303405 173.13058060576384 48
1738726303443 183.7781704330792 49
1738726303480 142.81439011218924 50
1738726303518 166.65670888523266 51
1738726303555 171.61668314167864 52
1738726303593 178.71285112434506 53
1738726303630 120.61086891035663 54
1738726303668 156.61659848802174 55
1738726303706 177.30752662617485 56
1738726303745 162.12263058343783 57
1738726303783 144.5328075154466 58
1738726303820 190.62974980050828 59
1738726303858 152.35320700091572 60
1738726303895 150.04477975808453 61
1738726303933 173.29649061999507 62
1738726303971 172.95289129025755 63
1738726304008 162.37181738883018 64
1738726304046 181.56093707989308 65
1738726304083 184.0145043917656 66
1738726304121 146.64162417572953 67
1738726304158 152.6631022076884 68
1738726304195 174.86427784317985 69
1738726304233 172.0385418491222 70
1738726304270 144.9760753812943 71
1738726304307 185.68521648019203 72
1738726304344 164.5582363823421 73
1738726304381 170.94774025640214 74
1738726304419 150.6308664011309 75
1738726304456 158.33041682667817 76
1738726304493 172.6432102230146 77
1738726304531 163.59590311994668 78
1738726304568 191.34342234207568 79
1738726304605 175.78138559264218 80
1738726304642 136.563030013241 81
1738726304679 147.96011807616682 82
1738726304716 182.9489404399612 83
1738726304753 173.58509718120806 84
1738726304790 182.92628436966055 85
1738726304828 176.61410026814463 86
1738726304867 153.00844734502647 87
1738726304906 176.13645020568757 88
1738726304946 188.10434112895572 89
1738726304986 170.98081764221772 90
1738726305026 160.25927340468817 91
1738726305066 152.47450544574346 92
1738726305104 183.7563256619651 93
1738726305143 173.87537952697917 94
1738726305181 166.09234749373041 95
1738726305219 188.33963548159713 96
1738726305256 142.95858048755002 97
1738726305294 154.63206839054465 98
1738726305332 173.18928302595313 99
1738726305369 159.4653864296446 100
1738726305407 146.9202471761837 101
1738726305444 166.75836712477854 102
1738726305482 170.8953649867132 103
1738726305520 163.19329816937062 104
1738726305559 199.52270268693354 105
1738726305598 227.03965574270606 106
1738726305637 175.95235040019517 107
1738726305678 175.2763585461346 108
1738726305717 156.27781548133527 109
1738726305756 166.71425090063306 110
1738726305795 149.676324503871 111
1738726305833 165.71891797561491 112
1738726305872 166.3445222331785 113
1738726305910 148.14199319553398 114
1738726305948 171.24881572723612 115
1738726305986 209.42406302584783 116
1738726306024 210.64893536761298 117
1738726306063 162.50380274699148 118
1738726306100 174.76316267416638 119
1738726306138 173.80533532103397 120
1738726306176 186.06131651892662 121
1738726306214 190.76874933569965 122
1738726306253 160.39192362890762 123
1738726306291 167.55397025300658 124
1738726306329 166.17248765797132 125
1738726306366 121.69407671239911 126
1738726306404 148.2899344155406 127
1738726306442 145.93750385064763 128
1738726306479 190.20716049521658 129
1738726306517 169.1975745050818 130
1738726306554 167.9804908412016 131
1738726306592 165.37048567552498 132
1738726306630 192.83596613969064 133
1738726306667 178.4354437067291 134
1738726306708 163.61627904055288 135
1738726306749 165.05994066911808 136
1738726306788 146.21466163464518 137
1738726306827 156.22985815584744 138
1738726306866 175.07924875845808 139
1738726306906 184.52159391864882 140
1738726306946 163.16840719926978 141
1738726306984 188.17527655268051 142
1738726307022 168.96215195012644 143
1738726307060 178.46765598376857 144
1738726307098 154.27409932065953 145
1738726307136 254.45060299160994 146
1738726307175 187.57396188037333 147
1738726307213 162.33706169667917 148
1738726307251 144.54346260089767 149
1738726307289 151.71931570038447 150
1738726307327 157.75998919534237 151
1738726307365 144.16933249054924 152
1738726307403 191.56881837995968 153
1738726307440 170.59847437519787 154
1738726307478 194.7036188700158 155
1738726307516 168.54344338515443 156
1738726307553 133.14249993089842 157
1738726307590 175.19807846595964 158
1738726307628 157.84194194677028 159
1738726307665 165.45002737128053 160
1738726307708 170.74944507271138 161
1738726307749 170.3361123750464 162
1738726307788 171.40329555035072 163
1738726307828 155.09194402022933 164
1738726307866 183.90778340508749 165
1738726307905 168.68187034261135 166
1738726307943 191.46386116879697 167
1738726307980 135.83623903283504 168
1738726308018 161.83762911455048 169
1738726308056 149.33493369847434 170
1738726308093 162.57510894023983 171
1738726308130 152.885313691322 172
1738726308167 165.32333042379884 173
1738726308205 155.68820156990392 174
1738726308243 179.30371837911326 175
1738726308282 193.97864675607465 176
1738726308321 168.1699451216471 177
1738726308361 209.5157201396552 178
1738726308400 180.5610959737369 179
1738726308439 136.53758228308553 180
1738726308478 160.2826393959598 181
1738726308517 147.0847327821172 182
1738726308555 199.39431414984094 183
1738726308593 125.80412954570856 184
1738726308632 191.57850288745587 185
1738726308670 163.45516276758048 186
