1738722539000 173.5691022934156 0
1738722539035 169.74524731854973 1
1738722539069 155.23695271343533 2
1738722539104 168.89198329161343 3
1738722539138 173.56092553824615 4
1738722539173 173.72050595498777 5
1738722539208 166.8101912007954 6
1738722539242 166.59782487386332 7
1738722539277 181.07276760048688 8
1738722539311 171.80587089099413 9
1738722539344 165.45638665200352 10
1738722539378 171.75705982049635 11
1738722539412 165.8229563663518 12
1738722539447 167.9922192592673 13
1738722539480 192.84777330689622 14
1738722539514 169.33710852502512 15
1738722539548 180.5106969750252 16
1738722539582 159.87854397935033 17
1738722539615 168.32913763232676 18
1738722539649 169.02488229322623 19
1738722539682 177.68624285892744 20
1738722539716 173.83795002363377 21
1738722539750 165.48158818049038 22
1738722539784 177.71912898548368 23
1738722539818 183.3097762870483 24
1738722539852 144.2739150315879 25
1738722539886 177.5980915876744 26
1738722539920 144.83342839857394 27
1738722539958 170.55297484797327 28
1738722539992 178.07304750274824 29
1738722540026 176.21148016054306 30
1738722540060 169.5593112997198 31
1738722540094 173.4580520768575 32
1738722540128 161.68482710453705 33
1738722540161 164.82587118976227 34
1738722540195 163.7713026323529 35
1738722540231 144.91818354146264 36
1738722540264 173.49692280438893 37
1738722540298 163.88539920470566 38
1738722540331 172.54382735473104 39
1738722540365 177.17156246349052 40
1738722540400 175.80840848358304 41
1738722540434 189.34881849822216 42
1738722540468 158.11632203940698 43
1738722540502 169.861562317843 44
1738722540536 167.73644528066276 45
1738722540571 143.4417008383475 46
1738722540605 175.62171060086615 47
1738722540640 169.58667026365765 48
1738722540675 174.5905432237024 49
1738722540710 164.32529026334046 50
1738722540744 172.40161170434752 51
1738722540779 172.62627172015718 52
1738722540814 168.98104369414966 53
1738722540848 172.21960591331546 54
1738722540882 165.06105434369317 55
1738722540917 177.57110139541996 56
1738722540951 160.68962391141628 57
1738722540985 153.94082926607553 58
1738722541019 150.32022437717913 59
1738722541054 167.99649915502704 60
1738722541088 159.30970125011945 61
1738722541121 164.37224641434537 62
1738722541155 174.04717577837636 63
1738722541189 166.8744575943149 64
1738722541223 178.8061363743031 65
1738722541256 165.13999618115977 66
1738722541289 170.2892135961436 67
1738722541323 143.04347670706872 68
1738722541357 144.84085858851253 69
1738722541391 170.80998610964105 70
1738722541424 167.1932988260135 71
1738722541458 169.22975692705364 72
1738722541492 161.25985798861421 73
1738722541525 181.70742301122644 74
1738722541558 165.0432637165058 75
1738722541592 165.88826541238947 76
1738722541625 174.5850105978122 77
1738722541659 146.36799780546343 78
1738722541692 171.51943344749196 79
1738722541726 175.13707762828608 80
1738722541766 166.41181087642877 81
1738722541814 159.2776028801304 82
1738722541848 173.50163312393195 83
1738722541881 172.8051142046207 84
1738722541914 165.1572468648699 85
1738722541948 174.01833027407994 86
1738722541981 171.33320456698556 87
1738722542013 155.00755143248043 88
1738722542046 166.7587855698358 89
1738722542079 161.57417943688156 90
1738722542112 171.80545481573606 91
1738722542146 159.65862047506826 92
1738722542179 174.47533890025085 93
1738722542212 170.93183354585275 94
1738722542246 177.2589584713151 95
1738722542279 167.35078881107745 96
