1738722980127 160.2052357742124 0
1738722980164 167.56678779728995 1
1738722980196 159.97515428960298 2
1738722980228 172.82686953606938 3
1738722980260 179.4281802115384 4
1738722980292 168.90449572375502 5
1738722980324 176.3823639839139 6
1738722980357 160.6578776144868 7
1738722980390 179.22942249594007 8
1738722980422 170.07147876027773 9
1738722980454 165.2252868023189 10
1738722980490 164.6187424789595 11
1738722980522 158.9497129405836 12
1738722980555 168.22017315161105 13
1738722980587 174.6555662517667 14
1738722980619 172.50408552009924 15
1738722980651 172.66339827734888 16
