1738724665305 108.27878122059002 0
1738724665335 47.985479370337785 1
1738724665364 152.24131858792953 2
1738724665394 130.0228428577907 3
1738724665424 181.2233332910256 4
1738724665453 101.4192476821173 5
1738724665483 120.89291056834465 6
1738724665514 179.8149264919634 7
1738724665543 103.57651256385516 8
1738724665573 179.1598995038806 9
1738724665602 130.34517703367186 10
1738724665632 352.5979383604323 11
1738724665661 177.06222387182748 12
1738724665691 102.3688217619677 13
1738724665720 215.9397282293664 14
1738724665750 101.34755936773074 15
1738724665779 113.2520300619611 16
1738724665809 199.44145335308616 17
1738724665838 261.9567002320556 18
1738724665867 130.60862642991515 19
1738724665896 108.50328651303468 20
1738724665926 141.38762217621957 21
1738724665955 176.3276346917215 22
1738724665984 185.15449112212545 23
1738724666013 131.15713434996258 24
1738724666042 171.07410174568352 25
1738724666071 175.09813174485805 26
1738724666100 158.93325710503782 27
1738724666129 173.95079684980678 28
1738724666158 145.32088788607257 29
1738724666187 136.07400290749857 30
1738724666216 366.32291515013554 31
1738724666245 153.07710096100575 32
1738724666274 159.93045691122703 33
1738724666303 244.36396639107429 34
1738724666332 185.65707504404483 35
1738724666361 254.4376373667534 36
1738724666390 178.5066034498248 37
1738724666419 173.92401559208497 38
1738724666448 130.40062911353925 39
1738724666477 209.4139057110528 40
1738724666506 233.14272437517633 41
1738724666535 198.38099599157448 42
1738724666564 88.83434491819202 43
1738724666593 127.71283398626771 44
1738724666622 130.1918600183522 45
1738724666650 254.1916408213402 46
1738724666680 45.565895442827824 47
1738724666708 182.45190880220707 48
1738724666737 180.89297449489112 49
1738724666766 151.76439944714838 50
1738724666795 123.81194545443932 51
1738724666824 187.29943012165992 52
1738724666853 112.68115299983833 53
1738724666882 319.7979709052706 54
1738724666911 189.80576029611262 55
1738724666939 175.91902941060528 56
1738724666968 126.79772783392637 57
1738724666997 182.89306284830812 58
1738724667026 132.50150163959066 59
1738724667055 229.9390567185187 60
1738724667084 165.2473621922174 61
1738724667112 164.75479839898176 62
1738724667141 195.62320561721765 63
1738724667170 166.9833597242654 64
1738724667199 115.02159847736684 65
1738724667228 125.8937428335915 66
1738724667257 193.07035009577828 67
1738724667285 205.8325851378053 68
1738724667314 163.86863567087232 69
1738724667343 205.0341030667858 70
1738724667372 160.95575839418163 71
1738724667401 130.21847613184204 72
1738724667430 216.96595510830042 73
1738724667458 154.4931021791115 74
1738724667487 310.91507391788764 75
1738724667516 135.8861312600221 76
1738724667545 161.0907149737891 77
1738724667574 164.941195840415 78
1738724667602 202.42566571946824 79
1738724667631 320.3418892523272 80
1738724667660 176.96449121224995 81
1738724667689 127.66922113338138 82
1738724667718 36.91647045181159 83
1738724667746 142.19994492708918 84
1738724667775 77.04257922168502 85
1738724667804 142.58659577821444 86
1738724667833 94.78536208156024 87
1738724667861 121.42475491030667 88
1738724667890 167.1510468181381 89
1738724667919 391.5647819137326 90
1738724667947 209.34649026398105 91
1738724667976 183.71163930808933 92
1738724668005 136.28818162040756 93
1738724668033 160.84160796211617 94
1738724668062 321.4518463438686 95
1738724668091 201.1560021032814 96
1738724668119 122.63702114991355 97
1738724668148 157.37478645747194 98
1738724668177 58.8709494774225 99
1738724668206 203.8185071230626 100
1738724668235 217.45401646894737 101
1738724668264 67.34083339666991 102
1738724668293 176.54688724875186 103
1738724668321 141.89918547021767 104
1738724668350 154.463807808415 105
1738724668379 122.6237709588188 106
1738724668408 33.75977080145284 107
1738724668437 188.90209204430369 108
1738724668465 215.42158558006346 109
1738724668494 246.78483321424494 110
1738724668523 277.90694416737625 111
1738724668551 284.4434429398628 112
1738724668580 161.83497527348692 113
1738724668609 171.0474498166596 114
1738724668637 91.75687289816294 115
1738724668666 186.9945207976484 116
1738724668695 152.17256624867096 117
1738724668723 148.52769907288229 118
1738724668752 117.87779661294546 119
1738724668781 146.9167457791328 120
1738724668809 128.5588235070736 121
1738724668838 118.86935872041505 122
1738724668866 203.66853635253267 123
1738724668895 151.41383616083482 124
1738724668923 100.90804367995835 125
1738724668952 174.04840334492272 126
1738724668980 161.99555289878973 127
1738724669009 245.36333312025616 128
1738724669037 103.3080908853089 129
1738724669066 141.52436834320628 130
1738724669094 179.88835801207222 131
1738724669123 126.52934729621289 132
1738724669151 144.6269868199503 133
1738724669180 183.8246103530285 134
1738724669208 220.54401426726065 135
1738724669237 113.40045436013415 136
1738724669265 126.29122314396002 137
1738724669293 88.01769701842177 138
1738724669322 136.91246114815425 139
1738724669351 162.18965593853682 140
1738724669379 185.9511037654827 141
1738724669408 190.55538752797258 142
1738724669436 367.15915205189617 143
1738724669465 173.33703834366042 144
1738724669493 155.0088639100614 145
1738724669522 102.48758894749636 146
1738724669550 185.39948202515725 147
1738724669579 129.5331898020983 148
1738724669607 206.1981132419727 149
1738724669635 188.99556109626556 150
1738724669664 144.98274262458366 151
1738724669692 156.04148848836064 152
1738724669721 168.7657961721552 153
1738724669749 203.1559032373095 154
1738724669778 192.74351293714358 155
1738724669806 131.70022309539928 156
1738724669835 133.03998902249813 157
1738724669863 122.94147457666996 158
1738724669892 83.48220511228413 159
1738724669920 204.51558272527362 160
1738724669949 199.79132109082258 161
1738724669977 195.5119236660421 162
1738724670006 188.64626302073896 163
1738724670034 219.87191511444354 164
1738724670062 143.22355336810767 165
1738724670091 79.75665950928781 166
1738724670119 167.28090004612156 167
1738724670147 136.53196623456566 168
1738724670176 120.15556469668576 169
1738724670204 139.34703475972475 170
1738724670233 96.23077909935607 171
1738724670261 246.39954168960097 172
1738724670290 201.42222896156662 173
1738724670318 84.9917251170089 174
1738724670346 130.87787012944503 175
1738724670375 219.5855642876181 176
1738724670403 138.78069135083533 177
1738724670432 186.28715837435905 178
1738724670460 188.78305069592642 179
1738724670489 151.29073989099433 180
1738724670517 173.49203940553852 181
1738724670546 171.04950942978684 182
1738724670576 199.00021838076484 183
1738724670605 84.83266102013701 184
1738724670634 150.7175541543987 185
1738724670663 205.31095890204801 186
1738724670691 98.38187923071845 187
1738724670720 117.83267282017384 188
1738724670749 218.14809820071298 189
1738724670777 145.98495588262878 190
1738724670806 168.9989228159126 191
1738724670834 212.86448308304986 192
1738724670863 192.03503635213875 193
1738724670891 292.60089323743944 194
1738724670920 126.85429646848971 195
1738724670948 54.36305220930152 196
1738724670977 152.12923971788402 197
1738724671005 157.4667640732716 198
1738724671033 221.0605450654057 199
1738724671062 168.51915081544345 200
1738724671090 173.6231295458757 201
1738724671119 191.63297642554605 202
1738724671147 218.95108855082535 203
1738724671176 231.41687859870333 204
1738724671204 106.18297146301543 205
1738724671232 131.33711662994793 206
1738724671261 131.7724240259433 207
1738724671289 128.76219118176547 208
1738724671318 172.08332087088252 209
1738724671346 192.58824241857337 210
1738724671374 116.37907582862583 211
1738724671403 172.99835925008773 212
1738724671431 171.74237935680574 213
1738724671460 215.94454370394266 214
1738724671488 172.57918737827927 215
1738724671516 94.56969130053048 216
1738724671545 165.24511609520349 217
1738724671573 267.83568014432433 218
1738724671602 165.09615928051787 219
1738724671630 142.56793745211274 220
1738724671658 115.10624558296654 221
1738724671687 163.41829407860178 222
1738724671715 185.65924512395029 223
1738724671744 185.90433136325692 224
1738724671772 416.3872426219721 225
1738724671800 183.90255531769444 226
1738724671829 233.65649008814987 227
1738724671857 197.01887651850538 228
1738724671886 102.57910106217142 229
1738724671914 187.11282600855313 230
1738724671942 52.46517128723026 231
1738724671971 86.88779406221076 232
1738724671999 341.3059048876493 233
1738724672028 130.90033543498348 234
1738724672056 174.02785118698395 235
1738724672085 158.10708371683825 236
1738724672113 209.76383068292878 237
1738724672141 112.05398690692627 238
1738724672170 144.81499650602044 239
1738724672198 118.26361365874818 240
1738724672227 152.37552186905376 241
1738724672255 182.70742819301475 242
1738724672283 138.8550355897943 243
1738724672312 156.1357617776788 244
1738724672340 191.831281469281 245
1738724672368 226.33578379681796 246
1738724672397 119.02485059082338 247
1738724672425 117.07819517393162 248
1738724672454 142.86242509847045 249
1738724672483 148.80399149603107 250
1738724672513 135.3221240717038 251
1738724672542 99.28518635478565 252
1738724672572 200.5279136537581 253
1738724672601 206.29870800891302 254
1738724672630 192.33819892636973 255
1738724672660 165.5502670323266 256
1738724672689 147.61526519453537 257
1738724672719 71.74459408746195 258
1738724672748 118.98469908742027 259
1738724672777 200.86557707505793 260
1738724672807 142.94651462013343 261
1738724672836 138.97619076640797 262
1738724672865 72.35618021406722 263
1738724672894 106.22154314953283 264
1738724672924 165.8486681493587 265
1738724672953 218.26750067830878 266
1738724672982 173.347374739535 267
1738724673011 228.94254877235957 268
1738724673040 200.3447762271249 269
1738724673069 172.00354698007905 270
1738724673099 256.2078567806965 271
1738724673128 293.36579212761126 272
1738724673157 155.69358096053205 273
1738724673186 196.48651633086595 274
1738724673215 172.64635776931672 275
1738724673244 156.1040941400816 276
1738724673273 101.99804927321509 277
1738724673302 148.09872299041788 278
1738724673331 187.12717354089196 279
1738724673360 124.0526179366398 280
1738724673389 143.62236635864977 281
1738724673418 95.00000127014668 282
1738724673447 206.96107884796726 283
1738724673476 240.7224979060486 284
1738724673505 138.1699148067717 285
1738724673534 267.3268310423475 286
1738724673563 149.46431815504243 287
1738724673592 205.41710029060664 288
1738724673621 198.7484634609099 289
1738724673650 216.19822718209574 290
1738724673679 130.17177698368067 291
1738724673708 221.43357712666233 292
1738724673737 100.47300325729867 293
1738724673766 180.7441906994785 294
1738724673795 141.7351943722139 295
1738724673824 180.3946624920804 296
1738724673853 181.47042665333308 297
1738724673881 112.18293907923037 298
1738724673911 117.47942368432442 299
1738724673939 216.79014625328927 300
1738724673968 132.7174663533854 301
1738724673997 174.92058576132473 302
1738724674026 147.46884760528113 303
1738724674055 145.1549434069683 304
1738724674084 219.97529227240545 305
1738724674112 237.05691575451354 306
1738724674141 173.14311056942665 307
1738724674170 202.8830774196122 308
1738724674199 244.0760509164156 309
1738724674228 209.01886495667227 310
1738724674257 197.5097855705169 311
1738724674285 158.31244677800177 312
1738724674314 208.90132794872866 313
1738724674343 143.47174426499404 314
1738724674372 239.8906225105552 315
1738724674400 21.013084924048123 316
1738724674429 182.84364382465253 317
1738724674458 217.1585393111703 318
1738724674487 102.30998650100894 319
1738724674515 190.59218551172364 320
1738724674544 172.0285588376688 321
1738724674573 138.34942861359414 322
1738724674602 162.4730144603226 323
1738724674630 108.31322904851376 324
1738724674659 158.67134952520925 325
1738724674688 229.6866043222853 326
1738724674716 164.25744462515254 327
1738724674745 188.75512019868822 328
1738724674773 218.59171165628442 329
1738724674802 62.80544766964906 330
1738724674831 142.32530272135477 331
1738724674859 85.73374986417937 332
1738724674888 213.6882323486685 333
1738724674916 161.9151673443488 334
1738724674945 193.02959963899187 335
1738724674973 227.52498983293174 336
1738724675002 107.70522965238816 337
1738724675031 145.67159878748896 338
1738724675060 138.89539326447334 339
1738724675088 109.54768339099735 340
1738724675117 88.98148609118394 341
1738724675145 164.53573976277656 342
1738724675174 195.02581773467216 343
1738724675203 150.76474630665186 344
1738724675231 160.50009664679126 345
1738724675260 180.92924719621544 346
1738724675289 159.05010249132897 347
1738724675317 190.28892640560207 348
1738724675346 152.31786255449293 349
1738724675374 184.64982115228653 350
1738724675403 219.40195780227032 351
1738724675431 228.90137690439428 352
1738724675460 169.2334055082178 353
1738724675489 182.0834375207463 354
1738724675517 164.25114899514458 355
1738724675546 182.45747423354936 356
1738724675574 210.41406707396672 357
1738724675603 79.06878962385464 358
1738724675631 230.36133661889133 359
1738724675660 150.7274348866431 360
1738724675688 451.0052109784288 361
1738724675717 169.92763110394714 362
1738724675746 140.26298434255065 363
1738724675774 121.8352410361798 364
1738724675803 138.4383908733899 365
1738724675831 232.49908929741437 366
1738724675860 189.88073035550056 367
1738724675888 183.08105953662624 368
1738724675917 140.41581259432613 369
1738724675945 147.7378499222582 370
1738724675974 198.13023605435515 371
1738724676002 128.55514944564044 372
1738724676031 43.068977422569105 373
1738724676059 180.69382966210014 374
1738724676088 127.60277619170523 375
1738724676116 165.63527090264097 376
1738724676145 180.24324500272354 377
1738724676173 151.9682724521216 378
1738724676207 198.28218498664333 379
1738724676235 305.04445944661273 380
1738724676264 116.8645016631966 381
1738724676292 71.49710980422549 382
1738724676321 185.73318597569732 383
1738724676350 173.86347356600882 384
1738724676378 196.06171056861692 385
1738724676407 152.63551503594326 386
1738724676435 184.2073149135785 387
1738724676464 153.6961223061199 388
1738724676492 142.31993498648404 389
1738724676521 76.53455572981173 390
1738724676549 244.08595629614265 391
1738724676578 125.87400345599889 392
1738724676606 104.61359458510574 393
1738724676635 234.14820539505442 394
1738724676663 159.40123236411193 395
1738724676691 135.47572115188115 396
1738724676720 107.74889659786466 397
1738724676748 177.2489169522433 398
1738724676776 320.0880778862624 399
1738724676804 55.444076301437725 400
1738724676833 241.7668690248969 401
1738724676861 231.51454308638932 402
1738724676890 191.16861661013934 403
1738724676918 102.95248277883148 404
1738724676946 217.66121011661858 405
1738724676975 75.807827505797 406
1738724677003 196.41086728589917 407
1738724677032 151.48152451076095 408
1738724677060 199.1799814402945 409
1738724677088 182.70441292495212 410
1738724677117 213.01678481511826 411
1738724677145 199.43140049277727 412
1738724677174 251.84830902436516 413
1738724677202 155.43940471800255 414
1738724677231 189.8082627340592 415
1738724677259 130.1731781125333 416
1738724677287 189.15923569649283 417
1738724677316 196.56445067039763 418
1738724677344 173.41756197642547 419
1738724677372 369.1239807344573 420
1738724677401 148.2113504424597 421
1738724677429 206.17666557983932 422
1738724677458 100.65396426771625 423
1738724677486 132.71378169010353 424
1738724677515 131.963014982581 425
1738724677543 177.4884307348655 426
1738724677572 134.64516516839103 427
1738724677600 127.32054793501841 428
1738724677628 226.99584394485905 429
1738724677657 215.17074220286517 430
1738724677685 210.7213683648891 431
1738724677714 180.5493955934708 432
1738724677742 160.49036884219208 433
1738724677770 122.70270450155967 434
1738724677799 168.33687009857064 435
1738724677827 163.01996631238745 436
1738724677856 140.40232346584213 437
1738724677884 216.46784564359496 438
1738724677913 179.38253239492803 439
1738724677941 187.9481544906339 440
1738724677969 179.37412618923443 441
1738724677998 214.19249278197566 442
1738724678026 88.11073240194102 443
1738724678055 41.34079215623975 444
1738724678083 218.31746238092322 445
1738724678111 183.55420610834813 446
1738724678140 140.40697982983835 447
1738724678170 162.72275228901552 448
1738724678200 177.9773321190204 449
1738724678229 237.86463877479443 450
1738724678259 139.64888110569333 451
1738724678288 201.9939710125562 452
1738724678317 154.24133113721288 453
1738724678346 334.30626728097417 454
1738724678375 152.77059587020884 455
1738724678404 156.21914415708696 456
1738724678433 102.83753869653593 457
1738724678462 172.04078183189677 458
1738724678491 206.30612485893295 459
1738724678520 200.31621030404995 460
1738724678549 187.4316230930936 461
1738724678578 182.353293078856 462
1738724678607 244.4820008417049 463
1738724678636 116.10221955530083 464
1738724678665 115.6692678009824 465
1738724678694 151.22347488384978 466
1738724678723 179.0770009948118 467
1738724678752 184.48254466947873 468
1738724678780 209.54073341512768 469
1738724678809 139.17974672071094 470
1738724678838 218.54275005233515 471
1738724678867 140.61427819649424 472
1738724678896 185.3917424902566 473
1738724678925 166.8992227687189 474
1738724678954 199.94593798364065 475
1738724678982 147.36325145880397 476
1738724679011 47.31794804299869 477
1738724679040 195.22011395968846 478
1738724679069 271.8946324825769 479
1738724679098 162.5751357435237 480
1738724679126 208.4359221192489 481
1738724679155 159.48314401837203 482
1738724679184 134.82510097357724 483
1738724679212 121.03059395776596 484
1738724679241 160.90508869799865 485
1738724679270 260.7609438260916 486
1738724679298 166.36406199826195 487
1738724679327 159.671873136295 488
1738724679356 162.3249907090755 489
1738724679385 170.9975913700274 490
1738724679414 202.4747015918542 491
1738724679442 115.24071214910003 492
1738724679471 177.74567156234053 493
1738724679500 168.01077585546156 494
1738724679529 284.77602385221456 495
1738724679557 141.3836426169293 496
1738724679586 200.9706328480334 497
1738724679615 208.09414958257284 498
1738724679644 158.3523487631159 499
