1738726145969 168.25571893407326 0
1738726145973 170.12280203753326 1
1738726145977 167.55315797711356 2
1738726145980 168.79248465676153 3
1738726145984 167.32205124051535 4
1738726145988 166.78824024859475 5
1738726145991 170.4728861694442 6
1738726145995 169.86472643550243 7
1738726145999 168.7606259867653 8
1738726146003 167.89865784632505 9
1738726146007 170.67276038677056 10
1738726146010 171.2411999983439 11
1738726146014 168.82492833404564 12
1738726146018 170.00142745649006 13
1738726146021 167.68488876364762 14
1738726146025 168.59464891702183 15
1738726146028 166.04974702448055 16
1738726146032 171.33011814165988 17
1738726146035 169.33579266657105 18
1738726146039 168.8780434946482 19
1738726146043 170.0374053153869 20
1738726146047 167.95272059868296 21
1738726146050 170.75839886209764 22
1738726146054 170.14836681062354 23
1738726146058 170.91905022532757 24
1738726146061 168.28787408977504 25
1738726146065 169.96177137335215 26
1738726146069 168.64955007207726 27
1738726146072 169.3294618136563 28
1738726146076 172.54472282813833 29
1738726146080 167.50689869740785 30
1738726146084 169.14898245765096 31
1738726146088 172.1546532026927 32
1738726146091 172.9442231467125 33
1738726146095 171.6794606452701 34
1738726146099 169.86789242443942 35
1738726146103 166.75163876903804 36
1738726146107 168.36319052585088 37
1738726146111 168.5167206472546 38
1738726146115 169.3891295888071 39
