1738722566510 171.28438607882697 0
1738722566513 170.83615252204007 1
1738722566515 171.77798265371837 2
1738722566517 168.69964481557486 3
1738722566519 167.91950686590874 4
1738722566521 167.9303643037091 5
1738722566523 169.23701232874225 6
1738722566525 169.52416662485487 7
1738722566527 168.69444235513245 8
1738722566529 167.74892016163523 9
1738722566531 167.64098981045382 10
1738722566534 169.44698223551754 11
1738722566536 167.07895047554402 12
1738722566538 168.78560160246116 13
1738722566540 169.6528338231162 14
1738722566542 165.20184249074694 15
1738722566544 170.24385361081556 16
1738722566546 168.7002674073614 17
1738722566548 169.9124369908173 18
1738722566551 169.53243211156254 19
1738722566553 169.46935700515454 20
1738722566555 168.97540113591106 21
1738722566558 168.74256136180955 22
1738722566560 168.8477177609134 23
1738722566562 169.35132798050154 24
1738722566564 169.24270264803621 25
