1738721996742 167.46000167738543 0
1738721996744 168.0733266393041 1
1738721996752 170.86944178421766 2
1738721996767 169.12770463982196 3
1738721996781 166.29598794610882 4
1738721996784 167.77937895520708 5
1738721996786 167.4007297180069 6
1738721996788 167.93483541005597 7
1738721996790 165.66499127337215 8
1738721996793 169.39458751029733 9
1738721996800 170.92067652988527 10
1738721996803 168.268081352549 11
1738721996804 168.30537531427623 12
1738721996806 169.90550932446996 13
1738721996808 168.18067809927945 14
1738721996810 168.65367937811772 15
1738721996812 168.35926832378317 16
1738721996814 167.06121437479447 17
1738721996815 169.75794063065462 18
1738721996817 171.65904282775674 19
1738721996819 168.99530359165396 20
1738721996820 169.1912184021495 21
1738721996822 170.76913134761614 22
1738721996824 171.04973597761318 23
1738721996826 167.9352038963242 24
1738721996828 167.89239585354957 25
1738721996829 170.32508973330542 26
1738721996831 169.52161799025708 27
1738721996833 168.9924615710511 28
1738721996835 168.69287599598016 29
1738721996836 168.583918824204 30
1738721996838 169.44407388598827 31
1738721996840 167.95528624291242 32
1738721996842 166.86940739939322 33
1738721996844 170.87245030439956 34
1738721996846 167.34104310285593 35
1738721996848 167.69605998157888 36
1738721996850 165.9275129551951 37
1738721996852 168.7371113012954 38
1738721996854 166.80959476491972 39
1738721996855 167.2210734535576 40
1738721996857 168.55109127853416 41
1738721996859 170.45915131616925 42
1738721996861 168.04337826788554 43
1738721996863 169.5638183184975 44
1738721996864 166.94573214329148 45
1738721996867 170.0723292813407 46
1738721996868 170.03547547293766 47
1738721996870 167.90904912737938 48
1738721996872 169.53400590124923 49
1738721996874 169.18649735050298 50
1738721996876 168.40029456114192 51
1738721996878 167.10091650961883 52
1738721996879 168.77310314742482 53
1738721996882 169.7405155966562 54
1738721996884 168.93501552639162 55
1738721996886 168.94110486167426 56
1738721996887 167.46983289945723 57
1738721996889 166.7310849127866 58
