1738722563836 168.77577805808613 0
1738722563838 168.7731047784493 1
1738722563840 168.77051674358825 2
1738722563841 168.76801099314636 3
1738722563843 168.76558467568182 4
1738722563844 168.7632350444656 5
1738722563846 168.76095945344775 6
1738722563847 168.7587553533871 7
1738722563849 168.7566202881352 8
1738722563850 168.75455189107 9
1738722563852 168.75254788167197 10
1738722563853 168.75060606223667 11
1738722563855 168.74872431471903 12
1738722563857 168.74690059770262 13
1738722563858 168.74513294348972 14
1738722563860 168.74341945530685 15
1738722563861 168.74175830462053 16
1738722563863 168.74014772855992 17
1738722563864 168.73858602744025 18
1738722563866 168.73707156238459 19
1738722563867 168.73560275303882 20
1738722563869 168.73417807537626 21
1738722563870 168.73279605958865 22
1738722563875 168.73145528805907 23
1738722563878 168.73015439341484 24
1738722563880 168.72889205665555 25
1738722563883 168.7276670053548 26
1738722563885 168.72647801193074 27
1738722563887 168.72532389198483 28
1738722563890 168.72420350270423 29
1738722563892 168.72311574132607 30
1738722563893 168.72205954366132 31
1738722563896 168.72103388267496 32
1738722563898 168.72003776712143 33
1738722563900 168.71907024023199 34
1738722563901 168.71813037845243 35
1738722563903 168.71721729022948 36
1738722563905 168.71633011484317 37
1738722563906 168.7154680212839 38
1738722563909 168.71463020717215 39
1738722563910 168.71381589771954 40
1738722563912 168.713024344729 41
