1738722854997 166.85536302096858 0
1738722855000 171.19593277803136 1
1738722855002 170.41549375527006 2
1738722855005 174.8015181171824 3
1738722855007 168.71543435800245 4
1738722855010 172.48652873823394 5
1738722855012 170.59624720567538 6
1738722855015 166.163709699013 7
1738722855017 169.38169003063737 8
1738722855020 173.98134636946898 9
1738722855022 168.03119990336043 10
1738722855024 165.3605237118993 11
1738722855027 167.51998284596718 12
1738722855029 166.2828693145523 13
1738722855031 171.47592489783923 14
1738722855034 170.56516979044903 15
