1738722304590 151.35024535692477 0
1738722304624 189.53658690772286 1
1738722304658 149.30223790312854 2
1738722304693 103.27382584335115 3
1738722304728 268.71981774128267 4
1738722304763 141.333714484587 5
1738722304797 207.57017411643957 6
1738722304831 166.8937934795537 7
1738722304865 139.85440997448518 8
1738722304898 174.87351703701188 9
1738722304931 114.05521755881101 10
1738722304964 156.9453111226955 11
1738722304998 244.48346094828344 12
1738722305032 205.34637440966534 13
1738722305066 210.49848473799057 14
1738722305099 135.16053823375947 15
1738722305132 106.55243325195022 16
1738722305166 136.11204649079235 17
1738722305199 188.43802203443127 18
1738722305232 171.81175600356838 19
1738722305265 271.61873674532166 20
1738722305299 166.13718559322444 21
1738722305332 178.62922798237287 22
1738722305365 199.98332159699515 23
1738722305398 189.77355473991133 24
1738722305431 176.7230579231173 25
1738722305464 269.80726520864545 26
1738722305499 127.04506382397966 27
1738722305532 212.83618089498242 28
1738722305566 160.43266189067964 29
1738722305600 166.9241211879894 30
1738722305634 230.8892700953544 31
1738722305669 211.22007985548393 32
1738722305703 121.6392586369796 33
1738722305737 153.34559630626498 34
1738722305772 174.50568505001962 35
1738722305806 162.4573886155992 36
1738722305840 182.94179479821176 37
1738722305874 115.71644679465852 38
1738722305909 136.48091780124935 39
1738722305943 153.41742295112866 40
1738722305977 181.31850360913887 41
1738722306010 155.57123844489962 42
1738722306044 183.14411673579465 43
1738722306077 133.92556162557798 44
1738722306110 118.36574314641884 45
1738722306143 185.46809786975405 46
1738722306177 153.76534656396197 47
1738722306210 241.1293100250588 48
1738722306243 171.57916463355346 49
1738722306276 120.27430412880236 50
1738722306309 208.33907537793547 51
1738722306342 146.93412448455456 52
1738722306376 171.56469899629067 53
1738722306409 356.8457173998184 54
1738722306442 185.12725192893214 55
1738722306475 184.40652509609376 56
1738722306508 174.99454510667402 57
1738722306542 174.85027873581754 58
1738722306575 169.744150728305 59
1738722306608 191.2787335477875 60
1738722306642 261.0333683829552 61
1738722306675 192.75631542422877 62
1738722306708 145.6468966228654 63
1738722306742 175.79726375865275 64
1738722306776 146.22306147808638 65
1738722306809 133.5685827927586 66
1738722306842 417.71951210293656 67
1738722306876 155.29071838021346 68
1738722306909 170.20838232848746 69
1738722306942 107.36377136673923 70
1738722306977 174.14029550019043 71
1738722307011 141.32226254941514 72
1738722307046 130.82721557215265 73
1738722307079 156.54928581324347 74
1738722307113 223.50167314752272 75
1738722307147 249.4460864541174 76
1738722307180 142.66896227871032 77
1738722307213 446.90365652188945 78
1738722307247 137.9843768754745 79
1738722307280 162.3301426091017 80
1738722307314 436.5465503970695 81
1738722307347 242.01993888852235 82
1738722307381 171.89237661678052 83
1738722307414 147.28370201057888 84
1738722307447 150.33111517318176 85
1738722307480 222.48429701666686 86
1738722307513 163.15413897884727 87
1738722307546 217.40340886771062 88
1738722307579 136.44152706015265 89
1738722307627 248.60133696641222 90
1738722307661 190.79137714435677 91
1738722307694 113.11928250454235 92
1738722307728 176.08851912365895 93
1738722307761 82.38211642807485 94
1738722307795 216.13169268689242 95
1738722307828 186.5481788627852 96
1738722307861 170.75495997072267 97
1738722307894 153.25636200810598 98
1738722307927 89.52287281886139 99
1738722307960 178.9609832913773 100
1738722307993 167.38439588696195 101
1738722308027 113.73785199220437 102
1738722308060 143.4137808164777 103
1738722308093 224.21147907874322 104
1738722308128 216.6763912605528 105
1738722308161 131.27128350171017 106
1738722308195 163.799191940549 107
1738722308228 192.37216220256957 108
1738722308261 171.21415987229568 109
1738722308298 47.62081392782097 110
1738722308332 169.37267660462592 111
1738722308366 159.68033055912574 112
1738722308399 73.00394771457988 113
1738722308433 265.2698944650589 114
1738722308466 216.10769348039514 115
1738722308499 198.35718795737407 116
1738722308533 150.01236144445042 117
1738722308566 213.9350584643617 118
1738722308599 194.35456561262026 119
1738722308633 262.57642524948346 120
1738722308667 114.76355625753985 121
1738722308701 225.74520626157644 122
1738722308736 164.01361903320014 123
1738722308771 202.0393668571035 124
1738722308805 200.32379174004552 125
1738722308840 143.13182121354882 126
1738722308875 222.60283264514715 127
1738722308910 111.58048619396511 128
1738722308944 202.29445827898112 129
1738722308977 188.57149302617353 130
1738722309011 157.3783080343732 131
1738722309043 170.43649796008597 132
1738722309076 100.51803891220544 133
1738722309109 209.57117123457616 134
1738722309142 164.4424771294635 135
1738722309175 318.2776896000857 136
1738722309208 152.9963987597302 137
1738722309240 218.9658536926632 138
1738722309273 298.6765548875849 139
1738722309306 144.57340259644482 140
1738722309341 182.44853583451342 141
1738722309373 234.77316850160744 142
1738722309406 97.60112895603834 143
1738722309439 152.96716325917095 144
1738722309472 250.7619712049792 145
1738722309504 193.69482717442122 146
1738722309537 136.4962075166824 147
1738722309570 183.16282839482594 148
1738722309603 239.34799725623364 149
1738722309635 123.81079752288299 150
1738722309668 278.34651613729403 151
1738722309701 198.42723075024307 152
1738722309733 76.9452970164554 153
1738722309766 171.03281486843582 154
1738722309799 192.07087457647594 155
1738722309832 155.44734336912896 156
1738722309864 85.0667894313955 157
1738722309897 185.21762040415686 158
1738722309930 144.22756293327464 159
1738722309962 157.63654557212567 160
1738722309995 188.23857137229706 161
1738722310028 187.31082324887356 162
1738722310060 175.73577921618573 163
1738722310093 165.79920749056828 164
1738722310126 106.82341876836398 165
1738722310158 146.98581463211332 166
1738722310191 138.26785559886713 167
1738722310224 219.88035317673265 168
1738722310257 167.87069058950854 169
1738722310289 75.99233691751301 170
1738722310322 83.63979239250044 171
1738722310355 191.27552761543214 172
1738722310387 248.9899458622765 173
1738722310420 143.6374118259136 174
1738722310452 183.68932024351483 175
1738722310485 199.94465584154176 176
1738722310518 253.98475695391505 177
1738722310550 134.62283010595831 178
1738722310583 136.4415383374585 179
1738722310615 184.91814166174507 180
1738722310648 239.9913862844119 181
1738722310680 172.55095281890436 182
1738722310712 190.66842637811263 183
1738722310745 126.9637963465848 184
1738722310777 340.60977748827554 185
1738722310810 118.87995709301725 186
1738722310843 174.13441542289053 187
1738722310876 155.74544324862552 188
1738722310908 185.8429657302568 189
1738722310941 96.52476672925552 190
1738722310973 194.74482415927272 191
1738722311006 214.13044481385924 192
1738722311038 259.9328394204552 193
1738722311071 162.46180351996946 194
1738722311103 167.76678392646855 195
1738722311136 151.16041090237547 196
1738722311168 138.14473189353862 197
1738722311201 66.81588951140998 198
1738722311233 415.2682963631509 199
1738722311266 182.48773311558202 200
1738722311298 216.47709829740188 201
1738722311331 157.62757688021 202
1738722311365 124.65477343474937 203
1738722311398 97.12941658642987 204
1738722311431 273.96811057268854 205
1738722311465 76.2908257352449 206
1738722311498 155.34441321375778 207
1738722311531 110.7830227516069 208
1738722311564 159.20844882233803 209
1738722311597 259.38114272595664 210
1738722311631 155.94537002094924 211
1738722311664 139.3073099283374 212
1738722311697 141.95180860149364 213
1738722311730 134.84133340336206 214
1738722311763 163.06500664236214 215
1738722311796 237.91630050159145 216
1738722311829 82.55041066432292 217
1738722311862 218.50767658787058 218
1738722311895 174.11518663417667 219
1738722311928 167.46087926750334 220
1738722311961 199.46174987934802 221
1738722311994 149.89148815113504 222
1738722312027 196.58795435568342 223
1738722312060 127.32980850310607 224
1738722312093 191.72932846542886 225
1738722312126 120.36479069088064 226
1738722312159 193.46955583904784 227
1738722312192 172.10705369951643 228
1738722312226 157.72270084555873 229
1738722312259 185.1133475055267 230
1738722312292 169.57072074377578 231
1738722312324 165.9425930857347 232
1738722312357 151.96853180169674 233
1738722312390 337.17371859293627 234
1738722312423 169.31741901573508 235
1738722312456 119.93459058772822 236
1738722312489 151.03066607441684 237
1738722312522 141.2786958201561 238
1738722312555 174.03317685447502 239
1738722312588 260.87302284263365 240
1738722312621 209.17859035112699 241
1738722312653 264.78141348150837 242
1738722312686 163.01510918292652 243
1738722312719 238.1766309431475 244
1738722312752 51.80738341021788 245
1738722312785 168.6427893383586 246
1738722312818 103.40081013430874 247
1738722312851 180.88433631351376 248
1738722312884 139.5479345474586 249
1738722312917 58.98262231923847 250
1738722312949 141.7888256095991 251
1738722312982 185.66494236731282 252
1738722313015 153.99472032321046 253
1738722313047 322.72085467822546 254
1738722313080 117.18879822389087 255
1738722313112 134.1975363269891 256
1738722313145 221.24990391322447 257
1738722313178 172.2989678562401 258
1738722313210 172.15501476002362 259
1738722313243 124.97568603175303 260
1738722313275 202.2990806407949 261
1738722313308 126.95097677392158 262
1738722313340 133.16159574643197 263
1738722313373 174.02966573276467 264
1738722313405 170.07354048500412 265
1738722313438 142.83978661126065 266
1738722313470 165.1861566881456 267
1738722313502 171.99903020652013 268
1738722313535 196.10043788775442 269
1738722313568 183.2391854272809 270
1738722313600 159.77531643195286 271
1738722313632 219.58001724875155 272
1738722313665 118.26325591970817 273
1738722313697 280.2826320183757 274
1738722313730 127.17964729669714 275
1738722313762 166.43196824444047 276
1738722313795 230.73114062124665 277
1738722313827 141.61869728390602 278
1738722313860 186.93776790664168 279
1738722313892 141.53733147319608 280
1738722313925 195.1098155177991 281
1738722313957 97.17543899698322 282
1738722313990 144.34379560144652 283
1738722314022 149.69605420568354 284
1738722314054 145.24539078216972 285
1738722314087 81.12142798636452 286
1738722314119 91.54901408568647 287
1738722314152 83.52988915276234 288
1738722314184 151.43751201339458 289
1738722314217 112.21289313121471 290
1738722314249 219.80963484929765 291
1738722314281 240.9266247204964 292
1738722314314 109.6577193506704 293
1738722314346 123.41055999587937 294
1738722314379 160.9678901284374 295
1738722314411 119.43986681970793 296
1738722314443 167.2814319995805 297
1738722314476 208.46409854958154 298
1738722314508 76.21476071751859 299
1738722314541 158.96613019383 300
1738722314573 244.9708639547568 301
1738722314605 182.4352847956582 302
1738722314638 447.7788867804249 303
1738722314670 112.63486914647974 304
1738722314703 239.5227202735636 305
1738722314735 67.6176435609521 306
1738722314768 134.68414242868252 307
1738722314800 140.26744626613822 308
1738722314833 179.6034303293271 309
1738722314865 205.02466872385415 310
1738722314898 191.27680896845249 311
1738722314931 101.25215070381783 312
1738722314963 124.64315846324102 313
1738722314998 205.0258740149213 314
1738722315031 139.50333462419565 315
1738722315063 86.46907817476148 316
1738722315095 191.09478101044851 317
1738722315128 162.0532958844732 318
1738722315160 202.07483543663696 319
1738722315192 105.51539441389689 320
1738722315225 215.3807884461837 321
1738722315257 132.03506064254503 322
1738722315289 219.40838833151585 323
1738722315322 208.2929687106176 324
1738722315354 229.1818123686842 325
1738722315387 130.53946573875697 326
1738722315419 180.65717627500555 327
1738722315452 134.75207134565716 328
1738722315484 164.27201662881356 329
1738722315517 158.17696504455282 330
1738722315549 250.98237069382108 331
1738722315581 220.22160241568767 332
1738722315614 253.3472479574713 333
1738722315646 133.6335909321046 334
1738722315679 135.3265624873078 335
1738722315711 174.27487364752852 336
1738722315761 128.529429919698 337
1738722315795 249.60466357184384 338
1738722315828 163.09626548183743 339
1738722315862 135.31190958807252 340
1738722315895 122.29692664656113 341
1738722315928 193.29456205806596 342
1738722315962 174.37545413221298 343
1738722315995 166.51340281336022 344
1738722316028 240.33890107182418 345
1738722316061 204.95082708997012 346
1738722316094 143.13527272419913 347
1738722316128 213.28800958544147 348
1738722316161 132.89496349211834 349
1738722316194 119.50742377417718 350
1738722316227 131.35448557173436 351
1738722316260 132.59579290730693 352
1738722316294 203.00383613775 353
1738722316327 166.40054115086915 354
1738722316367 175.22728729181128 355
1738722316409 198.1937216468016 356
1738722316443 201.3565490579351 357
1738722316476 186.50009405857116 358
1738722316509 188.0378406850755 359
1738722316541 205.43254556231346 360
1738722316575 248.13833209734003 361
1738722316607 147.5827077027965 362
1738722316640 135.11996896303518 363
1738722316673 195.95671012372284 364
1738722316706 171.5901728445971 365
1738722316739 119.8577267269542 366
1738722316772 109.99474978851129 367
1738722316805 265.0766163191766 368
1738722316838 236.10870036289046 369
1738722316870 259.29400868121843 370
1738722316903 205.56399988745687 371
1738722316936 211.79790837877172 372
1738722316969 87.13456699924086 373
1738722317002 216.79545774606407 374
1738722317035 200.37463284908617 375
1738722317067 250.91932865291957 376
1738722317100 175.09804998514016 377
1738722317133 221.4273946617243 378
1738722317165 153.3141284874236 379
1738722317198 243.95782116861798 380
1738722317230 99.47763799490252 381
1738722317263 151.83951294033412 382
1738722317295 154.32156461941352 383
1738722317328 163.30305444323184 384
1738722317360 145.66649793468045 385
1738722317393 169.29604418018934 386
1738722317425 214.7102619503683 387
1738722317458 302.7480279798259 388
1738722317490 206.45301557713947 389
1738722317523 118.00181760385273 390
1738722317555 173.908958220424 391
1738722317588 220.9927789540292 392
1738722317620 187.77511794399558 393
1738722317653 93.37981266537042 394
1738722317685 232.8918196428616 395
1738722317717 186.05594361650043 396
1738722317750 176.52715461357397 397
1738722317782 390.5663666795785 398
1738722317815 203.03745941550605 399
1738722317847 229.9169874525799 400
1738722317880 253.81102186257425 401
1738722317912 201.33691296084098 402
1738722317944 113.2285687188818 403
1738722317977 136.39612694059744 404
1738722318009 217.0412890613951 405
1738722318042 152.91048391523114 406
1738722318075 82.07912565800875 407
1738722318109 171.17693049325618 408
1738722318142 111.70556972316204 409
1738722318175 166.99604898852624 410
1738722318209 159.65786375485206 411
1738722318242 151.5950416233496 412
1738722318275 212.00344934539146 413
1738722318308 170.64016821764517 414
1738722318342 164.54187558573992 415
1738722318376 162.60050396167054 416
1738722318411 155.8935984118678 417
1738722318445 183.72425012267814 418
1738722318478 211.20340730989435 419
1738722318511 153.7482689048326 420
1738722318544 258.3727070856974 421
1738722318577 261.3045722779576 422
1738722318610 240.0606031085653 423
1738722318643 143.109661551229 424
1738722318678 95.39590913302992 425
1738722318713 86.85172246110685 426
1738722318746 146.18071180388824 427
1738722318779 138.33363330994266 428
1738722318812 76.8213011598813 429
1738722318845 158.8712683140158 430
1738722318877 254.53267945294218 431
1738722318910 240.892825869687 432
1738722318943 152.70653985272074 433
1738722318976 188.73992006577123 434
1738722319009 499.05841640771837 435
1738722319042 161.11457394499843 436
1738722319075 112.38841433628865 437
1738722319107 248.52801381607094 438
1738722319140 216.58832971113173 439
1738722319173 253.6613902734053 440
1738722319205 175.62185667334748 441
1738722319238 189.8110705941591 442
1738722319270 248.63304628309362 443
1738722319303 219.74240267694796 444
1738722319336 172.91468452811137 445
1738722319368 97.32788968343468 446
1738722319400 232.15441400386112 447
1738722319433 196.8962490557149 448
1738722319466 285.9937302709563 449
1738722319498 143.33781346322024 450
1738722319531 260.8387009401688 451
1738722319563 183.36900261458666 452
1738722319595 140.3484163135789 453
1738722319628 152.07058940983822 454
1738722319660 163.8665639764926 455
1738722319693 227.61328537650522 456
1738722319725 129.71648076279575 457
1738722319758 226.48878601880182 458
1738722319790 245.02117299823473 459
1738722319822 189.0685080509616 460
1738722319855 177.94067615641112 461
1738722319887 149.88919620048745 462
1738722319920 165.25780393277805 463
1738722319952 282.8084989014122 464
1738722319984 173.8437425066222 465
1738722320017 133.25409198304953 466
1738722320049 174.43605685560908 467
1738722320081 169.86848156588513 468
1738722320114 194.822355232927 469
1738722320146 230.27767465695584 470
1738722320179 158.16400832220944 471
1738722320211 297.37339964717836 472
1738722320243 104.66312487818884 473
1738722320275 169.98723994324533 474
1738722320309 175.82159969841777 475
1738722320342 158.66566079698853 476
1738722320376 160.89272869715631 477
1738722320409 130.85277954076108 478
1738722320443 185.10744535420451 479
1738722320477 168.92395117750021 480
1738722320510 163.372147517432 481
1738722320546 126.6482112694134 482
1738722320579 262.90543336770025 483
1738722320612 208.5606412811534 484
1738722320645 196.4292029705643 485
1738722320678 118.06243758741086 486
1738722320711 233.82742486109632 487
1738722320744 161.942639334749 488
1738722320777 184.88460739866406 489
1738722320810 231.1117397354384 490
1738722320843 182.11865908225775 491
1738722320875 167.74897326435845 492
1738722320908 199.94927215481115 493
1738722320940 142.15236532547206 494
1738722320972 208.93763776206836 495
1738722321005 122.76353371305707 496
1738722321038 163.66463610922077 497
1738722321070 152.74232915206156 498
1738722321103 162.91911766482258 499
