1738726576195 119.97744457781121 0
1738726576229 201.1423310275063 1
1738726576264 133.3456792784105 2
1738726576298 192.0931531468282 3
1738726576332 152.4406306836647 4
1738726576369 142.95444570186194 5
1738726576404 162.18014845135093 6
1738726576439 159.9738773027984 7
1738726576474 149.93860231646397 8
1738726576509 155.33949587135987 9
1738726576543 175.28363908731643 10
1738726576578 176.0250265043422 11
1738726576612 45.87685081519005 12
1738726576647 163.00740307475243 13
1738726576681 96.76572606599827 14
1738726576716 221.50445953878634 15
1738726576750 171.94395074489566 16
1738726576785 112.91228766951285 17
1738726576819 84.89865987507352 18
1738726576853 192.9003501800376 19
1738726576888 159.19317892955152 20
1738726576922 214.4779083225546 21
1738726576957 102.78848387371964 22
1738726576991 340.8296462363462 23
1738726577025 107.64984539189953 24
1738726577059 207.77018977508084 25
1738726577094 185.76683068290845 26
1738726577128 43.98335417523281 27
1738726577162 235.04017477734916 28
1738726577196 161.92831168380437 29
1738726577231 147.22678910853108 30
1738726577265 111.46746674528602 31
1738726577299 244.5064203657785 32
1738726577333 171.03362141794364 33
1738726577368 152.8187938673372 34
1738726577402 178.32774816123154 35
1738726577436 108.09184573159386 36
1738726577470 198.41015234152624 37
1738726577505 160.0037862019083 38
1738726577540 254.0957852400579 39
1738726577574 140.35692517460657 40
1738726577609 151.701222443809 41
1738726577643 261.9770895469762 42
1738726577677 102.71771254450839 43
1738726577711 247.0159343392449 44
1738726577745 227.68180772294446 45
1738726577779 244.8112971824832 46
1738726577813 152.1212347233624 47
1738726577847 133.43104470386604 48
1738726577881 121.19057926254081 49
1738726577915 185.01370067136318 50
1738726577949 195.1083824083131 51
1738726577983 137.3788041814907 52
1738726578017 114.42103480011146 53
1738726578051 174.00966379342697 54
1738726578085 130.5282015331084 55
1738726578119 211.98208903209726 56
1738726578153 252.45053866727943 57
1738726578187 181.67074303781624 58
1738726578220 160.79116651392022 59
1738726578255 155.58360835366688 60
1738726578289 164.83426598782535 61
1738726578322 169.5488357270276 62
1738726578356 179.46079552187305 63
1738726578391 103.21441979863081 64
1738726578424 261.47396775740594 65
1738726578458 168.83692672108188 66
1738726578492 86.79296026293217 67
1738726578526 143.9492671597216 68
1738726578560 216.83955317448599 69
1738726578594 262.8006884424487 70
1738726578628 106.56467956794157 71
1738726578662 154.3959365526667 72
1738726578696 205.97293127922788 73
1738726578729 136.81396286383628 74
1738726578763 94.09520178468905 75
1738726578797 148.76791199458285 76
1738726578836 176.45198456731788 77
1738726578871 183.48789190777214 78
1738726578906 242.23076024409377 79
1738726578941 127.72874550139001 80
1738726578975 143.8123689560262 81
1738726579010 136.53675147124343 82
1738726579044 304.76027704985677 83
1738726579079 144.51129027430196 84
1738726579113 141.2709938497634 85
1738726579147 179.2470589470995 86
1738726579181 157.77770822073754 87
1738726579216 170.98844165803922 88
1738726579250 197.36823001777628 89
1738726579284 219.91723645333101 90
1738726579318 209.568860689253 91
1738726579353 141.22530707520076 92
1738726579390 132.83723883589712 93
1738726579425 127.35101150603931 94
1738726579460 111.58092433470554 95
1738726579494 185.04848248421928 96
1738726579529 198.39778212085076 97
1738726579564 176.07246176714523 98
1738726579598 176.79631104696026 99
1738726579633 260.5044707770736 100
1738726579667 121.97009651335827 101
1738726579702 147.12192493387286 102
1738726579736 140.5187972840951 103
1738726579771 188.66417877668627 104
1738726579805 114.89473833040272 105
1738726579840 177.47859609985437 106
1738726579874 137.56270293346262 107
1738726579908 179.82102998132092 108
1738726579943 132.94871551286312 109
1738726579977 229.2316194574044 110
1738726580011 220.23686614869104 111
1738726580046 172.1200168587824 112
1738726580080 105.19147206600016 113
1738726580117 144.07575719145245 114
1738726580153 131.005286260997 115
1738726580189 196.2751676890718 116
1738726580225 264.21778548054124 117
1738726580260 162.74604040415812 118
1738726580297 77.16972827864343 119
1738726580332 103.99009661966372 120
1738726580372 206.76750234420368 121
1738726580408 146.57997234061358 122
1738726580443 96.94417450264991 123
1738726580478 183.7844026420737 124
1738726580514 124.37347314775684 125
1738726580549 176.7230034400506 126
1738726580584 191.4106612013069 127
1738726580619 177.63801538391573 128
1738726580655 205.60118992601423 129
1738726580690 83.8656484103685 130
1738726580725 163.02257756077796 131
1738726580760 128.4292418408616 132
1738726580795 114.2684141116245 133
1738726580831 160.0373923548387 134
1738726580869 317.0426752294833 135
1738726580905 128.1197786486419 136
1738726580944 132.03401388984796 137
1738726580979 250.3050641819725 138
1738726581013 178.64703460030495 139
1738726581048 118.95027856833558 140
1738726581082 74.59123048456402 141
1738726581117 145.45938550917234 142
1738726581151 140.62414464283162 143
1738726581186 231.07193248563533 144
1738726581220 180.02188165615408 145
1738726581255 227.4384349469976 146
1738726581289 324.2751618771294 147
1738726581323 168.74733024617763 148
1738726581358 216.85076090224914 149
1738726581392 211.59852732364305 150
1738726581427 254.38760490878 151
1738726581461 190.14899824687274 152
1738726581495 127.76858243871976 153
1738726581529 110.13172129641069 154
1738726581564 119.00515284779274 155
1738726581598 151.0734336344247 156
1738726581632 191.6225203421928 157
1738726581666 212.30783663589725 158
1738726581701 136.40401669370218 159
1738726581735 161.7589978069583 160
1738726581769 184.51210179687027 161
1738726581803 91.27713809522436 162
1738726581838 194.8713735125316 163
1738726581872 229.6946479524639 164
1738726581906 167.60732011664498 165
1738726581940 250.20388165352927 166
1738726581974 164.6261074801747 167
1738726582008 195.99777954184938 168
1738726582043 154.484111389454 169
1738726582077 189.48362483133667 170
1738726582111 194.70803599365843 171
1738726582145 166.5550917754407 172
1738726582179 235.5743088742161 173
1738726582213 28.281914549521346 174
1738726582247 125.86067526837847 175
1738726582282 155.05997633955792 176
1738726582316 188.24977386121915 177
1738726582350 360.20550640690436 178
1738726582384 138.6172365797496 179
1738726582419 320.9898527811351 180
1738726582453 291.65061167899756 181
1738726582487 234.76259838634962 182
1738726582521 168.26536476257664 183
1738726582555 156.00875863694972 184
1738726582590 57.52911097452932 185
1738726582624 165.46900215808714 186
1738726582659 124.6753353487971 187
1738726582693 131.6819606444702 188
1738726582727 109.72028456736044 189
1738726582761 108.73387416331296 190
1738726582795 221.32560551935694 191
1738726582829 128.68152542995182 192
1738726582863 162.6820073487384 193
1738726582897 179.11338000712192 194
1738726582931 144.33896176644035 195
1738726582965 170.93303667641007 196
1738726582999 143.2620331445781 197
1738726583033 132.90546484367377 198
1738726583067 165.6647296319026 199
1738726583101 246.14712056853486 200
1738726583135 159.71232184945643 201
1738726583169 107.90126533575085 202
1738726583203 230.56956772918454 203
1738726583237 162.63436382714661 204
1738726583271 148.81472417508488 205
1738726583305 151.83235138667115 206
1738726583339 176.45918377132756 207
1738726583373 174.98684607257977 208
1738726583407 136.39232917287794 209
1738726583441 208.18151707011927 210
1738726583475 102.64710742362871 211
1738726583509 164.48502568860496 212
1738726583543 123.71381303598855 213
1738726583577 194.63803362471884 214
1738726583611 142.25228430565994 215
1738726583645 104.76295608790556 216
1738726583680 190.74540167214977 217
1738726583718 108.64242672844429 218
1738726583754 216.7095767383658 219
1738726583788 101.10451475378217 220
1738726583823 297.79591154823504 221
1738726583858 147.72347827295263 222
1738726583892 158.83816267897032 223
1738726583926 66.92997603373728 224
1738726583961 168.02836477761744 225
1738726583995 100.76744279679006 226
1738726584030 101.37319090909979 227
1738726584064 205.85630016615707 228
1738726584099 129.80026388282462 229
1738726584133 134.90304561320863 230
1738726584168 171.56233532684243 231
1738726584202 157.71625889976957 232
1738726584236 167.97795449149177 233
1738726584271 118.19618542895262 234
1738726584305 237.66152171016168 235
1738726584339 97.39762122087774 236
1738726584373 206.24748903706876 237
1738726584408 243.888613461545 238
1738726584442 217.30085107763082 239
1738726584476 238.68624400883576 240
1738726584510 108.1990898584938 241
1738726584545 142.07075673975362 242
1738726584579 122.23915784187562 243
1738726584613 200.865565559871 244
1738726584648 120.15160677492196 245
1738726584682 166.84424310712154 246
1738726584717 106.83584006427965 247
1738726584751 170.01054917937228 248
1738726584785 210.1587765420323 249
1738726584819 167.22188222758143 250
1738726584853 175.5979201170374 251
1738726584887 152.3986351251599 252
1738726584921 157.14013746146307 253
1738726584955 184.9827857469562 254
1738726584990 142.60089989132226 255
1738726585025 153.6175931666755 256
1738726585060 326.9815177800318 257
1738726585094 201.91999518453022 258
1738726585128 132.08792359841368 259
1738726585162 226.8654077623527 260
1738726585197 183.14529692201185 261
1738726585233 214.83386761068144 262
1738726585268 194.92288767522084 263
1738726585303 150.7888680089157 264
1738726585338 194.04960311968983 265
1738726585372 188.56813025833503 266
1738726585407 231.20008238521004 267
1738726585442 200.2241502241046 268
1738726585476 242.49215540917314 269
1738726585510 100.66892310911926 270
1738726585545 164.79125873998677 271
1738726585579 73.94543003197123 272
1738726585614 202.03470276911762 273
1738726585648 228.5682480127683 274
1738726585683 153.28521049562812 275
1738726585717 141.80395621383167 276
1738726585752 97.51833703062148 277
1738726585786 143.22965081627578 278
1738726585821 144.91069988905392 279
1738726585855 160.5745316423103 280
1738726585889 154.32062709996424 281
1738726585924 191.9451634584717 282
1738726585958 147.4088307708975 283
1738726585992 202.88174469296945 284
1738726586027 218.3746991686928 285
1738726586061 153.73195728031365 286
1738726586095 214.75709330669136 287
1738726586130 138.82880756152852 288
1738726586165 185.00061695425552 289
1738726586200 110.25675401237042 290
1738726586236 198.14212830627955 291
1738726586272 184.75229473926052 292
1738726586306 206.0316763018629 293
1738726586341 180.31567235812878 294
1738726586377 199.28709720801186 295
1738726586411 156.19201043112372 296
1738726586446 120.6764643640938 297
1738726586482 184.03014268147754 298
1738726586516 189.59317401313893 299
1738726586551 101.31988391309592 300
1738726586585 215.6331186592119 301
1738726586619 127.91306834400505 302
1738726586653 91.8011245730752 303
1738726586687 167.24567204192718 304
1738726586722 149.05290159888185 305
1738726586757 166.57003437945244 306
1738726586792 186.17229745865063 307
1738726586828 183.0323080241976 308
1738726586863 140.61824749611935 309
1738726586899 303.6220644459892 310
1738726586934 101.17004526534423 311
1738726586969 185.32948869946148 312
1738726587005 193.85077621841018 313
1738726587040 109.14943374956913 314
1738726587074 110.39663573324741 315
1738726587109 138.13597955816883 316
1738726587145 230.77675125208745 317
1738726587180 172.82933432755513 318
1738726587215 199.0822940242317 319
1738726587253 248.7264926410465 320
1738726587288 139.5786283798571 321
1738726587323 264.3361838639164 322
1738726587359 217.478129272952 323
1738726587395 221.79557072759607 324
1738726587431 100.7444003757092 325
1738726587470 194.85820683272595 326
1738726587506 257.3158329199442 327
1738726587543 213.3580451319201 328
1738726587578 112.17332191139188 329
1738726587613 161.0407114445558 330
1738726587649 104.53503182208217 331
1738726587684 176.6510539439038 332
1738726587719 126.03890152799461 333
1738726587754 166.54235354204533 334
1738726587789 168.4545608007598 335
1738726587825 158.55698631402382 336
1738726587861 274.88732240611614 337
1738726587897 178.57972540375445 338
1738726587933 190.65712353210387 339
1738726587968 106.62774964059288 340
1738726588003 209.2929491586075 341
1738726588038 174.07068221500384 342
1738726588074 169.1424556459613 343
1738726588108 180.79332074839763 344
1738726588143 176.78324985922205 345
1738726588178 158.34574617425523 346
1738726588214 180.10886067500945 347
1738726588250 181.79437005668902 348
1738726588286 216.88695344229328 349
1738726588322 175.8197710359448 350
1738726588358 134.56905843679266 351
1738726588395 173.3753726122387 352
1738726588430 96.63529857042516 353
1738726588466 260.158108138124 354
1738726588501 193.77293271399807 355
1738726588537 174.6426860330181 356
1738726588572 142.10663617058927 357
1738726588608 173.36843733703924 358
1738726588644 113.00321513382742 359
1738726588679 182.08652627228062 360
1738726588714 162.56741243964993 361
1738726588750 190.43543674564603 362
1738726588785 90.71211326599992 363
1738726588820 159.304571014188 364
1738726588855 120.75477109986859 365
1738726588891 189.74090869869013 366
1738726588926 221.9662538710231 367
1738726588961 187.87685178689094 368
1738726588996 164.18278501434972 369
1738726589031 161.24930940109752 370
1738726589066 149.86244405253834 371
1738726589101 134.63709542144142 372
1738726589136 206.85118490737906 373
1738726589171 139.558979631187 374
1738726589206 188.8585953563629 375
1738726589240 155.5012575536577 376
1738726589276 162.4004729901678 377
1738726589311 159.1439890292266 378
1738726589347 108.79799444077344 379
1738726589383 175.23487455055502 380
1738726589418 285.10651599395555 381
1738726589453 123.53307449101955 382
1738726589488 249.5372354657405 383
1738726589523 189.05410859161503 384
1738726589559 220.15915887942649 385
1738726589594 58.990382154446706 386
1738726589630 208.25945373861495 387
1738726589664 176.8023038405411 388
1738726589700 224.25254660625046 389
1738726589734 233.52116384278173 390
1738726589769 212.55124392525465 391
1738726589804 205.87360635332448 392
1738726589839 172.89912192672983 393
1738726589873 161.67813271123322 394
1738726589908 427.2408316274607 395
1738726589943 201.69035472257434 396
1738726589978 132.2987667265704 397
1738726590013 256.26329406511906 398
1738726590048 191.6712491871506 399
1738726590083 205.81991544515355 400
1738726590118 281.6459752543594 401
1738726590152 92.68950360792144 402
1738726590187 116.96373114731036 403
1738726590223 173.61147827897452 404
1738726590258 151.24188112116795 405
1738726590293 217.89765756529505 406
1738726590328 209.9632358679275 407
1738726590364 284.4644906003182 408
1738726590400 59.31231895013984 409
1738726590435 90.59795606241377 410
1738726590470 201.29132687339484 411
1738726590505 59.85993429828791 412
1738726590540 159.6606773647769 413
1738726590575 196.29700138917042 414
1738726590611 182.36168037685914 415
1738726590646 173.83776036858958 416
1738726590681 152.57017507321294 417
1738726590717 157.10845066518544 418
1738726590753 170.14780337540435 419
1738726590789 139.72706089675512 420
1738726590824 126.16933592326889 421
1738726590859 151.0534619530562 422
1738726590894 95.97845519277905 423
1738726590929 149.19254394224126 424
1738726590965 179.26916917738717 425
1738726591001 295.5131941726853 426
1738726591037 187.56143011460358 427
1738726591073 237.6287437084898 428
1738726591109 74.05636983475868 429
1738726591145 244.69521911175374 430
1738726591180 153.266940068759 431
1738726591216 206.07649340419368 432
1738726591252 93.77480926857953 433
1738726591288 149.05034311360828 434
1738726591323 161.21238824986509 435
1738726591358 132.50417314253752 436
1738726591393 220.31362405559554 437
1738726591428 120.90345431193725 438
1738726591463 238.81545928024144 439
1738726591497 128.95146735880263 440
1738726591532 122.89582337260632 441
1738726591566 226.18438882123118 442
1738726591601 189.1205090049556 443
1738726591637 137.4648409359208 444
1738726591672 161.13839647125474 445
1738726591707 205.52193343460857 446
1738726591743 250.4661108911264 447
1738726591778 127.10691855144788 448
1738726591813 209.99453577798093 449
1738726591848 148.07471851825332 450
1738726591883 226.90415212155068 451
1738726591918 129.31938015721335 452
1738726591953 173.84168564498506 453
1738726591987 170.6839411137565 454
1738726592022 94.70896204901938 455
1738726592057 195.86866099280724 456
1738726592092 156.45706515934646 457
1738726592128 138.26158032178952 458
1738726592163 198.11931554667552 459
1738726592199 176.13126428165714 460
1738726592235 118.94645306627453 461
1738726592270 191.51886433341235 462
1738726592306 181.54096715668587 463
1738726592341 149.68342800969697 464
1738726592376 48.85348044999498 465
1738726592411 200.7733502546386 466
1738726592446 200.47763279181197 467
1738726592482 133.5981428413992 468
1738726592517 115.07548497981998 469
1738726592555 112.76222223096487 470
1738726592593 213.03592309203776 471
1738726592628 181.12355268519616 472
1738726592663 189.3046431342025 473
1738726592699 98.83909860593307 474
1738726592734 170.5965521036208 475
1738726592771 87.25231758828559 476
1738726592806 251.9831422470636 477
1738726592845 204.3384271270906 478
1738726592881 199.9677642214462 479
1738726592916 267.4184303315933 480
1738726592951 206.57307834506383 481
1738726592986 179.57263839512567 482
1738726593021 162.23638608679093 483
1738726593058 220.59627799860888 484
1738726593093 135.8643603897035 485
1738726593131 217.85647471567822 486
1738726593170 182.76620103220156 487
1738726593208 161.9574160666457 488
1738726593244 235.64883071405194 489
1738726593279 162.82298251227738 490
1738726593314 123.2430929777807 491
1738726593350 156.62659937609146 492
1738726593385 265.1443773195186 493
1738726593420 141.24925340577946 494
1738726593454 163.03949201267994 495
1738726593490 170.06126351455 496
1738726593524 199.9001508136395 497
1738726593559 153.97793725927158 498
1738726593593 184.23945540992295 499
