1738724534074 172.48565093788113 0
1738724534112 171.44824247237537 1
1738724534151 180.8333570360801 2
1738724534190 171.81484434279395 3
1738724534228 174.05012420824056 4
1738724534267 178.27799250787925 5
1738724534306 169.23404633714176 6
1738724534344 171.39549964907724 7
1738724534383 163.3051546073265 8
1738724534422 177.8884820720981 9
1738724534460 166.7196679193844 10
1738724534499 163.10703663917522 11
1738724534537 173.2458029345848 12
1738724534576 174.6601537229466 13
1738724534614 177.68635814959256 14
1738724534652 165.05004002424144 15
1738724534691 168.8760860334433 16
1738724534730 181.20855225607718 17
1738724534768 161.29981045041916 18
1738724534808 164.38248837054076 19
1738724534847 170.04362576096025 20
1738724534886 162.7303654557208 21
