1738724551274 178.11504995098298 0
1738724551307 160.08831426987078 1
1738724551340 150.96653482668734 2
1738724551373 172.31437156701224 3
1738724551405 168.72619380334746 4
1738724551439 180.7067905782049 5
1738724551473 174.41280355125076 6
1738724551507 163.7177175061659 7
1738724551540 169.3311465125221 8
1738724551574 172.67103752730358 9
1738724551608 177.8796214979021 10
1738724551641 170.29367144134923 11
1738724551674 175.39429703812843 12
1738724551750 173.20369319927025 13
1738724551792 180.50042341885919 14
1738724551826 172.05527490728394 15
1738724551859 174.77779450321876 16
1738724551892 154.98091491604825 17
1738724551926 162.30363914926366 18
1738724551959 160.93028421977496 19
1738724551993 176.69102622652088 20
