1738726646212 159.8580041620636 0
1738726646247 170.3120161085956 1
1738726646282 162.80751222078 2
1738726646317 140.85939620739208 3
1738726646357 175.56294090910365 4
1738726646395 157.8729508775062 5
1738726646431 163.44458291769195 6
1738726646466 164.15326813468275 7
1738726646501 148.09126279777078 8
1738726646536 167.15864925783964 9
1738726646571 187.74185139827057 10
1738726646607 154.77954615822082 11
1738726646642 184.15570345283052 12
1738726646677 149.9561108580256 13
1738726646711 168.05159591814171 14
1738726646746 171.92292058089615 15
1738726646781 162.46788827191938 16
1738726646817 179.09701700186778 17
1738726646852 150.31390970565653 18
1738726646887 170.24712226017635 19
1738726646922 184.8203448054503 20
1738726646957 178.35811953192965 21
1738726646992 180.40639300762902 22
1738726647026 169.41612924470888 23
1738726647061 189.131636145586 24
1738726647095 175.8649764597985 25
1738726647130 161.9126556836633 26
1738726647164 181.96425906833312 27
1738726647199 183.22270221005266 28
1738726647234 170.16210783548627 29
1738726647270 161.85244217239406 30
1738726647312 163.4363229336082 31
1738726647353 177.2066873239797 32
1738726647394 175.93362140364712 33
1738726647434 162.93531436554764 34
1738726647471 162.53474267751292 35
1738726647507 166.92320332587738 36
