1738726507138 105.74079087668086 0
1738726507174 125.17234366715465 1
1738726507210 198.04559309795408 2
1738726507245 166.44026702460437 3
1738726507281 177.49523801163352 4
1738726507317 283.51829923474935 5
1738726507354 153.5628153748826 6
1738726507389 148.50894690532348 7
1738726507423 216.06807511501964 8
1738726507458 136.89447521506236 9
1738726507493 161.95791244896344 10
1738726507529 200.72127850802602 11
1738726507565 158.64659402778054 12
1738726507601 142.38556999964695 13
1738726507636 190.408311022809 14
1738726507672 496.30776715227796 15
1738726507707 102.73303453765261 16
1738726507743 369.75739955537296 17
1738726507778 173.16990703940928 18
1738726507813 210.7585507025639 19
1738726507848 179.4876487809419 20
1738726507882 188.59971954632377 21
1738726507917 203.48980123661747 22
1738726507952 212.29763823756105 23
1738726507986 140.87862306223604 24
1738726508021 146.6415003622966 25
1738726508055 224.49936185012774 26
1738726508090 235.96010486130382 27
1738726508124 108.75734948637968 28
1738726508159 175.50702650288778 29
1738726508193 192.92082136478882 30
1738726508228 120.37142026755993 31
1738726508262 66.01297339895011 32
1738726508296 224.4176770541256 33
1738726508331 176.71176323971585 34
1738726508367 207.36022181531368 35
1738726508402 85.3371126100846 36
1738726508437 235.26953943331063 37
1738726508472 128.21629359817126 38
1738726508506 190.76807237459153 39
1738726508541 169.79676295128036 40
1738726508576 349.00094321827737 41
1738726508611 238.0967990036988 42
1738726508645 206.5716023882474 43
1738726508680 128.0420952809564 44
1738726508714 127.39888204639142 45
1738726508749 161.86905356214666 46
1738726508784 104.01518879902729 47
1738726508818 145.9393686351255 48
1738726508853 294.2035566850166 49
1738726508888 185.39366549284418 50
1738726508922 108.2852691325797 51
1738726508957 129.00070253850794 52
1738726508992 152.92452864449714 53
1738726509028 93.18630561348168 54
1738726509064 272.49147269592584 55
1738726509100 112.05159519259843 56
1738726509135 151.81097055788064 57
1738726509172 183.28885242547636 58
1738726509207 166.44030804458103 59
1738726509242 179.8500390978294 60
1738726509278 175.11324092344577 61
1738726509314 151.74697832476355 62
1738726509351 131.17441854297368 63
1738726509387 158.0781030241753 64
1738726509422 222.733784402112 65
1738726509457 132.73720724594912 66
1738726509493 710.7774613306568 67
1738726509528 140.2235777219732 68
1738726509564 147.50715179294062 69
1738726509598 97.53925415739288 70
1738726509633 265.3372545570062 71
1738726509668 183.83176074203783 72
1738726509703 169.49573020574164 73
1738726509738 190.7289697508043 74
1738726509773 162.81833134302855 75
1738726509808 184.900828512574 76
1738726509843 148.47796031123 77
1738726509878 219.29433989429617 78
1738726509913 175.05873531621876 79
1738726509948 194.4869653429059 80
1738726509983 136.99036832566023 81
1738726510017 281.72934054936377 82
1738726510052 94.67776618201957 83
1738726510087 179.79914678931047 84
1738726510123 157.64876716745863 85
1738726510160 134.59137357455356 86
1738726510196 147.3212062765783 87
1738726510231 172.30925527262352 88
1738726510267 112.57455358021423 89
1738726510302 92.56799082099936 90
1738726510338 168.45009812706326 91
1738726510373 113.58387492369407 92
1738726510409 125.51843742418302 93
1738726510444 165.8309384398918 94
1738726510478 164.75897498568915 95
1738726510513 167.27341394247904 96
1738726510547 224.93661221512207 97
1738726510582 207.3752697914574 98
1738726510616 294.4564200347624 99
1738726510650 157.23255540557886 100
1738726510685 147.81526684237056 101
1738726510720 192.70428195637282 102
1738726510755 157.72238238180128 103
1738726510791 161.74695569782273 104
1738726510826 161.23940221281404 105
1738726510862 184.5666084924257 106
1738726510898 132.8197579819557 107
1738726510933 203.46448570653575 108
1738726510968 128.88569717496455 109
1738726511004 181.25327037537767 110
1738726511039 173.60572832705165 111
1738726511074 285.6604953653446 112
1738726511109 264.6781791707187 113
1738726511144 187.9887304945679 114
1738726511179 188.63925749868997 115
1738726511213 177.01839716583217 116
1738726511248 155.31705187926613 117
1738726511281 170.400096532619 118
1738726511315 179.28918227489825 119
1738726511349 280.42432699954946 120
1738726511383 112.49748177491963 121
1738726511417 109.9091912620138 122
1738726511451 137.68077781118023 123
1738726511485 139.39085844473908 124
1738726511519 163.94074819986636 125
1738726511553 127.5495097085913 126
1738726511588 134.2171643489053 127
1738726511622 105.4684749032623 128
1738726511656 129.55250939646024 129
1738726511690 250.7462635185042 130
1738726511726 202.88289581806762 131
1738726511762 153.25654714852584 132
1738726511798 288.0796633998088 133
1738726511833 115.51680922506173 134
1738726511868 62.45767972809868 135
1738726511903 224.7330331616622 136
1738726511938 61.94473162006321 137
1738726511973 139.75750859878724 138
1738726512008 172.21256833172927 139
1738726512042 136.58504251495876 140
1738726512077 254.27979976138926 141
1738726512111 135.29360525117028 142
1738726512146 125.49834582664906 143
1738726512181 185.6779831934029 144
1738726512215 214.82889813015302 145
1738726512249 118.14710081701753 146
1738726512284 179.75292420948864 147
1738726512318 138.14577775562537 148
1738726512359 181.49133321058804 149
1738726512395 98.58072710413163 150
1738726512429 137.2228692242414 151
1738726512464 153.13717243889502 152
1738726512498 56.11549175053355 153
1738726512533 201.10335976726847 154
1738726512569 162.43451004267493 155
1738726512604 119.84772351631531 156
1738726512640 157.84540561337724 157
1738726512675 136.0463579586938 158
1738726512710 99.86129092339135 159
1738726512744 105.61684016941832 160
1738726512779 180.35792685524868 161
1738726512813 168.9497577320973 162
1738726512847 187.27339485768834 163
1738726512882 205.88938937998023 164
1738726512916 158.87561913310705 165
1738726512950 180.0485259095779 166
1738726512984 209.42496197125948 167
1738726513019 156.54275517646857 168
1738726513053 186.0340662855849 169
1738726513088 90.18655624282891 170
1738726513122 226.24508171943958 171
1738726513156 268.0953479003733 172
1738726513190 286.3322213427381 173
1738726513224 76.52567793309585 174
1738726513258 168.4968494678644 175
1738726513293 124.52065372358277 176
1738726513328 190.20872151608438 177
1738726513363 166.59460254303815 178
1738726513398 206.04104812477973 179
1738726513433 170.6746914523761 180
1738726513468 193.31176447921789 181
1738726513502 195.94736629608593 182
1738726513537 224.35455239826274 183
1738726513572 160.17915418193064 184
1738726513606 167.3346741403145 185
1738726513641 184.03318654157468 186
1738726513676 183.27805205691905 187
1738726513711 193.62679046900936 188
1738726513745 245.73028095513618 189
1738726513780 164.90481003082127 190
1738726513814 95.84622134815315 191
1738726513849 128.95020079453462 192
1738726513883 166.2074056416831 193
1738726513918 155.0632745770616 194
1738726513952 129.14060776283623 195
1738726513986 100.62352155297341 196
1738726514020 129.76822593905231 197
1738726514055 254.50066260148552 198
1738726514090 191.6711123192047 199
1738726514125 142.1653995004494 200
1738726514160 160.84261671112247 201
1738726514194 205.70165430971144 202
1738726514229 131.5884575345004 203
1738726514263 191.82190353185038 204
1738726514298 135.57797699190576 205
1738726514332 191.9662383276889 206
1738726514367 181.6861007462865 207
1738726514401 105.09485624366897 208
1738726514435 165.81921045687733 209
1738726514470 165.32577618969876 210
1738726514504 223.76241448019303 211
1738726514538 268.7166968366081 212
1738726514573 125.20074315150006 213
1738726514607 125.85831777265066 214
1738726514641 188.75484387417748 215
1738726514676 305.4963738792363 216
1738726514710 59.449435984406904 217
1738726514744 133.98615055427553 218
1738726514778 208.77079536883343 219
1738726514813 444.5690954474889 220
1738726514847 206.8304193104787 221
1738726514881 140.1992871767149 222
1738726514915 194.127039092454 223
1738726514949 163.97549927695246 224
1738726514984 114.51329774854042 225
1738726515018 218.51592621901773 226
1738726515053 212.42764614449678 227
1738726515087 48.78762579462977 228
1738726515121 212.82747758095027 229
1738726515156 241.3464241287797 230
1738726515191 149.69452040451446 231
1738726515225 220.329755390966 232
1738726515259 155.5128058663896 233
1738726515294 133.19289082587517 234
1738726515328 171.32647952488824 235
1738726515362 186.74373491474466 236
1738726515396 152.28126515635725 237
1738726515431 115.69147065782165 238
1738726515465 130.1519838183137 239
1738726515499 109.4787783064953 240
1738726515533 114.6923058116514 241
1738726515567 195.35546541687182 242
1738726515601 185.7361742602126 243
1738726515635 54.84968862232262 244
1738726515669 231.99958400092046 245
1738726515703 202.18735999946406 246
1738726515737 230.94395320329724 247
1738726515771 265.960039472297 248
1738726515805 109.94134202454295 249
1738726515839 140.53882115958316 250
1738726515873 114.48165397391513 251
1738726515908 277.76664570681015 252
1738726515944 181.41130634935212 253
1738726515979 107.73430997756002 254
1738726516014 515.3674387793786 255
1738726516049 189.91446207579992 256
1738726516083 191.31322118613278 257
1738726516118 144.23167704686475 258
1738726516153 175.57031077698403 259
1738726516187 110.85135358745003 260
1738726516222 240.94379235335253 261
1738726516257 186.3941496362327 262
1738726516291 155.20082957454886 263
1738726516326 215.20969290513239 264
1738726516361 97.72003439883723 265
1738726516395 140.82160281609728 266
1738726516430 181.7801724756936 267
1738726516465 135.51943156098932 268
1738726516499 220.4632856099063 269
1738726516534 155.09094236179712 270
1738726516568 200.12140913755732 271
1738726516603 84.23033373110836 272
1738726516637 224.82872255675673 273
1738726516672 131.47269692909754 274
1738726516706 131.31218684947214 275
1738726516740 147.40484854959064 276
1738726516775 394.5006842122115 277
1738726516809 291.00668060307345 278
1738726516843 170.35734490276724 279
1738726516877 191.78151027891437 280
1738726516911 194.14382979676716 281
1738726516946 129.71875103590375 282
1738726516980 176.64648324808667 283
1738726517014 206.50850098605366 284
1738726517049 136.42897237771982 285
1738726517083 192.14031215613304 286
1738726517118 127.82303679867071 287
1738726517152 211.87954037088514 288
1738726517187 195.8253451448377 289
1738726517221 193.66395706253283 290
1738726517255 209.1917082572404 291
1738726517289 234.0174357729672 292
1738726517323 164.94194494299438 293
1738726517358 201.0058370833002 294
1738726517392 221.0144841969543 295
1738726517426 199.14085415425671 296
1738726517460 205.22569821245307 297
1738726517494 111.41630261396821 298
1738726517528 215.30460783615862 299
1738726517562 215.53909299621927 300
1738726517597 149.95557426258878 301
1738726517631 214.8710608288729 302
1738726517665 137.68666936633073 303
1738726517699 238.06095134063747 304
1738726517733 170.97437813396635 305
1738726517767 146.30066560584115 306
1738726517801 131.2350558901411 307
1738726517835 229.48617786345497 308
1738726517869 190.3335430158332 309
1738726517903 185.13228331921124 310
1738726517937 149.9004350007142 311
1738726517972 118.59050721375469 312
1738726518006 153.47093993402498 313
1738726518040 171.25292274799088 314
1738726518074 106.90818715652365 315
1738726518108 99.41096031705081 316
1738726518142 165.87382659666906 317
1738726518176 133.77371613346224 318
1738726518210 174.59987376310386 319
1738726518244 302.6157349932776 320
1738726518278 52.98688303041078 321
1738726518312 268.16621424033656 322
1738726518346 261.8112033935776 323
1738726518381 101.63153177502822 324
1738726518415 198.05781946645797 325
1738726518449 163.1129695291289 326
1738726518483 127.51387499910932 327
1738726518517 174.3384113416308 328
1738726518551 224.06325938178523 329
1738726518585 148.2904483823821 330
1738726518619 203.77417421202344 331
1738726518653 114.73680969682405 332
1738726518687 183.69654547178223 333
1738726518721 124.28703346376105 334
1738726518755 164.43637243072195 335
1738726518789 134.6783214424173 336
1738726518824 122.10458783530382 337
1738726518858 108.84930793939547 338
1738726518892 291.0216282471939 339
1738726518926 140.57231124455953 340
1738726518960 146.33390225124577 341
1738726518994 204.07949805343884 342
1738726519028 172.40640115598393 343
1738726519062 153.45092290100285 344
1738726519096 137.79215721256705 345
1738726519130 153.08824145669453 346
1738726519165 162.05586511864632 347
1738726519199 184.09690579308003 348
1738726519233 158.99266098290326 349
1738726519267 123.42417422762219 350
1738726519301 189.40096033285513 351
1738726519335 154.7564243115767 352
1738726519371 219.45704671084914 353
1738726519406 138.06197641736946 354
1738726519440 172.85510254881567 355
1738726519475 193.5300276056605 356
1738726519509 217.74285298322098 357
1738726519543 199.35124133299854 358
1738726519577 190.03345724997916 359
1738726519611 188.8291317491182 360
1738726519646 236.69693240421947 361
1738726519680 157.25858878096813 362
1738726519714 115.3773149106773 363
1738726519748 163.218156662438 364
1738726519782 146.49664765598723 365
1738726519816 106.5187036487365 366
1738726519850 195.25254385006542 367
1738726519885 124.4808978164247 368
1738726519919 120.9988653074464 369
1738726519953 213.84799035240488 370
1738726519987 124.28827388273703 371
1738726520021 194.62424922928574 372
1738726520055 151.45838962122878 373
1738726520089 417.84453910120726 374
1738726520123 95.29405364771875 375
1738726520157 219.0930064692031 376
1738726520191 197.70245635353572 377
1738726520225 168.13868389298452 378
1738726520259 232.68948008928734 379
1738726520293 209.70665170894335 380
1738726520327 225.39717899430627 381
1738726520361 196.55147884431838 382
1738726520395 228.57636372875706 383
1738726520429 332.15901506617814 384
1738726520463 213.44680684104003 385
1738726520497 378.06142896876145 386
1738726520533 191.35232287217852 387
1738726520567 164.25837922474648 388
1738726520601 124.41577165415454 389
1738726520635 159.95425809030482 390
1738726520669 242.82813657778706 391
1738726520702 150.5867370785892 392
1738726520736 91.61201738800878 393
1738726520770 145.7288898692451 394
1738726520804 142.2270108275459 395
1738726520838 190.25366519651593 396
1738726520872 221.47665131084474 397
1738726520906 198.95965786837206 398
1738726520939 183.6626646457746 399
1738726520973 166.99828514885107 400
1738726521007 204.54873724700948 401
1738726521041 226.48197985520505 402
1738726521074 242.3438498949384 403
1738726521108 128.55522426073028 404
1738726521142 160.41427439925462 405
1738726521176 187.6230185077955 406
1738726521210 219.80350098090668 407
1738726521244 187.65179417931364 408
1738726521278 139.78158085540477 409
1738726521311 150.15551143647775 410
1738726521345 205.17930505955252 411
1738726521379 106.56891845168245 412
1738726521413 109.56415343250535 413
1738726521446 154.16817379304524 414
1738726521480 90.70825840796704 415
1738726521514 203.05637537444832 416
1738726521547 221.96064883611658 417
1738726521581 168.3548438211215 418
1738726521615 123.91748499977082 419
1738726521649 147.84211105384614 420
1738726521682 126.26888840210943 421
1738726521716 187.5156724846964 422
1738726521750 194.85714502128442 423
1738726521783 110.28901696174698 424
1738726521817 193.80798500089034 425
1738726521851 194.20239049139477 426
1738726521885 92.02328901879883 427
1738726521918 192.88460632221913 428
1738726521952 213.82623376314612 429
1738726521986 60.508364685279105 430
1738726522019 214.845726058436 431
1738726522053 187.6233631214333 432
1738726522087 114.72642448657143 433
1738726522120 182.67023909481793 434
1738726522154 179.6653602179167 435
1738726522188 77.36279442349183 436
1738726522221 233.94137891827384 437
1738726522255 178.0596446783184 438
1738726522291 261.10986617047547 439
1738726522326 154.04060567470873 440
1738726522361 153.23528941341 441
1738726522395 120.7587978668593 442
1738726522430 220.4507986427989 443
1738726522464 304.83974883709357 444
1738726522499 189.73162277298013 445
1738726522534 178.83049903012065 446
1738726522568 199.6873161185598 447
1738726522603 187.64829180645037 448
1738726522637 210.3022271030153 449
1738726522672 303.2096949359698 450
1738726522707 129.3913163856111 451
1738726522741 219.79310488956477 452
1738726522776 193.6366155927557 453
1738726522810 262.88964783794256 454
1738726522844 123.46374497319982 455
1738726522879 137.33795771915263 456
1738726522913 130.07790196534395 457
1738726522948 103.9281741289069 458
1738726522982 189.46134102668114 459
1738726523017 93.02010557540986 460
1738726523051 145.78524077599909 461
1738726523085 164.7425587602998 462
1738726523120 126.17556624379739 463
1738726523154 232.81765139495235 464
1738726523189 102.87338022571551 465
1738726523223 56.677265300892216 466
1738726523258 195.39982784765888 467
1738726523292 144.84023177126096 468
1738726523327 139.23937966756117 469
1738726523361 98.9906620885188 470
1738726523396 102.49369243409603 471
1738726523430 119.24367651503175 472
1738726523464 221.52965586354742 473
1738726523499 248.2721002103816 474
1738726523533 159.95347203461753 475
1738726523567 169.5867956196894 476
1738726523602 214.04331159683397 477
1738726523636 200.6779844499622 478
1738726523671 123.72285713125606 479
1738726523705 108.6285992717794 480
1738726523740 168.95446685377112 481
1738726523774 173.64756972562003 482
1738726523809 182.26623998875783 483
1738726523843 131.48474229743803 484
1738726523878 103.27614222259682 485
1738726523913 109.28896237289244 486
1738726523947 128.45589814860014 487
1738726523981 146.13491294849655 488
1738726524016 246.1199281342063 489
1738726524051 141.55393565854556 490
1738726524085 214.6492796767028 491
1738726524120 96.24123048354096 492
1738726524154 224.83647894155726 493
1738726524189 203.13425874467777 494
1738726524223 157.27284034331691 495
1738726524257 242.77604121692113 496
1738726524292 235.59106993835223 497
1738726524326 309.2094399871438 498
1738726524361 201.5697022254964 499
