1738722862925 179.51671549788878 0
1738722862960 179.22114915895966 1
1738722862996 165.63069520073893 2
1738722863031 173.7400104042431 3
1738722863065 151.04846435061293 4
1738722863101 175.23140101400529 5
1738722863136 170.82844842431928 6
1738722863171 160.5186937917081 7
1738722863206 152.9686868711021 8
1738722863241 155.19753421211172 9
1738722863276 171.85513395917923 10
1738722863310 172.43107063438003 11
1738722863345 164.68199141657846 12
1738722863380 160.2680258545848 13
1738722863414 162.97421540350774 14
1738722863449 164.78081157182984 15
1738722863484 179.7951774780058 16
1738722863519 163.61495239353746 17
1738722863554 152.82589269607206 18
1738722863588 172.03547527471966 19
1738722863623 177.50155843641258 20
1738722863657 151.58111598211642 21
1738722863694 163.37121599890025 22
1738722863729 176.10516174103782 23
1738722863765 175.58353987391834 24
1738722863800 164.2401729971402 25
1738722863836 167.08001020660248 26
1738722863871 180.35221933648435 27
1738722863907 165.9122456276055 28
1738722863943 173.0734593655899 29
1738722863978 158.32026340336748 30
1738722864013 175.12699437080008 31
1738722864049 158.30394369751463 32
1738722864084 173.31328074945813 33
1738722864119 171.5686247816048 34
1738722864153 155.1002237294172 35
1738722864188 170.3385671368551 36
1738722864223 177.97256883279903 37
1738722864258 168.65238491906678 38
1738722864292 173.65603929153903 39
1738722864327 145.95862995775386 40
1738722864364 140.07973711432362 41
1738722864398 158.41159610723344 42
1738722864433 171.447055975206 43
1738722864468 161.87693935425668 44
1738722864502 185.1315772083363 45
1738722864537 164.19065825415657 46
1738722864571 167.24051055151872 47
1738722864606 161.19469259305654 48
1738722864640 170.6334239107432 49
