1738724295302 87.59710895135426 0
1738724295334 80.06869406204298 1
1738724295366 165.82732878802372 2
1738724295398 180.99716735755396 3
1738724295430 128.12429225311166 4
1738724295463 200.17352814699015 5
1738724295495 368.9342262980032 6
1738724295527 136.69660486312762 7
1738724295559 240.41592751668153 8
1738724295591 151.21848549519638 9
1738724295622 227.26061345357928 10
1738724295655 136.64719475474988 11
1738724295687 203.78597212850258 12
1738724295718 192.3621266135141 13
1738724295750 153.43174260846405 14
1738724295782 130.42289568469806 15
1738724295814 157.4438074579694 16
1738724295846 223.60103606649363 17
1738724295878 163.91854907611173 18
1738724295909 170.3655807438193 19
1738724295941 206.39277001264463 20
1738724295973 128.68982240389403 21
1738724296005 215.08264359385737 22
1738724296036 134.7076565192407 23
1738724296068 116.76591771639731 24
1738724296100 179.9531101169866 25
1738724296131 285.81999861173415 26
1738724296163 260.8485566465799 27
1738724296195 78.94098092237226 28
1738724296227 143.38525260626943 29
1738724296258 202.63876987057367 30
1738724296290 258.1629842472426 31
1738724296322 181.11680567236556 32
1738724296353 228.45665007067933 33
1738724296385 164.45803339443535 34
1738724296417 244.3360010642768 35
1738724296448 136.87573915090812 36
1738724296480 195.20825668223216 37
1738724296512 127.92089971945956 38
1738724296543 246.2664964207142 39
1738724296575 181.23659757199928 40
1738724296606 192.64358471117714 41
1738724296638 105.65675015769038 42
1738724296669 188.84955253235836 43
1738724296701 198.41613363857968 44
1738724296732 122.04345970608867 45
1738724296764 172.81625050116466 46
1738724296795 221.26624788387423 47
1738724296827 98.13333299440467 48
1738724296858 204.3590907280654 49
1738724296890 187.51494766434058 50
1738724296921 161.40546918879355 51
1738724296953 246.59069841480218 52
1738724296985 167.68699455252266 53
1738724297016 119.50581929867234 54
1738724297048 27.08574106061632 55
1738724297079 160.1382363480388 56
1738724297111 166.07829778482215 57
1738724297142 144.22455078052676 58
1738724297174 426.4806665053334 59
1738724297205 115.37366993529498 60
1738724297236 159.91854159385818 61
1738724297268 164.8365796627212 62
1738724297299 148.40986742456866 63
1738724297354 232.051166739265 64
1738724297387 291.78114328810784 65
1738724297419 158.71690299567817 66
1738724297451 173.72591005746756 67
1738724297483 179.83463714994807 68
1738724297515 205.86926041766 69
1738724297547 148.4099393609072 70
1738724297579 245.68491784976356 71
1738724297612 234.72447052654798 72
1738724297644 148.99144249742997 73
1738724297676 246.51061706559346 74
1738724297708 211.3312505929141 75
1738724297740 132.87829675833993 76
1738724297772 213.84041710864884 77
1738724297804 183.14837336995035 78
1738724297836 150.78403120189546 79
1738724297868 88.63366248863585 80
1738724297900 201.6031499944585 81
1738724297932 166.71593391123338 82
1738724297964 138.77047081716358 83
1738724297997 274.62509863552384 84
1738724298029 143.73871722951858 85
1738724298061 157.05693715017472 86
1738724298093 182.26193895000992 87
1738724298125 147.08476135886255 88
1738724298157 198.79635494450795 89
1738724298188 120.72432477422147 90
1738724298220 208.36986247333473 91
1738724298252 149.29756130235603 92
1738724298284 184.77998615560585 93
1738724298316 195.92926671794282 94
1738724298348 109.3917881512513 95
1738724298380 277.92254916514037 96
1738724298412 204.47804222937046 97
1738724298444 146.3755333833541 98
1738724298476 177.8215439554037 99
1738724298508 89.68666541448975 100
1738724298540 146.22787141336997 101
1738724298572 172.15280351130403 102
1738724298604 178.64025106649768 103
1738724298635 143.66184358437758 104
1738724298667 137.40813832842375 105
1738724298699 92.5554304162538 106
1738724298730 170.59439749436245 107
1738724298762 138.2642669648916 108
1738724298794 152.99159375878259 109
1738724298826 183.70598718134153 110
1738724298857 159.56780633253334 111
1738724298889 206.9274906259811 112
1738724298920 151.13379319658054 113
1738724298952 259.0031929860955 114
1738724298984 115.39509105575141 115
1738724299015 160.65590855615872 116
1738724299047 165.11732993452227 117
1738724299079 198.15723800252943 118
1738724299110 172.33015248107978 119
1738724299142 141.55556891573326 120
1738724299174 164.67199777264665 121
1738724299205 97.0365521568195 122
1738724299237 196.78291050777275 123
1738724299269 229.67030147633403 124
1738724299301 156.4213910965228 125
1738724299332 279.9476201292738 126
1738724299364 189.7111223725628 127
1738724299395 190.78127291102658 128
1738724299427 162.41716155718692 129
1738724299459 161.47046375690195 130
1738724299490 197.5839016642267 131
1738724299522 116.79788851264357 132
1738724299553 114.95807516756909 133
1738724299585 222.34688349837293 134
1738724299617 158.86175293200887 135
1738724299648 155.2498734732898 136
1738724299680 173.70258323107473 137
1738724299712 180.55787221481015 138
1738724299743 477.04966632903324 139
1738724299775 521.4963443488517 140
1738724299807 171.5904718842708 141
1738724299839 204.12446556055554 142
1738724299870 137.5660092744179 143
1738724299902 120.02730536480288 144
1738724299934 175.43820381489041 145
1738724299966 71.09101181061769 146
1738724299997 140.75862068450917 147
1738724300029 235.24756588029229 148
1738724300061 230.27553106091716 149
1738724300092 154.26948354370612 150
1738724300124 204.69075077015918 151
1738724300156 177.58497835756964 152
1738724300187 150.09539490721986 153
1738724300219 151.86050347662143 154
1738724300250 167.27529769806182 155
1738724300282 162.81514238425288 156
1738724300314 145.32447142277553 157
1738724300345 129.2924244703769 158
1738724300377 104.84408601267917 159
1738724300408 201.55725531033835 160
1738724300440 167.44836145983038 161
1738724300471 158.87649291069516 162
1738724300503 147.0989384493967 163
1738724300545 252.2353489371274 164
1738724300577 132.7629732040406 165
1738724300610 137.91538521925065 166
1738724300642 120.44710859476476 167
1738724300674 208.8024960402132 168
1738724300706 215.04086835358075 169
1738724300738 194.28627159198666 170
1738724300770 234.1699777149108 171
1738724300802 96.60046253876573 172
1738724300834 193.49603783802758 173
1738724300866 167.460346707393 174
1738724300898 217.6264631008086 175
1738724300930 114.58052912742171 176
1738724300962 157.2239541897193 177
1738724300994 155.43255403169061 178
1738724301026 205.15889465103103 179
1738724301057 214.14961150867668 180
1738724301089 145.31931305648433 181
1738724301121 194.8995549112395 182
1738724301153 122.58301781534772 183
1738724301184 160.8713988060746 184
1738724301216 251.18372374175283 185
1738724301248 186.1978756228321 186
1738724301280 185.04607680040084 187
1738724301312 208.1734109835967 188
1738724301343 183.23485816318183 189
1738724301375 178.23668740290125 190
1738724301407 443.13083436355777 191
1738724301439 185.2221181281193 192
1738724301470 243.5617460224491 193
1738724301502 229.9990081786555 194
1738724301533 254.14823399289386 195
1738724301565 125.17509701589755 196
1738724301597 148.08101517882832 197
1738724301628 166.1871233211277 198
1738724301660 350.1554278277072 199
1738724301691 107.1971635233318 200
1738724301723 274.57269991166896 201
1738724301754 214.04122786250127 202
1738724301786 205.01740554461216 203
1738724301818 189.77552406809292 204
1738724301850 62.1557958628714 205
1738724301881 190.15898903636977 206
1738724301913 96.39812879010242 207
1738724301945 165.43106591212975 208
1738724301976 273.4390174038019 209
1738724302012 167.40502667305856 210
1738724302044 178.9953038294289 211
1738724302077 232.02040598556326 212
1738724302109 106.29143667427972 213
1738724302142 180.07947556794835 214
1738724302174 162.58436291780495 215
1738724302206 175.7491372599293 216
1738724302238 183.96175857260585 217
1738724302270 192.47837674703487 218
1738724302310 174.56315094413333 219
1738724302344 93.7444336718626 220
1738724302379 146.85788696083964 221
1738724302413 202.29630181696533 222
1738724302446 121.11298023009361 223
1738724302478 130.65934501652282 224
1738724302510 134.6716983286583 225
1738724302541 93.1458926216383 226
1738724302574 134.96569034500976 227
1738724302605 232.25009515353497 228
1738724302637 231.97176648469707 229
1738724302669 177.02254262890864 230
1738724302701 115.38389693701679 231
1738724302732 178.4009003257545 232
1738724302764 181.59529527995457 233
1738724302796 137.32962535796926 234
1738724302827 208.42426746883612 235
1738724302859 196.67228805965925 236
1738724302891 154.2729866614251 237
1738724302923 96.45631916689739 238
1738724302954 241.73071505628175 239
1738724302986 228.73538535030778 240
1738724303018 181.3101831305706 241
1738724303050 127.18867081008042 242
1738724303081 101.89926107039562 243
1738724303113 137.21248821876313 244
1738724303145 160.00587550861616 245
1738724303177 158.6554842427339 246
1738724303208 139.37047664652692 247
1738724303240 209.91631598367337 248
1738724303272 183.61052083261566 249
1738724303303 143.53417234527544 250
1738724303335 172.8660115066454 251
1738724303366 194.9651638489063 252
1738724303398 173.05319046101445 253
1738724303429 129.13952375963243 254
1738724303461 244.65779906925 255
1738724303492 163.31899501205368 256
1738724303524 133.57579241166658 257
1738724303555 106.64778332530402 258
1738724303587 265.24733738818304 259
1738724303618 267.1999485020145 260
1738724303650 180.55850370330288 261
1738724303682 193.11743668396986 262
1738724303716 184.15929917962012 263
1738724303749 199.70814978190012 264
1738724303782 129.86042035863935 265
1738724303815 198.85102541834036 266
1738724303847 162.72257173478724 267
1738724303880 160.38816987569717 268
1738724303913 170.05536969859455 269
1738724303945 187.37023627882883 270
1738724303977 249.2407169723452 271
1738724304010 273.20440997486014 272
1738724304042 175.55825840027586 273
1738724304074 158.45818327357523 274
1738724304106 101.67702969094358 275
1738724304138 268.6569076866476 276
1738724304170 205.2312050470526 277
1738724304202 170.5453847892325 278
1738724304234 171.49934977322573 279
1738724304266 160.8008592368886 280
1738724304299 178.05417878143453 281
1738724304330 77.3883392378041 282
1738724304362 179.32070220051708 283
1738724304395 289.13303872536727 284
1738724304427 198.33388424121318 285
1738724304459 178.4319064230745 286
1738724304490 175.86113166231684 287
1738724304522 109.28332363938311 288
1738724304554 143.94332807581526 289
1738724304586 63.57645610780291 290
1738724304618 182.6484552862796 291
1738724304650 252.21347460046113 292
1738724304682 70.36135150915992 293
1738724304714 147.1195564105775 294
1738724304746 105.61506066157848 295
1738724304778 162.3407042869677 296
1738724304809 88.18784863884294 297
1738724304841 172.39701764978304 298
1738724304873 180.13155063469884 299
1738724304905 238.82016308168903 300
1738724304937 197.58505601966854 301
1738724304969 166.51641758875073 302
1738724305000 196.90633132669439 303
1738724305034 234.71609454659992 304
1738724305066 166.95431948010398 305
1738724305097 83.89275176407776 306
1738724305129 146.53794164833374 307
1738724305160 170.5121494833788 308
1738724305192 186.07531620760366 309
1738724305223 180.92081343392383 310
1738724305255 177.04802397394246 311
1738724305288 129.50002823286246 312
1738724305320 92.4069037625324 313
1738724305352 216.59530156658877 314
1738724305384 186.75669796574985 315
1738724305416 157.1653702897524 316
1738724305448 177.63062301171612 317
1738724305480 157.3680261497989 318
1738724305512 186.38439490651214 319
1738724305544 123.65096687179744 320
1738724305576 177.54941776914896 321
1738724305607 146.90991284414892 322
1738724305639 205.7292221746399 323
1738724305671 164.21545724159674 324
1738724305703 218.79842613875442 325
1738724305735 189.21095679644318 326
1738724305767 180.7549777921668 327
1738724305799 174.9368489735127 328
1738724305830 127.73387933396691 329
1738724305862 189.93699558173205 330
1738724305895 91.9325335766936 331
1738724305927 204.83699795959527 332
1738724305959 158.3556273955182 333
1738724305990 171.88656232228078 334
1738724306022 224.42864975499015 335
1738724306054 138.27215244972487 336
1738724306085 189.79967360045552 337
1738724306117 121.99242937464078 338
1738724306148 159.0333996123888 339
1738724306180 173.28997249086635 340
1738724306212 189.3069968380251 341
1738724306243 155.0380329154288 342
1738724306275 294.3711294441384 343
1738724306307 180.78499467091825 344
1738724306339 179.79265106988888 345
1738724306371 116.47169465267345 346
1738724306403 133.06047879840082 347
1738724306436 168.62945771092114 348
1738724306468 244.735266132291 349
1738724306500 217.14098796935406 350
1738724306532 154.46112886180308 351
1738724306564 209.84526921963274 352
1738724306596 216.3545722562399 353
1738724306628 171.661852181652 354
1738724306660 140.60609889749693 355
1738724306692 198.6097518660677 356
1738724306724 100.33303145415582 357
1738724306756 117.15272121416723 358
1738724306788 270.4443852569429 359
1738724306820 159.05587740800684 360
1738724306852 312.8506338779991 361
1738724306884 103.8773243113675 362
1738724306916 216.09591749723882 363
1738724306948 187.1416705930071 364
1738724306980 113.19444886285797 365
1738724307011 119.72778322239674 366
1738724307043 183.00702115638876 367
1738724307075 186.04393593765312 368
1738724307107 131.69608645271 369
1738724307139 126.30490053576915 370
1738724307171 186.56099146297134 371
1738724307203 125.10794509284226 372
1738724307235 181.3825249782719 373
1738724307267 157.37124768639998 374
1738724307300 59.404788484631425 375
1738724307333 163.37954205303078 376
1738724307365 222.7287723491004 377
1738724307397 134.55632279369743 378
1738724307429 248.33345330432923 379
1738724307461 159.9923029820839 380
1738724307493 270.0477394631707 381
1738724307525 198.41241895269746 382
1738724307557 344.94119570611247 383
1738724307589 151.00306054443107 384
1738724307621 39.472447965420066 385
1738724307653 199.57444839453103 386
1738724307684 184.32872632896584 387
1738724307716 187.92869227077338 388
1738724307748 198.0466077610487 389
1738724307780 199.64003066948618 390
1738724307812 207.2889106754087 391
1738724307844 285.079006753195 392
1738724307876 98.70065090909263 393
1738724307910 158.39454360200497 394
1738724307943 125.48545004039585 395
1738724307976 177.56481593776155 396
1738724308009 145.33519774287169 397
1738724308042 111.07319751961104 398
1738724308074 180.73569672311027 399
1738724308107 196.60084853689946 400
1738724308138 181.76290073341235 401
1738724308170 148.62297004661403 402
1738724308202 170.61215347259483 403
1738724308233 260.32540234330395 404
1738724308265 117.18082813099346 405
1738724308297 162.57023688169517 406
1738724308331 155.15931476349064 407
1738724308364 187.79325378269232 408
1738724308396 187.5639233761023 409
1738724308428 161.39072170370144 410
1738724308460 208.7373296292486 411
1738724308493 110.66353372711592 412
1738724308526 132.45476393775027 413
1738724308559 266.33972966415166 414
1738724308591 123.59505788316719 415
1738724308624 150.6266325385941 416
1738724308657 132.07414648776205 417
1738724308689 182.78234900096083 418
1738724308721 110.79727427367574 419
1738724308755 332.42472059949534 420
1738724308787 222.06160666889488 421
1738724308819 161.87129225304832 422
1738724308851 199.81910607859376 423
1738724308883 199.2601412881064 424
1738724308915 188.96104522265648 425
1738724308947 149.25355697519566 426
1738724308978 113.25868148677947 427
1738724309010 115.9914334074177 428
1738724309042 169.17398818030145 429
1738724309074 147.57797292135427 430
1738724309105 189.59690665238801 431
1738724309137 233.65237423345783 432
1738724309169 102.91586921746922 433
1738724309201 187.14535956231717 434
1738724309232 147.61563823542662 435
1738724309264 255.07565798344498 436
1738724309296 205.58789090438455 437
1738724309328 261.1733833966857 438
1738724309361 164.06507495615438 439
1738724309393 136.79240811855345 440
1738724309426 130.79858985999837 441
1738724309458 224.55901887952365 442
1738724309490 225.96717108253537 443
1738724309522 176.47124773427987 444
1738724309554 91.51268163481556 445
1738724309586 203.58202646055722 446
1738724309618 136.8835490506841 447
1738724309650 350.03294445950775 448
1738724309682 193.10451113140684 449
1738724309714 163.96855646946256 450
1738724309746 233.68386904555345 451
1738724309778 244.87024814982567 452
1738724309810 184.68398064338052 453
1738724309842 125.3662488090279 454
1738724309874 177.5034815639339 455
1738724309907 128.21896001255806 456
1738724309940 232.86283500124284 457
1738724309973 134.18665406163706 458
1738724310006 148.30730410449394 459
1738724310038 161.35798937372022 460
1738724310070 185.869087479981 461
1738724310103 170.99097919772342 462
1738724310135 162.02733711780735 463
1738724310167 166.10998063083576 464
1738724310199 119.63881637481322 465
1738724310231 177.39201733067864 466
1738724310263 178.2480537468269 467
1738724310296 211.48495944320382 468
1738724310329 142.1715279368833 469
1738724310362 116.92863918151808 470
1738724310394 224.01450857333006 471
1738724310427 226.14039306415478 472
1738724310459 207.1131176911797 473
1738724310491 184.8274573680924 474
1738724310523 113.96826447432935 475
1738724310555 148.26873906573448 476
1738724310587 121.84996585983362 477
1738724310619 250.6293538640021 478
1738724310651 167.3019842304664 479
1738724310684 254.47834408657536 480
1738724310716 131.14656382188795 481
1738724310748 199.93068657049628 482
1738724310780 145.19428212229764 483
1738724310812 111.88926801599568 484
1738724310844 68.87750375156347 485
1738724310876 148.93837486611363 486
1738724310908 245.34288681716524 487
1738724310939 188.95583458123926 488
1738724310971 267.20528731811277 489
1738724311003 67.11352365163292 490
1738724311035 113.05050064937116 491
1738724311066 147.69108093079768 492
1738724311098 139.5369424643584 493
1738724311130 177.0607140786231 494
1738724311162 147.08699394605858 495
1738724311194 118.43920674887885 496
1738724311226 134.20906944280625 497
1738724311257 158.27980681284342 498
1738724311289 195.33703515639712 499
