1738726275941 169.7025633804964 0
1738726275944 169.7055510713187 1
1738726275947 169.7013187879515 2
1738726275950 169.6972502011629 3
1738726275953 169.69319658446338 4
1738726275956 169.6891608598264 5
1738726275958 169.6851428865454 6
1738726275961 169.68114258677355 7
1738726275964 169.6771598817347 8
1738726275967 169.6731946930327 9
1738726275970 169.66924694262246 10
1738726275973 169.66531655280897 11
1738726275976 169.66140344624574 12
1738726275979 169.6575075459334 13
1738726275982 169.65362877521778 14
1738726275985 169.64976705778872 15
1738726275988 169.6459223176782 16
1738726275991 169.64209447925919 17
1738726275994 169.63828346724367 18
1738726275998 169.63448920668154 19
1738726276001 169.6307116229586 20
1738726276004 169.62695064179562 21
1738726276008 169.62320618924636 22
1738726276012 169.6194781916963 23
1738726276015 169.61576657586113 24
1738726276018 169.61207126878514 25
1738726276022 169.60839219783992 26
1738726276025 169.60472929072282 27
1738726276028 169.6010824754554 28
1738726276031 169.597451680382 29
1738726276034 169.59383683416843 30
1738726276037 169.59023786580036 31
1738726276041 169.58665470458206 32
1738726276044 169.58308728013458 33
1738726276047 169.57953552239482 34
1738726276050 169.57599936161387 35
1738726276053 169.57247872835555 36
1738726276056 169.568973553495 37
1738726276059 169.5654837682175 38
1738726276062 169.56200930401678 39
1738726276065 169.55855009269388 40
1738726276068 169.55510606635553 41
1738726276071 169.55167715741302 42
1738726276074 169.54826329858062 43
1738726276077 169.54486442287447 44
1738726276080 169.5414804636108 45
1738726276083 169.5381113544051 46
1738726276086 169.53475702917032 47
1738726276089 169.53141742211588 48
1738726276091 169.52809246774615 49
1738726276095 169.52478210085908 50
1738726276098 169.521486256545 51
1738726276101 169.51820487018526 52
1738726276104 169.514937877451 53
1738726276107 169.51168521430165 54
1738726276110 169.50844681698388 55
1738726276113 169.50522262203006 56
1738726276116 169.50201256625712 57
1738726276119 169.4988165867654 58
1738726276122 169.49563462093698 59
1738726276125 169.49246660643485 60
1738726276128 169.48931248120138 61
1738726276131 169.48617218345711 62
1738726276134 169.48304565169954 63
1738726276137 169.47993282470193 64
1738726276140 169.47683364151194 65
1738726276143 169.47374804145045 66
1738726276146 169.4706759641104 67
