1738724148234 167.01207631286906 0
1738724148237 170.39944218377659 1
1738724148240 166.61354528979356 2
1738724148242 168.52249807552562 3
1738724148245 168.56268421850316 4
1738724148248 169.81637442455258 5
1738724148251 171.2571655887266 6
1738724148254 171.4201458116554 7
1738724148256 169.10633645477108 8
1738724148259 169.1312232038486 9
1738724148262 168.17796495700546 10
1738724148265 170.23519156100508 11
1738724148268 168.86066621462385 12
1738724148271 169.04082067362097 13
1738724148274 171.42511069923424 14
1738724148277 168.71356769835506 15
1738724148279 169.41993855538718 16
1738724148282 167.37004409397596 17
1738724148285 169.37096854994445 18
1738724148288 166.18428653701633 19
1738724148291 168.68191788893552 20
1738724148294 170.99801357525467 21
1738724148296 170.00109773119118 22
1738724148299 170.38712457492528 23
1738724148302 168.68959306802196 24
1738724148305 169.70887349564575 25
1738724148308 171.01340684272387 26
1738724148310 169.11262778060086 27
1738724148313 167.36006149024237 28
1738724148316 167.7067796701263 29
1738724148319 167.2011872067216 30
1738724148321 170.24075657467026 31
1738724148324 168.29647328268075 32
1738724148327 169.19442620807905 33
1738724148330 167.97123214649363 34
1738724148332 168.98017207508812 35
1738724148335 168.99494967778688 36
1738724148338 168.90374216751098 37
1738724148341 169.65804015803522 38
1738724148343 167.98641746661417 39
1738724148346 168.0886663416062 40
1738724148349 169.09439238971365 41
1738724148352 168.11854479010532 42
1738724148354 168.12561770004493 43
1738724148357 167.8820411041895 44
1738724148360 169.76298274610082 45
1738724148363 170.51204774319197 46
1738724148365 169.348698273832 47
1738724148368 170.91914696496391 48
1738724148371 168.66552655340897 49
1738724148374 169.73757386182425 50
1738724148376 168.70117613107948 51
1738724148379 168.2485413053725 52
1738724148382 169.0015616272471 53
1738724148385 169.40612796316043 54
1738724148387 169.67041637369022 55
1738724148390 170.69798706923547 56
1738724148393 167.648512809203 57
1738724148395 168.9580610440605 58
1738724148398 168.81257358077303 59
1738724148401 171.10133966384296 60
1738724148404 168.0378784346343 61
1738724148406 169.75852486279047 62
1738724148409 170.36037001539054 63
1738724148412 168.6439433118984 64
1738724148415 170.541654121136 65
1738724148417 170.93202253289155 66
1738724148420 168.2869053213012 67
1738724148423 167.96776373367743 68
1738724148426 169.4445951464406 69
1738724148429 167.1106192782733 70
1738724148431 166.3898168893488 71
1738724148434 168.60105591704874 72
1738724148437 170.86070939416007 73
1738724148440 169.83710070246573 74
1738724148442 169.73232608859183 75
1738724148445 167.81907973993557 76
1738724148448 169.08100470121153 77
1738724148451 169.15467816658784 78
1738724148453 165.7923445716581 79
1738724148456 169.77313531717252 80
1738724148459 166.5007196885237 81
1738724148462 167.2858486112476 82
1738724148465 167.6611078371885 83
1738724148467 170.8762074736004 84
1738724148470 167.1022707918924 85
1738724148473 167.49903982763686 86
1738724148476 168.48511556921002 87
1738724148479 168.03611047002366 88
1738724148482 170.24698664851584 89
1738724148485 168.27055805279352 90
1738724148488 167.5677894768826 91
1738724148490 169.3664827505828 92
1738724148493 168.2360754760389 93
1738724148496 167.66786958567081 94
1738724148499 170.40918157736039 95
1738724148502 167.62789170575942 96
1738724148505 170.74301883392 97
1738724148508 169.30259215194462 98
1738724148511 164.98522692494868 99
1738724148514 168.94017816254996 100
