1738724497842 159.38437318598278 0
1738724497875 143.29881826468295 1
1738724497907 150.6295358847774 2
1738724497940 181.18036082954927 3
1738724497972 180.39457361468365 4
1738724498005 159.20487788359821 5
1738724498039 156.63547093097165 6
1738724498072 155.54009663391653 7
1738724498105 161.02569830627962 8
1738724498138 160.36584536216117 9
1738724498170 150.44395458805155 10
1738724498203 157.4507506459861 11
1738724498236 165.27139394133758 12
1738724498269 149.63262690193224 13
1738724498301 174.04464985742132 14
1738724498334 152.8720669151292 15
1738724498367 184.03488449765157 16
1738724498400 203.6877673260935 17
1738724498433 183.0453127265104 18
1738724498465 178.53699216059167 19
1738724498498 178.5066880447451 20
1738724498530 162.75437819016275 21
1738724498562 105.54550789363394 22
1738724498595 166.64243884290417 23
1738724498627 179.59284784975392 24
1738724498660 143.43396663862868 25
1738724498692 185.29888486194076 26
1738724498724 160.48185396337763 27
1738724498756 181.88236308970477 28
1738724498789 162.2179550680052 29
1738724498821 162.44594805253226 30
1738724498853 165.91352021537125 31
1738724498885 144.9903184834681 32
1738724498918 179.63142158038195 33
1738724498983 170.5265271680434 34
1738724499017 143.99460906514423 35
1738724499050 178.39893157789427 36
1738724499084 151.68336251152917 37
1738724499117 170.81444185142058 38
1738724499151 186.2980832135906 39
1738724499184 147.06992090460164 40
1738724499217 165.49616479908659 41
1738724499249 164.6505688171568 42
1738724499282 173.55048591536342 43
1738724499315 166.71892265737188 44
1738724499349 160.79505766704872 45
1738724499383 181.15326493745565 46
1738724499417 177.21515231554577 47
1738724499450 166.45551580118425 48
1738724499483 180.65159289086296 49
1738724499516 163.60713425146574 50
1738724499549 173.90548443559814 51
1738724499582 135.46982422354702 52
1738724499617 174.86976440404257 53
1738724499651 170.35405514121769 54
1738724499685 183.20050772365283 55
1738724499718 158.8180070711764 56
1738724499751 168.58658242227008 57
1738724499785 160.1025828436488 58
1738724499818 133.4421313743903 59
1738724499852 183.0427364810997 60
1738724499885 172.86139596716953 61
1738724499918 162.1610705566116 62
1738724499951 139.62842797128977 63
1738724499984 161.2015994638388 64
1738724500016 121.03212047971788 65
1738724500049 166.70879831951137 66
1738724500082 185.32632077578623 67
1738724500114 150.60189500306893 68
1738724500146 175.19532219648238 69
1738724500179 184.46818919967666 70
1738724500212 194.9831664600246 71
1738724500245 143.0769129525263 72
1738724500277 187.09221465076632 73
1738724500310 192.4069231651566 74
1738724500371 162.26365560321491 75
1738724500405 178.61353344888565 76
1738724500438 189.2705530259983 77
1738724500471 145.05219069031665 78
1738724500504 153.36335187018253 79
1738724500537 180.84291684737124 80
1738724500570 155.51308362089148 81
1738724500602 147.5044561685272 82
1738724500635 166.6385682944283 83
1738724500667 173.97545293161633 84
1738724500700 157.28484479675794 85
1738724500732 166.49839730520628 86
1738724500765 163.65917015425848 87
1738724500797 186.8340029862083 88
1738724500830 169.00586411925838 89
1738724500862 154.8056845026443 90
1738724500895 181.9183810520722 91
1738724500927 169.1680100281196 92
1738724500959 150.6634390880143 93
1738724500992 166.1631097433791 94
1738724501024 191.26592856178706 95
1738724501058 138.2979921605514 96
1738724501091 173.58124246311854 97
1738724501123 191.56293025735042 98
1738724501155 122.05588486924498 99
1738724501187 160.04063066037867 100
1738724501220 206.55683094326733 101
1738724501252 167.11394837199376 102
1738724501284 201.89245728213166 103
1738724501316 168.24935445457945 104
1738724501349 174.26591316931172 105
1738724501381 152.1104140240747 106
1738724501413 183.0663153805885 107
1738724501445 163.2954948899357 108
1738724501478 139.60544245397233 109
1738724501510 152.24543399706187 110
1738724501542 173.96282377119195 111
1738724501574 157.21068867051068 112
1738724501606 169.54698081273042 113
1738724501639 174.34812023767418 114
1738724501671 147.87192947315026 115
1738724501703 159.35915414934902 116
1738724501735 178.5866023102775 117
1738724501767 99.95712842907912 118
1738724501799 163.72276447530706 119
1738724501831 148.22425661029578 120
1738724501864 165.61810850180692 121
1738724501897 164.14922847193523 122
1738724501931 174.45571394943116 123
1738724501963 172.83564693141435 124
1738724501996 145.08379974747052 125
1738724502029 187.10744192971643 126
1738724502062 162.2276757794414 127
1738724502094 148.25448297162924 128
1738724502127 196.8259713539832 129
1738724502159 160.759094151543 130
1738724502192 167.62586331456941 131
1738724502224 160.98732776672986 132
1738724502257 170.3459720737803 133
