1738722548983 170.06387146871742 0
1738722549016 160.28736816635816 1
1738722549049 171.43933000978245 2
1738722549082 173.2878394626178 3
1738722549115 170.3183559405874 4
1738722549149 149.3124041665179 5
1738722549183 155.40700174226959 6
1738722549216 154.4996732002004 7
1738722549249 161.18010415373357 8
1738722549282 172.81414833352156 9
1738722549315 170.16444680570353 10
1738722549348 161.38164521056842 11
1738722549381 174.60488751640995 12
1738722549414 165.38895354870976 13
1738722549447 158.91058293348308 14
1738722549480 150.9670537214207 15
1738722549512 178.6103960339032 16
1738722549545 168.8128924785628 17
1738722549578 164.33056121479734 18
1738722549611 152.22691687571742 19
1738722549644 172.6441751097426 20
1738722549676 168.69487442812397 21
1738722549710 184.18892406836906 22
1738722549744 165.6914122990692 23
1738722549778 155.13906676473272 24
1738722549811 180.673251362357 25
1738722549845 165.85981193256976 26
1738722549878 169.24533842060802 27
1738722549912 186.86477468232655 28
1738722549945 167.0416069427497 29
1738722549978 164.50813259387326 30
1738722550011 170.40184070323863 31
1738722550044 175.37049022693395 32
1738722550077 166.6399683271059 33
1738722550110 175.09181584104883 34
1738722550143 157.87451655533528 35
1738722550176 174.93694795636856 36
1738722550210 172.87165945515483 37
1738722550243 182.28365431153946 38
1738722550277 159.63041682847373 39
1738722550310 174.68628150087775 40
1738722550344 164.8315209707406 41
1738722550377 164.81996534992496 42
1738722550410 159.61162786943757 43
1738722550444 166.67167857634254 44
1738722550477 167.2376871952587 45
1738722550510 145.0625030678245 46
1738722550543 169.28936257151386 47
1738722550576 177.12787805484243 48
1738722550609 160.34943954810868 49
1738722550642 171.35641307198495 50
1738722550676 154.7564322594133 51
1738722550710 173.7147866376826 52
1738722550743 178.2412930480299 53
1738722550776 157.31251854117104 54
1738722550809 160.29738940576496 55
1738722550842 176.23516051128405 56
1738722550875 160.09049719528537 57
1738722550908 174.35661841663654 58
1738722550942 164.20265520090177 59
1738722550975 175.0557658749561 60
1738722551008 160.1077576516809 61
1738722551040 162.22026698207125 62
1738722551073 161.08169968628593 63
1738722551106 161.3301831298686 64
1738722551139 160.32732913536483 65
1738722551172 156.3482684161136 66
