1738721996479 170.1343870015229 0
1738721996482 166.08615127563135 1
1738721996484 165.9381833613809 2
1738721996486 174.57578183583144 3
1738721996487 166.9850913043671 4
1738721996489 167.36297825061553 5
1738721996492 169.13999605584905 6
1738721996493 166.29313238193527 7
1738721996495 167.20552059765166 8
1738721996498 167.30393180208677 9
1738721996500 170.96652192112947 10
1738721996502 173.29805750919797 11
1738721996504 168.23542052202538 12
1738721996506 167.91980947251193 13
1738721996508 168.0670993574199 14
1738721996510 169.15207556180516 15
1738721996512 168.2643452260155 16
1738721996514 168.6781979597639 17
1738721996517 167.25933348086966 18
1738721996518 169.63506243289166 19
1738721996520 170.80405838362805 20
1738721996522 167.86300615021685 21
1738721996524 169.55980939075693 22
1738721996525 169.11312900876868 23
1738721996527 168.56821436750184 24
1738721996528 168.13848758673603 25
1738721996530 167.80198552178894 26
1738721996532 169.14170132062955 27
1738721996534 168.9686925870782 28
1738721996535 167.2861741805879 29
1738721996537 168.6533696051365 30
1738721996539 168.726476841304 31
1738721996540 168.94806028502626 32
1738721996542 169.79384424257998 33
1738721996544 169.95339047040807 34
1738721996545 169.6276007761241 35
1738721996547 168.41907358487163 36
1738721996549 167.65663706797736 37
1738721996550 167.75480292564586 38
1738721996552 169.99322498131636 39
1738721996553 168.59408340265196 40
