1738722871326 171.27334451973798 0
1738722871362 172.13466771163635 1
1738722871397 169.8774088621007 2
1738722871433 189.67145865966123 3
1738722871469 165.51861952274976 4
1738722871505 167.57381811658655 5
1738722871541 138.13551975881623 6
1738722871577 188.53244628292515 7
1738722871613 181.1344531233408 8
1738722871648 158.19011755714092 9
1738722871683 162.01689783691305 10
1738722871718 161.14766632009466 11
1738722871753 174.22913890796534 12
1738722871788 160.65659420359466 13
1738722871822 156.09800241995654 14
1738722871857 159.34951864120995 15
1738722871892 166.58410806747779 16
1738722871927 167.00336757789896 17
1738722871962 149.89811110166323 18
1738722871996 173.65597318859506 19
1738722872031 169.5158005446123 20
1738722872065 177.3602066638547 21
1738722872100 172.25833958811558 22
1738722872136 183.86359428659802 23
1738722872171 170.52476753025786 24
1738722872207 170.37701032292824 25
1738722872243 175.314253698382 26
1738722872279 179.2766995275827 27
1738722872315 157.67286454761071 28
1738722872351 158.0062469297212 29
1738722872387 165.15939759798485 30
1738722872423 163.79204460489268 31
1738722872460 169.75512106470404 32
1738722872496 172.05243728054856 33
1738722872533 175.9497342510029 34
1738722872571 170.77227050672084 35
1738722872607 185.3263946936129 36
1738722872644 172.5087572178762 37
