1738726150324 178.64550807967154 0
1738726150364 133.96542135564013 1
1738726150403 145.14375326810153 2
1738726150441 174.30198618304695 3
1738726150480 149.29709213821505 4
1738726150519 170.03647584964116 5
1738726150558 148.5064857265294 6
1738726150597 150.8400807685131 7
1738726150635 154.72493236662194 8
1738726150674 158.33547287571378 9
1738726150712 152.33152042010101 10
1738726150751 147.63582506903845 11
1738726150790 174.9911482942222 12
1738726150829 138.178917708267 13
1738726150868 132.7920299323243 14
1738726150906 156.94420226821765 15
1738726150945 163.45143489158562 16
1738726150983 110.06733319874712 17
1738726151022 152.66286903003981 18
1738726151060 183.51764221336603 19
1738726151099 159.43066771312914 20
1738726151137 180.18996880700718 21
1738726151175 178.16300244096124 22
1738726151213 141.77915378242287 23
1738726151251 174.70394922550508 24
1738726151289 175.58546123464947 25
1738726151328 153.91322839534448 26
1738726151367 179.43802524039714 27
1738726151406 162.56345362573472 28
1738726151444 161.02983221379134 29
1738726151483 174.30596960962268 30
1738726151522 160.0377678669477 31
1738726151560 166.17137684934474 32
1738726151598 190.5952362217144 33
1738726151636 170.92097312586998 34
1738726151675 184.25136257600695 35
1738726151713 171.22554504124864 36
1738726151772 154.6576147869654 37
1738726151810 127.38539916942638 38
1738726151849 166.78687925477024 39
1738726151888 175.09327101233237 40
1738726151926 211.1605243450409 41
1738726151964 147.81741623658357 42
1738726152002 153.40764394373045 43
1738726152041 161.99734100866814 44
1738726152080 177.56043786445582 45
1738726152118 162.12168032810192 46
1738726152157 162.8515883512389 47
1738726152195 170.88040981399374 48
1738726152234 144.71455433744177 49
1738726152272 158.7598089917637 50
1738726152310 192.89444014882025 51
1738726152355 184.32015295496032 52
1738726152396 195.77235086956838 53
1738726152435 169.15559695357192 54
1738726152473 179.23365299643837 55
1738726152511 122.54065207804129 56
1738726152549 127.86161823980201 57
1738726152588 157.9687796134684 58
1738726152626 173.12334170825255 59
1738726152664 166.37475818394583 60
1738726152701 174.4259199005252 61
1738726152739 185.59658894961706 62
1738726152777 155.4330216768114 63
1738726152815 132.17109584605313 64
1738726152853 170.366113431219 65
1738726152892 174.23212177880785 66
1738726152931 196.80236506892965 67
1738726152969 149.18513906445466 68
1738726153007 130.35541781469823 69
1738726153045 222.4594006688379 70
1738726153084 182.80928824792863 71
1738726153122 182.86594572447706 72
1738726153160 171.43197064215673 73
1738726153198 152.58502344756124 74
1738726153236 173.9913944811907 75
1738726153274 157.11705765558193 76
1738726153312 166.25559276360036 77
1738726153349 181.81219902365928 78
1738726153387 159.2772709233687 79
1738726153425 165.42362215356502 80
1738726153463 149.57674387408562 81
1738726153501 153.2427551170721 82
1738726153539 156.24952935079634 83
1738726153577 168.56878876043058 84
1738726153614 163.4466610714053 85
1738726153652 143.60911058177632 86
1738726153690 155.33431608158423 87
1738726153728 171.51261915922137 88
1738726153767 180.682645277315 89
1738726153806 146.24256318451452 90
1738726153844 170.6229450925955 91
1738726153883 181.9921459928942 92
1738726153921 176.0782577698005 93
1738726153959 149.7825776431286 94
1738726153997 128.4875970722941 95
1738726154035 168.82028855290858 96
1738726154074 174.44026313252252 97
1738726154112 187.84014055937237 98
1738726154151 167.5324858897825 99
1738726154189 211.85451208298105 100
1738726154227 140.55104142886418 101
1738726154265 171.9392319557899 102
1738726154303 150.9054164511888 103
1738726154341 201.16086917240912 104
1738726154378 168.35324571087924 105
1738726154417 196.69213493583942 106
1738726154456 155.38584910398993 107
1738726154494 184.63944446921963 108
1738726154533 190.36501032108328 109
1738726154571 173.4829651557805 110
1738726154609 183.57287106645938 111
1738726154648 183.25072711502204 112
1738726154686 191.9267730484657 113
1738726154724 181.34000604072347 114
1738726154763 191.90322157979634 115
1738726154801 165.71710009283402 116
1738726154839 169.69860087062978 117
1738726154876 179.4861769283789 118
1738726154914 155.02273365331664 119
1738726154952 165.50374439028008 120
1738726154990 165.23607215599836 121
1738726155028 189.74265523598496 122
1738726155066 160.94494155933054 123
1738726155104 177.98232393070228 124
1738726155142 182.53605247466876 125
1738726155179 162.9284263280108 126
1738726155218 97.15057190925928 127
1738726155258 169.84015553999174 128
1738726155296 169.16874623181366 129
1738726155335 185.8866774237808 130
1738726155374 218.59258135889627 131
1738726155412 173.4603206323069 132
1738726155450 173.9569948985833 133
1738726155488 202.75303086701962 134
1738726155527 161.72405880265632 135
1738726155565 169.92246064465502 136
1738726155603 174.90362035280404 137
1738726155641 188.40925509583568 138
1738726155679 148.01382738082972 139
1738726155717 192.08740629066446 140
1738726155755 177.96706685969127 141
1738726155792 161.72306409440483 142
1738726155830 192.66902880532322 143
1738726155868 157.68962362059193 144
1738726155906 162.76549104066623 145
1738726155944 182.34504755056253 146
1738726155982 144.77766742683056 147
1738726156020 170.94940477892797 148
1738726156058 161.76239163092862 149
1738726156096 178.95308545602336 150
1738726156134 154.17932639831707 151
1738726156172 207.13510325242365 152
1738726156210 200.7900888887762 153
1738726156248 200.62832033402282 154
1738726156286 129.181285948978 155
1738726156325 183.83537060245004 156
1738726156364 168.96825963581716 157
1738726156402 169.53027117643225 158
1738726156441 177.1930169322359 159
1738726156480 154.2596819849089 160
1738726156518 170.2818123633689 161
1738726156557 152.22755681261398 162
1738726156595 183.72184927068545 163
1738726156634 187.55539447450846 164
1738726156672 185.5317916926648 165
1738726156710 172.5863789580509 166
1738726156748 158.7655345502242 167
1738726156786 182.2029286643603 168
1738726156824 185.24727864232588 169
1738726156863 142.82244387627588 170
1738726156901 206.49625567607123 171
1738726156939 179.40895348347019 172
1738726156978 176.9631496895218 173
1738726157016 180.1199645875751 174
1738726157054 181.28406924022968 175
1738726157092 168.6212743063644 176
1738726157130 167.5849986190337 177
1738726157168 177.5895167112995 178
1738726157207 176.10949283284566 179
1738726157246 128.4297701177667 180
1738726157284 144.3341777736518 181
1738726157323 143.88710997832163 182
1738726157361 166.81488428803058 183
1738726157399 188.59085676723925 184
1738726157438 244.49101883511642 185
1738726157476 165.89482770388642 186
1738726157514 180.4375763249201 187
1738726157552 169.92197661376443 188
1738726157590 176.61538391076976 189
1738726157628 167.45025656895936 190
1738726157666 137.2465976145567 191
1738726157704 185.2266522895252 192
1738726157743 187.40109367677786 193
1738726157780 151.50039251163238 194
1738726157819 153.07367094190684 195
1738726157857 160.71749724079856 196
1738726157894 177.99288376421958 197
1738726157932 173.86002263981334 198
1738726157970 123.1383178133359 199
1738726158008 110.51158618071098 200
1738726158046 179.98106300061013 201
1738726158083 167.39802807963022 202
1738726158122 172.33614164883215 203
1738726158161 174.8277024475852 204
1738726158200 183.87614252626477 205
1738726158238 173.83296853096607 206
1738726158276 176.24089196574297 207
1738726158315 157.17204178027905 208
1738726158354 178.14701033307395 209
1738726158393 195.33936750559002 210
1738726158431 146.93654327404434 211
1738726158470 148.40971811303797 212
1738726158509 185.40197445586895 213
1738726158547 175.41300535162335 214
1738726158585 169.3614088151591 215
1738726158624 133.64909538249796 216
1738726158662 174.75298675119785 217
1738726158700 164.77996720150705 218
1738726158738 167.53757591916235 219
1738726158777 174.1301395883641 220
1738726158815 184.58821653805805 221
1738726158853 161.9238287861576 222
1738726158891 163.09340309096925 223
1738726158929 174.98725317733525 224
1738726158967 163.555899223965 225
1738726159005 190.81987217861226 226
1738726159045 159.56585681622747 227
1738726159083 168.68856667456956 228
1738726159121 168.2046710803527 229
1738726159160 125.18171318301448 230
1738726159198 172.77723687106078 231
1738726159237 182.96442180964897 232
1738726159276 156.43735172330025 233
1738726159315 171.262753404386 234
1738726159356 163.90558555463522 235
1738726159395 142.55854757512162 236
1738726159436 178.03749169753596 237
1738726159475 162.15799960641596 238
1738726159515 173.4192774163623 239
1738726159554 142.56858276234829 240
1738726159593 160.45788480513136 241
1738726159631 186.7790418453062 242
1738726159670 196.9584695874481 243
1738726159708 163.14071981079712 244
1738726159747 171.18892742815635 245
1738726159785 137.4602164857342 246
1738726159824 202.22562026306707 247
1738726159862 153.6442753522914 248
1738726159900 175.36954544580902 249
1738726159939 192.03093009749196 250
1738726159977 175.76496140033686 251
1738726160014 187.83405311671945 252
1738726160053 191.681557647195 253
1738726160090 181.05602747723208 254
1738726160128 176.45249044081223 255
1738726160166 138.67461289055052 256
1738726160204 158.7072484974998 257
1738726160243 198.74857026009772 258
1738726160281 150.87043984266475 259
1738726160319 196.7966791850833 260
1738726160357 152.80425150579035 261
1738726160395 165.39448091600187 262
1738726160433 159.17575064462713 263
1738726160471 168.43426483656123 264
1738726160509 166.38684920370684 265
1738726160552 165.34029521549743 266
1738726160590 177.54813152366145 267
1738726160628 186.28622051351232 268
1738726160666 221.12573093963053 269
1738726160703 162.74313106066302 270
1738726160741 139.69958981920107 271
1738726160779 172.83408258314762 272
1738726160816 151.85638755305928 273
1738726160854 170.11819909543186 274
1738726160892 170.40811692299573 275
1738726160929 157.94867446825955 276
1738726160967 128.46557976244114 277
1738726161005 197.58407594762787 278
1738726161043 182.29582594145515 279
1738726161080 190.9414744308858 280
1738726161119 172.40969179991842 281
1738726161157 151.28609144688826 282
1738726161195 182.7418635126475 283
1738726161233 187.16799121963706 284
1738726161272 155.01284514725276 285
1738726161310 171.51309002398122 286
1738726161348 177.5885904265498 287
1738726161386 176.0068671691309 288
1738726161424 177.3155324610622 289
1738726161462 175.81762776511897 290
1738726161500 152.90828488459732 291
1738726161537 162.48317166209122 292
1738726161575 160.27240823241178 293
1738726161613 161.4424170093264 294
1738726161651 184.6514705195503 295
1738726161689 167.9355253391963 296
1738726161729 167.28892689765087 297
1738726161767 155.22797295645086 298
1738726161806 164.5194469073068 299
1738726161844 126.8243893129368 300
1738726161882 159.1239841695646 301
1738726161920 172.47960937765515 302
1738726161958 156.23679667165962 303
1738726161996 164.36036185920435 304
1738726162034 143.24792357942366 305
1738726162072 168.43169225161398 306
1738726162109 181.60686592326707 307
1738726162147 138.12131113920285 308
1738726162185 183.14958149589503 309
1738726162222 151.12220508311879 310
1738726162261 191.4834654756644 311
1738726162299 155.58179784992797 312
1738726162336 152.77714039425962 313
1738726162374 166.2613276197287 314
1738726162412 180.94259448383184 315
1738726162449 177.63277422549697 316
1738726162487 184.86057077286154 317
1738726162524 155.00127706336457 318
1738726162562 163.39167828726212 319
1738726162600 170.85922488703932 320
1738726162637 145.24607957629703 321
1738726162675 158.54192325021154 322
1738726162713 176.02629668773056 323
1738726162750 168.09877323645568 324
1738726162788 167.75052091129308 325
1738726162825 166.70604365430802 326
1738726162862 161.79528510155353 327
1738726162900 188.58463357572722 328
1738726162937 173.36828015637332 329
1738726162975 166.29217750864328 330
1738726163012 184.08535335408013 331
1738726163050 168.29675364989652 332
1738726163087 182.33565548023932 333
1738726163124 149.97874419868518 334
1738726163162 185.20787163445232 335
1738726163200 179.6398133358984 336
1738726163237 153.46413681631842 337
1738726163274 165.1928964061161 338
1738726163312 170.8248858096925 339
1738726163349 163.59773078441788 340
1738726163387 160.74936627773627 341
1738726163424 179.95960559745546 342
1738726163462 161.37566481830137 343
1738726163499 162.92039437611982 344
1738726163537 164.93136470131645 345
1738726163574 189.2192792997134 346
1738726163612 169.45654896195347 347
1738726163649 177.85781917247442 348
1738726163688 170.77728189491674 349
1738726163726 158.11793618484347 350
1738726163764 162.60113801200393 351
1738726163802 172.32550331392358 352
1738726163840 168.8619354159121 353
1738726163878 171.62359558318968 354
1738726163917 214.0529407306423 355
1738726163955 155.27367694100417 356
1738726163993 161.7327246206526 357
1738726164031 180.18722247321574 358
1738726164069 172.81347678302126 359
1738726164107 164.3586596643959 360
1738726164145 171.18415235882327 361
1738726164182 146.60765825673187 362
1738726164220 154.2750255980674 363
1738726164258 159.03554477421952 364
1738726164296 165.03562224868537 365
1738726164334 164.2762325005238 366
1738726164372 154.29978320742163 367
1738726164410 174.43962878661165 368
1738726164449 171.54089736853646 369
1738726164487 180.22646696153598 370
1738726164525 168.1648054289783 371
1738726164563 178.50569497022556 372
1738726164602 153.0836099582967 373
1738726164639 193.80412551141325 374
1738726164677 158.85745039914244 375
1738726164715 201.1504816703247 376
1738726164752 161.10342154904248 377
1738726164790 195.70928430602297 378
1738726164829 155.40582659147339 379
1738726164866 175.86143472589046 380
1738726164904 144.3106610708143 381
1738726164942 165.6815691962526 382
1738726164980 175.63951309315829 383
1738726165019 159.66290534578823 384
1738726165057 167.46831593905648 385
1738726165095 191.66375134224822 386
1738726165132 165.47933445679067 387
1738726165170 110.57764125955232 388
1738726165207 168.8616167971884 389
1738726165244 161.59368047976977 390
1738726165282 155.650276297463 391
1738726165320 216.35701092019718 392
1738726165357 189.57695067977335 393
1738726165394 151.04591330227814 394
1738726165432 188.9398910217265 395
1738726165471 211.24390418417923 396
1738726165510 163.29729656018614 397
1738726165548 175.30155629682915 398
1738726165587 166.25779895514916 399
1738726165626 147.5172495056287 400
1738726165664 172.27163093542265 401
1738726165703 131.56906165310411 402
1738726165741 187.90166926379217 403
1738726165779 163.26153468688887 404
1738726165818 159.37890012289157 405
1738726165856 169.62664445921874 406
1738726165895 171.69960968534235 407
1738726165933 166.13931809224366 408
1738726165971 180.28854968821574 409
1738726166009 170.02432108059926 410
1738726166047 171.24158663001356 411
1738726166085 182.97302967285103 412
1738726166124 179.80193756789944 413
1738726166162 178.472155954942 414
1738726166200 161.36430329315382 415
1738726166238 126.23282793402352 416
1738726166276 170.33213412381977 417
1738726166313 167.0423866847603 418
1738726166352 177.3285956573532 419
1738726166390 174.34436969892192 420
1738726166428 165.72071499760534 421
1738726166465 161.12306795633668 422
1738726166503 197.81703331340665 423
1738726166541 162.84546374344526 424
1738726166579 171.49110647041243 425
1738726166617 169.70776610536984 426
1738726166655 182.0943822109606 427
1738726166692 164.2715960775082 428
1738726166730 162.51792791615364 429
1738726166769 174.31868976760458 430
1738726166808 158.81433585964655 431
1738726166846 185.07329476143445 432
1738726166885 161.04716770382427 433
1738726166923 138.74424525737 434
1738726166961 171.95956981443885 435
1738726167000 147.6975528293424 436
1738726167038 163.23665655688896 437
1738726167076 177.5082074095741 438
1738726167114 176.795456433966 439
1738726167152 150.47665189636 440
1738726167190 168.6582243822966 441
1738726167229 158.98945766538029 442
1738726167267 144.5424569064172 443
1738726167305 162.88678973901807 444
1738726167343 145.99218649151086 445
1738726167382 152.47483912470196 446
1738726167420 147.36768329076293 447
1738726167457 190.56982604284087 448
1738726167495 179.82258457318483 449
1738726167533 175.77683032249524 450
1738726167571 155.7815501923068 451
1738726167608 178.27899788854182 452
1738726167646 192.04525973169376 453
1738726167683 167.24193890615405 454
1738726167721 152.11700835162208 455
1738726167759 163.8893737652939 456
1738726167797 176.15759908253307 457
1738726167834 184.46446341142206 458
1738726167872 218.15811458210445 459
1738726167909 176.97113633154092 460
1738726167947 145.25594413890477 461
1738726167984 202.19539685927552 462
1738726168022 187.8324458883839 463
1738726168060 175.56748047500918 464
1738726168097 184.99320755918382 465
1738726168135 172.1274985528421 466
1738726168172 190.04184167290288 467
1738726168210 168.64610258263104 468
1738726168247 180.35521679288814 469
1738726168285 178.9922815357542 470
1738726168322 189.9895628834825 471
1738726168360 137.8684284395178 472
1738726168398 166.8902188533497 473
1738726168435 174.8015085507793 474
1738726168473 212.90008400944842 475
1738726168511 188.33047405263386 476
1738726168548 181.10505070296435 477
1738726168586 164.62356170987198 478
1738726168623 150.9897706469029 479
1738726168661 189.36189391875973 480
1738726168699 182.94085137790523 481
1738726168736 171.16193666386647 482
1738726168774 175.071971691579 483
1738726168812 164.13382158320618 484
1738726168850 138.864897370698 485
1738726168887 174.18028857468371 486
1738726168925 165.3316792404047 487
1738726168963 175.07661727052195 488
1738726169000 171.44322363359709 489
1738726169038 194.28303997296632 490
1738726169075 178.86719836493359 491
1738726169113 197.82290792337815 492
1738726169152 142.1555532451357 493
1738726169190 165.72278754713744 494
1738726169228 155.2858222202965 495
1738726169265 165.50982041614554 496
1738726169303 153.89435640403042 497
1738726169340 164.134752052406 498
1738726169378 164.33068570602708 499
