1738721996909 167.41927167780398 0
1738721996911 173.41269275938254 1
1738721996913 170.3535078179382 2
1738721996915 169.50033143685258 3
1738721996917 170.7085773919091 4
1738721996919 168.66428080911476 5
1738721996920 169.03125253698317 6
1738721996922 168.6493222878832 7
1738721996925 165.75443044118376 8
1738721996927 169.7339438549223 9
1738721996928 168.75730149378438 10
1738721996930 167.5025010607415 11
1738721996932 167.58575477314784 12
1738721996934 169.57806010302775 13
1738721996936 168.60871969674292 14
1738721996937 167.52162966957138 15
1738721996939 168.88731142371 16
1738721996941 166.98578728464588 17
1738721996943 169.33619247668955 18
1738721996945 167.9893394261084 19
1738721996946 166.3165384347258 20
