1738722542321 174.6110326057529 0
1738722542354 169.9796480922564 1
1738722542388 177.19934958580967 2
1738722542422 158.85167847747826 3
1738722542455 154.78307559442447 4
1738722542489 167.52220818236637 5
1738722542523 171.5769018318675 6
1738722542556 169.9857736265854 7
1738722542590 169.36960652332834 8
1738722542623 172.25956079689806 9
1738722542657 174.21927363022186 10
1738722542691 162.27683339054872 11
1738722542724 165.9162023681743 12
1738722542758 162.64529228148842 13
1738722542791 195.25535312987668 14
1738722542824 180.44555900542642 15
1738722542858 167.6832689204844 16
1738722542892 163.35755418980253 17
1738722542925 165.596616648075 18
1738722542959 180.62240066989258 19
1738722542992 163.47410098985668 20
1738722543025 170.20614536673162 21
1738722543059 166.9203500823062 22
1738722543093 169.443936656948 23
1738722543127 162.29515196859273 24
1738722543161 164.0675869181783 25
1738722543194 177.08654724754334 26
1738722543228 158.72923237943706 27
1738722543262 171.29560953594083 28
1738722543296 159.45606389066117 29
1738722543330 184.39490489595042 30
1738722543363 174.2688814815583 31
1738722543397 177.47538582568254 32
1738722543430 149.0368649474485 33
1738722543464 157.53675507996985 34
1738722543498 161.73064190193472 35
1738722543532 166.7944314918321 36
