1738724823855 161.94635100147207 0
1738724823884 151.7439145294467 1
1738724823913 166.68147638195202 2
1738724823942 206.09058667892188 3
1738724823971 145.6058320184246 4
1738724824000 186.48209750662284 5
1738724824030 165.2858716814375 6
1738724824059 183.67471197398336 7
1738724824088 165.35758557431726 8
1738724824117 194.89818028852753 9
1738724824146 160.9010237333115 10
1738724824175 167.0825095922163 11
1738724824204 183.09747558311815 12
1738724824233 152.97704305218642 13
1738724824262 152.66589238971972 14
1738724824291 160.16976710124163 15
1738724824319 185.36788391139467 16
1738724824350 181.82140272494738 17
1738724824380 178.02113295621777 18
1738724824410 169.6417180515484 19
1738724824439 158.40119272685655 20
1738724824468 156.71395895049685 21
1738724824497 193.12333811716397 22
1738724824526 187.3832744343991 23
1738724824555 187.28091379849465 24
1738724824584 184.83885190016946 25
1738724824613 123.48198577485245 26
1738724824642 159.80939471276653 27
1738724824671 180.91219492053108 28
1738724824700 164.86758813835658 29
1738724824729 160.19322276179017 30
1738724824758 145.5917898927401 31
1738724824787 178.12924632212142 32
1738724824816 158.3956148316608 33
1738724824845 151.35263047040985 34
1738724824874 176.50376465572768 35
1738724824902 203.13031027360088 36
1738724824931 179.89444238303088 37
1738724824960 161.2155759582581 38
1738724824989 170.8951376656916 39
1738724825018 175.90801605042478 40
1738724825046 177.73720255817844 41
1738724825075 151.87535288607432 42
1738724825104 177.46546394358057 43
1738724825133 178.56831282094566 44
1738724825162 169.5249540181502 45
1738724825191 152.9873683896564 46
1738724825220 161.89648092782224 47
1738724825248 159.3643282964256 48
1738724825277 185.47242851994176 49
1738724825306 169.02110241028143 50
1738724825336 183.4227092597168 51
1738724825365 171.70259717581504 52
1738724825394 185.78054334759221 53
1738724825423 186.25368660928584 54
1738724825452 191.78039254756138 55
1738724825481 178.01118761047866 56
1738724825509 163.4458237198107 57
1738724825538 169.40824283720224 58
1738724825567 162.18277450664263 59
1738724825596 195.67187982889112 60
1738724825625 176.01885966069088 61
1738724825653 186.69415634569546 62
1738724825682 167.57080741350256 63
1738724825711 177.90256180798815 64
1738724825740 166.3217717465722 65
1738724825768 163.1881270242744 66
1738724825797 166.3304853121039 67
1738724825826 180.75169877660935 68
1738724825855 170.46579813143552 69
1738724825884 183.64833683889728 70
1738724825912 179.6891648000188 71
1738724825941 155.7204346950138 72
1738724825970 182.12744774916152 73
1738724825999 176.91755910702892 74
1738724826028 182.38008505580595 75
1738724826057 146.55573461854758 76
1738724826086 160.49883846160043 77
1738724826115 239.88816111518332 78
1738724826145 193.321527585565 79
1738724826174 166.37271062736602 80
1738724826203 169.07347437656756 81
1738724826233 162.7422148173924 82
1738724826262 175.80432892883292 83
1738724826291 184.34270565272263 84
1738724826321 177.01259998648172 85
1738724826350 181.62861477090067 86
1738724826379 232.83271148642734 87
1738724826409 143.56064732066494 88
1738724826438 184.1610546951182 89
1738724826467 197.6260319463484 90
1738724826496 178.0334419101146 91
1738724826525 160.17043149810328 92
1738724826554 177.51881752028058 93
1738724826583 173.8959806074963 94
1738724826612 165.11289993131166 95
1738724826642 186.12080873523783 96
1738724826671 142.7453974813864 97
1738724826700 159.76218647152447 98
1738724826729 145.03799108417536 99
1738724826758 152.32017309076528 100
1738724826787 166.26433526261656 101
1738724826816 166.2060293110703 102
1738724826845 188.07327183406392 103
1738724826874 183.40224495657898 104
1738724826903 165.74020878958228 105
1738724826933 189.8690295914582 106
1738724826962 164.0390433960984 107
1738724826991 170.28056802508516 108
1738724827019 172.77647347743817 109
1738724827048 169.0573324423138 110
1738724827077 173.94444390823983 111
1738724827106 162.50348911240155 112
1738724827135 165.34317927487206 113
1738724827164 143.5882137233675 114
1738724827193 164.1045512708466 115
1738724827222 214.1232747594222 116
1738724827251 171.61281599454432 117
1738724827280 152.89562194502327 118
1738724827309 183.00091411506423 119
1738724827338 172.49160611397767 120
1738724827367 168.1742839400826 121
1738724827396 150.25228890733615 122
1738724827425 191.2883113123251 123
1738724827454 170.21435180830161 124
1738724827483 183.7973787646038 125
1738724827512 171.27603815943678 126
1738724827541 157.49617992811778 127
1738724827570 143.92034232012833 128
1738724827599 134.5937966449574 129
1738724827628 222.7673287949657 130
1738724827657 163.75707433203783 131
1738724827686 156.99525054659009 132
1738724827715 163.24156128425832 133
1738724827744 140.72308071035002 134
1738724827773 166.44131642371636 135
1738724827801 185.9386699661678 136
1738724827830 156.44141334358997 137
1738724827859 157.21085780144475 138
1738724827888 167.3179233645633 139
1738724827917 155.32583625809082 140
1738724827946 182.47895172469964 141
1738724827975 170.21890822047618 142
1738724828004 155.3900094051807 143
1738724828033 177.77941784224763 144
1738724828062 210.9930720990694 145
1738724828091 166.90825358419283 146
1738724828120 173.20523415058145 147
1738724828149 157.4794312554906 148
1738724828178 163.15146533773478 149
1738724828207 172.95839791714772 150
1738724828236 144.85209714516313 151
1738724828265 159.11096107142092 152
1738724828294 177.4394360612082 153
1738724828323 179.43179234791268 154
1738724828353 179.43630818718094 155
1738724828382 153.62416769378262 156
1738724828411 171.03328316600783 157
1738724828440 162.69847065327892 158
1738724828469 165.975991354686 159
1738724828498 175.34664882240898 160
1738724828528 169.4584352137405 161
1738724828557 172.94036332313414 162
1738724828586 155.94603744137441 163
1738724828615 173.84497416499642 164
1738724828644 142.36715491580856 165
1738724828673 178.9445271306302 166
1738724828702 166.92522134564348 167
1738724828732 215.88361200883685 168
1738724828761 226.3642160114224 169
1738724828790 156.47365575110155 170
1738724828819 205.79965219114578 171
1738724828848 188.0862285978563 172
1738724828877 170.62102931682386 173
1738724828906 147.972808342885 174
1738724828935 172.34572139207793 175
1738724828964 165.89138595125428 176
1738724828993 192.0964851418125 177
1738724829022 194.2271746535414 178
1738724829051 185.04157828910732 179
1738724829080 248.74548554784934 180
1738724829109 155.80288790164335 181
1738724829138 177.9940113514196 182
1738724829167 175.8847190873261 183
1738724829196 187.07748723700402 184
1738724829225 180.07355818662765 185
1738724829254 168.21081530018634 186
1738724829282 156.36339178137086 187
1738724829311 187.02259585647437 188
1738724829340 165.0324982878811 189
1738724829369 157.9362473178763 190
1738724829398 183.64168191757398 191
1738724829427 181.47737201247065 192
1738724829456 174.57171402990798 193
1738724829485 156.35865210124723 194
1738724829513 168.65385727594963 195
1738724829542 143.58155422707233 196
1738724829571 157.48088457157883 197
1738724829600 185.9820440071802 198
1738724829629 141.5101754116878 199
1738724829658 194.27910963543036 200
1738724829687 182.0136741153225 201
1738724829715 176.83311038101377 202
1738724829744 191.35503157547373 203
1738724829773 128.39074634345187 204
1738724829802 153.61189741075924 205
1738724829831 178.50634699296265 206
1738724829859 188.88185452152612 207
1738724829888 162.8772126844688 208
1738724829917 175.6179969638244 209
1738724829945 146.1184142604072 210
1738724829974 163.42790112381604 211
1738724830003 169.0481915830005 212
1738724830032 154.4749933570785 213
1738724830061 162.71647238469467 214
1738724830090 154.55672174418396 215
1738724830119 166.60345024431956 216
1738724830147 181.14576350054762 217
1738724830176 144.9641831158823 218
1738724830204 153.83023268486264 219
1738724830233 228.3185464882242 220
1738724830261 150.37099491754734 221
1738724830290 170.09753829938884 222
1738724830319 165.4092119429952 223
1738724830349 185.58862282821323 224
1738724830378 151.72919497337 225
1738724830407 157.02109446613085 226
1738724830436 186.90311073812566 227
1738724830466 201.15950489538454 228
1738724830495 185.72489553609512 229
1738724830524 165.0591687080221 230
1738724830553 150.22323195750468 231
1738724830582 158.28234200161117 232
1738724830612 172.33296492399177 233
1738724830643 185.9353116625332 234
1738724830672 157.6722581229246 235
1738724830702 175.96839387151792 236
1738724830731 172.58549193764918 237
1738724830761 174.6741734440084 238
1738724830791 180.48373313030496 239
1738724830820 157.3422260425459 240
1738724830849 171.53373650332108 241
1738724830879 171.11659536186883 242
1738724830908 152.67124508694474 243
1738724830937 139.46582149376297 244
1738724830967 167.9571458734192 245
1738724830996 192.06459506803753 246
1738724831025 155.2583030425834 247
1738724831055 107.33543657601446 248
1738724831084 172.86301145063447 249
1738724831113 160.88331882426706 250
1738724831142 205.1260739884918 251
1738724831172 154.04939083755784 252
1738724831201 178.2612001548062 253
1738724831230 121.41715862407804 254
1738724831259 151.26181901440367 255
1738724831288 164.53726094498919 256
1738724831317 182.2384909183422 257
1738724831347 198.01458343171865 258
1738724831376 153.94134429937515 259
1738724831405 182.39174581389074 260
1738724831434 165.041662332052 261
1738724831463 152.1378277075941 262
1738724831492 189.95499332749927 263
1738724831521 191.607346006145 264
1738724831550 139.87063811126612 265
1738724831579 161.18402874919937 266
1738724831608 151.2914252538557 267
1738724831637 169.22090910178397 268
1738724831665 169.95177363992096 269
1738724831694 160.72849319602432 270
1738724831723 158.41028479567458 271
1738724831752 164.75634865523045 272
1738724831781 177.16280301823952 273
1738724831810 163.63268807117228 274
1738724831839 172.69224522956216 275
1738724831868 161.17407975888392 276
1738724831897 135.10919931414534 277
1738724831926 211.9788105295469 278
1738724831955 179.23199948552826 279
1738724831983 182.7147990547733 280
1738724832012 140.0162030658686 281
1738724832041 174.2377847940507 282
1738724832070 161.76643590965747 283
1738724832099 166.39218057805792 284
1738724832128 150.35173190439917 285
1738724832157 174.2897992382183 286
1738724832186 157.15842787325 287
1738724832215 185.492767542895 288
1738724832244 173.7179219111011 289
1738724832273 181.76856556815048 290
1738724832302 193.39284135895093 291
1738724832330 163.92899125455847 292
1738724832359 161.10997021809325 293
1738724832388 158.93232290979486 294
1738724832417 181.86208981045806 295
1738724832445 175.11758728356585 296
1738724832474 160.99851250118147 297
1738724832503 189.9878035633694 298
1738724832531 159.1601574925366 299
1738724832560 179.44582623313 300
1738724832589 142.00887507533673 301
1738724832622 153.99222323272863 302
1738724832651 134.50552813808548 303
1738724832679 166.32521033854871 304
1738724832708 199.09941028019023 305
1738724832737 183.34226272687593 306
1738724832766 172.319903562088 307
1738724832794 182.48669000103592 308
1738724832823 187.77066982205062 309
1738724832852 181.63198870200958 310
1738724832880 124.6274992673336 311
1738724832909 171.58272189765245 312
1738724832938 172.10346874185993 313
1738724832966 192.21038472231328 314
1738724832995 123.86246303677234 315
1738724833024 167.7024199774236 316
1738724833053 152.88613413578196 317
1738724833081 159.58170509330031 318
1738724833110 188.96859047951025 319
1738724833139 158.24417598477456 320
1738724833168 185.71274460077748 321
1738724833196 169.34264495704517 322
1738724833225 189.3343282833269 323
1738724833254 175.99335064129113 324
1738724833283 165.41594453517857 325
1738724833311 135.48344262469303 326
1738724833341 181.73802537889026 327
1738724833371 168.87719443861707 328
1738724833401 178.27595655000272 329
1738724833431 178.15850520552618 330
1738724833460 163.09052702406646 331
1738724833490 147.94523047936798 332
1738724833519 144.4688308940502 333
1738724833549 166.0522312561137 334
1738724833578 171.77428363582425 335
1738724833608 138.10057730076662 336
1738724833637 165.98662381242434 337
1738724833666 173.96925537556427 338
1738724833695 187.8539937497339 339
1738724833724 173.63745557113043 340
1738724833753 174.50725351592612 341
1738724833782 135.88298793583058 342
1738724833811 167.58754527786266 343
1738724833840 202.42017686359526 344
1738724833869 168.19919901872726 345
1738724833897 148.74477700960279 346
1738724833926 136.306129486591 347
1738724833955 167.9415817882758 348
1738724833984 156.38479041998698 349
1738724834013 161.00869228805152 350
1738724834041 172.6756434057185 351
1738724834070 168.21427843578505 352
1738724834099 156.2345519698211 353
1738724834128 184.9235495073242 354
1738724834157 181.57248177261445 355
1738724834186 164.4714879134753 356
1738724834215 197.62315119561694 357
1738724834247 188.697425414144 358
1738724834275 185.96122481022618 359
1738724834304 187.53797474632853 360
1738724834333 174.15677759496884 361
1738724834362 172.6953881956308 362
1738724834391 156.8833786206136 363
1738724834420 163.34610721385985 364
1738724834448 188.067459819431 365
1738724834477 165.2554946337147 366
1738724834506 170.57909419482837 367
1738724834535 151.4205520469387 368
1738724834563 169.71983416591547 369
1738724834592 164.9855675151211 370
1738724834621 177.85294621144126 371
1738724834650 169.63917152427916 372
1738724834678 153.36116197720898 373
1738724834707 176.80520722566123 374
1738724834736 159.59604831348173 375
1738724834764 167.15672256599066 376
1738724834793 175.93587885230298 377
1738724834822 153.80533295183054 378
1738724834850 155.97468975886648 379
1738724834879 173.30202587646966 380
1738724834908 154.46053936970736 381
1738724834936 214.33812487181416 382
1738724834965 168.58759335053531 383
1738724834994 144.85948350090985 384
1738724835022 157.81870536245802 385
1738724835051 195.93247075388692 386
1738724835079 163.06009315386248 387
1738724835108 161.02255333688245 388
1738724835137 190.89837047599468 389
1738724835166 162.51056596644855 390
1738724835194 185.1505320648225 391
1738724835223 158.85120489208694 392
1738724835252 203.08095039425422 393
1738724835280 164.19564557982528 394
1738724835309 165.8417681958824 395
1738724835338 143.7339825508386 396
1738724835366 178.5506050629789 397
1738724835395 151.3580052634643 398
1738724835423 182.391125827606 399
1738724835452 164.4987415080799 400
1738724835480 170.70412344643566 401
1738724835509 170.38080524967123 402
1738724835538 158.90533079091776 403
1738724835566 187.5506904291121 404
1738724835595 173.6582907608889 405
1738724835623 182.37869409687679 406
1738724835652 172.09282825402235 407
1738724835681 152.50587056144582 408
1738724835709 175.88729352747833 409
1738724835738 159.58187032299224 410
1738724835766 175.70110932872285 411
1738724835795 184.9248954404693 412
1738724835823 165.06900969152375 413
1738724835852 173.98950023645375 414
1738724835880 196.70139465900516 415
1738724835909 182.18931598003857 416
1738724835937 166.85195276989396 417
1738724835966 173.78491912741094 418
1738724835995 185.2704865406447 419
1738724836023 166.83624277401674 420
1738724836052 180.59047044539068 421
1738724836080 165.6909063228298 422
1738724836109 160.7690781159971 423
1738724836138 167.4960507379711 424
1738724836166 169.11492671820838 425
1738724836195 156.33201999476935 426
1738724836224 195.59926187279802 427
1738724836253 154.09102124679583 428
1738724836282 174.54093849227888 429
1738724836310 190.28995491270868 430
1738724836339 179.4577419569479 431
1738724836368 183.40915012858068 432
1738724836396 171.55933721660335 433
1738724836425 183.62640849144105 434
1738724836453 183.88846570284477 435
1738724836482 149.08760105316748 436
1738724836510 187.9613354455079 437
1738724836539 174.85657603348693 438
1738724836567 174.5011521303618 439
1738724836596 190.62883237860754 440
1738724836624 180.1400967457552 441
1738724836653 179.6434341285923 442
1738724836681 183.70731496741405 443
1738724836710 170.13185208534932 444
1738724836738 198.05507346412452 445
1738724836767 154.87639844584638 446
1738724836795 143.98924297891273 447
1738724836824 180.57826370606688 448
1738724836852 166.6605190633686 449
1738724836881 156.56254980340913 450
1738724836909 186.23099908545413 451
1738724836937 159.53099411903884 452
1738724836966 163.2764002206404 453
1738724836994 175.6203132495232 454
1738724837023 200.70871483529095 455
1738724837051 126.68400486438905 456
1738724837079 166.19401124670034 457
1738724837108 154.61914057565974 458
1738724837136 167.78534694386911 459
1738724837165 207.5882449045646 460
1738724837193 158.7444167259637 461
1738724837221 181.13332973982463 462
1738724837250 198.96246570954 463
1738724837278 147.49998137733465 464
1738724837306 159.90321712650135 465
1738724837335 185.13281144139356 466
1738724837363 183.20296232323284 467
1738724837391 184.63147623911698 468
1738724837420 169.16914977761584 469
1738724837448 170.69129432515905 470
1738724837476 184.3767935095552 471
1738724837505 194.26808169768927 472
1738724837533 160.6580650217902 473
1738724837562 152.55517393843922 474
1738724837590 169.1336835332023 475
1738724837619 169.59301460924175 476
1738724837647 237.5672643864193 477
1738724837675 187.24965804130022 478
1738724837704 168.47679714909017 479
1738724837733 195.53454752785427 480
1738724837761 171.68490221152865 481
1738724837789 153.15072525708635 482
1738724837818 172.1476014862152 483
1738724837846 181.38103861402848 484
1738724837875 169.1114725563223 485
1738724837903 155.97900590815053 486
1738724837931 156.5977218633691 487
1738724837960 159.48805011420882 488
1738724837988 147.73412176604472 489
1738724838017 177.6224914288949 490
1738724838045 148.33930316074813 491
1738724838074 195.70036875318496 492
1738724838102 142.7614483761403 493
1738724838131 181.21336574913255 494
1738724838159 141.9412974087416 495
1738724838188 178.588310815736 496
1738724838216 170.37508883551925 497
1738724838245 144.2733173149212 498
1738724838274 145.55610365979445 499
