1738724021588 171.91913897783434 0
1738724021626 163.69617705532764 1
1738724021664 167.8722024293511 2
1738724021701 174.25603302312015 3
1738724021738 161.34821431359796 4
1738724021776 170.56654184481906 5
1738724021813 162.15813965806404 6
1738724021851 176.80676883255632 7
1738724021888 185.74363248523957 8
1738724021925 195.4255142833143 9
1738724021962 163.79169537405167 10
1738724022000 172.41922391335055 11
1738724022037 163.36101202072894 12
1738724022074 182.1855039428225 13
1738724022111 162.950369230504 14
1738724022148 166.62455461036456 15
1738724022185 170.76077289755398 16
1738724022222 163.59309024779577 17
1738724022259 179.94398375451135 18
1738724022296 182.69635702187492 19
1738724022333 162.22392491727155 20
1738724022370 186.75807392832564 21
1738724022407 163.828537660904 22
1738724022444 181.0194721884775 23
1738724022481 164.5798410822487 24
1738724022518 167.83581704401288 25
1738724022555 163.38547668402438 26
1738724022592 194.28253632268968 27
1738724022629 166.3939498811553 28
1738724022666 166.21378235834936 29
1738724022702 143.8893028993368 30
1738724022739 168.36513077552885 31
1738724022776 159.51591821506554 32
1738724022812 176.00823252212135 33
1738724022849 177.3381288024477 34
1738724022886 174.26848481376473 35
1738724022923 156.10766084209973 36
1738724022959 198.08165457395555 37
1738724022996 175.89640986465352 38
1738724023033 172.66306619660327 39
1738724023069 163.00034735418882 40
1738724023106 164.12617286390977 41
1738724023143 166.61605473446005 42
1738724023179 169.95890290654623 43
1738724023216 150.34384962574742 44
1738724023253 171.2560944557189 45
1738724023290 202.6296736757679 46
1738724023327 155.35394192458563 47
1738724023365 168.0729572892195 48
1738724023403 161.12918913895604 49
1738724023440 170.26483583132674 50
1738724023478 176.59754711984604 51
1738724023515 158.9170698805833 52
1738724023552 162.42717970456548 53
1738724023589 162.21886060385557 54
1738724023626 171.48571368553675 55
1738724023664 160.66905303775206 56
1738724023701 162.4987694361703 57
1738724023738 171.28554099506653 58
1738724023775 158.61413249048132 59
1738724023812 168.83268436732638 60
1738724023849 166.56516287182066 61
1738724023886 175.63167050528318 62
1738724023923 156.80377136413216 63
1738724023960 158.35596283806163 64
1738724023997 171.35030548028436 65
1738724024033 167.83727063445602 66
1738724024070 168.95950187955322 67
1738724024107 184.86236327553513 68
1738724024144 175.6211538109434 69
1738724024181 178.64401502117025 70
1738724024217 170.3343862360427 71
1738724024254 178.79857551015505 72
1738724024291 164.79367133410838 73
1738724024327 166.02539663466365 74
1738724024364 180.0964018640563 75
1738724024401 171.3981833151879 76
1738724024438 173.1161457750981 77
1738724024475 174.8907138251383 78
1738724024512 166.72109320672044 79
1738724024549 164.43478494701486 80
