1738726713761 169.0849329420696 0
1738726713765 169.0763506282157 1
1738726713768 169.06803854215036 2
1738726713772 169.05998728744376 3
1738726713775 169.05218781503265 4
1738726713778 169.0446314097722 5
1738726713782 169.0373096775301 6
1738726713785 169.03021453279985 7
1738726713788 169.02333818681197 8
1738726713792 169.0166731361221 9
1738726713795 169.01021215165613 10
1738726713799 169.00394826819365 11
1738726713803 168.9978747742712 12
1738726713806 168.99198520248765 13
1738726713809 168.98627332019615 14
1738726713812 168.98073312056513 15
1738726713816 168.97535881399457 16
1738726713820 168.97014481987188 17
1738726713823 168.96508575865386 18
1738726713826 168.96017644426146 19
1738726713830 168.955411876774 20
1738726713833 168.9507872354113 21
1738726713836 168.9462978717911 22
1738726713840 168.94193930345142 23
1738726713843 168.93770720762626 24
1738726713846 168.9335974152651 25
1738726713849 168.9296059052855 26
1738726713853 168.92572879904992 27
1738726713856 168.92196235505736 28
1738726713859 168.91830296384157 29
1738726713863 168.91474714306685 30
1738726713866 168.91129153281378 31
1738726713870 168.9079328910476 32
1738726713873 168.90466808926126 33
1738726713877 168.90149410828639 34
1738726713880 168.89840803426569 35
1738726713883 168.8954070547801 36
1738726713887 168.89248845512424 37
1738726713890 168.88964961472485 38
1738726713894 168.88688800369613 39
1738726713897 168.88420117952637 40
1738726713900 168.88158678389146 41
1738726713904 168.87904253958894 42
1738726713907 168.87656624758918 43
1738726713910 168.87415578419836 44
1738726713914 168.87180909832847 45
1738726713917 168.86952420887138 46
1738726713920 168.86729920217124 47
1738726713924 168.86513222959286 48
1738726713927 168.8630215051813 49
1738726713930 168.86096530340956 50
1738726713933 168.85896195701068 51
1738726713937 168.85700985489134 52
1738726713940 168.85510744012336 53
1738726713943 168.8532532080102 54
1738726713947 168.85144570422563 55
1738726713950 168.8496835230219 56
1738726713953 168.84796530550432 57
1738726713957 168.84628973796995 58
1738726713960 168.84465555030806 59
1738726713963 168.8430615144596 60
1738726713967 168.84150644293376 61
1738726713970 168.83998918737902 62
1738726713973 168.8385086372074 63
1738726713977 168.8370637182687 64
1738726713980 168.83565339157394 65
1738726713983 168.83427665206517 66
1738726713987 168.83293252743096 67
1738726713990 168.83162007696453 68
1738726713993 168.83033839046414 69
1738726713997 168.82908658717315 70
1738726714001 168.82786381475904 71
1738726714005 168.82666924832927 72
1738726714008 168.8255020894829 73
1738726714011 168.82436156539694 74
1738726714015 168.82324692794506 75
1738726714018 168.82215745284893 76
1738726714022 168.82109243885958 77
1738726714026 168.82005120696863 78
1738726714029 168.8190330996477 79
1738726714032 168.8180374801152 80
1738726714036 168.81706373162947 81
1738726714039 168.8161112568072 82
1738726714043 168.81517947696605 83
1738726714046 168.81426783149107 84
1738726714049 168.81337577722348 85
1738726714053 168.81250278787138 86
1738726714056 168.81164835344111 87
1738726714060 168.8108119796891 88
1738726714063 168.80999318759314 89
1738726714066 168.809191512842 90
1738726714070 168.80840650534364 91
1738726714073 168.80763772875017 92
