1738722977113 171.294254813517 0
1738722977149 167.01762208633025 1
1738722977184 164.08575555934047 2
1738722977220 156.70766134365005 3
1738722977255 181.2654328211161 4
1738722977291 141.0825874830409 5
1738722977328 168.64773659505957 6
1738722977364 152.87130751324554 7
1738722977400 161.42972873424353 8
1738722977436 170.3694183135094 9
1738722977471 173.05317101096298 10
1738722977507 172.0883900591569 11
1738722977542 167.51612950698015 12
1738722977577 160.33730880138816 13
1738722977613 177.79264955864954 14
1738722977649 160.98942828045682 15
1738722977684 179.17448512207054 16
1738722977719 169.86650768660346 17
1738722977754 149.18918511888342 18
1738722977789 168.31329916046383 19
1738722977824 171.92898356659202 20
1738722977859 173.8082441903591 21
