1738724533060 173.12775416537553 0
1738724533098 177.8649047771495 1
1738724533136 154.83689617202938 2
1738724533175 181.0051501781767 3
1738724533213 176.6523098652696 4
1738724533250 173.12695267290113 5
1738724533288 161.03425047643677 6
1738724533327 154.82012419358958 7
1738724533363 159.6867368595576 8
1738724533399 165.66885151142952 9
1738724533436 158.9026362445038 10
1738724533472 170.61607676581718 11
1738724533510 167.14165734429895 12
1738724533548 164.69717460686226 13
1738724533586 148.062192097286 14
1738724533627 175.74361186476798 15
1738724533667 163.78479585924984 16
1738724533707 159.2580408442229 17
1738724533746 177.6623626602056 18
1738724533784 165.84138590364657 19
1738724533823 161.7082838325709 20
1738724533861 170.1734013670767 21
1738724533900 172.5287525036447 22
1738724533939 182.71054556114342 23
1738724533978 172.9356265281899 24
1738724534018 171.33473547455955 25
