1738726489725 154.28958572276758 0
1738726489760 205.10697693735128 1
1738726489795 59.8295707145654 2
1738726489831 150.4912692222353 3
1738726489866 235.1453781172738 4
1738726489901 117.84316756131021 5
1738726489937 97.81401124385934 6
1738726489972 168.96641235745645 7
1738726490007 296.1115659316289 8
1738726490042 238.11727403398984 9
1738726490076 160.97193476887122 10
1738726490111 258.0650312901746 11
1738726490146 166.15977716072658 12
1738726490181 147.80184530199222 13
1738726490216 191.89844685513626 14
1738726490251 169.41498371949334 15
1738726490286 158.98669515776342 16
1738726490320 166.4734689870759 17
1738726490356 167.85354223071826 18
1738726490392 161.41233542981632 19
1738726490428 165.07455513739652 20
1738726490463 131.46965169150556 21
1738726490498 145.37602531687187 22
1738726490536 257.2132814320314 23
1738726490572 172.72066627194047 24
1738726490609 173.42759868734046 25
1738726490644 187.18469146793012 26
1738726490680 213.63761083594676 27
1738726490715 157.78540268340132 28
1738726490750 189.3084868724461 29
1738726490785 189.7383386499458 30
1738726490820 234.97741164564755 31
1738726490855 122.50647555377995 32
1738726490890 161.98152970334144 33
1738726490925 164.65335854473076 34
1738726490960 161.92606453874285 35
1738726490994 138.75903852613604 36
1738726491029 126.71436103024234 37
1738726491064 191.73844156719178 38
1738726491099 53.27444121352455 39
1738726491135 150.46708277765347 40
1738726491170 190.11196816917902 41
1738726491207 153.20888816040255 42
1738726491243 212.6484568281338 43
1738726491278 142.12723966471088 44
1738726491314 135.33250457667896 45
1738726491350 185.29911589201927 46
1738726491411 148.88957871310052 47
1738726491447 216.59669185991424 48
1738726491482 153.96153595888478 49
1738726491518 164.96950655896336 50
1738726491554 147.63433728279406 51
1738726491589 128.52799847447568 52
1738726491624 273.9808158126236 53
1738726491660 267.1549683620796 54
1738726491694 831.5175405563401 55
1738726491729 243.63577893837802 56
1738726491764 194.83168219274538 57
1738726491800 94.71824247678954 58
1738726491836 207.15215014795967 59
1738726491872 124.36653107376969 60
1738726491908 175.832411931345 61
1738726491943 302.33051437632975 62
1738726491978 77.33862600122215 63
1738726492012 254.36209139523052 64
1738726492047 209.64987067907143 65
1738726492082 219.93426564242174 66
1738726492117 147.4947802854257 67
1738726492152 203.7965689695639 68
1738726492187 211.7988033415987 69
1738726492222 163.76136622371268 70
1738726492258 261.3694853038753 71
1738726492294 98.91344049205807 72
1738726492329 178.37639112424543 73
1738726492364 150.5654085679003 74
1738726492399 437.4092177811839 75
1738726492434 96.34216198365617 76
1738726492469 204.02125388496623 77
1738726492504 155.9593261030727 78
1738726492539 190.41021077954295 79
1738726492574 179.13202426861272 80
1738726492609 178.89243931557002 81
1738726492643 147.63430845725514 82
1738726492678 173.04729194695332 83
1738726492712 178.93187923252378 84
1738726492747 20.68325512792002 85
1738726492782 178.3034208023032 86
1738726492816 102.66073149404677 87
1738726492851 182.8185238040894 88
1738726492886 269.6947641743229 89
1738726492921 82.45929926322255 90
1738726492955 144.89182257509395 91
1738726492990 126.20506202294543 92
1738726493024 185.33536895778622 93
1738726493059 155.38040558220283 94
1738726493093 192.92640999439988 95
1738726493127 153.95804647609472 96
1738726493162 173.8412356292325 97
1738726493196 122.77441965317047 98
1738726493230 75.8291328571999 99
1738726493264 164.96412920771158 100
1738726493299 144.27181654741022 101
1738726493333 167.31657462522273 102
1738726493367 151.52575277189283 103
1738726493402 97.4008512281299 104
1738726493438 183.0634337628239 105
1738726493474 113.36601541539724 106
1738726493509 333.94891879807676 107
1738726493544 133.19365203622783 108
1738726493579 143.224424962792 109
1738726493614 238.11071537097916 110
1738726493649 147.42077860134808 111
1738726493685 255.26865941652275 112
1738726493720 131.2820544129422 113
1738726493756 187.86515210338567 114
1738726493791 149.87870027561107 115
1738726493826 143.93666410775103 116
1738726493861 213.1991393054681 117
1738726493896 195.74820387657897 118
1738726493932 204.5948979297367 119
1738726493967 132.37130498090596 120
1738726494002 139.79311105231278 121
1738726494038 171.68761035412527 122
1738726494074 218.4355564320206 123
1738726494109 194.5422211675595 124
1738726494143 187.30950048755813 125
1738726494178 239.2859052609969 126
1738726494213 231.18366493593985 127
1738726494248 157.37745311994559 128
1738726494284 247.52827594743533 129
1738726494319 124.81070486179973 130
1738726494355 209.31019902941912 131
1738726494390 168.83848236287974 132
1738726494425 166.65682703455784 133
1738726494460 193.3158911976964 134
1738726494494 115.40179704527333 135
1738726494529 208.79105196262378 136
1738726494563 154.15243408555722 137
1738726494598 134.02764108847583 138
1738726494632 178.8780033333534 139
1738726494667 177.39290557030012 140
1738726494701 220.36414085683444 141
1738726494735 155.47879374591338 142
1738726494769 85.33446252765314 143
1738726494804 153.52819670569028 144
1738726494838 214.30232891357366 145
1738726494872 107.62387515075702 146
1738726494907 272.9923923310038 147
1738726494941 152.46496701352117 148
1738726494975 174.18655614609872 149
1738726495009 236.8316085963641 150
1738726495044 210.12090125088133 151
1738726495078 210.43076194591816 152
1738726495112 128.658420942258 153
1738726495147 244.59613629042363 154
1738726495181 355.5908455261614 155
1738726495215 112.6281958273624 156
1738726495250 193.12815503942937 157
1738726495284 132.73637509997002 158
1738726495318 151.84272840344406 159
1738726495352 149.52465783262153 160
1738726495386 253.07366301425938 161
1738726495420 166.26559107655697 162
1738726495455 299.67813065616315 163
1738726495489 67.75846360110533 164
1738726495523 92.35425371370079 165
1738726495557 140.0272454059442 166
1738726495591 197.9724764881941 167
1738726495625 105.97522483572256 168
1738726495659 187.87712463562193 169
1738726495693 105.42572174592662 170
1738726495727 104.81008412042335 171
1738726495761 153.1349818090532 172
1738726495796 198.79428771201273 173
1738726495830 180.68973979884234 174
1738726495864 253.81180756125016 175
1738726495898 158.48237231831936 176
1738726495931 130.60891732659883 177
1738726495965 123.10090213005216 178
1738726495999 72.33060630765492 179
1738726496034 179.26769784336116 180
1738726496068 167.93142026701113 181
1738726496102 118.7267907081506 182
1738726496135 133.74181708552746 183
1738726496169 158.63268208545765 184
1738726496203 256.983551270806 185
1738726496237 108.7853952242891 186
1738726496271 325.5373557303523 187
1738726496305 153.80933547061443 188
1738726496339 202.13249024884806 189
1738726496373 163.95419445217274 190
1738726496407 78.5816463559071 191
1738726496441 137.96905672458266 192
1738726496475 154.53674664219793 193
1738726496509 202.7964680403942 194
1738726496542 166.51050339676596 195
1738726496576 162.1112685115904 196
1738726496611 217.51685201457917 197
1738726496645 156.05024876199013 198
1738726496679 240.91284129742587 199
1738726496712 240.31484494252442 200
1738726496746 92.22388430710305 201
1738726496780 379.48260948712453 202
1738726496814 132.29392903504163 203
1738726496848 159.25384619614846 204
1738726496882 179.3573668325576 205
1738726496916 198.83571601044207 206
1738726496950 101.70892440169028 207
1738726496983 184.45255001635928 208
1738726497017 183.21579436171328 209
1738726497051 226.7259885164424 210
1738726497085 159.66552953805183 211
1738726497119 152.0139348352 212
1738726497152 201.78196723688774 213
1738726497186 217.05407443207525 214
1738726497220 108.23413193826543 215
1738726497254 257.8689871864382 216
1738726497288 89.74181217300968 217
1738726497321 83.9399025216458 218
1738726497355 170.30485647573525 219
1738726497389 201.37915569453176 220
1738726497423 107.25843189060379 221
1738726497457 151.11595077005524 222
1738726497491 216.52175951110092 223
1738726497524 92.08372760214512 224
1738726497558 192.84350550599635 225
1738726497592 93.7749731081683 226
1738726497626 51.8426812789805 227
1738726497660 164.5941940077841 228
1738726497693 171.5164034970979 229
1738726497727 198.3438774760708 230
1738726497761 218.51635183482708 231
1738726497795 171.05700669601322 232
1738726497829 45.774851789484174 233
1738726497862 180.08730008545763 234
1738726497896 146.8233295922633 235
1738726497930 203.14436843631998 236
1738726497965 215.4614672629037 237
1738726498000 160.93587860695635 238
1738726498035 216.91031026019246 239
1738726498069 101.00798315519545 240
1738726498104 263.9239064207262 241
1738726498139 193.94921642607179 242
1738726498174 141.8151966980719 243
1738726498209 132.753961092787 244
1738726498244 139.60493302315453 245
1738726498280 140.06006111834645 246
1738726498315 117.42664940015841 247
1738726498350 220.81418310601305 248
1738726498384 247.87825217283083 249
1738726498419 175.02439943852764 250
1738726498453 136.5367568473487 251
1738726498487 181.09531660391468 252
1738726498522 178.56239847970545 253
1738726498556 186.23721815645337 254
1738726498590 160.45023681386175 255
1738726498624 138.5280679662483 256
1738726498659 135.85712148721763 257
1738726498693 118.70190201377552 258
1738726498727 226.55278264769106 259
1738726498761 153.2952671816997 260
1738726498795 165.4251856164078 261
1738726498829 181.93678986545407 262
1738726498863 177.04491913937244 263
1738726498897 177.53613346498454 264
1738726498931 130.65925866108802 265
1738726498965 103.69520264857407 266
1738726498999 131.2503426861026 267
1738726499033 204.4146058529085 268
1738726499067 120.31877265087425 269
1738726499102 216.87761418412424 270
1738726499136 210.37016559035575 271
1738726499171 193.1229199768141 272
1738726499206 184.46517620036641 273
1738726499241 154.44885140634932 274
1738726499276 206.2326839416813 275
1738726499311 141.82682310975107 276
1738726499348 183.34326714032434 277
1738726499384 115.61295722147113 278
1738726499419 91.15901129852318 279
1738726499455 213.636787306959 280
1738726499491 192.54790805063945 281
1738726499526 217.0121457302435 282
1738726499561 190.2046617167989 283
1738726499596 135.15894254039185 284
1738726499631 161.63543824893736 285
1738726499666 191.0358415641504 286
1738726499701 138.71920167744906 287
1738726499736 128.95934254335856 288
1738726499771 256.64589333635024 289
1738726499806 175.17919901711676 290
1738726499842 116.75203136296916 291
1738726499878 144.2944393251929 292
1738726499913 173.52591939618904 293
1738726499949 98.27822606837196 294
1738726499984 243.02072445027784 295
1738726500020 157.7380899364012 296
1738726500055 151.3424256515979 297
1738726500091 154.95763886387078 298
1738726500126 180.52575561613799 299
1738726500161 187.67247010949012 300
1738726500196 118.79975589274115 301
1738726500231 97.17110979638905 302
1738726500265 180.967034323221 303
1738726500300 193.0383186175029 304
1738726500335 208.13199398632318 305
1738726500370 183.40305860084024 306
1738726500405 78.67623392821089 307
1738726500440 318.3709788249835 308
1738726500476 193.30078456559679 309
1738726500511 161.07641557188197 310
1738726500545 193.51296153238232 311
1738726500579 212.06304693237493 312
1738726500614 158.73801756595796 313
1738726500648 223.07896005147276 314
1738726500682 163.35519871533927 315
1738726500717 274.8324704422498 316
1738726500752 288.837777983744 317
1738726500786 153.16129710787106 318
1738726500820 172.00865813079574 319
1738726500856 133.59468887453008 320
1738726500891 165.60807009861202 321
1738726500927 145.66991751305676 322
1738726500962 253.5466947851434 323
1738726500997 153.01025647699277 324
1738726501032 147.99971839074365 325
1738726501067 290.0611558546361 326
1738726501103 158.98412903331504 327
1738726501138 189.55901337156504 328
1738726501173 179.46449476854858 329
1738726501209 171.70209567618244 330
1738726501245 181.85738235990738 331
1738726501280 481.00133241168146 332
1738726501314 206.63749276664743 333
1738726501351 189.43742219247858 334
1738726501387 171.20433792628083 335
1738726501422 231.2343589935812 336
1738726501458 102.8736610546913 337
1738726501494 246.92846760577098 338
1738726501529 190.8927852450092 339
1738726501565 166.34009041796824 340
1738726501601 125.58516419395004 341
1738726501636 112.39001799558017 342
1738726501672 204.51983187354364 343
1738726501707 212.94423221981808 344
1738726501742 156.69870623107036 345
1738726501777 194.00918690698305 346
1738726501812 245.2178942915559 347
1738726501848 127.48406617343016 348
1738726501884 182.50768889955134 349
1738726501919 146.22748296769961 350
1738726501953 173.12616105083916 351
1738726501988 178.38089874395823 352
1738726502023 158.31766122283463 353
1738726502058 160.835969115661 354
1738726502093 175.0260724788113 355
1738726502127 192.115320670968 356
1738726502162 154.079253995228 357
1738726502197 100.64050517329206 358
1738726502231 49.008043343135526 359
1738726502266 163.00172556529907 360
1738726502301 182.03299466595107 361
1738726502335 253.17360835963365 362
1738726502370 140.25288956197815 363
1738726502404 191.61850073994603 364
1738726502439 147.55315426602496 365
1738726502474 104.72129721761746 366
1738726502508 209.06825388030808 367
1738726502543 146.0515629576525 368
1738726502577 97.66673024215598 369
1738726502611 180.78491638225623 370
1738726502646 148.84026638866 371
1738726502680 170.43725749300083 372
1738726502714 452.1427395372093 373
1738726502749 124.04179682863582 374
1738726502784 199.17243096127714 375
1738726502818 306.8380413127937 376
1738726502853 201.3743763285832 377
1738726502887 152.34062520509622 378
1738726502921 157.47722671744958 379
1738726502955 73.54881716932931 380
1738726502989 265.32598283395316 381
1738726503024 72.55638150372981 382
1738726503058 111.45215268681241 383
1738726503092 288.665437328208 384
1738726503126 159.94070386026564 385
1738726503160 184.53093805802985 386
1738726503194 210.44635463466145 387
1738726503228 134.51035216750546 388
1738726503263 188.82401175896044 389
1738726503297 264.5539029441214 390
1738726503331 213.81816944041594 391
1738726503365 213.6510623635073 392
1738726503400 158.33581867289777 393
1738726503434 140.91367650201917 394
1738726503469 202.32078906253275 395
1738726503503 165.87558795092693 396
1738726503537 122.49816779614213 397
1738726503572 191.73152153701173 398
1738726503606 272.80262131984404 399
1738726503641 165.6039873470905 400
1738726503675 166.1040578275774 401
1738726503709 161.1820285085243 402
1738726503743 129.81762919144663 403
1738726503778 116.81008609594343 404
1738726503812 169.84129497230694 405
1738726503846 140.05199878290574 406
1738726503880 193.47112353285004 407
1738726503914 136.44748491103326 408
1738726503948 117.57080971272632 409
1738726503983 185.22598230220214 410
1738726504016 189.0969054981098 411
1738726504050 105.97009765784031 412
1738726504084 166.43595463436284 413
1738726504118 209.69665381640468 414
1738726504152 76.44503565500524 415
1738726504186 143.79992824664356 416
1738726504219 82.33272389196944 417
1738726504253 121.4627197804552 418
1738726504287 228.44243503601245 419
1738726504321 171.7304193764855 420
1738726504355 317.5424045812141 421
1738726504389 190.82378358806437 422
1738726504422 221.44452590071674 423
1738726504456 89.77049560670935 424
1738726504490 162.16385743759724 425
1738726504524 194.1309396612352 426
1738726504558 248.91406153892737 427
1738726504591 104.74111357022689 428
1738726504625 153.5174169905643 429
1738726504659 93.67837207697404 430
1738726504693 163.72483670319556 431
1738726504727 182.98249934227064 432
1738726504760 145.70294893513537 433
1738726504795 166.8135423522297 434
1738726504829 163.85457308772584 435
1738726504863 256.5946780929324 436
1738726504896 74.34816563195427 437
1738726504930 132.03394962347542 438
1738726504964 189.57380772743147 439
1738726504998 160.09890999408435 440
1738726505032 182.78578486204327 441
1738726505066 102.08848398458503 442
1738726505100 114.99170643929281 443
1738726505134 131.8280538583983 444
1738726505168 171.92757243262002 445
1738726505203 124.41046481388356 446
1738726505238 167.91677527116465 447
1738726505272 229.8750753223782 448
1738726505307 82.22368858459784 449
1738726505341 174.32099869507454 450
1738726505376 250.32365013927654 451
1738726505410 169.4878952394453 452
1738726505444 201.58587854028673 453
1738726505479 157.78787779561716 454
1738726505513 141.78672754157446 455
1738726505547 206.70185165186479 456
1738726505582 166.1910201303067 457
1738726505616 183.14931435835024 458
1738726505651 340.0674647007456 459
1738726505685 143.1650125183904 460
1738726505720 142.30300890774186 461
1738726505754 232.53261893888296 462
1738726505789 160.7115658756094 463
1738726505823 234.43231378514696 464
1738726505857 133.24944217824898 465
1738726505892 260.12675609608624 466
1738726505926 185.9506198910726 467
1738726505961 155.72229645092833 468
1738726505995 166.59978369451895 469
1738726506030 183.80402895953137 470
1738726506064 211.84943066230863 471
1738726506098 163.384637428555 472
1738726506132 146.8836077490734 473
1738726506166 155.4093923334411 474
1738726506200 172.99748530703351 475
1738726506235 167.23089277930347 476
1738726506269 77.44908380702748 477
1738726506304 89.45964143043857 478
1738726506341 144.61113797680815 479
1738726506379 122.18102819485429 480
1738726506416 122.57147432983476 481
1738726506452 182.2408928574692 482
1738726506487 209.18412281812633 483
1738726506523 145.18469799632382 484
1738726506559 218.96582022599569 485
1738726506594 237.15787788677207 486
1738726506630 223.02985106467102 487
1738726506666 136.81547027818306 488
1738726506702 150.6246776122291 489
1738726506738 152.0513346115307 490
1738726506774 266.88429747478665 491
1738726506811 167.03897813817042 492
1738726506848 226.44554957726766 493
1738726506884 122.15095695801112 494
1738726506919 320.267823597075 495
1738726506956 234.41880354931348 496
1738726506991 339.2405668722337 497
1738726507026 127.86811970036214 498
1738726507062 153.70831687463888 499
