1738724376050 138.99772341058912 0
1738724376083 258.80072017680914 1
1738724376115 260.2681032744541 2
1738724376147 160.9210388838177 3
1738724376180 109.00088759154109 4
1738724376212 153.44156241253316 5
1738724376245 256.2557809525458 6
1738724376277 101.24728326837679 7
1738724376311 195.34153450503356 8
1738724376343 267.4189583517263 9
1738724376375 157.86100877336867 10
1738724376407 250.9835419373798 11
1738724376439 184.6212175225888 12
1738724376471 139.2147814121979 13
1738724376503 217.44008940619753 14
1738724376535 139.77729516911268 15
1738724376567 203.50364087182692 16
1738724376599 158.71019996427685 17
1738724376631 177.045993795759 18
1738724376663 125.57939535804397 19
1738724376695 239.16043892572702 20
1738724376727 153.89821487734488 21
1738724376759 201.44432520010136 22
1738724376791 161.92646904716136 23
1738724376823 72.27759018944286 24
1738724376855 149.15334973409938 25
1738724376886 127.09549483387025 26
1738724376918 152.76451320123886 27
1738724376950 178.00048026390314 28
1738724376982 164.7571999162897 29
1738724377014 208.3348675921281 30
1738724377046 269.72945988141686 31
1738724377078 518.6566386800511 32
1738724377109 147.94966784614937 33
1738724377141 271.9868180381443 34
1738724377173 235.44843574167936 35
1738724377205 147.9155953724037 36
1738724377237 239.9795856343614 37
1738724377268 199.19944922139214 38
1738724377300 202.8348552685111 39
1738724377333 72.55982164768375 40
1738724377364 116.39484937390216 41
1738724377396 221.22925120066955 42
1738724377428 133.28656366468863 43
1738724377460 182.26972132422395 44
1738724377491 169.910314379342 45
1738724377523 201.16456705695379 46
1738724377555 169.07674384520118 47
1738724377587 245.45817892451177 48
1738724377624 98.0997621472958 49
1738724377656 205.91171406854536 50
1738724377689 92.03832966156527 51
1738724377721 176.98200959333846 52
1738724377754 243.77013969191316 53
1738724377786 124.02485541641046 54
1738724377818 154.31727233709293 55
1738724377851 176.95893964750022 56
1738724377884 178.36368958134705 57
1738724377916 199.02286366967178 58
1738724377948 177.82923216396432 59
1738724377980 233.35517928767825 60
1738724378012 89.43466418255812 61
1738724378044 184.3341027140189 62
1738724378076 213.43646365811927 63
1738724378109 68.919404321091 64
1738724378141 156.20169532632994 65
1738724378173 257.21266182432214 66
1738724378205 192.393213257197 67
1738724378237 187.77133697648222 68
1738724378269 212.42170631666374 69
1738724378301 108.88277209399624 70
1738724378333 139.3477849218352 71
1738724378365 418.28409016067064 72
1738724378397 161.17141540463564 73
1738724378429 153.28219785424622 74
1738724378461 221.28874106578598 75
1738724378493 279.86817401100586 76
1738724378525 152.8261710488909 77
1738724378557 238.23419436257691 78
1738724378589 178.43803598245958 79
1738724378622 158.9779165639653 80
1738724378653 210.88418446809504 81
1738724378685 178.27048350007064 82
1738724378716 170.1771799035317 83
1738724378748 90.06478590625943 84
1738724378780 183.08527931982158 85
1738724378811 143.01214521508825 86
1738724378843 218.80603796558742 87
1738724378874 163.9611426288897 88
1738724378906 161.45532672745392 89
1738724378938 238.14379488727974 90
1738724378969 190.6305299186434 91
1738724379001 136.36262536976685 92
1738724379033 204.62224139629353 93
1738724379064 130.5997018810552 94
1738724379096 176.64662178842292 95
1738724379128 79.17255519148864 96
1738724379160 159.6498497562584 97
1738724379191 227.45090955201198 98
1738724379223 116.90215162003356 99
1738724379255 180.82860582380468 100
1738724379287 48.180445388908275 101
1738724379318 190.14686236565257 102
1738724379350 140.8102495294561 103
1738724379382 169.62975392151208 104
1738724379413 99.067716697809 105
1738724379445 196.67742001775508 106
1738724379477 170.1394403192478 107
1738724379508 183.94832907807552 108
1738724379540 192.81105558188742 109
1738724379572 108.07891382486899 110
1738724379604 262.9319497698809 111
1738724379636 195.3164639492968 112
1738724379667 154.34505336543793 113
1738724379699 310.49266345565917 114
1738724379730 168.9816414729772 115
1738724379762 188.00851908620123 116
1738724379794 213.7742096051692 117
1738724379825 164.70609775308182 118
1738724379857 204.28534844374636 119
1738724379888 147.9517730049615 120
1738724379920 285.5417401205611 121
1738724379951 143.9687883461499 122
1738724379983 109.177055383068 123
1738724380014 159.39373179604624 124
1738724380046 160.07393825603444 125
1738724380077 181.0584976063014 126
1738724380109 146.2891477519457 127
1738724380141 189.30593579385206 128
1738724380172 128.0776659604957 129
1738724380204 204.043486577974 130
1738724380235 243.84153108690347 131
1738724380267 151.93509571628962 132
1738724380298 175.40950802857068 133
1738724380330 181.5257246338944 134
1738724380361 116.0512043112475 135
1738724380392 148.19468574701122 136
1738724380424 227.69143791130418 137
1738724380455 176.9598364779951 138
1738724380487 175.73360812725426 139
1738724380518 219.6663163383646 140
1738724380550 174.74367422896472 141
1738724380581 114.23981790027 142
1738724380613 138.22750569158535 143
1738724380644 189.34793114346962 144
1738724380676 156.78059497245977 145
1738724380707 155.31953483646413 146
1738724380739 141.09741446320922 147
1738724380770 126.30095106013775 148
1738724380802 190.91874296300264 149
1738724380833 144.05882766840483 150
1738724380865 79.90584775718403 151
1738724380896 160.27308446238487 152
1738724380928 212.4583288191257 153
1738724380959 217.54475294375973 154
1738724380990 92.59879263967669 155
1738724381022 254.60903770342162 156
1738724381053 141.58352621723608 157
1738724381085 136.91393864023553 158
1738724381116 152.80016421932024 159
1738724381148 80.52222613221933 160
1738724381181 552.366391492905 161
1738724381214 141.18115162909575 162
1738724381246 179.69094074801612 163
1738724381278 443.8461042933376 164
1738724381310 121.51213058743784 165
1738724381343 151.3218207737877 166
1738724381375 187.31518373179384 167
1738724381407 157.4495063104891 168
1738724381439 139.5607033941232 169
1738724381471 154.2398954312757 170
1738724381503 162.91565039578418 171
1738724381535 156.62281196308172 172
1738724381567 152.3772851089337 173
1738724381599 66.71232261898956 174
1738724381631 118.27066925384739 175
1738724381664 188.0084415355426 176
1738724381696 176.90109210585018 177
1738724381728 152.44346409787767 178
1738724381760 130.8009882753252 179
1738724381792 340.9801704368898 180
1738724381824 175.258229782576 181
1738724381856 254.14844029382033 182
1738724381888 114.69458558031516 183
1738724381920 459.3964524878364 184
1738724381952 131.41649687727192 185
1738724381984 145.55810969559744 186
1738724382016 231.3174655874172 187
1738724382047 135.66864819486196 188
1738724382079 38.033615486472605 189
1738724382111 175.97968135561698 190
1738724382143 213.27821724801558 191
1738724382175 149.26589116458516 192
1738724382207 158.43310637615954 193
1738724382239 226.74258732044856 194
1738724382271 165.2326105413318 195
1738724382302 181.64086142381336 196
1738724382334 142.2162276310145 197
1738724382366 204.7571549639075 198
1738724382399 156.67939888292116 199
1738724382431 244.23977682723196 200
1738724382462 197.51585533230318 201
1738724382494 243.451594386139 202
1738724382526 159.24921638867247 203
1738724382558 188.28529418646107 204
1738724382589 276.70467147535857 205
1738724382621 200.8640813166752 206
1738724382653 113.43934153421141 207
1738724382685 187.6376774923259 208
1738724382716 187.55062473320885 209
1738724382748 172.80267095218917 210
1738724382780 140.75980006603834 211
1738724382811 76.84810672918317 212
1738724382843 134.86827744618245 213
1738724382875 130.05400061121512 214
1738724382906 150.34284238349795 215
1738724382938 207.38908975598784 216
1738724382969 156.77383630291524 217
1738724383001 182.40091063570966 218
1738724383033 292.807724017486 219
1738724383064 114.7899056324422 220
1738724383096 182.40628452615599 221
1738724383128 199.29450462843582 222
1738724383159 149.4384908122076 223
1738724383191 121.50858609096295 224
1738724383222 373.49523534554186 225
1738724383254 150.30869151181892 226
1738724383286 211.08837663078745 227
1738724383318 192.1059970182398 228
1738724383350 140.89066432425514 229
1738724383382 162.56720676256927 230
1738724383414 174.99105282115602 231
1738724383446 143.11975210884782 232
1738724383479 161.99673404716933 233
1738724383511 130.5969639324753 234
1738724383543 246.78952615367547 235
1738724383575 108.7726296933288 236
1738724383607 182.32874290116888 237
1738724383639 174.44299051645703 238
1738724383671 160.8442123679306 239
1738724383703 94.46448466305485 240
1738724383736 347.81703886771743 241
1738724383767 124.65926782635327 242
1738724383799 13.720911963982305 243
1738724383831 136.494125059231 244
1738724383863 178.90039986218605 245
1738724383895 166.5057365947412 246
1738724383927 171.85597692286458 247
1738724383959 141.06854447400033 248
1738724383991 110.59463583218715 249
1738724384023 200.8430572205473 250
1738724384055 170.28236343243498 251
1738724384087 170.88458688456575 252
1738724384118 134.52104271507665 253
1738724384150 198.33345763555337 254
1738724384182 125.83927959755852 255
1738724384214 197.89863176977545 256
1738724384246 195.21154103285153 257
1738724384278 116.0760649300591 258
1738724384310 181.45593959754976 259
1738724384342 102.17670458500984 260
1738724384374 130.12654285094837 261
1738724384406 267.7260095913618 262
1738724384438 189.19056921191464 263
1738724384471 157.19064017701243 264
1738724384503 91.97143355011318 265
1738724384535 228.98035641225405 266
1738724384567 154.07365123836382 267
1738724384599 186.4951820571338 268
1738724384631 163.0456393795506 269
1738724384663 184.45978507216995 270
1738724384695 228.10368041715114 271
1738724384727 118.1209060564672 272
1738724384759 163.1910062557619 273
1738724384791 90.4924947552898 274
1738724384823 144.364880314425 275
1738724384855 109.95249782276335 276
1738724384887 164.3033863747842 277
1738724384918 247.06194739569176 278
1738724384950 156.1706695651045 279
1738724384982 390.7960813815634 280
1738724385014 148.44122253106426 281
1738724385046 288.3444230891211 282
1738724385078 158.97303440175054 283
1738724385110 195.28373080884762 284
1738724385142 137.50641116555366 285
1738724385174 191.2644431217394 286
1738724385205 187.47949895926442 287
1738724385237 127.0362253391999 288
1738724385269 186.3508925480483 289
1738724385301 215.32190836306975 290
1738724385333 247.20058495931306 291
1738724385364 167.3293839510138 292
1738724385396 211.42164993339105 293
1738724385428 218.20617413112586 294
1738724385460 231.72844832012015 295
1738724385491 122.36376278178179 296
1738724385523 144.24414633027558 297
1738724385555 57.66694840225358 298
1738724385586 152.26784499334335 299
1738724385618 232.46987884671205 300
1738724385650 191.89295808520802 301
1738724385682 142.97217048059423 302
1738724385713 98.69026511206249 303
1738724385746 128.64484935743874 304
1738724385777 164.67570268181848 305
1738724385809 112.49794750411183 306
1738724385841 136.4105751933367 307
1738724385872 136.0513532696351 308
1738724385904 148.8799509017222 309
1738724385936 162.75087733318225 310
1738724385967 92.96256023511428 311
1738724385999 208.05238866320337 312
1738724386031 182.6398885943415 313
1738724386062 207.34348297729719 314
1738724386094 289.5966387244011 315
1738724386125 156.56676593296254 316
1738724386157 266.0162930996808 317
1738724386189 139.28230941867741 318
1738724386220 201.5998361874887 319
1738724386252 184.26668681428646 320
1738724386283 96.82498163430297 321
1738724386315 148.2138900720104 322
1738724386347 291.27551604052235 323
1738724386378 134.49553874678412 324
1738724386410 164.22758872549682 325
1738724386441 203.02625866278447 326
1738724386473 131.35457545665497 327
1738724386504 113.89099914155287 328
1738724386536 247.68550313070935 329
1738724386567 180.54766517843566 330
1738724386599 325.1228440671855 331
1738724386630 117.15215367954953 332
1738724386662 137.20035475954262 333
1738724386693 337.7838787238355 334
1738724386725 182.93723911489337 335
1738724386756 97.0860228249257 336
1738724386787 133.50329736150982 337
1738724386819 172.7405913888976 338
1738724386850 184.6908344147268 339
1738724386882 191.6195759322635 340
1738724386913 133.41555960858096 341
1738724386945 170.36458478221047 342
1738724386976 59.287274613414986 343
1738724387008 223.76835803387397 344
1738724387039 167.8396779263312 345
1738724387071 191.23254510356801 346
1738724387102 83.51489400453879 347
1738724387134 168.23072874230462 348
1738724387165 121.76660538337113 349
1738724387197 157.11625402513053 350
1738724387228 143.39172363147546 351
1738724387259 206.7735484709811 352
1738724387291 147.39278661754844 353
1738724387322 259.4738647607428 354
1738724387354 155.6717100932351 355
1738724387385 183.84236227788585 356
1738724387417 69.83787556344292 357
1738724387448 180.25688175727078 358
1738724387479 117.6900921144115 359
1738724387511 213.75411080100022 360
1738724387543 35.39247709437977 361
1738724387574 262.5220178303845 362
1738724387606 188.57487686879634 363
1738724387637 168.75483191326933 364
1738724387669 128.2078331338819 365
1738724387700 155.8435203537846 366
1738724387732 202.17869433402146 367
1738724387763 146.1848466568278 368
1738724387795 175.2142278840413 369
1738724387827 217.6770564635332 370
1738724387858 162.9331325504646 371
1738724387891 179.0939698134022 372
1738724387923 141.8405342875857 373
1738724387956 187.66484990738667 374
1738724387988 153.47810048459957 375
1738724388021 164.8845220924215 376
1738724388053 220.79665054160355 377
1738724388085 199.8589625195864 378
1738724388117 139.07339669181417 379
1738724388149 175.0340331229302 380
1738724388181 156.23815754391697 381
1738724388213 192.43645418796442 382
1738724388245 140.80076693233076 383
1738724388277 157.16413245406292 384
1738724388309 16.087199720360108 385
1738724388341 191.50501018765502 386
1738724388373 162.1120898211712 387
1738724388405 158.43403238536786 388
1738724388437 159.15582217647204 389
1738724388469 177.9209145934313 390
1738724388502 130.42813237396842 391
1738724388534 202.70737753634577 392
1738724388565 185.77501000805776 393
1738724388597 148.0925709235905 394
1738724388629 113.0463394049047 395
1738724388660 411.96996755172415 396
1738724388692 177.9747809486483 397
1738724388724 179.56351397602106 398
1738724388756 173.89075170587694 399
1738724388788 165.3679651749441 400
1738724388819 146.75135547523962 401
1738724388851 175.72357819925566 402
1738724388883 172.30236314623517 403
1738724388915 200.47963732884892 404
1738724388947 174.4890505236777 405
1738724388979 84.09673998522203 406
1738724389010 142.69812639023755 407
1738724389042 245.7511354718799 408
1738724389074 130.29749915424958 409
1738724389106 146.5680173905645 410
1738724389138 188.5156317729957 411
1738724389169 164.05600123885594 412
1738724389201 89.60044664517227 413
1738724389233 159.22375916468994 414
1738724389265 199.33169876277117 415
1738724389297 167.2276721977664 416
1738724389328 146.51049462879047 417
1738724389360 104.4005874367871 418
1738724389391 166.05631117950026 419
1738724389423 215.7722200738023 420
1738724389454 164.50207403407316 421
1738724389485 96.47032280765421 422
1738724389517 175.56507186511354 423
1738724389549 139.59515697935004 424
1738724389580 63.542319833129135 425
1738724389612 149.36385262243945 426
1738724389643 151.77892243739043 427
1738724389675 205.16058870906932 428
1738724389706 164.03214703540752 429
1738724389738 127.27442767634176 430
1738724389770 146.7031265548733 431
1738724389801 209.4213893363469 432
1738724389833 170.1104379584754 433
1738724389865 216.06676859988704 434
1738724389897 163.43485909529983 435
1738724389928 256.64284756815323 436
1738724389960 181.14664365192 437
1738724389991 192.49488209145326 438
1738724390023 188.72595856666496 439
1738724390054 245.67822975314266 440
1738724390086 150.70317503020723 441
1738724390117 94.47904890277901 442
1738724390149 92.70946528607736 443
1738724390180 163.46529058521267 444
1738724390212 107.74041164086924 445
1738724390244 136.33129779212382 446
1738724390277 156.34436222090443 447
1738724390309 221.8136985096499 448
1738724390341 183.20460954957454 449
1738724390373 239.4490486707594 450
1738724390405 284.74115830035043 451
1738724390438 169.23117560085552 452
1738724390470 80.02657377857908 453
1738724390502 249.953799544997 454
1738724390534 151.0192351421485 455
1738724390566 105.15143724042696 456
1738724390598 169.33329192620437 457
1738724390630 83.29994936154141 458
1738724390662 252.23892614219164 459
1738724390694 118.08527954497777 460
1738724390726 93.82050268851671 461
1738724390758 168.18377358655837 462
1738724390791 127.853494631364 463
1738724390823 176.91652118280376 464
1738724390856 218.3279561310347 465
1738724390888 98.91138519009039 466
1738724390920 160.40989278782186 467
1738724390953 152.80295060451246 468
1738724390985 172.4067334665778 469
1738724391017 219.42681424889665 470
1738724391049 209.78755441971367 471
1738724391082 15.725107812793725 472
1738724391114 250.08761522479836 473
1738724391146 135.56129961650666 474
1738724391178 173.5237769373009 475
1738724391210 148.84101920784164 476
1738724391242 133.34003125997708 477
1738724391274 136.14529979858327 478
1738724391306 172.16203435461748 479
1738724391338 194.99924948795152 480
1738724391370 215.8094122922959 481
1738724391402 140.50464981963157 482
1738724391434 426.9140544351698 483
1738724391466 228.30233012959454 484
1738724391498 182.52219877572833 485
1738724391529 168.30682333866213 486
1738724391562 188.26318218877387 487
1738724391596 126.94091590884982 488
1738724391628 174.6181500718972 489
1738724391661 182.8998974049412 490
1738724391693 217.609168256843 491
1738724391725 68.35875806141684 492
1738724391757 144.08366505391425 493
1738724391789 140.4043419586322 494
1738724391821 142.11882070565522 495
1738724391853 110.70504626075682 496
1738724391886 176.4857857450601 497
1738724391918 180.07611364620888 498
1738724391950 160.62911844579907 499
