1738724001196 176.6716006781617 0
1738724001199 175.14552921327697 1
1738724001201 167.00281331059995 2
1738724001204 169.0438744295074 3
1738724001206 170.31409167062588 4
1738724001209 169.2484893692137 5
1738724001212 167.6065205167838 6
1738724001214 174.87944918927144 7
1738724001217 171.78547157309617 8
1738724001219 172.17508568899444 9
1738724001222 170.51885342424538 10
1738724001225 170.28761733038044 11
1738724001227 167.6716555670299 12
1738724001230 163.65737734375466 13
1738724001232 170.95201294300045 14
1738724001235 168.3306049648772 15
1738724001238 167.89412701704921 16
1738724001240 167.09340808514926 17
1738724001243 169.0960926687775 18
1738724001245 164.53231985486852 19
1738724001248 166.4080218706076 20
1738724001251 168.31293160072386 21
1738724001253 170.47927546997576 22
1738724001256 164.15829555870556 23
1738724001258 166.65151108651986 24
1738724001261 169.00954889474673 25
1738724001263 165.0227611452674 26
1738724001266 168.65766510054965 27
1738724001269 169.28070422804623 28
1738724001271 164.84129307611929 29
1738724001274 171.0923878824541 30
1738724001277 165.49152914294686 31
