1738722982763 161.44238234031315 0
1738722982795 184.88451111247107 1
1738722982828 172.14378115604825 2
1738722982860 155.89825470658644 3
1738722982892 178.76755323032987 4
1738722982925 172.3842085118652 5
1738722982958 169.06328322570164 6
1738722982990 170.2873203500761 7
1738722983022 185.22269276968078 8
1738722983054 175.11058411941073 9
1738722983086 176.0958020603472 10
1738722983117 172.05162583198094 11
1738722983149 170.46082769607278 12
1738722983181 169.5758491958409 13
1738722983213 178.3471965443086 14
1738722983245 172.86164575356867 15
1738722983276 167.11403553641136 16
1738722983308 171.35439303848128 17
1738722983341 172.67300855541274 18
