1738723847289 206.46771146547323 0
1738723847323 93.87158870946227 1
1738723847356 244.50812469604548 2
1738723847390 191.89554228656164 3
1738723847424 149.51808043688743 4
1738723847457 118.60736701726108 5
1738723847491 114.67021896652825 6
1738723847525 168.7621423454497 7
1738723847559 176.52980812827707 8
1738723847593 129.72163966043018 9
1738723847627 171.13284083763858 10
1738723847661 144.0158246767824 11
1738723847694 306.74498524012057 12
1738723847728 214.84178996042905 13
1738723847762 101.21735068982602 14
1738723847795 143.33370804320754 15
1738723847829 213.4342012530964 16
1738723847863 181.01657059759262 17
1738723847896 151.41602595994152 18
1738723847930 193.70896777509554 19
1738723847963 218.42393040980707 20
1738723847997 144.12888383379578 21
1738723848031 199.599546392199 22
1738723848064 132.4451212421652 23
1738723848098 176.81197971436163 24
1738723848131 117.99989907186935 25
1738723848165 162.27605395776456 26
1738723848198 122.05169023095895 27
1738723848231 141.06644442567293 28
1738723848265 217.40522170920534 29
1738723848298 226.2130296969709 30
1738723848331 147.50659452666815 31
1738723848364 78.29800876660643 32
1738723848397 239.59477224720925 33
1738723848430 132.10214033862601 34
1738723848463 108.02071234220085 35
1738723848496 266.3714990166633 36
1738723848530 124.91476463312604 37
1738723848563 221.36291398774273 38
1738723848597 235.15072960545132 39
1738723848630 152.60483654789002 40
1738723848663 168.635105172062 41
1738723848696 142.1155309812448 42
1738723848729 217.51083313439764 43
1738723848762 222.6981576915871 44
1738723848796 143.90844869926696 45
1738723848829 158.37016937373141 46
1738723848862 169.40773314045265 47
1738723848895 175.8443433677561 48
1738723848928 202.3648596153908 49
1738723848961 188.2936106335273 50
1738723848994 204.81473990808797 51
1738723849028 192.89276406266686 52
1738723849061 184.8917460253117 53
1738723849093 127.11544373120425 54
1738723849126 136.91153735025978 55
1738723849160 111.27455663687189 56
1738723849194 140.59921132133735 57
1738723849228 224.3011221566597 58
1738723849262 133.17486056221742 59
1738723849295 137.24767247821637 60
1738723849329 169.09751974139135 61
1738723849363 206.4416297710964 62
1738723849397 483.30945015126423 63
1738723849431 124.76345569551843 64
1738723849465 223.24087430773926 65
1738723849499 180.55116929580507 66
1738723849532 126.0243361655371 67
1738723849565 154.79849557393467 68
1738723849599 112.42853087610091 69
1738723849632 167.61821428047924 70
1738723849665 201.47165308887125 71
1738723849698 184.7373010144061 72
1738723849732 236.32520426387907 73
1738723849765 158.38259742871253 74
1738723849798 256.6464806387564 75
1738723849831 126.57809059275927 76
1738723849864 58.69994854444275 77
1738723849897 153.91036917543803 78
1738723849930 139.9487730650457 79
1738723849963 229.54170623667835 80
1738723849996 147.06838460833163 81
1738723850029 302.699468438337 82
1738723850062 102.72730016557338 83
1738723850095 115.16941683349593 84
1738723850128 205.2411943542498 85
1738723850161 196.89602853564747 86
1738723850194 174.3941400378941 87
1738723850227 277.93924911624237 88
1738723850260 174.79452224375953 89
1738723850293 159.99354689868326 90
1738723850327 150.85382317585277 91
1738723850361 136.2686877168558 92
1738723850395 156.21303539300465 93
1738723850429 138.1729238040466 94
1738723850463 210.57579187159575 95
1738723850496 190.19440922878647 96
1738723850530 104.60175549965838 97
1738723850564 166.5411010999056 98
1738723850597 180.46715880659883 99
1738723850631 251.3651293695382 100
1738723850664 134.4987483654576 101
1738723850697 166.3407841236915 102
1738723850731 178.96029434638652 103
1738723850764 209.25571017585276 104
1738723850798 152.91540291139034 105
1738723850831 191.33096472629916 106
1738723850864 145.79802852918613 107
1738723850897 194.31316932952112 108
1738723850931 122.36267885295892 109
1738723850964 168.33056154428033 110
1738723850997 199.7911430294777 111
1738723851030 118.05673728870642 112
1738723851064 166.41231819945133 113
1738723851097 243.94952471135036 114
1738723851130 123.50455214913556 115
1738723851163 197.76981620613373 116
1738723851216 175.16575639607254 117
1738723851254 144.36488144200703 118
1738723851288 253.0627168593239 119
1738723851321 146.8995513194161 120
1738723851355 136.78013529350895 121
1738723851388 225.560654682462 122
1738723851423 141.15012996471307 123
1738723851457 157.0812520248528 124
1738723851490 213.7890156011409 125
1738723851523 54.81239715730716 126
1738723851557 187.3284334449057 127
1738723851590 121.41530235362409 128
1738723851623 190.239308437763 129
1738723851656 119.20781080386041 130
1738723851690 174.42951940271382 131
1738723851723 124.77617925901501 132
1738723851756 139.69204590644642 133
1738723851789 217.12851396696237 134
1738723851822 193.67749713054943 135
1738723851856 127.27517637187071 136
1738723851889 202.89266651244134 137
1738723851922 149.37629297859783 138
1738723851955 165.6334177802938 139
1738723851988 142.65440945888847 140
1738723852021 34.30113335910215 141
1738723852054 164.97121193564402 142
1738723852087 169.66110797198905 143
1738723852120 214.25730917172234 144
1738723852153 234.46128945884348 145
1738723852186 246.23691441870574 146
1738723852219 177.26093868110823 147
1738723852252 238.3387291903193 148
1738723852285 198.15341017955208 149
1738723852318 165.87380836183868 150
1738723852353 119.11239896168462 151
1738723852388 201.2006516872002 152
1738723852422 182.10654086782924 153
1738723852456 181.48451073356975 154
1738723852490 182.82899951990274 155
1738723852524 106.00766288178575 156
1738723852558 219.91602038389735 157
1738723852591 152.64327379742878 158
1738723852625 128.91777203912707 159
1738723852658 248.53160528968112 160
1738723852692 145.71729602786328 161
1738723852725 161.24817644550566 162
1738723852758 128.92711837982543 163
1738723852792 78.17205698695595 164
1738723852825 169.4737908212743 165
1738723852858 187.4589362740995 166
1738723852892 158.79909403843945 167
1738723852925 158.7322070282705 168
1738723852958 207.34148201280848 169
1738723852991 101.58338689220155 170
1738723853025 91.20221038218358 171
1738723853058 145.49467776390344 172
1738723853091 146.81301344156498 173
1738723853124 192.29949269727285 174
1738723853158 135.12271866298238 175
1738723853191 70.8970888170931 176
1738723853224 215.03111859096884 177
1738723853258 186.03181354140264 178
1738723853291 263.29909731181147 179
1738723853325 196.82961825869629 180
1738723853358 130.99206362407236 181
1738723853392 155.84611250477806 182
1738723853425 160.60693146736713 183
1738723853458 193.3024583665498 184
1738723853491 145.2141662990396 185
1738723853525 131.15142065820584 186
1738723853558 242.60037027371416 187
1738723853592 248.34068513302762 188
1738723853637 257.5111277959078 189
1738723853683 178.008885906381 190
1738723853739 164.34467854288897 191
1738723853787 324.4313747120014 192
1738723853831 94.97373657592739 193
1738723853877 196.09845935479328 194
1738723853915 121.42266674649653 195
1738723853952 148.73593060001696 196
1738723853987 174.6369563015717 197
1738723854021 126.15481828857983 198
1738723854057 214.3514141882798 199
1738723854092 145.72668076649828 200
1738723854127 241.05310432066602 201
1738723854163 143.3670937597784 202
1738723854198 121.4406927733257 203
1738723854233 177.61179490080832 204
1738723854268 146.5818122374759 205
1738723854302 97.82124483774331 206
1738723854338 240.92917627012645 207
1738723854373 66.68916087105166 208
1738723854407 167.6276257097768 209
1738723854442 111.14972019543399 210
1738723854476 156.5189387508601 211
1738723854510 276.48660116580993 212
1738723854544 77.30329093994834 213
1738723854579 190.00248222882635 214
1738723854612 222.30012935426174 215
1738723854646 221.41174620926435 216
1738723854681 164.01123346520595 217
1738723854736 139.1792590960116 218
1738723854776 281.7738311420586 219
1738723854813 196.0269693491467 220
1738723854868 68.48019469722294 221
1738723854940 164.88849273322634 222
1738723855026 200.46430074950865 223
1738723855093 47.050172207609585 224
1738723855139 131.03480747388812 225
1738723855175 169.96183133580865 226
1738723855209 426.0012249598442 227
1738723855243 187.18752819692256 228
1738723855277 151.53962522930124 229
1738723855310 159.51273020029794 230
1738723855345 198.82222249311528 231
1738723855379 120.64076202060556 232
1738723855413 179.4719335900708 233
1738723855446 192.2555891158657 234
1738723855480 152.16848424942893 235
1738723855513 90.5079646080359 236
1738723855547 198.4313311426497 237
1738723855580 71.76770731998143 238
1738723855614 138.6314594508129 239
1738723855647 176.46507267784347 240
1738723855681 168.07047522031695 241
1738723855723 135.23343663293147 242
1738723855759 298.5959029752843 243
1738723855793 230.65825149723193 244
1738723855828 158.0811744595104 245
1738723855862 200.0376427977533 246
1738723855897 153.9831218168177 247
1738723855931 167.42131489540245 248
1738723855965 283.1965773837714 249
1738723855998 280.3104174556009 250
1738723856032 171.49923861107197 251
1738723856066 175.41004081712967 252
1738723856100 156.60223662145776 253
1738723856147 216.63926992632202 254
1738723856192 170.34287115393101 255
1738723856228 152.6623823129379 256
1738723856263 306.21417556045526 257
1738723856298 122.91064391064418 258
1738723856333 137.66819115443113 259
1738723856367 144.73751106452545 260
1738723856401 152.5833866225084 261
1738723856436 188.64215143582697 262
1738723856470 81.99310128371364 263
1738723856504 155.8719824521914 264
1738723856538 122.32687502285039 265
1738723856572 144.72975850321237 266
1738723856605 258.22985349044507 267
1738723856639 145.65341299038192 268
1738723856673 270.80385313356504 269
1738723856706 122.0472710145051 270
1738723856740 185.93993138371724 271
1738723856773 212.33018593857466 272
1738723856807 89.21022918120323 273
1738723856840 28.8489920057442 274
1738723856874 231.26641276821007 275
1738723856907 225.2554431443063 276
1738723856941 203.85676114477127 277
1738723856974 105.82593938358909 278
1738723857008 370.7155553296544 279
1738723857041 154.9295131993541 280
1738723857075 177.68299792251142 281
1738723857116 321.92825721157055 282
1738723857154 71.51031014222664 283
1738723857190 156.81313590441795 284
1738723857225 197.67911333638202 285
1738723857261 207.11625666347206 286
1738723857296 111.41521385341704 287
1738723857331 170.3163318832744 288
1738723857366 247.08427750893313 289
1738723857401 210.92919483154313 290
1738723857437 186.50222111389468 291
1738723857471 166.57013754138592 292
1738723857505 135.39960524127935 293
1738723857538 227.60556821375977 294
1738723857574 48.50022979467473 295
1738723857611 130.97737009757793 296
1738723857647 172.79271784138385 297
1738723857681 165.28223928806096 298
1738723857716 196.32018195155112 299
1738723857750 166.4222311894089 300
1738723857784 143.3273703566784 301
1738723857819 228.44386536955548 302
1738723857854 63.00226013443701 303
1738723857888 226.0698528837085 304
1738723857923 296.26526212560304 305
1738723857957 125.01897389105218 306
1738723857992 165.21005638670846 307
1738723858026 155.17669126214963 308
1738723858060 166.13604240779745 309
1738723858094 186.26264843174104 310
1738723858128 165.54822455443355 311
1738723858162 157.82768981883686 312
1738723858196 182.367227218199 313
1738723858230 223.96580100181956 314
1738723858264 169.67857125284584 315
1738723858298 230.37757771802202 316
1738723858333 175.80115521852068 317
1738723858368 105.2814638071583 318
1738723858402 193.19691379318905 319
1738723858437 200.41915197769495 320
1738723858471 81.45860564975334 321
1738723858506 189.9578280687731 322
1738723858541 298.4429898965525 323
1738723858576 142.25657387501943 324
1738723858611 113.72775861925132 325
1738723858646 143.192322421394 326
1738723858680 148.8813556071581 327
1738723858715 204.47246475519728 328
1738723858750 87.8220462598682 329
1738723858785 120.58810689911331 330
1738723858819 174.53571188210483 331
1738723858854 168.3145632525795 332
1738723858889 176.77196979805143 333
1738723858923 163.69388159006635 334
1738723858958 209.9632387944918 335
1738723858992 242.64591134778547 336
1738723859027 116.48072295911726 337
1738723859061 196.371193360867 338
1738723859096 207.76385044807654 339
1738723859130 157.71756166717262 340
1738723859164 197.39080838647325 341
1738723859198 205.25710793037314 342
1738723859232 175.995877358167 343
1738723859266 129.0864916011817 344
1738723859300 151.3325945979452 345
1738723859335 181.41485772879554 346
1738723859370 171.30920603858004 347
1738723859405 148.25480971854736 348
1738723859442 174.51394427395675 349
1738723859477 135.4483507223444 350
1738723859513 174.22519855231954 351
1738723859549 232.47953796401504 352
1738723859584 176.10618430613542 353
1738723859620 184.71813676461286 354
1738723859655 134.22379750292123 355
1738723859691 151.89362388889936 356
1738723859726 113.71175084468881 357
1738723859762 189.81974727670647 358
1738723859798 254.53802391248487 359
1738723859833 213.21723942161978 360
1738723859869 44.14212434545501 361
1738723859903 200.17506901774362 362
1738723859938 127.24750647281691 363
1738723859972 154.8162000163434 364
1738723860007 104.3441343732178 365
1738723860041 83.16969204602741 366
1738723860076 159.49153686618723 367
1738723860110 129.3249633993494 368
1738723860143 198.76953399930662 369
1738723860177 329.59400193905736 370
1738723860212 138.39525834517622 371
1738723860246 238.96512309714416 372
1738723860280 187.1709615171858 373
1738723860315 234.4092322432871 374
1738723860349 103.18012087618601 375
1738723860383 219.60275810089544 376
1738723860418 330.3275836151669 377
1738723860451 218.97747155636966 378
1738723860485 224.19938480415408 379
1738723860518 209.56036120739768 380
1738723860551 159.03375349231982 381
1738723860584 201.96700102605215 382
1738723860617 212.29590717007545 383
1738723860651 493.20924645831707 384
1738723860684 54.876752051418876 385
1738723860718 276.9846875761156 386
1738723860753 85.76956767432617 387
1738723860788 249.51937963831642 388
1738723860826 224.80732367877937 389
1738723860862 168.39193587088263 390
1738723860897 223.37310486007414 391
1738723860932 166.37416697301848 392
1738723860967 196.73419412384652 393
1738723861002 142.03229678488782 394
1738723861036 357.63273217147747 395
1738723861072 198.15959597705117 396
1738723861108 189.76723905505037 397
1738723861143 164.3436278464421 398
1738723861178 199.06254147803418 399
1738723861214 103.28490723603406 400
1738723861249 68.58033949274764 401
1738723861283 179.0510689701629 402
1738723861319 619.3836046422597 403
1738723861388 76.74497366778193 404
1738723861425 167.3231616266816 405
1738723861460 308.3059573742007 406
1738723861495 137.21008952743807 407
1738723861529 71.50650084704684 408
1738723861563 128.91326260531878 409
1738723861597 162.070661824293 410
1738723861631 78.71728206826552 411
1738723861665 157.79837963104805 412
1738723861698 143.43918382321067 413
1738723861732 184.7740693446095 414
1738723861765 118.57188839791213 415
1738723861799 188.45185797874993 416
1738723861834 157.34662343487255 417
1738723861868 163.80634047850734 418
1738723861903 130.57164358207217 419
1738723861937 174.63994887652373 420
1738723861975 185.60346562837012 421
1738723862010 166.22758500680018 422
1738723862044 200.6229419349325 423
1738723862079 214.43479105357076 424
1738723862113 188.4352464574878 425
1738723862147 109.7146859867381 426
1738723862182 79.5336812327939 427
1738723862216 187.0574288312935 428
1738723862250 174.31483438219686 429
1738723862284 210.75791279216207 430
1738723862318 197.78901636876202 431
1738723862353 151.15737187987867 432
1738723862387 408.01371930212747 433
1738723862421 119.667744419117 434
1738723862455 122.64115214772809 435
1738723862489 66.34679088843863 436
1738723862522 236.0064687433991 437
1738723862556 205.02318587783003 438
1738723862590 216.65043591356465 439
1738723862623 91.67610996819889 440
1738723862657 184.57677105188174 441
1738723862690 105.57897843087665 442
1738723862724 116.88344709605974 443
1738723862758 201.81551744134228 444
1738723862791 187.43276844238062 445
1738723862825 189.8978474244861 446
1738723862858 153.4525596860497 447
1738723862892 206.55639054352352 448
1738723862925 184.45161479697674 449
1738723862958 152.50340633078844 450
1738723862992 172.33650328149244 451
1738723863025 145.2474503680255 452
1738723863058 131.6232776370367 453
1738723863091 111.42323880240146 454
1738723863125 172.74247145150773 455
1738723863158 133.69874118962542 456
1738723863191 171.89039488894733 457
1738723863254 164.96849858595104 458
1738723863307 174.02163472408634 459
1738723863341 177.82708093853276 460
1738723863375 189.88869106262908 461
1738723863408 226.5683226445205 462
1738723863442 207.9125888939323 463
1738723863476 187.84032948078476 464
1738723863509 192.5909046894957 465
1738723863543 240.99556134908013 466
1738723863576 113.39035184977182 467
1738723863610 123.00587652143847 468
1738723863643 54.41719111236518 469
1738723863676 113.65666997934764 470
1738723863709 148.16883971857106 471
1738723863743 209.02566501534463 472
1738723863776 423.91232316610956 473
1738723863809 111.28898331087825 474
1738723863845 218.5603469886218 475
1738723863879 146.06054340488333 476
1738723863921 109.17863929457582 477
1738723863996 122.86580164035978 478
1738723864030 138.0388330744289 479
1738723864064 178.64361283650783 480
1738723864098 208.64349895976702 481
1738723864131 207.9282366272563 482
1738723864164 253.83722492031703 483
1738723864198 163.49454970023586 484
1738723864231 282.45292478138936 485
1738723864264 200.69666506754677 486
1738723864298 85.26131940018644 487
1738723864331 153.04786502203342 488
1738723864365 142.74572136639168 489
1738723864398 99.37206374621131 490
1738723864432 303.4356276976662 491
1738723864465 234.26532797593808 492
1738723864498 163.49818087166395 493
1738723864531 221.44813337786516 494
1738723864565 181.98157182885618 495
1738723864598 282.3031678127271 496
1738723864631 288.8419795545779 497
1738723864666 145.7987539269517 498
1738723864701 161.55140017889414 499
