1738722563995 168.97885293326547 0
1738722564002 168.97375046680304 1
1738722564008 168.96879767578483 2
1738722564028 168.9639896574788 3
1738722564032 168.9593216781391 4
1738722564036 168.95478916701492 5
1738722564041 168.95038771057636 6
1738722564045 168.9461130469492 7
1738722564047 168.94196106055085 8
1738722564048 168.93792777692062 9
1738722564050 168.9340093577361 10
1738722564052 168.93020209600985 11
1738722564053 168.92650241145884 12
1738722564055 168.92290684604112 13
1738722564057 168.91941205965279 14
1738722564059 168.91601482598003 15
1738722564061 168.91271202849984 16
1738722564062 168.9095006566249 17
1738722564064 168.9063778019864 18
1738722564065 168.9033406548501 19
1738722564067 168.9003865006611 20
1738722564068 168.89751271671219 21
1738722564070 168.89471676893123 22
1738722564072 168.89199620878367 23
1738722564073 168.8893486702853 24
1738722564075 168.8867718671222 25
1738722564076 168.88426358987292 26
1738722564078 168.88182170332976 27
1738722564079 168.87944414391575 28
1738722564081 168.87712891719332 29
1738722564082 168.87487409546156 30
1738722564084 168.8726778154389 31
1738722564086 168.87053827602813 32
1738722564087 168.86845373616094 33
1738722564089 168.8664225127183 34
1738722564090 168.8644429785253 35
1738722564092 168.8625135604164 36
1738722564093 168.86063273736946 37
1738722564094 168.85879903870574 38
1738722564096 168.85701104235338 39
1738722564097 168.85526737317227 40
1738722564099 168.85356670133802 41
1738722564101 168.85190774078313 42
1738722564103 168.85028924769276 43
1738722564104 168.84871001905367 44
1738722564106 168.84716889125423 45
1738722564107 168.84566473873357 46
1738722564109 168.84419647267836 47
1738722564110 168.84276303976534 48
1738722564112 168.84136342094772 49
1738722564113 168.8399966302845 50
1738722564115 168.8386617138107 51
1738722564116 168.837357748447 52
1738722564118 168.8360838409479 53
1738722564120 168.8348391268863 54
1738722564121 168.8336227696738 55
1738722564123 168.83243395961517 56
1738722564126 168.8312719129958 57
1738722564129 168.83013587120098 58
1738722564130 168.8290250998661 59
1738722564132 168.82793888805608 60
1738722564134 168.8268765474735 61
1738722564135 168.82583741169455 62
1738722564137 168.82482083543124 63
1738722564139 168.8238261938193 64
1738722564140 168.82285288173088 65
1738722564142 168.82190031311106 66
1738722564143 168.82096792033738 67
1738722564145 168.82005515360137 68
1738722564146 168.81916148031203 69
1738722564147 168.81828638451924 70
1738722564149 168.81742936635763 71
1738722564150 168.8165899415094 72
1738722564152 168.8157676406858 73
1738722564154 168.81496200912665 74
1738722564155 168.81417260611656 75
1738722564157 168.8133990045186 76
1738722564158 168.81264079032334 77
1738722564159 168.81189756221386 78
1738722564161 168.81116893114537 79
1738722564162 168.81045451993967 80
1738722564164 168.80975396289304 81
1738722564165 168.80906690539805 82
1738722564167 168.808393003578 83
