1738724001903 181.89895045082437 0
1738724001940 160.00828360765462 1
1738724001977 164.9530570738985 2
1738724002014 161.6208160024747 3
1738724002052 169.4023455846045 4
1738724002116 179.83150228750702 5
1738724002157 163.3906375304187 6
1738724002195 168.0951994500671 7
1738724002232 179.86135558959802 8
1738724002269 148.53153667641126 9
1738724002311 166.12470828117938 10
1738724002350 178.03373959403194 11
1738724002387 177.5259777544206 12
1738724002424 159.68564614948116 13
1738724002461 169.53575442079762 14
1738724002498 162.9699556830241 15
1738724002535 169.86187032901293 16
1738724002572 140.4214016090529 17
1738724002608 165.81520875283297 18
1738724002645 165.10623879807008 19
1738724002683 171.5477793200403 20
1738724002723 181.6102018552208 21
1738724002761 162.54402528142634 22
1738724002799 169.45104275533976 23
1738724002836 169.7580392629926 24
1738724002873 173.14573448245454 25
1738724002910 166.86195229245487 26
1738724002947 157.982883165528 27
1738724002984 174.75589011992977 28
1738724003021 174.79412000749613 29
1738724003057 174.70010924772004 30
1738724003094 171.58841772737927 31
1738724003131 165.32064619451177 32
1738724003168 164.94470064002235 33
1738724003204 170.57055701930446 34
1738724003241 140.48870777740447 35
1738724003278 166.30457884262103 36
1738724003314 146.58220928364162 37
1738724003351 173.64941845617903 38
