1738724450038 167.9270183992003 0
1738724450074 170.92617325478548 1
1738724450109 175.89940415623246 2
1738724450144 166.81982392824796 3
1738724450180 179.389804736644 4
1738724450216 164.4680029141423 5
1738724450252 166.6820812092213 6
1738724450289 176.89587381656915 7
1738724450326 168.16571385419206 8
1738724450363 163.1464545955101 9
1738724450401 176.73658069117985 10
1738724450438 160.25633092942155 11
1738724450473 159.7217504603084 12
1738724450510 171.0020764048821 13
1738724450546 166.42735908607315 14
1738724450583 158.83873716376218 15
1738724450619 161.89374648785056 16
1738724450655 172.47142445097322 17
1738724450691 155.44843544825207 18
1738724450727 170.17200330974632 19
1738724450763 168.12880709803665 20
1738724450799 172.14202314645308 21
1738724450834 184.86057115310732 22
1738724450870 160.91414291546593 23
1738724450905 159.78411513630576 24
1738724450941 170.76057703673166 25
1738724450976 158.13836353535746 26
1738724451012 173.84782173705497 27
