1738724238275 188.54695871978262 0
1738724238311 164.0475560891497 1
1738724238348 150.62943063535647 2
1738724238384 99.4151394507225 3
1738724238421 158.64637292017153 4
1738724238458 147.98789877560273 5
1738724238496 149.73460968179498 6
1738724238532 161.6939613551986 7
1738724238569 183.75179659682593 8
1738724238606 161.72176634798927 9
1738724238643 168.63881641943533 10
1738724238680 165.03568156830212 11
1738724238717 170.89484109103864 12
1738724238754 178.5104610155592 13
1738724238791 143.85545697354488 14
1738724238828 189.9759870995195 15
1738724238865 187.13675092134625 16
1738724238901 156.1099760078475 17
1738724238938 176.60222834227235 18
1738724238973 193.8639360047121 19
1738724239009 188.49921044053815 20
1738724239045 156.737658898953 21
1738724239080 164.18476787392225 22
1738724239116 126.51245852784906 23
1738724239152 184.08641922441242 24
1738724239187 160.18318488281898 25
1738724239223 159.71636936718653 26
1738724239258 189.10996281975403 27
1738724239293 127.99628189344142 28
1738724239329 158.96496185391257 29
1738724239365 167.65269486026037 30
1738724239401 150.5604682981603 31
1738724239437 180.84651147363002 32
1738724239473 169.60176597414002 33
1738724239511 193.6433368854205 34
1738724239547 178.6259171451975 35
1738724239583 168.78095664519066 36
1738724239619 186.46733959420038 37
1738724239655 135.171206765854 38
1738724239691 164.75655824945105 39
1738724239727 162.91613723964448 40
1738724239763 142.30970166824503 41
1738724239798 160.1988721855994 42
1738724239833 125.65713063183874 43
1738724239869 170.52766264336225 44
1738724239904 194.24049835846012 45
1738724239940 153.35001621709893 46
1738724239975 163.78413500685764 47
1738724240010 166.84523265926214 48
1738724240045 156.262609028344 49
1738724240080 163.1411919951908 50
1738724240115 148.360182358459 51
1738724240150 144.82258682764348 52
1738724240185 198.12937917824843 53
1738724240221 179.41534031134117 54
1738724240257 162.5788420094567 55
1738724240294 151.9360754915059 56
1738724240333 148.6981399767894 57
1738724240370 144.47250427000844 58
1738724240407 177.06141981155008 59
1738724240445 179.95386427808796 60
1738724240482 180.31529774825813 61
1738724240519 161.42831566820269 62
1738724240557 184.96064983097403 63
1738724240594 178.8841110801843 64
1738724240632 176.17072643310996 65
1738724240668 164.50264053169732 66
1738724240706 184.1203155510352 67
1738724240743 172.0572358265862 68
1738724240781 171.43481381275961 69
1738724240818 125.24256772862623 70
1738724240855 168.77981952518908 71
1738724240893 150.83313382725402 72
1738724240931 160.0025127251363 73
1738724240968 183.1813199180551 74
1738724241005 211.33331627495036 75
1738724241044 183.41406570846607 76
1738724241081 158.5087696563208 77
1738724241119 191.98833916721296 78
1738724241205 174.70574689115927 79
1738724241252 151.33579813893704 80
1738724241290 164.9011306286495 81
1738724241327 190.91129836316563 82
1738724241365 172.16774697121363 83
1738724241405 164.09070370434088 84
1738724241445 159.29649414925592 85
1738724241485 189.5510825179359 86
1738724241526 151.12092104404474 87
1738724241563 163.68344052695434 88
1738724241600 154.46188332062397 89
1738724241637 185.34212034972495 90
1738724241673 152.0342925150969 91
1738724241710 162.41900179169474 92
1738724241746 155.02459225129985 93
1738724241783 168.73885521433897 94
1738724241819 156.482358445883 95
1738724241856 177.3232335197467 96
1738724241893 170.92475446559038 97
1738724241930 175.59087279360367 98
1738724241966 177.1083005736986 99
1738724242004 168.1800712932264 100
1738724242042 146.37513656986795 101
1738724242079 179.67763533327008 102
1738724242117 159.26747955901908 103
1738724242154 137.92375960392147 104
1738724242191 149.20801518375114 105
1738724242228 169.82884226450327 106
1738724242265 189.78986156724199 107
1738724242303 187.52436497096335 108
1738724242358 147.88715506037147 109
1738724242401 146.29304314547272 110
1738724242437 159.3972170369862 111
1738724242474 157.1266375862676 112
1738724242511 151.59889782683697 113
1738724242548 149.16978374938085 114
1738724242584 149.18151373760597 115
1738724242620 162.76484561058388 116
1738724242656 179.33442600745693 117
1738724242693 180.84499102799194 118
1738724242730 178.61633365310732 119
1738724242766 153.2760500369109 120
1738724242803 163.6656135786666 121
1738724242839 157.5519905032057 122
1738724242875 179.97975463924112 123
1738724242911 175.4909746900984 124
1738724242946 199.0001646449167 125
1738724242982 198.78921113952325 126
1738724243018 164.49702333917978 127
1738724243053 174.9119917903193 128
1738724243089 167.5995748105654 129
1738724243124 154.41371478407177 130
1738724243160 190.73954653899375 131
1738724243195 140.53116741555496 132
1738724243230 179.06126896118943 133
1738724243265 186.80616494402125 134
1738724243301 184.54793178716662 135
1738724243336 163.12998733941365 136
1738724243371 220.12497225555995 137
1738724243407 165.54531916265088 138
1738724243442 182.71409809992434 139
1738724243478 151.8205678904755 140
1738724243515 180.18613616970188 141
1738724243552 217.08913401591602 142
1738724243588 150.41386700326288 143
1738724243624 178.8228657735617 144
1738724243661 180.90736104561773 145
1738724243701 177.3637333736044 146
1738724243738 191.20654386085744 147
1738724243776 186.1415545877234 148
1738724243813 173.7291768713465 149
1738724243851 189.86962060335918 150
1738724243888 153.63297518324012 151
1738724243925 155.9687759445226 152
1738724243963 164.18585919742705 153
1738724244000 170.8771119604742 154
1738724244037 163.487522767146 155
1738724244074 167.82443853137195 156
1738724244111 145.41637343194756 157
1738724244149 181.36566567785403 158
1738724244186 178.8714077044419 159
1738724244223 169.09678264275928 160
1738724244259 169.54274754205824 161
1738724244294 185.26595776213287 162
1738724244330 142.15264120281452 163
1738724244365 173.7968337463803 164
1738724244401 165.50990934340868 165
1738724244438 165.99849343045295 166
1738724244474 189.3789772963997 167
1738724244510 208.3291420002561 168
1738724244546 167.57611431269535 169
1738724244584 169.3606902402531 170
1738724244622 202.25607460202704 171
1738724244660 197.40374846530835 172
1738724244697 177.10775641912855 173
1738724244735 195.33380365642114 174
1738724244772 180.68911750984518 175
1738724244811 160.33578307806712 176
1738724244848 145.10929784751966 177
1738724244886 163.20530866830052 178
1738724244924 187.37407284966528 179
1738724244961 166.59366660937226 180
1738724244999 168.63816744304387 181
1738724245037 169.2413420812219 182
1738724245073 141.38547663828177 183
1738724245110 173.25691900260742 184
1738724245145 210.59948745909165 185
1738724245181 161.47323639153313 186
1738724245218 178.16435481260658 187
1738724245253 190.3257264340197 188
1738724245289 157.67218012486637 189
1738724245324 151.48349596668015 190
1738724245360 178.04554651142288 191
1738724245396 135.26046155342127 192
1738724245432 185.78625641200225 193
1738724245468 172.28363589434997 194
1738724245504 195.04938804901758 195
1738724245540 168.6501774113013 196
1738724245576 170.1922967609218 197
1738724245612 181.74458140930471 198
1738724245647 163.30408436864963 199
1738724245683 187.37978068030662 200
1738724245719 172.0282773584006 201
1738724245755 186.61638808142715 202
1738724245790 144.9966008326527 203
1738724245825 174.26938758321683 204
1738724245861 138.80472948146001 205
1738724245896 130.1888316442403 206
1738724245932 164.2146357068493 207
1738724245967 146.5262266246668 208
1738724246002 178.23382137940916 209
1738724246038 154.01069742531723 210
1738724246073 167.9642227526992 211
1738724246108 176.8621561437695 212
1738724246143 178.53002191198098 213
1738724246178 175.26297721802132 214
1738724246213 173.53629189508905 215
1738724246249 176.84875729298398 216
1738724246284 173.38966017426088 217
1738724246320 201.56526723367244 218
1738724246356 172.43454342347388 219
1738724246392 187.44269736738192 220
1738724246427 188.72899861189745 221
1738724246464 154.1481866992844 222
1738724246500 148.68367045729497 223
1738724246537 170.25973555656995 224
1738724246572 182.3852961252963 225
1738724246608 169.07014935522776 226
1738724246644 185.34629943723422 227
1738724246680 149.7475428933484 228
1738724246716 143.59015586105264 229
1738724246752 171.79947385525165 230
1738724246788 162.93712526529262 231
1738724246824 166.6987659184735 232
1738724246860 172.29710640398622 233
1738724246896 150.46288899966996 234
1738724246932 171.15581814704976 235
1738724246968 163.06889115830668 236
1738724247004 165.13685374874203 237
1738724247040 207.24851083823802 238
1738724247076 210.38374818949328 239
1738724247112 180.0517379222646 240
1738724247147 172.18316040831712 241
1738724247182 194.0747786535563 242
1738724247218 175.01712983969068 243
1738724247253 178.54270553269 244
1738724247288 170.55131537401792 245
1738724247324 176.07177474642992 246
1738724247359 162.52357967695005 247
1738724247394 145.98107503362604 248
1738724247429 196.13570502699164 249
1738724247464 171.11890605020457 250
1738724247499 163.3205053750092 251
1738724247534 170.8319664420278 252
1738724247569 178.43046950362165 253
1738724247604 149.44909842295095 254
1738724247639 146.75400661740332 255
1738724247674 138.66539224823214 256
1738724247711 182.79825006666456 257
1738724247747 211.3999806714487 258
1738724247783 158.330378197099 259
1738724247819 160.44792858482182 260
1738724247855 183.21807309508876 261
1738724247891 167.0539329323403 262
1738724247927 137.6258201884291 263
1738724247963 160.0814514220862 264
1738724247999 145.61442819364578 265
1738724248035 154.72469496492354 266
1738724248071 172.96686265701135 267
1738724248106 159.64514885470356 268
1738724248142 169.8212557914924 269
1738724248178 151.9574241030059 270
1738724248213 175.46472470003098 271
1738724248248 155.24417609496757 272
1738724248284 175.5475927791692 273
1738724248319 170.97268515494795 274
1738724248355 151.66283550877804 275
1738724248390 153.95944357223925 276
1738724248426 153.1373411149441 277
1738724248461 169.28030076633422 278
1738724248496 191.87674759798733 279
1738724248533 163.32366004984664 280
1738724248569 183.4809845214563 281
1738724248605 181.1197946912031 282
1738724248641 210.42037886781463 283
1738724248677 178.42537214118914 284
1738724248713 156.15520160284734 285
1738724248749 181.27386810506354 286
1738724248785 180.414250901408 287
1738724248820 184.37857029811533 288
1738724248856 158.70345504173773 289
1738724248892 163.56871646414942 290
1738724248927 182.01068596192877 291
1738724248963 176.3791468738504 292
1738724248998 186.75460763677802 293
1738724249034 199.1190920440135 294
1738724249070 182.18189537997478 295
1738724249106 178.23977789899706 296
1738724249141 199.6790681275847 297
1738724249177 190.7691103503642 298
1738724249212 203.17268352165627 299
1738724249247 129.4540204187183 300
1738724249283 172.136237349307 301
1738724249318 168.62346205250836 302
1738724249365 171.81620361650081 303
1738724249440 167.96698581887048 304
1738724249476 161.7243831593084 305
1738724249512 178.68856180012642 306
1738724249549 171.29259505419145 307
1738724249585 148.60297240836047 308
1738724249621 184.98879645002995 309
1738724249657 136.8694017372638 310
1738724249692 162.20852293331754 311
1738724249727 191.80600333146577 312
1738724249763 174.32373044087743 313
1738724249798 202.14535851102252 314
1738724249834 164.1054216657074 315
1738724249870 162.07335322970533 316
1738724249906 138.09537426125803 317
1738724249942 164.58301770438388 318
1738724249978 155.82981356759947 319
1738724250014 168.0700874332908 320
1738724250059 125.80686187142823 321
1738724250130 162.62136098549828 322
1738724250166 205.06662217786013 323
1738724250202 164.14285559178214 324
1738724250238 160.84284433710263 325
1738724250274 169.85483844932406 326
1738724250310 139.25914995153232 327
1738724250346 155.64080326068645 328
1738724250382 167.88539163162758 329
1738724250417 176.8253708097661 330
1738724250453 105.83179801516806 331
1738724250489 167.17021223356656 332
1738724250524 182.63215959116505 333
1738724250560 178.51897733352789 334
1738724250598 181.64209313843713 335
1738724250633 150.34295336039025 336
1738724250669 157.43352556547597 337
1738724250705 170.00527240351394 338
1738724250740 158.5013347397357 339
1738724250776 168.72344201203305 340
1738724250811 174.52243670798046 341
1738724250846 187.10667106115812 342
1738724250882 191.36209356459062 343
1738724250917 136.06785245214857 344
1738724250952 147.890298404607 345
1738724250988 190.12342011519908 346
1738724251023 162.73364245140772 347
1738724251058 165.70917480814919 348
1738724251094 173.65425372074154 349
1738724251129 171.78751499924064 350
1738724251165 157.0162665767508 351
1738724251200 172.60022596094615 352
1738724251235 173.8901172171843 353
1738724251271 193.46972229900172 354
1738724251306 138.47720782570528 355
1738724251341 176.96427960759428 356
1738724251377 217.18239553260406 357
1738724251412 146.76626645461076 358
1738724251447 171.656636623692 359
1738724251482 180.37951722886763 360
1738724251518 172.77470146252884 361
1738724251553 160.3825164739536 362
1738724251588 159.87729647676707 363
1738724251623 187.8769335383481 364
1738724251658 182.472220324845 365
1738724251693 168.5492927215785 366
1738724251729 164.21807118093244 367
1738724251765 175.34901000423898 368
1738724251801 164.99253497119457 369
1738724251837 182.3987814100304 370
1738724251872 212.59285528880542 371
1738724251907 150.82781660913128 372
1738724251942 167.19255888526303 373
1738724251978 154.3945254507632 374
1738724252013 143.6032492724332 375
1738724252048 167.7923948276341 376
1738724252083 155.4318892214691 377
1738724252119 190.77439980607934 378
1738724252154 175.49818932669052 379
1738724252189 186.48384433336565 380
1738724252225 164.27683774168784 381
1738724252261 176.54170529797415 382
1738724252298 163.30943544584105 383
1738724252334 157.88649895811074 384
1738724252370 149.77006109332083 385
1738724252406 179.6724093766986 386
1738724252441 184.29959769425983 387
1738724252477 192.0300482407207 388
1738724252514 155.45163291538404 389
1738724252549 175.76569308954188 390
1738724252585 175.57719052179038 391
1738724252622 165.1979510876228 392
1738724252658 192.03059212748636 393
1738724252694 162.16614372675923 394
1738724252729 163.73693426468077 395
1738724252765 162.81609571820198 396
1738724252800 170.18058686423916 397
1738724252836 164.14111166170636 398
1738724252872 167.90015947333796 399
1738724252907 169.15757965666006 400
1738724252943 198.6975538917678 401
1738724252978 210.55993710255223 402
1738724253014 177.75167835539807 403
1738724253049 171.3722502787943 404
1738724253085 181.28503760462127 405
1738724253120 161.38772905265805 406
1738724253156 138.96653754473917 407
1738724253191 152.92897135482886 408
1738724253227 139.16833020288018 409
1738724253262 169.66821981951503 410
1738724253297 195.57999135736708 411
1738724253332 174.94919891233906 412
1738724253367 184.1149381828453 413
1738724253403 183.82144172602403 414
1738724253438 179.5063620999645 415
1738724253473 183.51250276928104 416
1738724253508 196.31741189479405 417
1738724253543 142.33397992868674 418
1738724253578 167.36322080269824 419
1738724253613 162.4091893886937 420
1738724253649 159.58153238355487 421
1738724253685 173.2614754148539 422
1738724253721 179.11773640403217 423
1738724253756 184.67906578023207 424
1738724253792 165.99075554399272 425
1738724253827 188.83649843228645 426
1738724253863 165.63997933533972 427
1738724253898 182.58878857054327 428
1738724253934 186.98219356187565 429
1738724253969 181.53214022402005 430
1738724254004 163.51400961356742 431
1738724254040 139.77974025708866 432
1738724254076 150.09933968237684 433
1738724254112 156.04064654044876 434
1738724254148 177.37775871108957 435
1738724254183 151.87436270781313 436
1738724254219 169.52373809907917 437
1738724254255 157.917024518569 438
1738724254290 161.8668932465983 439
1738724254325 159.39911219574068 440
1738724254361 150.7821943823677 441
1738724254396 184.66231822776672 442
1738724254431 166.45016386784414 443
1738724254466 137.94295240116003 444
1738724254502 176.00891147325459 445
1738724254537 186.19369755607153 446
1738724254572 174.56437915012145 447
1738724254607 168.4403213121863 448
1738724254642 182.2259063061376 449
1738724254678 160.20376423104202 450
1738724254713 172.70873216916786 451
1738724254748 174.57238091902795 452
1738724254783 171.16608062930564 453
1738724254818 150.45747005352857 454
1738724254853 165.68350602952785 455
1738724254888 164.86270504468644 456
1738724254923 184.44002279004982 457
1738724254958 172.91066089141958 458
1738724254993 115.94103124170307 459
1738724255028 186.06025255800085 460
1738724255063 161.34150079470348 461
1738724255098 167.37235251168624 462
1738724255133 167.3872107810879 463
1738724255169 203.134957018465 464
1738724255205 159.62553684670135 465
1738724255240 179.33167966902337 466
1738724255275 142.04746935895284 467
1738724255311 170.1225425762868 468
1738724255346 148.7297644811453 469
1738724255381 155.56291797887766 470
1738724255416 167.0182489022157 471
1738724255452 147.31465476851278 472
1738724255487 161.2000003553217 473
1738724255522 164.03200252323774 474
1738724255557 154.87524492358293 475
1738724255592 170.81565190576345 476
1738724255627 182.73420691817623 477
1738724255662 176.5844972170361 478
1738724255697 164.16166503611475 479
1738724255733 171.97104729349664 480
1738724255769 174.821787651047 481
1738724255804 162.7771475850055 482
1738724255840 187.5762013244444 483
1738724255875 132.30436603695546 484
1738724255911 188.5936812937137 485
1738724255947 133.15345091355985 486
1738724255983 167.01664645657857 487
1738724256019 161.12829719885713 488
1738724256054 172.98794035756205 489
1738724256090 171.32576877681257 490
1738724256126 167.55600904066083 491
1738724256161 167.79210676934582 492
1738724256197 184.89634217375703 493
1738724256232 173.02863207544831 494
1738724256268 186.24993640916816 495
1738724256304 178.57816841096962 496
1738724256340 165.5776977887122 497
1738724256377 140.04624238434417 498
1738724256413 158.42770050626754 499
