1738724556445 169.22014624274397 0
1738724556448 168.97614981213275 1
1738724556452 169.5393605787521 2
1738724556455 169.96887917799518 3
1738724556458 168.44722636071248 4
1738724556461 165.17623949746277 5
1738724556464 169.8555156774706 6
1738724556467 168.42914173765232 7
1738724556470 168.61323211616306 8
1738724556473 167.64582422055872 9
1738724556477 168.35940198798139 10
1738724556480 166.9375653734892 11
1738724556483 168.37686326175327 12
1738724556486 170.2146940651982 13
1738724556489 166.97961364984195 14
1738724556492 166.44681016139802 15
1738724556495 170.59116999365432 16
1738724556498 170.23174083179242 17
1738724556501 168.25054396955633 18
1738724556505 169.30423920135217 19
1738724556508 167.8080897727627 20
1738724556511 167.82126109703862 21
1738724556515 169.69156660958882 22
1738724556518 171.8038603884429 23
1738724556522 166.52690359181886 24
1738724556525 167.27410651995928 25
1738724556528 167.7370409697451 26
1738724556531 168.87000990033712 27
1738724556534 167.39628305104495 28
1738724556537 166.55981117652775 29
1738724556540 169.18623330609284 30
1738724556543 166.78642507520118 31
1738724556546 167.9496559944003 32
1738724556550 168.5893066512466 33
1738724556553 168.65378046078658 34
1738724556556 169.64310606293753 35
1738724556559 168.27096980108763 36
1738724556562 168.42973890016304 37
1738724556565 169.2909412320511 38
1738724556568 168.76368008313352 39
1738724556571 167.5123213107199 40
1738724556574 169.38152009253872 41
