1738726715125 168.93701237938484 0
1738726715130 168.80584227982334 1
1738726715134 167.98496486084738 2
1738726715139 168.4948986924391 3
1738726715143 168.89165911129584 4
1738726715148 168.76092082669987 5
1738726715152 169.29155196182515 6
1738726715157 169.05628449764396 7
1738726715161 170.2882665853108 8
1738726715165 171.09227756104883 9
1738726715169 168.80436186281094 10
1738726715174 169.6349161571875 11
1738726715178 170.24416658246287 12
1738726715183 167.99103850653384 13
1738726715187 168.1679531101021 14
1738726715191 169.26160176730954 15
1738726715195 168.87004002630914 16
1738726715199 168.9433491103948 17
1738726715203 170.3147298609648 18
1738726715208 168.4680546252036 19
1738726715211 168.5878768771068 20
1738726715216 167.4332958169714 21
1738726715220 166.29927530966683 22
1738726715224 167.22164432429562 23
1738726715228 168.12668902620769 24
1738726715232 168.87234376958318 25
1738726715237 167.1866149914157 26
1738726715242 170.73631514095698 27
1738726715246 170.13478939968107 28
1738726715250 168.9869664393106 29
1738726715254 167.15290931587302 30
1738726715259 171.09628081244875 31
1738726715263 168.2583384831193 32
1738726715267 169.38224667192674 33
1738726715271 169.54920734479037 34
1738726715276 169.95694881349613 35
1738726715280 168.49669558481622 36
1738726715284 167.84489691350788 37
1738726715289 168.7997081561984 38
1738726715293 171.56553725701437 39
1738726715297 167.19298712441164 40
1738726715301 168.24056332670534 41
1738726715306 170.19012827769635 42
1738726715311 170.94899618800852 43
1738726715315 170.09169403716572 44
1738726715320 167.32776366305472 45
1738726715324 168.4880680538237 46
1738726715328 169.0286376100792 47
1738726715332 168.2358120566131 48
1738726715336 166.8017944425405 49
1738726715341 167.6553837466033 50
1738726715346 168.95981567452003 51
1738726715351 167.91557294708838 52
1738726715355 168.42591350117993 53
1738726715359 170.24032587700006 54
1738726715363 169.12578248270142 55
1738726715368 169.92474271907204 56
1738726715372 167.05018949787356 57
1738726715376 168.9224896253937 58
1738726715380 166.30248826260421 59
1738726715384 168.78094826660725 60
1738726715388 168.80922051444207 61
1738726715392 168.66256877293773 62
1738726715396 170.6187662851114 63
1738726715400 168.35074732273037 64
1738726715406 169.14486070041895 65
1738726715410 167.70091626985794 66
1738726715414 168.7444485286897 67
1738726715418 169.10537388246607 68
1738726715422 170.69854299579117 69
1738726715426 169.5599618738889 70
1738726715430 167.7720077133724 71
1738726715434 168.71439855911834 72
1738726715438 170.24449584431136 73
1738726715442 170.3370823320051 74
1738726715446 167.75106553683037 75
1738726715450 169.11088671854833 76
1738726715454 167.32186766159035 77
1738726715457 167.3472900893846 78
1738726715461 169.54550836237186 79
1738726715466 166.50893775962228 80
1738726715470 167.3046030944909 81
1738726715474 167.49407649334034 82
1738726715478 167.58858610927487 83
1738726715482 167.76137513916382 84
1738726715486 168.27448898675786 85
1738726715490 169.98513546682494 86
1738726715494 166.78674579335689 87
1738726715498 168.26532072169695 88
1738726715502 167.7686927313446 89
1738726715506 169.96510192040188 90
1738726715510 168.40802457729865 91
1738726715514 168.86656876090598 92
1738726715518 167.2574646742131 93
1738726715523 171.27346473678077 94
1738726715529 167.16314822187104 95
1738726715533 167.3521558829854 96
1738726715537 169.81993045316668 97
1738726715541 171.55827826694338 98
1738726715545 168.7635584145392 99
1738726715549 167.07097501684896 100
1738726715553 169.40797133348966 101
1738726715557 171.25876680432242 102
1738726715560 168.64498000015743 103
1738726715564 169.39917567797798 104
1738726715568 168.50031930300037 105
1738726715572 170.78905875429572 106
1738726715576 170.73124403806514 107
1738726715580 165.9949752573781 108
1738726715584 171.18311393511365 109
1738726715588 170.1197414073045 110
1738726715592 168.97407125361886 111
1738726715596 168.03577246876182 112
1738726715600 166.57840752468763 113
1738726715604 170.3449307756173 114
1738726715608 169.3414017404892 115
1738726715612 167.80177537199216 116
1738726715616 170.00651594364257 117
1738726715620 167.32138803263365 118
