1738726149442 167.70120731239084 0
1738726149446 168.27600691187365 1
1738726149449 169.0594294251035 2
1738726149453 169.90618408762515 3
1738726149457 170.75604499568868 4
1738726149460 167.68576116601676 5
1738726149464 169.2621143219024 6
1738726149467 169.2248028560694 7
1738726149471 168.83790890177914 8
1738726149474 170.3121065651624 9
1738726149478 169.0081911107619 10
1738726149482 168.9987597791533 11
1738726149485 170.63771179367131 12
1738726149489 169.56188893004202 13
1738726149492 168.8011103664529 14
1738726149496 168.9282655769441 15
1738726149500 168.0103815647061 16
1738726149504 169.9124656390876 17
1738726149507 167.82071923284732 18
1738726149511 168.31830478909012 19
1738726149515 170.18928375364573 20
1738726149519 170.03032461224373 21
1738726149523 168.06664638256427 22
1738726149527 164.42254334878342 23
1738726149531 168.007595789283 24
1738726149534 167.99223417700057 25
1738726149538 169.02820165657357 26
1738726149541 172.0972940340797 27
1738726149545 167.2016758328385 28
1738726149548 169.5484292603366 29
1738726149552 167.58452288328547 30
1738726149555 165.47631649924134 31
1738726149559 167.62733995884662 32
1738726149562 168.22754204227638 33
1738726149566 169.30232903297474 34
1738726149570 169.88852622816492 35
1738726149573 168.30381233929668 36
1738726149577 168.7114093372047 37
