1738724001678 169.19700208188698 0
1738724001680 169.3141219154131 1
1738724001683 169.2756810627738 2
1738724001685 168.5673955375105 3
1738724001688 171.19328282499322 4
1738724001691 167.70311669752923 5
1738724001693 170.23704967553556 6
1738724001696 167.2733168565419 7
1738724001698 167.510584047516 8
1738724001701 168.47380820886258 9
1738724001703 167.61082058077562 10
1738724001706 167.8693324759869 11
1738724001709 171.00581916834457 12
1738724001711 166.5434376247851 13
1738724001714 170.17131583637638 14
1738724001716 168.35145256645015 15
