1738722977963 176.12812469321332 0
1738722977996 167.24758201890933 1
1738722978028 180.62961663477478 2
1738722978060 160.85995412386512 3
1738722978093 176.13179716146263 4
1738722978126 173.97248539115267 5
1738722978159 175.53673171764657 6
1738722978191 174.28907821030862 7
1738722978223 145.81891739362547 8
1738722978256 169.7826871031453 9
1738722978288 179.5773778436428 10
1738722978320 161.78991368824404 11
1738722978353 173.63567791143936 12
1738722978385 177.73205628613022 13
1738722978417 160.07449340082462 14
1738722978449 167.80335815174803 15
1738722978481 168.5583988384993 16
1738722978514 180.93830969305392 17
1738722978547 167.8487791676781 18
1738722978579 183.5939480526497 19
1738722978611 151.74566060218598 20
1738722978643 148.9860636704276 21
1738722978676 172.507955988567 22
1738722978708 173.04951393859736 23
1738722978740 173.21560902870397 24
1738722978772 180.89767428739256 25
1738722978804 169.8415573795294 26
1738722978836 184.3517543428287 27
1738722978867 161.5176603031915 28
1738722978899 169.2634740836526 29
1738722978931 160.1864590411145 30
1738722978963 177.70141542541964 31
1738722979000 177.4290893991946 32
1738722979049 173.30929062384206 33
1738722979081 165.73984875581112 34
1738722979113 165.29914110293075 35
1738722979145 173.84022194543084 36
1738722979177 176.65429461302182 37
1738722979208 139.0798482420119 38
