1738724793198 166.31012393901042 0
1738724793229 173.12080468390278 1
1738724793258 146.06649318474408 2
1738724793288 178.79310483930075 3
1738724793317 253.84439513230683 4
1738724793347 163.97259594972817 5
1738724793377 150.40258497939914 6
1738724793406 153.9801912582074 7
1738724793435 203.24066310987894 8
1738724793464 188.70827749293142 9
1738724793493 156.8053288038681 10
1738724793522 148.7333918892284 11
1738724793551 153.2069577672262 12
1738724793580 190.80131891583565 13
1738724793609 153.1104387243254 14
1738724793638 191.69947387721646 15
1738724793667 162.37196734754366 16
1738724793696 165.82679837384896 17
1738724793724 159.40705101557896 18
1738724793753 136.10582845594246 19
1738724793782 156.9129517616735 20
1738724793811 175.86976935826306 21
1738724793840 126.0846250695002 22
1738724793869 175.04282699358887 23
1738724793898 137.8340048909437 24
1738724793926 173.86987060311776 25
1738724793956 146.7423500550803 26
1738724793984 167.14054132855588 27
1738724794013 171.19432569660137 28
1738724794042 165.9426584877848 29
1738724794071 145.57812086223177 30
1738724794100 130.13253766119809 31
1738724794129 214.9234094765957 32
1738724794158 197.97010172046078 33
1738724794187 148.027614123415 34
1738724794216 169.9455994686228 35
1738724794245 213.72907276118147 36
1738724794274 193.02707669134938 37
1738724794304 165.17580914701455 38
1738724794333 189.7689584002517 39
1738724794363 161.24866374522614 40
1738724794392 161.74877791573974 41
1738724794421 169.0984790572312 42
1738724794451 167.99146004519494 43
1738724794480 157.047287454763 44
1738724794510 177.969069009007 45
1738724794539 163.99781304322119 46
1738724794568 158.68529652805557 47
1738724794598 168.0630111700666 48
1738724794627 176.78982071154994 49
1738724794656 184.1382470902856 50
1738724794686 138.4116080462067 51
1738724794715 170.3328089491272 52
1738724794744 176.30083578478892 53
1738724794773 175.49325613329881 54
1738724794802 183.1716786002523 55
1738724794831 157.15095212441415 56
1738724794861 173.56988466657256 57
1738724794890 179.43491469969086 58
1738724794919 195.97034249055056 59
1738724794948 179.83071836489611 60
1738724794977 160.74777504799346 61
1738724795006 199.95329708784448 62
1738724795035 186.49107135848647 63
1738724795064 158.2246047291715 64
1738724795093 151.17011590637276 65
1738724795122 167.24969723613793 66
1738724795151 164.73686680689522 67
1738724795180 153.84369030280007 68
1738724795209 163.56627857197398 69
1738724795238 186.9818267322993 70
1738724795267 166.19526397420645 71
1738724795297 171.4314507885897 72
1738724795326 159.94073111939332 73
1738724795355 162.64859060213453 74
1738724795384 210.88567299713932 75
1738724795413 201.02898059136396 76
1738724795442 166.65591181301235 77
1738724795494 166.14819494133815 78
1738724795523 184.43810341158704 79
1738724795552 178.2982914253818 80
1738724795580 168.51096905434184 81
1738724795609 175.97866525597559 82
1738724795638 212.45485219881314 83
1738724795666 205.47526284231247 84
1738724795695 184.29424320847158 85
1738724795723 166.64505414081793 86
1738724795752 155.0902653142905 87
1738724795780 135.63196086443168 88
1738724795809 164.1708132941321 89
1738724795838 125.12052792601547 90
1738724795866 167.15607149561313 91
1738724795895 147.7338512371699 92
1738724795924 186.31959909643263 93
1738724795952 176.4400982318089 94
1738724795981 168.88355925597224 95
1738724796010 181.43417490517604 96
1738724796038 164.49955647580288 97
1738724796067 143.68149501880904 98
1738724796095 162.993937692773 99
1738724796124 162.38513095158868 100
1738724796153 153.43899082549632 101
1738724796181 175.70181975368652 102
1738724796210 158.90069081606123 103
1738724796239 148.0037241253933 104
1738724796268 164.31774852299517 105
1738724796297 171.75636624032782 106
1738724796326 162.9166179013729 107
1738724796355 168.7415521247151 108
1738724796384 153.8385869595266 109
1738724796413 203.75634706337746 110
1738724796442 175.59671665188716 111
1738724796471 174.99524439034457 112
1738724796500 180.81412533446417 113
1738724796529 165.7100926775322 114
1738724796558 178.84545463165105 115
1738724796587 181.15212634735624 116
1738724796615 168.62937281509312 117
1738724796644 173.9247935496493 118
1738724796673 182.23410440286838 119
1738724796702 189.54021453388518 120
1738724796731 175.26237551642225 121
1738724796760 156.52651528800885 122
1738724796789 167.06130952708926 123
1738724796818 154.53891824584937 124
1738724796846 172.2606180012144 125
1738724796875 153.02793278816165 126
1738724796904 115.58341244198299 127
1738724796932 194.60046632956676 128
1738724796961 185.66729397079803 129
1738724796990 171.44716334549116 130
1738724797018 158.10778215064593 131
1738724797047 140.40429768697157 132
1738724797076 182.467574467365 133
1738724797104 157.66174133003375 134
1738724797133 144.46652162020337 135
1738724797162 155.6251891442785 136
1738724797191 158.82541223573782 137
1738724797219 152.87578528534516 138
1738724797248 180.22472641129642 139
1738724797277 188.3316023167393 140
1738724797305 152.77769167787608 141
1738724797335 175.9263409160433 142
1738724797364 145.3577978785715 143
1738724797393 181.3053922579747 144
1738724797421 152.30318653744652 145
1738724797450 172.37506057593214 146
1738724797478 175.15882243225 147
1738724797507 151.89481109434314 148
1738724797535 213.11919127693284 149
1738724797564 171.3950617737268 150
1738724797592 186.89395075227182 151
1738724797621 144.77073102433056 152
1738724797649 163.42083290962447 153
1738724797678 165.06293218561558 154
1738724797706 156.7233999112668 155
1738724797735 180.88467245925307 156
1738724797763 166.39877255678238 157
1738724797792 175.11948159614332 158
1738724797820 163.47983610645895 159
1738724797848 152.88930133299618 160
1738724797877 152.57404521848315 161
1738724797905 166.37111846198755 162
1738724797934 108.43227039582247 163
1738724797962 170.35495309033138 164
1738724797990 180.85862754269803 165
1738724798019 161.22352889310048 166
1738724798047 139.45118014814815 167
1738724798076 166.84473151435395 168
1738724798104 166.4004486700177 169
1738724798133 148.346795734849 170
1738724798161 151.90091590444683 171
1738724798190 143.36714208878414 172
1738724798218 163.53466941217494 173
1738724798247 180.03347229036154 174
1738724798275 157.02731546496344 175
1738724798304 160.7836277653489 176
1738724798332 167.29696289926386 177
1738724798361 168.24799518605604 178
1738724798389 183.96868920880388 179
1738724798417 175.372957663715 180
1738724798446 163.35935685932463 181
1738724798474 178.29632542982898 182
1738724798503 89.1913064074739 183
1738724798531 174.20052414121557 184
1738724798560 161.00190637209818 185
1738724798589 134.91307334892656 186
1738724798618 160.1224235810884 187
1738724798646 130.07289071496336 188
1738724798675 223.450255915545 189
1738724798703 168.13762858085462 190
1738724798732 180.9559810297728 191
1738724798760 124.17748734234617 192
1738724798789 179.15273304699835 193
1738724798817 185.30274238680914 194
1738724798846 180.80490018834234 195
1738724798874 170.32789158702332 196
1738724798902 177.64194010011752 197
1738724798931 174.60956312602084 198
1738724798959 168.81301992388373 199
1738724798988 157.93772925139515 200
1738724799016 170.73580804008668 201
1738724799045 182.67590801365435 202
1738724799073 164.9566342345996 203
1738724799101 151.99893192143784 204
1738724799130 176.0435514232106 205
1738724799158 173.24109948234565 206
1738724799186 179.8000717938258 207
1738724799215 165.298821667879 208
1738724799243 177.76046334620708 209
1738724799272 153.51079954900155 210
1738724799300 188.3521279795179 211
1738724799329 187.51710873329586 212
1738724799357 154.5736108311795 213
1738724799386 179.1408256684243 214
1738724799415 190.21187057378629 215
1738724799443 178.66378300989535 216
1738724799471 180.61679931032256 217
1738724799500 159.45104689545465 218
1738724799528 175.18746669574568 219
1738724799557 163.42317808559122 220
1738724799585 184.82816149899733 221
1738724799613 173.36161026762463 222
1738724799642 148.2890392031769 223
1738724799670 180.1046090868794 224
1738724799699 168.29503400509537 225
1738724799727 173.67276479999515 226
1738724799756 163.79896837897803 227
1738724799784 163.3878754543214 228
1738724799812 198.3297226236872 229
1738724799841 166.04343384136556 230
1738724799869 164.0741113282843 231
1738724799898 176.85662719121564 232
1738724799926 187.40195985987242 233
1738724799954 167.11032224059923 234
1738724799983 184.2007386224593 235
1738724800011 163.01906128608337 236
1738724800039 187.1847331298358 237
1738724800068 175.86803508223338 238
1738724800096 171.2365874212007 239
1738724800125 171.3188731488489 240
1738724800153 150.73656586117875 241
1738724800181 159.26838824930798 242
1738724800210 182.45854631946875 243
1738724800238 190.09798391020337 244
1738724800267 149.63802474381026 245
1738724800295 185.42983026699656 246
1738724800323 157.71690277417977 247
1738724800352 185.05610386838978 248
1738724800380 152.2794995365592 249
1738724800408 185.19189173301905 250
1738724800437 157.0140738757543 251
1738724800465 132.00376039226725 252
1738724800493 178.2745377985453 253
1738724800522 142.51133342495038 254
1738724800550 259.26978082718307 255
1738724800578 166.49060859767286 256
1738724800606 161.6306847929776 257
1738724800635 169.3056167704773 258
1738724800663 145.78739061257457 259
1738724800691 148.6857455994228 260
1738724800720 144.29873631130977 261
1738724800748 161.29984022797322 262
1738724800776 149.98572020560158 263
1738724800805 174.9162737342919 264
1738724800833 185.81470937982985 265
1738724800861 192.36432866657677 266
1738724800889 188.4733557655366 267
1738724800918 160.501686429427 268
1738724800946 175.34533573497424 269
1738724800975 149.37729938647766 270
1738724801003 195.68335298414456 271
1738724801031 159.01902454374348 272
1738724801060 167.86087669064065 273
1738724801088 153.08817509059247 274
1738724801116 175.79987722143122 275
1738724801145 207.43955642332858 276
1738724801173 182.6942032781528 277
1738724801201 119.56099361615212 278
1738724801230 158.52482222884643 279
1738724801258 172.11847765310077 280
1738724801286 159.69932362457098 281
1738724801315 174.95232516800738 282
1738724801343 180.4576909864859 283
1738724801371 155.54313188707653 284
1738724801399 150.85245651879438 285
1738724801428 151.81833014433616 286
1738724801457 172.49429155377146 287
1738724801487 161.08448325223054 288
1738724801516 166.18088981087385 289
1738724801545 143.08219259553664 290
1738724801573 187.25603227640974 291
1738724801602 160.95849436270336 292
1738724801631 182.0892051976931 293
1738724801660 164.41699206649488 294
1738724801689 166.19994915556606 295
1738724801718 153.34097886835843 296
1738724801747 163.1399378894556 297
1738724801775 194.2263164272985 298
1738724801804 169.49227169423483 299
1738724801833 173.91305031092784 300
1738724801862 156.4932933436567 301
1738724801891 179.12279799667712 302
1738724801920 162.00308192639451 303
1738724801949 149.5461741319948 304
1738724801977 175.05967096103726 305
1738724802006 143.71097425636827 306
1738724802035 167.19048735951182 307
1738724802064 159.76297299344276 308
1738724802093 182.29785974035417 309
1738724802122 139.05844592983783 310
1738724802150 148.17985180934645 311
1738724802179 155.11559088063927 312
1738724802208 207.4478353080299 313
1738724802237 167.16345657680387 314
1738724802266 168.45750403129452 315
1738724802296 182.17194408368997 316
1738724802325 126.89976710819032 317
1738724802354 164.33675746331178 318
1738724802383 147.07260960631407 319
1738724802412 172.42759946601075 320
1738724802441 178.25751905384678 321
1738724802470 243.2446700401641 322
1738724802498 198.16550738968 323
1738724802527 166.38802635653062 324
1738724802556 181.79572521461833 325
1738724802585 141.15318582641993 326
1738724802613 176.8229992708821 327
1738724802642 158.76248909066223 328
1738724802671 174.9452605387362 329
1738724802700 153.00564526690965 330
1738724802728 181.56010517461362 331
1738724802757 155.86949384322799 332
1738724802786 153.26049971613315 333
1738724802815 180.16036140665827 334
1738724802843 175.80577062368246 335
1738724802872 165.29616291526025 336
1738724802901 171.48402612140077 337
1738724802930 171.26707188533348 338
1738724802958 179.76461048916593 339
1738724802987 165.86942408747987 340
1738724803016 181.26498972045204 341
1738724803044 192.71038127432723 342
1738724803073 161.92347620567568 343
1738724803102 194.1786021657163 344
1738724803130 184.33931170589338 345
1738724803159 156.9157496761672 346
1738724803187 236.11613942678935 347
1738724803216 150.0979858853884 348
1738724803245 166.98734272700602 349
1738724803274 160.27944506964388 350
1738724803302 141.32200646022392 351
1738724803331 139.69757095910532 352
1738724803360 132.4971412029436 353
1738724803388 166.1318882772905 354
1738724803417 163.00711750093814 355
1738724803445 174.0174306635495 356
1738724803474 178.51637901071223 357
1738724803503 187.1487979572421 358
1738724803532 162.1633094867525 359
1738724803560 172.91635879373322 360
1738724803589 159.81526433089562 361
1738724803618 175.14820950873195 362
1738724803646 153.18590576360256 363
1738724803675 191.01293358780762 364
1738724803703 185.0541539595142 365
1738724803732 193.79205285043972 366
1738724803760 162.93791557145587 367
1738724803789 183.09299419564636 368
1738724803818 184.03375804590164 369
1738724803846 171.1575485735797 370
1738724803875 156.81698163196464 371
1738724803903 141.8799667131133 372
1738724803932 154.6143016254682 373
1738724803960 176.76217331816525 374
1738724803989 184.13615052625894 375
1738724804017 167.1896146629104 376
1738724804046 167.3461521379292 377
1738724804074 169.48434980297975 378
1738724804102 171.57225924112203 379
1738724804131 174.49909124903056 380
1738724804159 165.61651210150745 381
1738724804188 158.68635934388513 382
1738724804216 167.23206639510198 383
1738724804245 165.1529740351559 384
1738724804273 150.53156029477836 385
1738724804304 172.9316792546119 386
1738724804333 167.2698778763681 387
1738724804365 158.70139247538268 388
1738724804395 174.24533456681934 389
1738724804424 192.55558331278257 390
1738724804453 162.90323716717293 391
1738724804482 154.04889543144353 392
1738724804511 171.3192469700249 393
1738724804540 163.80704006222913 394
1738724804569 184.98817444593183 395
1738724804598 158.88172001750357 396
1738724804627 162.82500893338266 397
1738724804656 140.72509888682418 398
1738724804685 171.1035448765799 399
1738724804714 181.08777863774108 400
1738724804742 164.14374341204856 401
1738724804772 155.4357742699989 402
1738724804800 199.17103094993038 403
1738724804829 184.73484125521549 404
1738724804858 171.83797473105517 405
1738724804887 174.09080235306936 406
1738724804916 191.3626572957545 407
1738724804945 152.56363811512807 408
1738724804974 183.64763219364323 409
1738724805003 168.2435188742215 410
1738724805032 163.3619866208051 411
1738724805060 185.71596807963866 412
1738724805089 171.8501920448622 413
1738724805118 175.24855735776376 414
1738724805146 158.1399658954811 415
1738724805175 171.3844679303521 416
1738724805204 165.80387958887684 417
1738724805232 190.56653034052343 418
1738724805261 190.2728341057585 419
1738724805290 171.40238939926624 420
1738724805318 135.1693809449572 421
1738724805347 157.3206579573012 422
1738724805375 176.12854098835822 423
1738724805404 170.22659986711696 424
1738724805433 174.98474825773428 425
1738724805462 166.6118022880676 426
1738724805490 155.68160782734543 427
1738724805519 158.32665579300047 428
1738724805549 158.92694399541142 429
1738724805579 171.94679155957814 430
1738724805608 170.30425165118314 431
1738724805637 143.66046594059958 432
1738724805666 167.78083511521885 433
1738724805695 188.45374291117537 434
1738724805725 162.03372191342504 435
1738724805754 181.66592865358209 436
1738724805783 160.4871552091384 437
1738724805812 175.42081433271625 438
1738724805841 182.2090131332413 439
1738724805870 139.8072622740986 440
1738724805899 155.61663377587988 441
1738724805928 160.6292434038204 442
1738724805957 161.15085322519127 443
1738724805986 187.8968735387407 444
1738724806015 196.5075479477587 445
1738724806045 156.901023119469 446
1738724806074 174.2919217423954 447
1738724806103 159.57116412043538 448
1738724806131 147.88393569052576 449
1738724806161 177.18751197055624 450
1738724806191 171.57757558527277 451
1738724806220 161.79942011504562 452
1738724806249 190.5827349248995 453
1738724806278 152.01972349385554 454
1738724806307 142.70357930359597 455
1738724806336 164.2118106078189 456
1738724806365 144.95446315500527 457
1738724806394 228.73636041184795 458
1738724806423 177.91678299418598 459
1738724806452 139.1973350075842 460
1738724806480 187.30235007345178 461
1738724806509 167.91212137884315 462
1738724806538 188.61062635387444 463
1738724806567 174.31736491670043 464
1738724806595 176.9336416504014 465
1738724806624 187.288007509035 466
1738724806653 168.22415592250144 467
1738724806681 146.33928993049977 468
1738724806710 109.74161063979632 469
1738724806739 144.16490081332608 470
1738724806767 169.51597349631118 471
1738724806796 152.06887819480815 472
1738724806825 168.09412778333095 473
1738724806854 134.3407386203318 474
1738724806883 168.20708880746852 475
1738724806912 194.98704696146982 476
1738724806940 181.82360077992868 477
1738724806969 174.03696312293258 478
1738724806998 176.04037413285542 479
1738724807027 171.90182356922816 480
1738724807055 158.07705668231839 481
1738724807085 177.08512751093795 482
1738724807114 178.59864641387398 483
1738724807142 161.92461819949392 484
1738724807171 171.02958151961505 485
1738724807199 166.30516500943108 486
1738724807228 175.43578643987414 487
1738724807257 154.88602303319144 488
1738724807286 175.32052018320599 489
1738724807315 156.8699092714422 490
1738724807343 170.30101549974432 491
1738724807372 147.6525856825963 492
1738724807401 170.73541139042266 493
1738724807429 167.4312044829435 494
1738724807458 184.09761006575118 495
1738724807487 183.8068042739279 496
1738724807515 166.37240129785894 497
1738724807544 168.34360371425552 498
1738724807573 188.83460947113667 499
