1738724256462 175.5785366941927 0
1738724256497 188.22886119682954 1
1738724256533 180.22495743514176 2
1738724256568 164.1549358535156 3
1738724256604 151.4699881845407 4
1738724256640 156.74804820249568 5
1738724256676 197.86312961711036 6
1738724256712 178.658244029784 7
1738724256748 277.49619128530276 8
1738724256784 170.52390260522256 9
1738724256819 182.0520140908699 10
1738724256854 206.63675186300162 11
1738724256889 167.47400086759438 12
1738724256925 154.8709152531669 13
1738724256960 179.3017970312667 14
1738724256995 155.600939022474 15
1738724257030 164.11169501150124 16
1738724257065 158.69336614213768 17
1738724257100 166.06734598172852 18
1738724257136 159.8720075389314 19
1738724257171 197.83436943922018 20
1738724257206 171.59862597523323 21
1738724257241 162.31579218871414 22
1738724257276 166.52522879848397 23
1738724257311 175.19612603950682 24
1738724257346 162.14473587371117 25
1738724257381 150.02654988054337 26
1738724257416 158.39336345392218 27
1738724257451 134.82518638661946 28
1738724257486 158.3958592623435 29
1738724257522 168.29860612476025 30
1738724257557 113.55503148339541 31
1738724257592 185.1210412590365 32
1738724257627 179.34517887560122 33
1738724257662 157.78061893899203 34
1738724257699 168.2522702937313 35
1738724257734 163.17413655259773 36
1738724257769 183.53624736736998 37
1738724257805 162.25175039658592 38
1738724257840 164.5361033646038 39
1738724257876 160.0324696781392 40
1738724257911 118.1297210102408 41
1738724257946 166.9337373819312 42
1738724257981 186.87976296996317 43
1738724258016 177.0017068309196 44
1738724258051 170.55779379074602 45
1738724258087 171.9191916947118 46
1738724258121 174.88282199476407 47
1738724258156 160.42335583682336 48
1738724258191 161.49387857311004 49
1738724258226 172.7427842313363 50
1738724258261 178.00931470171446 51
1738724258296 185.32413619252955 52
1738724258331 177.14438445945683 53
1738724258366 160.3867384998383 54
1738724258401 187.66170014550727 55
1738724258436 152.93921855057545 56
1738724258471 182.5305029593913 57
1738724258506 179.68229737851047 58
1738724258541 170.1914385875349 59
1738724258576 161.33835436251044 60
1738724258611 183.8102107969637 61
1738724258666 186.11306064424335 62
1738724258702 195.5666329373271 63
1738724258737 154.36972998514196 64
1738724258773 179.29548112810534 65
1738724258809 178.50319625863617 66
1738724258844 170.44094267100328 67
1738724258879 143.60952712665616 68
1738724258915 185.7811286073219 69
1738724258950 163.7064038157737 70
1738724258986 170.65567429997554 71
1738724259021 170.70388973876217 72
1738724259056 168.02044785725042 73
1738724259092 178.4926659892482 74
1738724259127 146.0059716972197 75
1738724259162 145.50153612704625 76
1738724259197 161.86474194092722 77
1738724259232 163.7935877860306 78
1738724259267 164.77454397894826 79
1738724259302 173.42820283706791 80
1738724259337 163.64434734007605 81
1738724259372 182.95104895246283 82
1738724259407 181.61267161506152 83
1738724259441 215.48344094626606 84
1738724259476 169.99630909579014 85
1738724259511 179.6859240935309 86
1738724259546 155.8584752422558 87
1738724259581 184.82429238553405 88
1738724259616 168.98782847191703 89
1738724259651 164.77552689406772 90
1738724259687 153.243746291972 91
1738724259724 160.0982045526028 92
1738724259761 144.221471785551 93
1738724259799 142.0542493228829 94
1738724259837 175.37877473969286 95
1738724259877 154.94782029112508 96
1738724259916 179.6162418988226 97
1738724259953 156.19734638949345 98
1738724259990 155.41804331867436 99
1738724260028 172.11451510161345 100
1738724260065 195.58269022291935 101
1738724260101 148.76749477608078 102
1738724260138 167.19831374795825 103
1738724260175 150.61589347287034 104
1738724260211 192.30241527376168 105
1738724260248 234.48869725261738 106
1738724260284 169.15463944232337 107
1738724260321 190.36373104993928 108
1738724260357 153.96729378768123 109
1738724260393 214.25703457048684 110
1738724260430 156.4570694774382 111
1738724260467 145.02719914616137 112
1738724260504 155.22985685612485 113
1738724260541 147.48270924824186 114
1738724260577 165.9007099274873 115
1738724260613 146.42294840675558 116
1738724260649 154.65656004918802 117
1738724260686 163.1287015657426 118
1738724260722 170.73744670298942 119
1738724260758 153.6009702543826 120
1738724260794 164.0745846405862 121
1738724260831 175.5808676116286 122
1738724260867 176.62143977082061 123
1738724260903 125.70654879212061 124
1738724260939 170.95893193118414 125
1738724260976 197.06394211801964 126
1738724261013 141.92413336194963 127
1738724261050 173.93496056492393 128
1738724261087 133.08844481847117 129
1738724261123 159.50595508591329 130
1738724261160 179.86960676154112 131
1738724261196 252.0787719658505 132
