1738721998659 170.32306032384395 0
1738721998661 169.78939783602925 1
1738721998662 167.26405679861247 2
1738721998664 169.65645986658095 3
1738721998666 168.8188169436498 4
1738721998667 167.8071588787049 5
1738721998669 167.96585788425585 6
1738721998671 168.91815649050227 7
1738721998672 169.84708796533363 8
1738721998674 169.13533799486126 9
1738721998675 168.31788419753252 10
1738721998677 168.7515614540372 11
1738721998679 168.83826485800483 12
1738721998680 170.53793048819995 13
1738721998682 171.86937449271468 14
1738721998683 168.69098511501065 15
1738721998685 168.302287906868 16
1738721998687 166.51865798679427 17
1738721998688 171.81384778045444 18
1738721998690 164.36483663449613 19
1738721998692 168.84347674131075 20
1738721998694 169.8755094153527 21
1738721998696 168.43329045829344 22
1738721998698 167.78539324793275 23
1738721998699 170.38374895412386 24
1738721998707 172.04078908125072 25
1738721998708 167.59368286920133 26
1738721998718 169.16322083695584 27
1738721998724 168.7271502837888 28
1738721998725 167.5712920370851 29
1738721998727 167.97260763761008 30
1738721998729 167.8808728680427 31
1738721998730 168.63283576653697 32
1738721998732 170.1181424559505 33
1738721998734 169.14641615795577 34
1738721998736 167.10959202002192 35
1738721998737 169.24293820904066 36
1738721998740 166.9447641316647 37
1738721998742 168.3949522089262 38
1738721998743 170.9681973763527 39
1738721998745 169.79091092573518 40
1738721998747 167.03563669858553 41
1738721998750 169.1164665623063 42
1738721998752 167.83477822739601 43
1738721998754 169.8477328353042 44
1738721998755 168.35749026919802 45
1738721998757 168.86351302547018 46
1738721998759 167.7427625802732 47
1738721998761 169.99441942301343 48
1738721998763 170.77711694955403 49
1738721998764 166.778489730434 50
1738721998766 168.2161219153987 51
1738721998768 171.76347794192054 52
1738721998770 170.90315614074157 53
1738721998771 170.99392488992675 54
1738721998773 168.04220416284178 55
1738721998775 168.63100909105313 56
1738721998777 167.42535318224708 57
1738721998779 168.3166529302676 58
1738721998780 170.53358948887217 59
1738721998782 166.9365360664846 60
1738721998784 170.0433847163281 61
1738721998786 168.44503761388458 62
1738721998787 167.0006965072108 63
1738721998789 165.28480887874215 64
1738721998791 168.9862958785393 65
1738721998793 166.09159898537212 66
1738721998794 167.25892671243523 67
1738721998796 167.30031485918337 68
1738721998798 168.76962055581853 69
1738721998800 167.76730566483272 70
1738721998802 168.11937971342832 71
1738721998803 166.07297378050237 72
1738721998805 167.43237087228107 73
1738721998807 170.7963957514786 74
1738721998809 167.43723226451692 75
1738721998811 169.66983127757481 76
1738721998812 168.25056905570867 77
1738721998814 170.47056358752468 78
1738721998817 170.77906545408575 79
1738721998818 169.362740544996 80
1738721998820 167.8030804757309 81
1738721998822 166.59628247864612 82
1738721998824 168.20483394598511 83
1738721998826 169.92001892667264 84
1738721998827 168.8928497494832 85
1738721998829 168.90376952163902 86
1738721998830 168.70959392166412 87
1738721998833 169.46043615414337 88
1738721998835 166.31263029253103 89
1738721998836 169.73791585077566 90
1738721998838 168.64868080573225 91
1738721998840 166.54699846325846 92
1738721998842 169.3380004373634 93
1738721998843 169.64124377411102 94
1738721998845 169.70991405498327 95
1738721998847 170.79633084977013 96
1738721998849 168.84154952363284 97
1738721998851 170.065221495721 98
1738721998852 169.54350018055234 99
1738721998854 170.7941659139324 100
1738721998856 169.041575023795 101
1738721998858 168.1235950395494 102
1738721998860 170.64530883638332 103
1738721998861 169.3258747157123 104
1738721998863 169.88543832821944 105
1738721998865 172.38529804892693 106
1738721998867 167.8396773958583 107
1738721998869 170.33838008754822 108
1738721998871 168.4199613162755 109
1738721998873 168.4915856336669 110
1738721998875 170.7037198624214 111
1738721998877 170.39011351412776 112
1738721998879 168.69413320525078 113
1738721998883 168.77544980520324 114
1738721998885 167.90102848604067 115
1738721998887 168.84579128657077 116
1738721998889 168.37528958289073 117
1738721998891 166.8112400728278 118
1738721998902 167.48601200140325 119
1738721998907 167.78900134685787 120
1738721998910 167.9048233380147 121
1738721998912 166.39134876364895 122
1738721998914 170.12774280843445 123
1738721998917 168.8752214407537 124
1738721998918 169.19651094686813 125
1738721998920 166.40713813697906 126
1738721998922 170.09224815759373 127
1738721998924 170.5279051967529 128
1738721998925 168.879592751012 129
1738721998927 168.76487929328943 130
1738721998929 166.76300201252488 131
1738721998931 168.13908442363478 132
1738721998933 168.89909051229523 133
1738721998935 167.68214022443755 134
1738721998937 168.47099016821494 135
1738721998938 169.7633483967374 136
1738721998940 167.7636275729909 137
1738721998942 168.15149020530606 138
1738721998944 170.0765289664059 139
1738721998946 168.06139084749776 140
1738721998948 170.34541531161616 141
1738721998950 166.73493585317908 142
1738721998952 172.5401384705663 143
1738721998953 169.07099004954043 144
1738721998955 168.29437063420565 145
1738721998957 168.6489734678311 146
1738721998959 169.0805103913965 147
1738721998960 170.2669045900977 148
1738721998962 169.356824489773 149
1738721998964 169.93200447952432 150
1738721998966 170.99603582530224 151
1738721998968 168.37456203470384 152
1738721998969 167.26450141268248 153
1738721998971 170.2114360696428 154
1738721998973 167.8637602579095 155
1738721998975 170.8699917853725 156
1738721998977 171.226079936931 157
1738721998978 169.22388173782002 158
1738721998980 167.90453684147516 159
1738721998982 165.20565850014543 160
1738721998984 168.2253057755325 161
1738721998985 169.4916770401244 162
1738721998987 168.16492357112136 163
1738721998988 166.06589959346599 164
1738721998990 173.0184321681062 165
1738721998992 169.82497566836142 166
1738721998994 164.915267336276 167
1738721998995 169.72494529950717 168
1738721998997 166.06245883056454 169
1738721999000 169.5959882584029 170
1738721999002 170.6087850788002 171
1738721999003 167.55220034415296 172
1738721999005 171.37122964311234 173
1738721999007 171.06415922801025 174
1738721999009 166.86933583180343 175
1738721999011 166.88471453335012 176
1738721999012 170.53749203675787 177
1738721999015 168.0394155228781 178
1738721999017 169.53231169483504 179
1738721999019 166.07945872419344 180
