1738724552041 169.20930625606465 0
1738724552074 128.49243287485666 1
1738724552108 169.1584147661275 2
1738724552142 168.8241733260325 3
1738724552176 166.06965932704938 4
1738724552210 168.71436317779987 5
1738724552243 172.41240168680017 6
1738724552276 183.64924384450327 7
1738724552309 171.34274512756926 8
1738724552342 163.6616832937041 9
1738724552375 172.80635556984146 10
1738724552449 169.35132903970785 11
1738724552503 158.04691207842973 12
1738724552538 171.77097068131513 13
1738724552572 181.23457002009368 14
1738724552606 166.75736723508172 15
1738724552640 179.67040763977502 16
1738724552674 170.4187985244386 17
1738724552709 196.22141765719837 18
1738724552743 189.62111946475093 19
1738724552778 172.1567187271076 20
1738724552812 160.51237059977927 21
1738724552846 166.2376379923432 22
1738724552880 180.54159932836777 23
1738724552913 175.4849792455025 24
1738724552946 169.71316657552978 25
1738724552980 170.77897896750346 26
1738724553012 172.08446567765822 27
1738724553045 170.78265510114147 28
1738724553079 176.58652059336154 29
1738724553111 170.698870992016 30
1738724553144 165.87212119181586 31
1738724553177 179.75068730234082 32
1738724553210 172.21362557191316 33
