1738726389901 163.46642777675936 0
1738726389941 188.48013305940236 1
1738726389981 163.82816641477692 2
1738726390021 169.99697946869117 3
1738726390060 160.47920912789613 4
1738726390099 188.79904841490378 5
1738726390137 188.60830624811487 6
1738726390175 162.1494131699184 7
1738726390212 199.10521234004057 8
1738726390249 174.95108145323562 9
1738726390286 183.31750823415217 10
1738726390323 216.1887469552325 11
1738726390361 195.03724633156372 12
1738726390400 185.10538136828617 13
1738726390439 188.1360286738393 14
1738726390477 167.61924418571272 15
1738726390515 162.60418670091644 16
1738726390554 159.18837390716703 17
1738726390593 185.79144692479082 18
1738726390632 152.78849470945806 19
1738726390671 144.68703224915532 20
1738726390710 202.10932868509056 21
1738726390749 193.57305026309984 22
1738726390789 171.72767662900733 23
1738726390828 171.34375649660706 24
1738726390868 181.4921966498337 25
1738726390907 185.44768441152155 26
1738726390947 154.02374464502063 27
1738726390987 165.7054116723006 28
1738726391026 181.16971991505545 29
1738726391066 183.7016438974901 30
1738726391106 164.40114709134588 31
1738726391146 159.48243945342753 32
1738726391186 160.40588668170716 33
1738726391226 187.70743779733414 34
1738726391266 161.8212968626662 35
1738726391305 168.82614597055365 36
1738726391347 169.11552930255215 37
1738726391387 160.318128468647 38
1738726391426 167.06087459952286 39
1738726391466 188.48630307800988 40
1738726391506 216.5647433318039 41
1738726391546 192.38585703390197 42
1738726391586 166.7659387991018 43
1738726391626 172.89340681784364 44
1738726391666 173.32620171821992 45
1738726391706 141.35172625799248 46
1738726391745 169.5993453907192 47
1738726391785 174.52080694477362 48
1738726391825 171.55938921595717 49
1738726391865 174.19268493356083 50
1738726391904 160.3616389222691 51
1738726391944 177.84835811192664 52
1738726391984 148.81872619328337 53
1738726392024 173.2465546606256 54
1738726392065 177.2991227136084 55
1738726392106 173.25479856219943 56
1738726392146 147.9640248955609 57
1738726392186 172.00430898037212 58
1738726392227 176.63698341926846 59
1738726392268 149.0266341373831 60
1738726392309 162.41124249080204 61
1738726392353 175.11735250748862 62
1738726392400 148.8012058486144 63
1738726392440 165.52110950705023 64
1738726392480 176.2217221899008 65
1738726392518 166.28758430760448 66
1738726392556 147.69667936013542 67
1738726392596 166.3590248830353 68
1738726392635 123.95647474966997 69
1738726392673 167.11497852788537 70
1738726392711 179.41142026558933 71
1738726392750 180.98072923803034 72
1738726392788 181.43954354423815 73
1738726392825 181.81560683111607 74
1738726392864 184.48560324748289 75
1738726392903 172.07066878486958 76
1738726392942 172.63956861001517 77
1738726392981 165.8083793683063 78
1738726393021 174.91517722274497 79
1738726393060 176.5504892893779 80
1738726393100 195.68213078306732 81
1738726393140 195.09645184234378 82
1738726393180 200.0293971921487 83
1738726393220 196.57876752276988 84
1738726393260 163.19396218268275 85
1738726393338 189.7989812033563 86
1738726393380 199.90214293227245 87
1738726393420 182.2460931617223 88
1738726393461 156.82512264828662 89
1738726393501 161.8811880083257 90
1738726393541 200.32616907302148 91
1738726393581 164.3592820590143 92
1738726393624 172.3112589176418 93
1738726393664 154.8756949651577 94
1738726393703 180.79947981341715 95
1738726393741 170.67973306536888 96
1738726393781 170.82124238543514 97
1738726393820 173.20843538886373 98
1738726393860 171.47649421055382 99
1738726393899 185.3932301025682 100
1738726393940 133.55390402674573 101
1738726393979 143.9121920314379 102
1738726394018 183.21196085716522 103
1738726394058 118.68046683801184 104
1738726394097 156.12628619474114 105
1738726394136 163.0722425942507 106
1738726394175 160.7171834511401 107
1738726394213 153.4926686359529 108
1738726394251 162.2649495835371 109
1738726394289 167.1911178642696 110
1738726394326 158.79657386301 111
1738726394364 181.6223860280937 112
1738726394401 158.70414301116804 113
1738726394439 165.22728688004628 114
1738726394476 191.96716330940828 115
1738726394514 166.89425385529194 116
1738726394551 169.9109016041623 117
1738726394588 140.90451884687855 118
1738726394625 147.0713701860701 119
1738726394663 161.1648561167295 120
1738726394700 180.89397197054123 121
1738726394737 172.6128796888841 122
1738726394774 139.96486347716439 123
1738726394811 182.44187387216112 124
1738726394848 149.02403834580005 125
1738726394888 174.93461856909477 126
1738726394927 186.61957509211055 127
1738726394966 180.6154351062996 128
1738726395005 155.5752166840425 129
1738726395044 165.83843201385972 130
1738726395081 171.60043257246394 131
1738726395119 149.5501251814528 132
1738726395157 188.20358747432257 133
1738726395194 170.01201284430886 134
1738726395231 170.79254320524444 135
1738726395268 160.59675315379104 136
1738726395305 168.9078515645935 137
1738726395342 199.38694652553752 138
1738726395379 147.57298544776557 139
1738726395416 149.29616105035146 140
1738726395455 152.19752591637823 141
1738726395494 145.9601597853928 142
1738726395534 160.54889342525263 143
1738726395572 162.26114805158772 144
1738726395610 168.05728973848974 145
