1738724145383 168.67164598336805 0
1738724145385 168.6709660716472 1
1738724145387 168.67030283384616 2
1738724145389 168.66965569285296 3
1738724145391 168.66902409527208 4
1738724145393 168.66840751036608 5
1738724145396 168.66780542904672 6
1738724145398 168.66721736291316 7
1738724145400 168.66664284333427 8
1738724145402 168.666081420574 9
1738724145404 168.66553266295728 10
1738724145406 168.66499615607415 11
1738724145409 168.6644715020211 12
1738724145411 168.66395831867703 13
1738724145413 168.66345623901304 14
1738724145415 168.66296491043332 15
1738724145417 168.66248399414718 16
1738724145419 168.6620131645692 17
1738724145421 168.66155210874726 18
1738724145423 168.66110052581647 19
1738724145426 168.66065812647847 20
1738724145428 168.66022463250405 21
1738724145430 168.65979977625864 22
1738724145432 168.65938330024937 23
1738724145435 168.65897495669273 24
1738724145437 168.65857450710183 25
