1738722855188 169.1616983925417 0
1738722855190 169.5492700736336 1
1738722855193 166.71935195261602 2
1738722855195 169.09273607890725 3
1738722855197 166.56390581282224 4
1738722855199 167.39823104656188 5
1738722855202 166.88816905436488 6
1738722855204 169.71786290378935 7
1738722855206 171.6710773936389 8
1738722855208 170.68373932917115 9
1738722855211 167.40664714312973 10
1738722855213 165.52257999619215 11
1738722855215 172.405090993783 12
1738722855217 169.81228829549906 13
1738722855219 167.20773452955362 14
1738722855222 168.23149860138125 15
1738722855224 171.22328087323513 16
1738722855226 171.52267029176554 17
1738722855228 169.26319744975174 18
1738722855230 169.28742613676093 19
1738722855233 164.0478236828437 20
