1738723692364 166.16486899288043 0
1738723692366 170.5565566930941 1
1738723692369 169.61709773637637 2
1738723692371 168.99191837633708 3
1738723692374 168.89749062059792 4
1738723692376 169.19431567752588 5
1738723692379 169.33272018883787 6
1738723692381 167.5636191892627 7
1738723692384 170.30038018117702 8
1738723692386 171.45357274203425 9
1738723692388 169.12364257780703 10
1738723692391 169.15841154350682 11
1738723692393 166.25144786808917 12
1738723692396 172.64808410850875 13
1738723692398 169.5077278680198 14
