1738723758693 197.67076145949366 0
1738723758729 163.1867980282621 1
1738723758766 171.1577933750214 2
1738723758803 183.80382678969792 3
1738723758840 162.66793578423952 4
1738723758877 154.4170009430624 5
1738723758914 161.85029481107034 6
1738723758951 178.33876307138286 7
1738723758987 185.8515265107467 8
1738723759024 157.99134261219973 9
1738723759061 184.31188441616538 10
1738723759098 176.82893426884638 11
1738723759135 184.06630650388774 12
1738723759172 131.60510595560788 13
1738723759209 162.92990107246186 14
1738723759245 157.0764311049389 15
1738723759282 163.26205237225508 16
1738723759318 229.56365084480365 17
1738723759355 154.95361610181817 18
1738723759392 170.60746420271983 19
1738723759428 140.4290114796715 20
1738723759465 171.22533343265604 21
1738723759501 107.13905527861904 22
1738723759538 178.04951956618626 23
1738723759574 160.07130428352326 24
1738723759611 153.99193002451213 25
1738723759647 145.84736412079627 26
1738723759683 152.75749789136864 27
1738723759719 143.5654945915929 28
1738723759756 149.82861203204266 29
1738723759792 165.71277374652047 30
1738723759828 183.13286375592313 31
1738723759864 208.78358141417178 32
1738723759901 136.13430778176465 33
1738723759937 225.99935904079413 34
1738723759973 180.96178318885683 35
1738723760009 180.0963711727105 36
1738723760046 170.6097941071247 37
1738723760082 195.9899675458882 38
1738723760118 167.94301995484133 39
1738723760154 172.67571347820868 40
1738723760190 151.14645052661726 41
1738723760226 192.69964106795547 42
1738723760262 182.46576173924518 43
1738723760299 176.0126385256626 44
1738723760335 185.00203759793706 45
1738723760371 190.47399594482172 46
1738723760408 197.41516783577504 47
1738723760444 203.72274787990202 48
1738723760480 184.38705458435533 49
1738723760516 189.02909297357985 50
1738723760552 150.05133506220875 51
1738723760588 133.9895577632933 52
1738723760624 175.3975813787258 53
1738723760660 169.45082465519044 54
1738723760716 147.871426171969 55
1738723760757 181.06528904875185 56
1738723760794 171.9837194812354 57
1738723760831 165.09065472185492 58
1738723760868 152.5786833326276 59
1738723760904 159.31119896944935 60
1738723760941 172.73276222904386 61
1738723760977 159.71949913837776 62
1738723761013 195.62399858322848 63
1738723761050 159.2685482029731 64
1738723761087 156.5226775151894 65
1738723761124 176.47495460465214 66
1738723761160 182.39007655785645 67
1738723761197 169.05515102869876 68
1738723761233 166.83063126905887 69
1738723761270 189.26438192719823 70
1738723761309 201.24471236602878 71
1738723761345 158.39817111670354 72
1738723761382 158.5606131507899 73
1738723761418 163.18100631615084 74
1738723761454 170.6841572216101 75
1738723761491 171.84765919047553 76
1738723761527 135.32273550189012 77
1738723761563 199.50259870602514 78
1738723761599 147.979315534564 79
1738723761635 141.01195810491453 80
1738723761671 165.99144435972906 81
1738723761708 200.81135454536943 82
1738723761744 209.56107925433358 83
1738723761780 188.4803881277879 84
1738723761816 159.88690266661874 85
1738723761852 171.85683674119454 86
1738723761888 195.08943896047006 87
1738723761924 159.5574096288968 88
1738723761960 174.63735721882034 89
1738723761996 186.79468603116626 90
1738723762032 173.1125901754005 91
1738723762068 185.35831356855448 92
1738723762105 188.0317317977828 93
1738723762141 162.47381621261135 94
1738723762177 174.25049109299994 95
1738723762212 162.44593706297943 96
1738723762248 176.49465171502814 97
1738723762284 165.34844568922142 98
1738723762326 175.53313761371294 99
1738723762363 160.22990614564534 100
1738723762399 250.57837378023262 101
1738723762436 153.05693995643693 102
1738723762472 177.79565759479516 103
1738723762508 133.1586591799169 104
1738723762544 127.10923786587475 105
1738723762580 142.99427711591798 106
1738723762616 175.99047518180413 107
1738723762652 172.78152450300485 108
1738723762689 136.6266700305081 109
1738723762725 148.7104208857591 110
1738723762761 198.28687108062525 111
1738723762797 153.081714427715 112
1738723762833 171.70396575468894 113
1738723762869 181.7196654032182 114
1738723762905 167.39122613121313 115
1738723762941 141.22625703157254 116
1738723762977 154.09705881947625 117
1738723763013 137.19700945046458 118
1738723763049 157.95007649959663 119
1738723763085 163.10082532857564 120
1738723763121 168.9372469742765 121
1738723763158 172.66871511715965 122
1738723763194 160.14795600271412 123
1738723763231 197.67683417138187 124
1738723763267 172.20702019434546 125
1738723763303 166.15051555896915 126
1738723763339 198.1324601411608 127
1738723763375 143.20586377072658 128
1738723763411 187.31100932055875 129
1738723763447 175.77949317256133 130
1738723763483 169.61505747336315 131
1738723763519 126.48241968543803 132
1738723763555 171.51557516742358 133
1738723763591 157.0326096444703 134
1738723763627 161.72075590841447 135
1738723763663 183.24465431639422 136
1738723763701 141.13748305019334 137
1738723763738 174.67667850369037 138
1738723763775 163.04395264979848 139
1738723763812 170.18357365032296 140
1738723763849 158.18678381340777 141
1738723763886 190.2000121339211 142
1738723763923 249.98006616469266 143
1738723763960 172.4727182965814 144
1738723763997 164.46158006021128 145
1738723764034 161.57835066377513 146
1738723764070 192.33863079663863 147
1738723764107 233.88619142799757 148
1738723764144 222.5775794028171 149
1738723764181 156.23465019871983 150
1738723764217 136.781256987894 151
1738723764254 152.01087582186966 152
1738723764291 169.3156210743903 153
1738723764327 224.66156681760668 154
1738723764364 161.5688742946812 155
1738723764401 160.97094384809256 156
1738723764437 222.5282848989265 157
1738723764474 168.1732412963021 158
1738723764511 179.74460142929587 159
1738723764547 173.1640026780361 160
1738723764584 182.00694801843636 161
1738723764620 153.32458964286837 162
1738723764657 175.35562008211167 163
1738723764693 214.57285656640096 164
1738723764730 192.89939947794127 165
1738723764766 170.9897334983039 166
1738723764803 170.56976176096563 167
1738723764839 158.15447866727052 168
1738723764876 168.0709463057738 169
1738723764912 126.83020655741991 170
1738723764948 174.40862247144403 171
1738723764985 183.9608548554516 172
1738723765022 147.94941701135164 173
1738723765059 169.7656815794037 174
1738723765095 151.79245155255504 175
1738723765131 135.43104854135774 176
1738723765168 176.41543665875741 177
1738723765204 179.78854300842582 178
1738723765241 189.39935530738563 179
1738723765277 187.4901169360191 180
1738723765314 172.84794424111928 181
1738723765350 168.96047267531887 182
1738723765386 156.85746048960655 183
1738723765423 196.8270852945628 184
1738723765459 162.94743102074895 185
1738723765495 158.39080645348847 186
1738723765531 172.1321115639652 187
1738723765567 167.40234959510414 188
1738723765603 198.9052463727592 189
1738723765639 174.90636888251885 190
1738723765675 158.68692746827617 191
1738723765711 170.21766812499837 192
1738723765765 170.75014969509763 193
1738723765831 167.92466720968318 194
1738723765868 169.27865580683954 195
1738723765905 168.27506676583428 196
1738723765942 159.13255013465894 197
1738723765978 171.32278559012693 198
1738723766015 169.00857925481228 199
1738723766051 150.15740340392782 200
1738723766088 175.98131500341066 201
1738723766124 138.61842200734145 202
1738723766161 177.2717182593844 203
1738723766197 169.66682516213436 204
1738723766234 175.16192230386469 205
1738723766270 149.19330435766256 206
1738723766307 163.96120358107635 207
1738723766343 177.07776670800504 208
1738723766380 123.13458207098046 209
1738723766416 192.26714224339435 210
1738723766452 146.31549305808042 211
1738723766489 159.07399898796962 212
1738723766525 180.78995574028966 213
1738723766562 205.3283936674154 214
1738723766598 168.90262289516357 215
1738723766634 174.48831681040124 216
1738723766671 172.0267956829693 217
1738723766707 174.99453478625176 218
1738723766743 175.97509043641932 219
1738723766780 195.25059154700773 220
1738723766816 158.3361630195248 221
1738723766852 162.19896890948505 222
1738723766888 170.86441663879424 223
1738723766925 159.56428297510044 224
1738723766961 196.81344583213303 225
1738723766997 165.41110649413545 226
1738723767034 177.45347340813046 227
1738723767070 164.51921553497374 228
1738723767106 150.78971326447018 229
1738723767142 169.17411911571108 230
1738723767178 164.24598860127125 231
1738723767215 171.15052835091694 232
1738723767252 170.48174666969138 233
1738723767289 172.40933671093126 234
1738723767326 184.30653110171923 235
1738723767363 176.77726589760044 236
1738723767400 185.405156282921 237
1738723767436 180.7928952118297 238
1738723767473 178.22526159791465 239
1738723767509 193.43361188541806 240
1738723767546 153.68047760642847 241
1738723767583 178.82370058699578 242
1738723767619 160.62366642917956 243
1738723767655 191.92051843027835 244
1738723767692 157.3619511191103 245
1738723767728 155.87205439835904 246
1738723767765 168.2573067906497 247
1738723767801 177.3820750444426 248
1738723767838 147.4939513721122 249
1738723767874 171.6711934264321 250
1738723767911 213.34393430511778 251
