1738723687717 169.91413807391925 0
1738723687719 169.91791173318288 1
1738723687721 169.913710851212 2
1738723687723 169.90967574437477 3
1738723687725 169.90565311139014 4
1738723687727 169.9016458034244 5
1738723687728 169.89765370365157 6
1738723687730 169.89367675310018 7
1738723687732 169.88971489190416 8
1738723687734 169.88576806046424 9
1738723687736 169.8818361994236 10
1738723687738 169.8779192496672 11
1738723687740 169.87401715232085 12
1738723687742 169.87012984875017 13
1738723687744 169.86625728055967 14
1738723687745 169.86239938959164 15
1738723687748 169.85855611792513 16
1738723687750 169.85472740787523 17
1738723687752 169.85091320199166 18
1738723687754 169.84711344305816 19
1738723687756 169.84332807409132 20
1738723687758 169.83955703833968 21
1738723687760 169.8358002792827 22
1738723687762 169.8320577406298 23
1738723687764 169.82832936631956 24
1738723687766 169.8246151005185 25
1738723687768 169.8209148876204 26
1738723687770 169.81722867224502 27
1738723687773 169.8135563992375 28
1738723687775 169.80989801366727 29
1738723687778 169.80625346082695 30
1738723687781 169.80262268623179 31
1738723687783 169.79900563561847 32
1738723687785 169.79540225494412 33
1738723687788 169.79181249038564 34
1738723687790 169.78823628833865 35
1738723687792 169.78467359541656 36
1738723687794 169.7811243584496 37
1738723687796 169.77758852448423 38
1738723687798 169.77406604078183 39
1738723687801 169.770556854818 40
1738723687803 169.7670609142817 41
1738723687805 169.76357816707434 42
1738723687807 169.76010856130878 43
1738723687810 169.7566520453086 44
1738723687812 169.7532085676072 45
1738723687814 169.74977807694677 46
1738723687817 169.74636052227757 47
1738723687821 169.7429558527571 48
1738723687823 169.73956401774907 49
1738723687825 169.73618496682266 50
1738723687828 169.73281864975166 51
1738723687830 169.7294650165136 52
1738723687832 169.72612401728887 53
1738723687834 169.72279560245985 54
1738723687836 169.71947972261026 55
1738723687838 169.71617632852397 56
1738723687840 169.71288537118465 57
1738723687842 169.7096068017744 58
1738723687844 169.70634057167337 59
1738723687846 169.7030866324587 60
1738723687848 169.69984493590368 61
1738723687850 169.69661543397712 62
1738723687852 169.69339807884234 63
1738723687854 169.69019282285652 64
1738723687856 169.68699961856979 65
1738723687858 169.6838184187244 66
1738723687860 169.680649176254 67
1738723687863 169.6774918442829 68
1738723687865 169.67434637612516 69
1738723687867 169.67121272528377 70
1738723687870 169.66809084544994 71
1738723687872 169.66498069050246 72
1738723687873 169.66188221450653 73
1738723687875 169.65879537171338 74
1738723687878 169.65572011655937 75
1738723687880 169.65265640366508 76
1738723687882 169.64960418783477 77
1738723687888 169.64656342405533 78
1738723687892 169.64353406749592 79
1738723687894 169.64051607350675 80
1738723687896 169.6375093976188 81
1738723687898 169.63451399554262 82
1738723687899 169.63152982316797 83
1738723687901 169.62855683656275 84
1738723687903 169.62559499197252 85
1738723687905 169.62264424581966 86
1738723687907 169.61970455470248 87
1738723687909 169.61677587539484 88
1738723687911 169.61385816484514 89
1738723687913 169.6109513801756 90
1738723687914 169.60805547868176 91
1738723687916 169.60517041783146 92
1738723687918 169.60229615526438 93
1738723687920 169.59943264879124 94
1738723687922 169.596579856393 95
1738723687924 169.59373773622028 96
1738723687926 169.59090624659262 97
1738723687927 169.58808534599774 98
1738723687929 169.58527499309085 99
1738723687931 169.58247514669407 100
1738723687933 169.57968576579552 101
1738723687934 169.57690680954875 102
1738723687936 169.57413823727225 103
1738723687938 169.57138000844833 104
1738723687940 169.56863208272284 105
1738723687942 169.56589441990425 106
1738723687943 169.56316697996314 107
1738723687945 169.56044972303138 108
1738723687947 169.55774260940163 109
1738723687949 169.5550455995265 110
1738723687951 169.55235865401792 111
1738723687953 169.5496817336466 112
1738723687955 169.54701479934133 113
1738723687956 169.54435781218817 114
1738723687959 169.54171073343005 115
1738723687961 169.5390735244659 116
1738723687963 169.5364461468501 117
1738723687965 169.53382856229192 118
1738723687967 169.53122073265467 119
1738723687969 169.52862261995523 120
1738723687971 169.52603418636346 121
1738723687974 169.52345539420133 122
1738723687976 169.52088620594245 123
1738723687978 169.51832658421156 124
1738723687980 169.51577649178358 125
1738723687982 169.51323589158338 126
1738723687985 169.51070474668475 127
1738723687986 169.5081830203102 128
1738723687989 169.50567067583 129
1738723687991 169.5031676767617 130
1738723687993 169.5006739867697 131
1738723687994 169.49818956966425 132
1738723687996 169.4957143894012 133
1738723687998 169.49324841008118 134
1738723688000 169.49079159594922 135
1738723688002 169.48834391139388 136
1738723688004 169.4859053209469 137
1738723688006 169.48347578928247 138
1738723688008 169.48105528121658 139
1738723688010 169.4786437617068 140
1738723688012 169.4762411958511 141
1738723688014 169.4738475488878 142
1738723688015 169.47146278619473 143
1738723688017 169.46908687328875 144
1738723688019 169.46671977582506 145
1738723688021 169.46436145959683 146
1738723688022 169.4620118905343 147
1738723688024 169.45967103470468 148
1738723688026 169.45733885831112 149
1738723688028 169.45501532769245 150
1738723688029 169.4527004093225 151
1738723688031 169.45039406980956 152
1738723688033 169.44809627589584 153
1738723688035 169.44580699445694 154
1738723688036 169.44352619250122 155
1738723688038 169.4412538371693 156
1738723688040 169.43898989573364 157
1738723688042 169.43673433559763 158
1738723688044 169.43448712429554 159
1738723688046 169.4322482294916 160
1738723688048 169.4300176189796 161
1738723688050 169.42779526068236 162
1738723688052 169.42558112265127 163
1738723688054 169.4233751730656 164
1738723688055 169.4211773802321 165
1738723688057 169.41898771258437 166
1738723688059 169.41680613868243 167
1738723688061 169.4146326272122 168
1738723688063 169.41246714698488 169
1738723688064 169.4103096669365 170
1738723688066 169.40816015612762 171
1738723688068 169.40601858374222 172
1738723688070 169.40388491908786 173
1738723688072 169.40175913159482 174
1738723688073 169.39964119081563 175
1738723688075 169.39753106642465 176
1738723688077 169.39542872821747 177
1738723688079 169.39333414611048 178
1738723688080 169.39124729014034 179
1738723688082 169.38916813046345 180
1738723688084 169.38709663735568 181
1738723688086 169.38503278121146 182
1738723688087 169.3829765325437 183
1738723688089 169.3809278619831 184
1738723688091 169.37888674027766 185
1738723688093 169.37685313829226 186
1738723688095 169.37482702700822 187
1738723688096 169.37280837752266 188
1738723688099 169.3707971610482 189
1738723688100 169.36879334891233 190
1738723688102 169.3667969125572 191
1738723688104 169.3648078235387 192
1738723688106 169.36282605352648 193
1738723688108 169.36085157430315 194
1738723688109 169.35888435776397 195
1738723688111 169.35692437591626 196
1738723688113 169.35497160087922 197
1738723688115 169.353026004883 198
1738723688117 169.35108756026884 199
1738723688118 169.34915623948797 200
1738723688120 169.3472320151017 201
1738723688122 169.34531485978067 202
1738723688124 169.3434047463045 203
1738723688125 169.34150164756127 204
1738723688127 169.33960553654725 205
1738723688129 169.33771638636622 206
1738723688131 169.33583417022916 207
1738723688132 169.33395886145382 208
1738723688134 169.33209043346426 209
1738723688136 169.33022885979042 210
1738723688138 169.3283741140676 211
1738723688139 169.32652617003615 212
1738723688141 169.324685001541 213
1738723688143 169.32285058253126 214
1738723688145 169.32102288705968 215
1738723688146 169.31920188928234 216
1738723688148 169.31738756345817 217
