1738724981288 169.10464487864016 0
1738724981291 170.1623192841103 1
1738724981295 166.52170019804188 2
1738724981299 171.0583983928918 3
1738724981303 169.83273905327255 4
1738724981306 169.82983559359766 5
1738724981310 170.73172132492545 6
1738724981315 166.01953045979033 7
1738724981319 165.93738091129882 8
1738724981322 166.6542942320342 9
1738724981326 168.56587670493616 10
1738724981329 165.5167817522555 11
1738724981332 173.01097785954127 12
1738724981336 172.38448462614699 13
1738724981339 169.43940409972788 14
1738724981343 176.25997825582667 15
1738724981346 167.21151413019976 16
1738724981350 173.8312361954575 17
1738724981353 170.00015064779726 18
1738724981356 165.41647473221877 19
1738724981360 170.98529482120804 20
1738724981363 165.53131233139126 21
1738724981367 171.32327384943548 22
1738724981370 167.15737324614423 23
1738724981374 169.64418138837001 24
1738724981378 164.8499305268205 25
1738724981381 168.83525766174645 26
1738724981385 163.60401213842835 27
1738724981388 171.3443452573983 28
1738724981392 171.55395036292572 29
1738724981395 165.43524482641433 30
1738724981399 169.74923378985702 31
1738724981402 168.42238932863629 32
1738724981406 165.95068585766313 33
1738724981409 169.02655992809898 34
1738724981413 166.8961582960449 35
1738724981416 165.7663509058523 36
1738724981419 170.37683223000812 37
1738724981423 169.6496876399932 38
1738724981426 169.82045977362415 39
1738724981430 169.2128795238512 40
1738724981433 166.68362435335501 41
1738724981436 169.6990928960342 42
1738724981440 169.56068727711138 43
1738724981444 167.81899430799268 44
1738724981447 167.3801809399214 45
1738724981450 173.13857191474202 46
1738724981454 167.09595529359578 47
1738724981458 166.87213712608778 48
1738724981461 168.42400864886497 49
1738724981465 169.95477201679194 50
1738724981468 165.99237276608653 51
1738724981471 171.82981173382956 52
1738724981475 170.50527822673624 53
1738724981478 170.26345045193113 54
1738724981482 169.8550697517863 55
1738724981485 171.30703212222514 56
1738724981489 169.0307693469495 57
1738724981492 166.65959984561047 58
1738724981496 168.2051368777873 59
1738724981499 167.1474490612448 60
1738724981503 169.23875699067426 61
1738724981506 168.88912089845536 62
1738724981509 169.55550864878262 63
1738724981513 170.7621239368772 64
1738724981516 168.06487789007844 65
1738724981519 169.6137174399458 66
1738724981523 168.68499366420974 67
1738724981526 169.42627671590873 68
1738724981530 169.31340834658644 69
1738724981533 166.18464077028702 70
1738724981538 171.94467532438574 71
1738724981542 170.14123152594078 72
1738724981546 168.84270415965437 73
1738724981550 170.4291900023674 74
1738724981554 171.533182427208 75
1738724981557 167.92898997157616 76
1738724981561 168.61762649102303 77
1738724981565 167.52917156421063 78
1738724981569 168.07026654928995 79
1738724981574 165.67663753185084 80
1738724981578 168.77015761518575 81
1738724981583 168.85312610613929 82
1738724981587 168.51357327736534 83
1738724981591 167.9845346428231 84
1738724981595 169.31699541205245 85
1738724981600 170.70322118247384 86
1738724981604 167.8801812330539 87
1738724981608 168.57819181157498 88
1738724981612 167.74135364079436 89
1738724981616 170.4855426196136 90
