1738724556769 169.3081019815728 0
1738724556772 170.15114297926382 1
1738724556775 170.07219162209546 2
1738724556779 168.9221459726471 3
1738724556782 169.2103587479877 4
1738724556785 170.34047489861058 5
1738724556788 168.49717472156289 6
1738724556791 168.5887705760992 7
1738724556794 169.33769603947587 8
1738724556797 168.4772913693619 9
1738724556800 168.32294109882494 10
1738724556803 169.79543405721694 11
1738724556806 170.20249866984057 12
1738724556809 167.4820517989483 13
1738724556812 167.7113305155703 14
1738724556816 169.12645852651892 15
1738724556819 167.78355861836985 16
1738724556822 168.392914362961 17
1738724556825 168.63106303540593 18
1738724556828 169.15488511383919 19
1738724556831 169.92637202672861 20
1738724556834 169.90588928679003 21
1738724556837 168.98501506270105 22
1738724556841 169.72498714216772 23
1738724556844 170.3912640808507 24
1738724556847 167.6143124142535 25
1738724556850 171.31270737198489 26
1738724556853 168.2522832219004 27
1738724556856 169.70569544496445 28
1738724556859 171.0909703161191 29
1738724556862 168.58092336569857 30
1738724556865 166.4063449200883 31
1738724556868 167.63094873033705 32
1738724556871 168.08463483843312 33
1738724556874 167.21265157785325 34
1738724556877 168.95962882602757 35
1738724556880 168.12751050649683 36
1738724556883 169.04418924909768 37
1738724556886 166.71164573862706 38
1738724556889 169.07673841014517 39
1738724556892 170.317641633743 40
1738724556895 167.46296412563714 41
1738724556898 166.55675249997577 42
1738724556901 169.16473822787705 43
1738724556904 168.2093574728145 44
1738724556908 167.08980339172837 45
1738724556911 167.90262531866145 46
1738724556914 168.92468139396166 47
1738724556917 168.59764506342776 48
1738724556920 169.093455316668 49
1738724556923 170.48309678461888 50
1738724556926 168.5022555851225 51
1738724556929 169.53370583857136 52
1738724556932 168.63064138622954 53
1738724556935 167.4716119728519 54
1738724556938 168.55961870484356 55
1738724556941 168.85790540638698 56
1738724556944 166.29812409055592 57
1738724556947 167.5696043723193 58
1738724556950 169.81393346925708 59
1738724556953 167.80460380011712 60
1738724556956 169.36411213729468 61
1738724556959 169.61250338811737 62
1738724556963 167.58464184366963 63
1738724556966 168.66799004092056 64
1738724556969 171.46046713418733 65
1738724556972 172.03859670292826 66
1738724556975 170.35945047481832 67
1738724556978 168.91982886843738 68
1738724556981 169.00975305659534 69
1738724556984 168.3742480727863 70
1738724556987 168.72477205994775 71
1738724556990 169.27405345125229 72
1738724556993 169.18775395889054 73
1738724556996 168.78477237437966 74
1738724556999 169.0212028487361 75
1738724557002 169.6413226848519 76
