1738726142184 169.24352203158307 0
1738726142187 169.2473251651574 1
1738726142190 169.24566846021924 2
1738726142193 169.24412996801018 3
1738726142196 169.24259510764162 4
1738726142199 169.24106617895455 5
1738726142202 169.23954311013617 6
1738726142205 169.2380258778309 7
1738726142208 169.2365144577974 8
1738726142212 169.2350088259194 9
1738726142215 169.2335089581845 10
1738726142218 169.23201483068397 11
1738726142221 169.23052641961237 12
1738726142224 169.22904370126716 13
1738726142227 169.22756665204824 14
1738726142230 169.22609524845726 15
1738726142233 169.2246294670976 16
1738726142236 169.2231692846735 17
1738726142239 169.22171467798992 18
1738726142241 169.22026562395195 19
1738726142244 169.2188220995643 20
1738726142247 169.2173840819311 21
1738726142250 169.21595154825513 22
1738726142253 169.21452447583783 23
1738726142256 169.21310284207829 24
1738726142259 169.2116866244734 25
1738726142261 169.210275800617 26
1738726142264 169.20887034819972 27
1738726142267 169.20747024500832 28
1738726142270 169.2060754689255 29
1738726142273 169.2046859979292 30
1738726142276 169.2033018100925 31
1738726142279 169.20192288358305 32
1738726142282 169.20054919666256 33
1738726142285 169.1991807276864 34
1738726142288 169.19781745510352 35
1738726142291 169.19645935745555 36
1738726142294 169.1951064133767 37
1738726142297 169.19375860159317 38
1738726142300 169.19241590092304 39
1738726142303 169.19107829027553 40
1738726142306 169.18974574865078 41
1738726142309 169.1884182551394 42
1738726142312 169.1870957889221 43
1738726142315 169.18577832926925 44
1738726142318 169.18446585554048 45
1738726142321 169.18315834718442 46
1738726142323 169.18185578373811 47
1738726142327 169.1805581448267 48
1738726142330 169.17926541016317 49
1738726142333 169.17797755954774 50
1738726142336 169.17669457286758 51
1738726142339 169.17541643009648 52
1738726142342 169.17414311129446 53
1738726142345 169.17287459660724 54
1738726142348 169.17161086626604 55
1738726142351 169.17035190058718 56
1738726142354 169.16909767997154 57
1738726142357 169.1678481849045 58
1738726142360 169.16660339595518 59
1738726142363 169.16536329377638 60
1738726142366 169.16412785910413 61
1738726142369 169.16289707275715 62
1738726142372 169.16167091563682 63
1738726142375 169.16044936872652 64
1738726142378 169.15923241309142 65
