1738724001618 168.62106016287987 0
1738724001620 169.02208542838514 1
1738724001623 169.4428096150911 2
1738724001626 173.10795534654113 3
1738724001628 168.9946550813978 4
1738724001631 168.61073006353317 5
1738724001633 169.27007131453087 6
1738724001636 168.06085044966974 7
1738724001638 169.46246598933573 8
1738724001641 168.52021948571695 9
1738724001644 169.39285433293807 10
1738724001646 167.71213884924126 11
1738724001649 167.472738388478 12
1738724001651 168.93472736158748 13
1738724001654 168.4075701699121 14
1738724001656 170.07714678891364 15
1738724001659 169.49817251180002 16
1738724001661 168.77197593630675 17
1738724001664 168.00247508041667 18
