1738726714121 168.81288791251185 0
1738726714124 168.80953104785257 1
1738726714128 168.80627484868077 2
1738726714132 168.80311606051558 3
1738726714135 168.80005153767175 4
1738726714138 168.79707823955414 5
1738726714142 168.79419322708011 6
1738726714145 168.79139365922543 7
1738726714149 168.7886767896891 8
1738726714152 168.78603996367346 9
1738726714156 168.783480614775 10
1738726714160 168.78099626198252 11
1738726714163 168.77858450677846 12
1738726714167 168.77624303034 13
1738726714170 168.77396959083657 14
1738726714173 168.7717620208202 15
1738726714176 168.76961822470548 16
1738726714180 168.76753617633645 17
1738726714183 168.76551391663637 18
1738726714186 168.76354955133903 19
1738726714190 168.761641248797 20
1738726714193 168.75978723786605 21
1738726714196 168.75798580586093 22
1738726714199 168.7562352965823 23
1738726714203 168.75453410841052 24
1738726714206 168.75288069246497 25
1738726714210 168.7512735508263 26
1738726714213 168.7497112348197 27
1738726714216 168.74819234335632 28
1738726714220 168.74671552133225 29
1738726714223 168.7452794580813 30
1738726714226 168.74388288588116 31
1738726714230 168.74252457851054 32
1738726714233 168.74120334985514 33
1738726714237 168.73991805256165 34
1738726714240 168.7386675767375 35
1738726714243 168.73745084869452 36
1738726714247 168.7362668297361 37
1738726714250 168.73511451498504 38
1738726714253 168.73399293225162 39
1738726714257 168.7329011409401 40
1738726714260 168.73183823099228 41
1738726714263 168.73080332186723 42
1738726714267 168.72979556155548 43
1738726714270 168.72881412562668 44
1738726714273 168.72785821630987 45
1738726714277 168.72692706160447 46
1738726714280 168.7260199144219 47
1738726714283 168.7251360517561 48
1738726714287 168.72427477388206 49
1738726714290 168.72343540358176 50
1738726714294 168.7226172853961 51
1738726714297 168.72181978490212 52
1738726714301 168.72104228801498 53
1738726714304 168.72028420031324 54
1738726714308 168.71954494638695 55
1738726714311 168.718823969208 56
1738726714314 168.7181207295216 57
1738726714318 168.71743470525817 58
1738726714321 168.71676539096532 59
1738726714325 168.7161122972588 60
1738726714329 168.71547495029216 61
1738726714332 168.71485289124388 62
1738726714335 168.71424567582233 63
1738726714339 168.71365287378694 64
1738726714342 168.71307406848567 65
1738726714345 168.71250885640808 66
1738726714349 168.71195684675328 67
1738726714352 168.71141766101252 68
1738726714355 168.71089093256572 69
1738726714359 168.71037630629166 70
1738726714362 168.70987343819107 71
