1738726602753 175.91352727810062 0
1738726602791 168.98848247283797 1
1738726602830 143.7935435672705 2
1738726602869 170.8734335641166 3
1738726602907 174.05095943996537 4
1738726602947 159.62366646297716 5
1738726602986 172.27203194106053 6
1738726603024 166.7432398960837 7
1738726603062 172.4664653666784 8
1738726603101 169.7022591556468 9
1738726603140 181.15226844280375 10
1738726603178 165.10702145506198 11
1738726603217 169.70955056671374 12
1738726603256 173.578497101883 13
1738726603295 162.3609914534196 14
1738726603334 159.1429994233761 15
1738726603373 172.39289838628125 16
1738726603411 175.76640849132718 17
1738726603449 168.34535808641238 18
1738726603487 177.55322366919293 19
1738726603526 198.64709365932453 20
1738726603565 145.56954375640473 21
1738726603604 179.4068364955733 22
1738726603643 184.5926769621643 23
1738726603681 169.0364608673518 24
1738726603720 169.7301631173969 25
1738726603758 169.47077974907245 26
1738726603797 172.2112980391926 27
1738726603836 170.01124063013387 28
1738726603875 171.21240006303876 29
1738726603914 160.04963307403244 30
1738726603952 152.41759711428634 31
1738726603991 168.79792816016783 32
1738726604029 156.16392706581556 33
1738726604068 176.6221133855237 34
