1738724220278 174.24993916397483 0
1738724220313 159.49779757532596 1
1738724220348 141.58384946880903 2
1738724220383 177.325860951319 3
1738724220418 166.265819743432 4
1738724220454 151.9841219540397 5
1738724220490 145.27925273945905 6
1738724220526 182.1019583094162 7
1738724220562 163.06287889501453 8
1738724220597 160.93475418755781 9
1738724220633 155.17629578277678 10
1738724220669 147.01793009453368 11
1738724220705 166.20144542808177 12
1738724220740 195.31282072342648 13
1738724220776 158.01487387329232 14
1738724220811 210.9011368298247 15
1738724220847 175.9574782350751 16
1738724220882 161.73227155622862 17
1738724220917 185.8201577714162 18
1738724220952 143.30889538524053 19
1738724220988 209.02647189601603 20
1738724221023 154.3478576157481 21
1738724221059 168.76771199512663 22
1738724221094 195.323938624125 23
1738724221129 159.73220568975756 24
1738724221164 172.60062266459303 25
1738724221199 189.77924999592832 26
1738724221235 153.16160668477414 27
1738724221270 200.86070625210922 28
1738724221305 181.14709495057045 29
1738724221341 185.77133905178147 30
1738724221377 189.56110430462797 31
1738724221413 170.91087465570217 32
1738724221448 178.92483272353883 33
1738724221484 115.93556393265301 34
1738724221519 159.0069129051554 35
1738724221555 173.70090307528403 36
1738724221590 175.83665789574448 37
1738724221626 178.83754267120432 38
1738724221661 180.11038547206996 39
1738724221696 186.3971935078375 40
1738724221732 141.6405232349292 41
1738724221767 169.27759611858465 42
1738724221802 164.72973470058974 43
1738724221838 179.39475897707155 44
1738724221873 169.73141432156686 45
1738724221908 148.10995516703798 46
1738724221944 151.47659021828233 47
1738724221981 174.4989476833723 48
1738724222018 207.81919785671772 49
1738724222055 182.8607045367884 50
1738724222090 188.07520194913747 51
1738724222125 186.97753779849097 52
1738724222161 156.966945170391 53
1738724222197 137.8448527672143 54
1738724222233 157.30862681964132 55
1738724222269 179.04730097397317 56
1738724222306 143.2182602231912 57
1738724222342 141.37549059534985 58
1738724222378 171.4901011718633 59
1738724222414 195.83108740635464 60
1738724222449 158.3985408826707 61
1738724222485 196.5524622989438 62
1738724222521 163.20087650375964 63
1738724222556 164.1909709291999 64
1738724222591 201.86816848711214 65
1738724222626 178.21547676390506 66
1738724222661 170.8897560468845 67
1738724222696 178.64455476304934 68
1738724222731 159.06930746325074 69
1738724222766 144.55294222827587 70
1738724222800 182.06445959521517 71
1738724222835 160.69515646471476 72
1738724222870 187.92578485668244 73
1738724222905 188.76561201498902 74
1738724222940 136.63101463671327 75
1738724222975 166.5964008309628 76
1738724223009 158.97421469932377 77
1738724223044 180.57181071909287 78
1738724223079 164.2181185430704 79
1738724223113 172.03537046074504 80
1738724223148 149.54142433348636 81
1738724223183 182.03539102879625 82
1738724223217 141.764260921398 83
1738724223252 198.21200902365996 84
1738724223287 186.3623071858916 85
1738724223321 177.69233872906682 86
1738724223356 179.59993538787143 87
1738724223390 189.5393882135398 88
1738724223425 165.00112741310065 89
1738724223459 204.5720538082459 90
1738724223494 135.90799829416767 91
1738724223528 195.53593304719067 92
1738724223563 168.9748361714604 93
1738724223597 184.4837216152952 94
1738724223632 195.6038349437655 95
1738724223669 144.7613891859123 96
1738724223707 177.23965488299342 97
1738724223744 161.87057148701388 98
1738724223782 199.35461699674963 99
1738724223819 163.0708204286919 100
1738724223856 149.1005815798543 101
1738724223892 144.16213177325517 102
1738724223929 184.0113968975638 103
1738724223965 174.53765276148442 104
1738724224001 173.67233485586488 105
1738724224037 177.8852824595931 106
1738724224073 175.27339926283915 107
1738724224108 164.67026546575985 108
1738724224144 164.4886013584815 109
1738724224179 172.16654403803454 110
1738724224215 186.95319873399464 111
1738724224250 181.7457933291263 112
1738724224286 213.79770768797317 113
1738724224322 144.17392731274853 114
1738724224357 171.85640295425813 115
1738724224393 179.66621012238062 116
1738724224427 160.32991066872341 117
1738724224462 181.42676911394688 118
1738724224497 151.6735353502174 119
1738724224532 138.8930090214382 120
1738724224567 182.27816142769092 121
1738724224602 176.32332875430154 122
1738724224637 163.29652711727917 123
1738724224672 168.9046116187303 124
1738724224706 156.78526454016603 125
1738724224741 152.15051531685543 126
1738724224776 166.41732716060196 127
1738724224811 161.86791420109512 128
1738724224846 169.58261702160132 129
1738724224880 194.53937905688332 130
1738724224915 167.94770399001982 131
1738724224950 168.74106363435334 132
1738724224985 170.92407727093314 133
1738724225019 191.7449162761085 134
1738724225054 171.78020352971637 135
1738724225089 156.3806213897089 136
1738724225124 146.18461672912045 137
1738724225158 156.8036819787299 138
1738724225193 138.30370668405942 139
1738724225228 137.63577604367896 140
1738724225262 143.07272547245398 141
1738724225297 156.04546312429449 142
1738724225334 169.5232682768232 143
1738724225370 183.7337633083752 144
1738724225405 157.34432544623604 145
1738724225441 171.21595739516187 146
1738724225476 165.25420812328133 147
1738724225512 159.63395556245754 148
1738724225548 167.28411553219752 149
1738724225583 188.51518361943593 150
1738724225618 196.0540729453772 151
1738724225654 212.0577283869134 152
1738724225689 156.91219539718298 153
1738724225725 170.1531528303447 154
1738724225760 180.81255396752377 155
1738724225796 144.46531537826587 156
1738724225832 173.34573085608454 157
1738724225879 181.17486050282446 158
1738724225918 168.3646161831735 159
1738724225958 149.8321204282348 160
1738724225996 162.91819526725874 161
1738724226032 147.93377706529478 162
1738724226068 183.08625624833795 163
1738724226104 192.65874962868114 164
1738724226140 150.59682876350814 165
1738724226175 142.14999341004318 166
1738724226211 172.23591168773527 167
1738724226246 132.70087267974174 168
1738724226282 185.19871080996987 169
1738724226317 185.2910048088665 170
1738724226352 175.04255752725243 171
1738724226387 189.48277038562622 172
1738724226423 171.7814957179753 173
1738724226458 175.85925575047128 174
1738724226494 185.18764843915528 175
1738724226529 159.62982403761322 176
1738724226564 172.98052590618462 177
1738724226599 146.80866418257324 178
1738724226635 185.61538385544287 179
1738724226670 156.86896052662394 180
1738724226705 149.8745841230814 181
1738724226741 166.8323529441967 182
1738724226776 151.7607041775736 183
1738724226812 186.4013679302129 184
1738724226847 155.43017444213245 185
1738724226882 180.26135391872623 186
1738724226954 153.29952572814318 187
1738724226990 162.00495030629705 188
1738724227027 154.07027182005103 189
1738724227063 146.0642508319827 190
1738724227098 215.26051482246712 191
1738724227134 164.6641334946431 192
1738724227170 165.79679177229093 193
1738724227208 142.5273933265369 194
1738724227245 144.96036935872212 195
1738724227281 191.68928270546303 196
1738724227317 168.59782502595726 197
1738724227352 180.40542946614016 198
1738724227388 209.70626255805828 199
1738724227425 205.18686394884259 200
1738724227460 166.820569823967 201
1738724227496 167.74001147363194 202
1738724227532 181.00824148065576 203
1738724227569 156.11522839850633 204
1738724227605 159.85587498793885 205
1738724227640 151.85390763119403 206
1738724227677 149.61569268246546 207
1738724227713 184.14716801128998 208
1738724227749 161.04819629242328 209
1738724227784 177.38430090946602 210
1738724227819 173.82798990612093 211
1738724227854 158.9344048180541 212
1738724227889 177.69066725454869 213
1738724227924 161.33740771740068 214
1738724227959 154.72916676643607 215
1738724227994 178.80292082196965 216
1738724228029 172.68719987245245 217
1738724228064 177.20673210168573 218
1738724228099 137.99174556968944 219
1738724228134 169.72145182524258 220
1738724228169 163.2896119269683 221
1738724228211 159.72729089355173 222
1738724228248 159.99396709866434 223
1738724228284 175.80539658400807 224
1738724228320 168.32873717616468 225
1738724228355 153.69522029568367 226
1738724228391 178.1680742907249 227
1738724228426 171.13365506785726 228
1738724228461 183.1519896844283 229
1738724228496 174.73162934481968 230
1738724228531 189.46696293854336 231
1738724228566 192.7614976609222 232
1738724228601 168.00854729055249 233
1738724228636 164.28734558887794 234
1738724228671 195.8236369756854 235
1738724228706 152.73522823746666 236
1738724228741 181.95768389503044 237
1738724228776 124.27396830561894 238
1738724228811 159.66360262769726 239
1738724228846 191.60290977377252 240
1738724228881 172.32272876696862 241
1738724228916 168.68910062737646 242
1738724228951 108.987194815515 243
1738724228986 195.82749968379542 244
1738724229021 159.19765900160485 245
1738724229056 152.34480414431388 246
1738724229091 187.6496023828003 247
1738724229126 177.6372008563713 248
1738724229161 190.2101423074917 249
1738724229195 175.0042225120233 250
1738724229230 142.38611027311762 251
1738724229265 183.16127149594217 252
1738724229300 128.2321038582691 253
1738724229334 189.2274425820922 254
1738724229369 166.5779850705988 255
1738724229404 183.02913192700126 256
1738724229439 177.19377854022642 257
1738724229473 192.9923492785979 258
1738724229508 177.62994579004734 259
1738724229543 172.26765571702538 260
1738724229578 195.65146510733078 261
1738724229612 164.25700937346863 262
1738724229647 161.03804971961227 263
1738724229682 194.35540766941224 264
1738724229716 169.97552334140047 265
1738724229751 164.3807133691608 266
1738724229785 157.65750707438906 267
1738724229820 156.5594551974285 268
1738724229855 177.5296689419056 269
1738724229889 184.95298644945788 270
1738724229924 166.34701721490921 271
1738724229960 149.00501279678747 272
1738724229996 175.29076838943172 273
1738724230033 152.32239871702296 274
1738724230069 152.62239831041106 275
1738724230105 149.0041550417088 276
1738724230140 165.04935110254792 277
1738724230176 97.74594616981373 278
1738724230211 175.87099922020874 279
1738724230246 171.44366585727005 280
1738724230281 230.31605946716545 281
1738724230316 190.2047765595801 282
1738724230351 175.79568561878716 283
1738724230386 158.0153659199971 284
1738724230421 193.02935134185992 285
1738724230456 179.53205059580006 286
1738724230491 121.97157341908219 287
1738724230525 159.84977887093422 288
1738724230560 151.27415829381897 289
1738724230596 161.05390861450124 290
1738724230632 194.65349057027936 291
1738724230668 182.45745741922497 292
1738724230704 179.22504323756849 293
1738724230741 164.3988111448376 294
1738724230776 192.15138789367563 295
1738724230811 174.12982867834012 296
1738724230846 146.2868917104519 297
1738724230881 170.35477055580932 298
1738724230916 163.5447310854335 299
1738724230951 187.16164124213097 300
1738724230985 153.49630623357086 301
1738724231020 186.5238461416249 302
1738724231055 136.28206879745508 303
1738724231089 184.85751740600534 304
1738724231124 219.64156228335625 305
1738724231158 166.53868000502254 306
1738724231193 114.76473107019366 307
1738724231228 176.34635795277472 308
1738724231262 96.58172925473369 309
1738724231301 165.41666639025797 310
1738724231348 126.93394095550414 311
1738724231387 177.12761501913948 312
1738724231424 137.37241013901453 313
1738724231462 162.57289613629789 314
1738724231499 177.58117893346 315
1738724231535 149.4517188921242 316
1738724231571 158.99284359606295 317
1738724231606 173.71295259006945 318
1738724231643 187.97499562903712 319
1738724231680 129.71091102147676 320
1738724231717 152.87943843137398 321
1738724231753 150.13613245617404 322
1738724231790 176.51636656412356 323
1738724231827 188.49538091660085 324
1738724231863 173.69281919170803 325
1738724231899 151.77035611181765 326
1738724231935 165.92386818684795 327
1738724231970 194.96605125557937 328
1738724232006 177.5180873979866 329
1738724232042 143.85617709085344 330
1738724232079 163.62515180927605 331
1738724232115 173.0910946526766 332
1738724232152 173.86914973021203 333
1738724232188 179.241837514309 334
1738724232224 165.79748826949884 335
1738724232259 170.32378874454008 336
1738724232295 162.21586142009198 337
1738724232331 160.85108505055172 338
1738724232404 185.06216492931264 339
1738724232440 172.19319562460117 340
1738724232476 167.84558529423322 341
1738724232512 174.86077782726136 342
1738724232549 142.72663238063254 343
1738724232585 162.2428545834105 344
1738724232622 150.26183850608956 345
1738724232658 184.48224414727113 346
1738724232694 155.18055744817423 347
1738724232729 161.1544911898307 348
1738724232765 153.57730981913272 349
1738724232801 177.7695859026174 350
1738724232836 157.73795237798245 351
1738724232872 174.9467792688042 352
1738724232907 88.85680933952591 353
1738724232942 169.64047099733142 354
1738724232978 159.42484329884329 355
1738724233014 190.7622288811541 356
1738724233050 166.4265023529096 357
1738724233088 151.28902755587038 358
1738724233123 134.39395420069897 359
1738724233158 177.40031294963612 360
1738724233193 192.37970857204826 361
1738724233228 136.30828240451183 362
1738724233264 143.94385637036527 363
1738724233299 174.10464829264214 364
1738724233334 161.476986140569 365
1738724233370 155.37078214364826 366
1738724233405 180.8849882737652 367
1738724233440 193.40236913588865 368
1738724233475 173.92901229220155 369
1738724233510 156.26344169906773 370
1738724233546 198.97617110828622 371
1738724233582 182.0203555895211 372
1738724233618 163.32163892554317 373
1738724233655 148.1873906016677 374
1738724233691 91.5593244541953 375
1738724233727 166.20783881387135 376
1738724233763 160.21454921479489 377
1738724233799 145.51308856904066 378
1738724233834 177.27014501203016 379
1738724233870 168.0404632935785 380
1738724233906 192.59667260246775 381
1738724233942 129.96104350721762 382
1738724233977 147.22313028492937 383
1738724234013 160.81411091690632 384
1738724234050 156.6008260896228 385
1738724234087 176.54950402498045 386
1738724234123 171.73781068710008 387
1738724234159 181.91938311025248 388
1738724234195 184.50614186885747 389
1738724234231 159.0377950607479 390
1738724234267 189.59164864281004 391
1738724234303 179.58304738840351 392
1738724234339 144.8669755237271 393
1738724234374 157.2380101888454 394
1738724234410 165.67621749070094 395
1738724234445 184.52600154950198 396
1738724234481 170.6781981100944 397
1738724234516 146.22051140934835 398
1738724234572 178.4209310695952 399
1738724234608 150.16444590374115 400
1738724234643 153.1682060465858 401
1738724234679 164.62088593615573 402
1738724234714 177.33993257424189 403
1738724234749 150.3894164359419 404
1738724234784 132.0718549106162 405
1738724234819 147.2995884827615 406
1738724234855 150.01652157549262 407
1738724234892 167.5453455492461 408
1738724234927 137.36793321923605 409
1738724234963 188.34100164061343 410
1738724234999 162.15681125278567 411
1738724235035 162.6904569986687 412
1738724235070 168.8156193551958 413
1738724235106 138.50800302632516 414
1738724235141 178.73418965586325 415
1738724235176 159.5641915953547 416
1738724235211 166.0445988816492 417
1738724235246 165.6608469726027 418
1738724235282 196.33581015715237 419
1738724235317 196.02588440733746 420
1738724235353 156.3979993201887 421
1738724235390 163.93717722798547 422
1738724235426 174.31729031532117 423
1738724235463 148.59222113544183 424
1738724235499 146.83490503228586 425
1738724235535 157.61350333158398 426
1738724235571 193.85692025376304 427
1738724235606 173.44056228283512 428
1738724235642 190.1112190294328 429
1738724235677 145.89782803949493 430
1738724235713 192.50841218662202 431
1738724235749 160.15878815951038 432
1738724235785 189.59260150724816 433
1738724235821 162.84350443922165 434
1738724235858 163.03653525967474 435
1738724235894 171.37122243743218 436
1738724235929 207.46419637992975 437
1738724235965 200.6227503169112 438
1738724236000 157.56773503722027 439
1738724236036 164.06354590447054 440
1738724236071 106.86334133151122 441
1738724236106 178.07638540252546 442
1738724236142 157.8390542169607 443
1738724236177 172.44795532469112 444
1738724236213 161.84485123104307 445
1738724236248 160.45385542966318 446
1738724236283 179.01801744069874 447
1738724236318 185.79649849142984 448
1738724236354 146.03927490068753 449
1738724236391 166.13297607557618 450
1738724236428 187.04066564890738 451
1738724236465 189.29511017927305 452
1738724236502 146.20517824921907 453
1738724236538 137.6196668107134 454
1738724236574 176.9605449180869 455
1738724236610 182.64810611250186 456
1738724236646 160.04431866598583 457
1738724236682 175.00792190703984 458
1738724236718 174.61542243693864 459
1738724236755 136.87496528826392 460
1738724236792 167.293790874294 461
1738724236828 192.91669979774892 462
1738724236866 156.09292247437122 463
1738724236903 186.90954012695698 464
1738724236990 164.81082089698998 465
1738724237035 165.9742344666918 466
1738724237072 189.58721468431415 467
1738724237108 164.20293838338105 468
1738724237145 142.45957699234353 469
1738724237182 179.46622440741902 470
1738724237219 161.83244244836553 471
1738724237255 150.6371549925254 472
1738724237292 144.59234571123508 473
1738724237329 171.68520930341802 474
1738724237366 175.09507397458063 475
1738724237402 188.54459031406566 476
1738724237438 170.51174549649454 477
1738724237474 178.05876862820705 478
1738724237510 155.284465038637 479
1738724237545 155.30886661496461 480
1738724237580 174.22108740942087 481
1738724237616 166.93695187753096 482
1738724237651 186.17936638731464 483
1738724237686 144.97556862835833 484
1738724237721 165.0989249179304 485
1738724237757 175.90388662897507 486
1738724237793 202.78620166052292 487
1738724237829 181.48450572210098 488
1738724237865 179.18929761246503 489
1738724237901 182.50145559516105 490
1738724237937 171.42603268099566 491
1738724237972 176.51119916001306 492
1738724238008 183.40758601554896 493
1738724238044 190.8798962200246 494
1738724238079 164.1110559982144 495
1738724238115 169.0245901184315 496
1738724238151 171.5445053331224 497
1738724238188 160.49637439583776 498
1738724238224 192.51057751868774 499
