1738726716249 167.71118109309288 0
1738726716253 169.82888584316436 1
1738726716257 169.73691239628047 2
1738726716261 169.00102585522626 3
1738726716266 169.01110932864182 4
1738726716270 170.03307030474303 5
1738726716274 167.64112821144613 6
1738726716278 172.37446478018316 7
1738726716282 169.01078240338853 8
1738726716286 170.93542179584236 9
1738726716290 168.36620683839493 10
1738726716294 167.0313779642174 11
1738726716298 168.06106774171468 12
1738726716302 169.4669552367304 13
1738726716306 169.259429646518 14
1738726716310 167.89437913019412 15
1738726716314 167.8224047511253 16
1738726716318 167.67402543255625 17
1738726716322 168.0702910547587 18
1738726716326 167.77340058423604 19
1738726716330 168.91498297980704 20
1738726716334 167.62799404322882 21
1738726716337 168.07603995895687 22
1738726716342 167.28609356817864 23
1738726716346 168.43361081956147 24
1738726716350 170.32144314795946 25
1738726716354 170.67339799301456 26
1738726716358 170.20420410596554 27
1738726716362 167.0249235711425 28
1738726716366 167.31694343121677 29
1738726716370 169.94626645000045 30
1738726716374 172.85126947106147 31
1738726716378 168.3539331686457 32
1738726716383 168.43573393222871 33
1738726716387 170.67455005626118 34
1738726716391 167.83001296468308 35
1738726716395 168.77948405818387 36
1738726716399 168.35733879855252 37
1738726716403 168.5224560091004 38
1738726716407 168.93874806599914 39
1738726716411 166.64940060181587 40
1738726716415 171.04010691159215 41
1738726716419 168.22491905700335 42
1738726716423 168.28899454628248 43
1738726716430 169.83078788459537 44
1738726716436 168.14142768557 45
1738726716440 171.0277003778316 46
1738726716444 168.69822416508575 47
1738726716448 169.0851947758844 48
1738726716452 168.43519928834564 49
1738726716456 165.90484319136561 50
1738726716460 168.27352098138243 51
1738726716464 169.68184503763808 52
1738726716468 168.0855669055515 53
1738726716472 169.93302562482737 54
1738726716476 168.1945567716667 55
1738726716480 170.62661907721724 56
1738726716484 169.63305399104902 57
1738726716488 168.6206410004617 58
1738726716492 167.0707323674107 59
1738726716496 168.5468194408369 60
1738726716500 168.93474162993408 61
1738726716505 169.94066125481757 62
1738726716509 169.99555489514614 63
1738726716512 170.87344463328978 64
1738726716517 166.68456819994375 65
1738726716521 170.29598159049468 66
1738726716525 169.63042111876618 67
1738726716529 169.5475080918622 68
1738726716533 166.71537994084173 69
1738726716536 168.39273850784429 70
1738726716540 167.68313747899577 71
1738726716544 169.66897893281 72
1738726716548 167.70027258549447 73
1738726716552 167.56145963405635 74
1738726716556 167.59909036638723 75
1738726716560 170.13783773780503 76
1738726716564 169.38620723611928 77
1738726716568 169.87210311800456 78
1738726716572 172.47600205412658 79
1738726716576 170.69383561099085 80
1738726716580 169.10312806865628 81
1738726716584 169.2231621978791 82
1738726716588 170.37390608646047 83
1738726716591 169.20732608709488 84
1738726716595 168.54301263955506 85
1738726716599 168.31146578796623 86
1738726716603 171.9407796530681 87
1738726716607 168.76182202310798 88
1738726716611 169.91236133709924 89
1738726716615 168.67485282335213 90
1738726716619 169.36969597262606 91
1738726716623 169.1919562392633 92
1738726716627 168.7737449038276 93
1738726716630 169.93619953429427 94
1738726716634 168.50017834008617 95
1738726716638 170.1205059693446 96
1738726716642 169.29708948745292 97
1738726716646 169.9454496613962 98
1738726716650 169.74264352505358 99
1738726716654 169.70075229285743 100
1738726716658 170.73437921175477 101
1738726716662 171.23674530795614 102
1738726716666 170.55340039025367 103
1738726716670 169.3935807498342 104
1738726716673 169.4470080846178 105
1738726716677 169.53383403744826 106
1738726716681 169.26303607191988 107
1738726716685 168.24190095066075 108
1738726716689 169.74850260585703 109
1738726716693 169.80340424305854 110
1738726716697 168.6767635877284 111
1738726716701 166.42695925382088 112
1738726716705 168.9379090753469 113
1738726716708 168.80294936554372 114
1738726716712 168.13291933795992 115
1738726716716 167.76359038421555 116
1738726716720 171.0697420874402 117
1738726716724 168.14607171832853 118
1738726716728 167.91049154014235 119
1738726716732 171.13098130133687 120
1738726716736 169.03989781739475 121
1738726716740 169.66844500651638 122
1738726716744 170.00885135317498 123
