1738726149306 169.22610250334122 0
1738726149310 168.87084996196464 1
1738726149313 169.14542342155843 2
1738726149317 169.05693380255315 3
1738726149320 171.05936653320558 4
1738726149324 168.705762453136 5
1738726149328 170.4315036480807 6
1738726149332 170.2378688315428 7
1738726149336 168.7093241408454 8
1738726149339 169.23859096473615 9
1738726149343 167.43707123476767 10
1738726149348 168.17451637070073 11
1738726149352 169.88891786106643 12
1738726149355 167.71930431115587 13
1738726149359 167.25755866181248 14
1738726149362 168.11017783612593 15
1738726149366 167.98577115058544 16
1738726149370 167.50751110782454 17
1738726149373 167.6045730863893 18
1738726149377 171.96577869394963 19
1738726149381 167.65089358929558 20
1738726149384 169.02855102477847 21
1738726149388 167.59673969583338 22
1738726149391 168.16492765051885 23
1738726149395 168.02459244099052 24
1738726149398 166.13794606430952 25
