1738723690436 168.586220887527 0
1738723690440 169.3792885617486 1
1738723690442 167.6931722126351 2
1738723690445 169.44650146548014 3
1738723690447 167.6557223067801 4
1738723690450 171.38448877890582 5
1738723690452 168.86581593110554 6
1738723690455 170.03625856892282 7
1738723690457 167.14053775048723 8
1738723690460 169.1828338786159 9
1738723690463 170.4229124114164 10
1738723690466 169.94478071406365 11
1738723690469 166.16544648727256 12
1738723690472 170.60333434965585 13
1738723690474 168.4350921272575 14
1738723690477 169.01063342463905 15
1738723690480 166.00647947730045 16
1738723690482 169.89917148483218 17
1738723690485 168.2996899976758 18
1738723690488 166.5825273678109 19
1738723690491 167.70827682258354 20
1738723690494 170.21314472507768 21
1738723690496 167.34078712862345 22
1738723690499 168.2193015760692 23
1738723690501 168.30721369856852 24
1738723690504 169.4379099945628 25
1738723690506 166.70723329512296 26
1738723690509 168.64858075838654 27
1738723690511 169.05874500201878 28
1738723690514 169.81246885307075 29
1738723690516 169.36322522270274 30
1738723690518 171.67240959209155 31
1738723690521 171.73763538531787 32
1738723690523 170.5592632022274 33
1738723690526 170.43919459655433 34
1738723690528 171.3899913207221 35
1738723690531 168.6488771121266 36
1738723690533 169.1496312555447 37
1738723690535 169.07614032197841 38
1738723690538 170.2789407666795 39
1738723690540 167.70936457538392 40
1738723690543 168.36179834594893 41
1738723690545 172.60990134826469 42
1738723690548 169.1465046758787 43
1738723690550 169.717164054635 44
1738723690553 167.3898116941536 45
1738723690555 170.18161388449667 46
1738723690557 170.4534664446576 47
1738723690560 165.94283955080704 48
1738723690562 171.15330819426177 49
1738723690565 168.839971863216 50
1738723690567 167.2043433039323 51
1738723690570 166.0829244637683 52
1738723690572 169.33253522590672 53
1738723690574 169.5347717683845 54
1738723690577 166.10962884736654 55
1738723690579 167.29008924586066 56
1738723690582 167.78466652845262 57
1738723690584 167.585024866124 58
1738723690587 166.99583234927334 59
1738723690589 168.48607098607738 60
1738723690591 168.77995388183825 61
1738723690594 169.6788195718338 62
1738723690596 167.9017391118437 63
1738723690599 168.18426724214456 64
1738723690601 168.58673248938155 65
1738723690604 170.84329090917458 66
1738723690606 168.5422205878265 67
1738723690608 168.9638937525817 68
1738723690611 170.94733248594923 69
1738723690613 169.76833042823614 70
1738723690616 167.9599869241113 71
1738723690618 168.21193781652266 72
1738723690621 168.9272435377425 73
1738723690623 169.06429101164443 74
1738723690626 171.23859915865225 75
1738723690628 169.6974049070231 76
1738723690631 169.47938183568343 77
1738723690633 168.0284689315288 78
1738723690636 167.29660313745362 79
1738723690638 168.49382380966523 80
1738723690641 169.00302387463807 81
1738723690643 168.3184781508491 82
1738723690646 168.63817831068005 83
1738723690648 169.77321074125732 84
1738723690651 170.07029022114716 85
1738723690654 170.86833469916147 86
1738723690656 168.12458837709636 87
1738723690658 170.04154859913538 88
1738723690661 172.77661862717335 89
1738723690664 168.7636174166257 90
1738723690666 170.27181066283174 91
1738723690669 169.11816477955185 92
1738723690671 169.50906228936896 93
1738723690673 167.06181375241604 94
1738723690676 168.41773086835505 95
1738723690678 168.6245814977174 96
1738723690681 169.13439325401598 97
1738723690683 166.742335156848 98
1738723690685 170.15305464564807 99
1738723690688 169.07078354217472 100
1738723690690 171.01815424932406 101
1738723690693 168.54816825403609 102
1738723690695 167.23095943075856 103
1738723690698 166.75566038625087 104
1738723690700 169.2281074811929 105
1738723690702 166.09058744957503 106
1738723690705 168.14068691895278 107
1738723690707 168.8926915190004 108
1738723690710 168.43949021386092 109
1738723690712 170.07838975193516 110
1738723690715 169.01104864966362 111
1738723690717 169.62666911945752 112
1738723690719 166.72248287793877 113
1738723690722 168.2470958389912 114
1738723690724 168.1451889448741 115
1738723690727 170.28895179879083 116
1738723690729 168.98612743624204 117
1738723690732 169.0318159674985 118
1738723690734 168.0371915173928 119
1738723690736 167.6768007705137 120
1738723690739 171.3829753580649 121
1738723690742 168.93426452641398 122
1738723690744 170.49393880809475 123
1738723690747 168.92913010867824 124
1738723690749 169.1983480867132 125
1738723690752 168.155385461836 126
1738723690754 169.3491488373338 127
1738723690757 170.44521589397579 128
1738723690759 169.67359953721527 129
1738723690761 169.50793642408578 130
1738723690764 166.54715297276832 131
1738723690766 166.24435139664013 132
1738723690769 168.335513728511 133
1738723690771 170.8187854379354 134
1738723690774 170.27238643927885 135
1738723690776 167.77424296390706 136
1738723690779 169.0170482569366 137
1738723690781 169.17301089982737 138
1738723690784 167.8840138637878 139
1738723690786 165.70526827608174 140
1738723690788 169.35874855060356 141
1738723690791 167.73186183545067 142
1738723690793 167.84942667017475 143
1738723690796 169.88737257223204 144
1738723690798 169.8077817647059 145
1738723690800 168.14573123993574 146
1738723690803 170.13506111133026 147
1738723690805 170.31267486789577 148
1738723690808 169.66862955084738 149
1738723690810 167.80384078446127 150
1738723690813 170.39160430068824 151
1738723690815 168.47361302526122 152
1738723690817 167.90132017683086 153
1738723690820 170.66881389584162 154
1738723690822 167.77860692214614 155
1738723690825 170.00605371315456 156
