1738724005267 181.62824989842966 0
1738724005304 173.9630413511868 1
1738724005341 163.48728918305335 2
1738724005378 195.50582805525406 3
1738724005415 175.35146201991185 4
1738724005452 177.8701539620033 5
1738724005489 172.66245756293245 6
1738724005525 160.19973375441393 7
1738724005562 177.48721159619254 8
1738724005598 172.97374191471866 9
1738724005635 177.1367230160342 10
1738724005671 162.78374097439243 11
1738724005708 177.75711511357494 12
1738724005744 167.16736197482064 13
1738724005780 165.780116913881 14
1738724005817 176.89894030443537 15
1738724005853 163.35796844441182 16
