1738726601765 182.97480264433878 0
1738726601803 165.54184033619833 1
1738726601841 163.3673386235016 2
1738726601879 159.7980195118604 3
1738726601917 158.32733154225747 4
1738726601960 172.56721699397346 5
1738726601998 164.25590963530053 6
1738726602036 164.78830846619027 7
1738726602073 151.59694383124491 8
1738726602111 158.8334561047488 9
1738726602150 156.76217165349564 10
1738726602192 179.8410726024369 11
1738726602231 172.71177253590596 12
1738726602269 157.78497911109568 13
1738726602308 179.32963312682944 14
1738726602347 167.8721169854285 15
1738726602386 158.58783308383687 16
1738726602425 173.73170197998394 17
1738726602463 166.09240974992326 18
1738726602502 163.66135292531365 19
1738726602540 168.06406904599712 20
1738726602578 183.0853010208077 21
1738726602616 175.61810452864177 22
1738726602653 193.45813720123525 23
1738726602691 165.4794874737978 24
