1738722535160 183.59309065124185 0
1738722535197 155.9212655517992 1
1738722535234 166.73120715492112 2
1738722535272 174.09212988786112 3
1738722535309 165.89316405119254 4
1738722535348 152.48883773235175 5
1738722535385 179.17367824691465 6
1738722535424 166.47907763400633 7
1738722535462 184.16828749903502 8
1738722535500 167.0049421528358 9
1738722535537 188.1685691773818 10
1738722535575 168.86701090875096 11
1738722535614 181.02454134799035 12
1738722535652 174.39170987109867 13
1738722535689 173.80233575992716 14
1738722535726 166.75633454790068 15
1738722535764 172.86677791039037 16
