1738721999028 169.07803444798304 0
1738721999030 170.01441517077973 1
1738721999032 170.54290679759038 2
1738721999034 168.42146322968617 3
1738721999036 167.61441579123314 4
1738721999037 169.53864264255503 5
1738721999039 167.65531692008682 6
1738721999041 168.80884904292887 7
1738721999042 168.39245546115325 8
1738721999044 169.3227667719133 9
1738721999046 169.5152281022681 10
1738721999047 168.1724406295815 11
1738721999049 168.86756425226417 12
1738721999051 168.76730353733822 13
1738721999052 171.65403195785674 14
1738721999054 165.55940844796777 15
1738721999055 168.22433516004804 16
1738721999057 168.5847023467437 17
1738721999059 169.259252719909 18
1738721999060 169.00801106811394 19
1738721999062 166.3214988682375 20
1738721999063 171.1808526874247 21
1738721999065 168.9396164075273 22
1738721999067 167.43923266302755 23
1738721999068 167.71864433781266 24
1738721999070 168.68949451137 25
1738721999071 168.41785744737163 26
1738721999073 171.0306151597483 27
1738721999075 169.3746795863387 28
1738721999076 168.20458414240818 29
1738721999078 170.6897448944624 30
1738721999079 169.7499391141812 31
1738721999081 166.80273439582217 32
1738721999082 169.1535416658326 33
1738721999084 171.88343344003022 34
1738721999086 171.42031602475254 35
1738721999087 169.9008661154858 36
1738721999089 169.23709361087967 37
1738721999090 165.0142212096367 38
1738721999092 169.69374950197363 39
1738721999093 168.52457400961143 40
1738721999095 169.67315150145913 41
1738721999096 168.37221344693376 42
1738721999098 170.3011607012004 43
1738721999100 168.87616503975903 44
1738721999101 169.59738577706253 45
1738721999103 166.6522208528871 46
1738721999104 169.6225763536647 47
1738721999106 167.60212679459755 48
1738721999107 169.24068013062288 49
1738721999109 167.4772703288574 50
1738721999111 168.1128680809643 51
1738721999112 169.98360588701038 52
1738721999114 167.76679223809984 53
1738721999115 168.2330737140993 54
1738721999117 167.098998886449 55
1738721999118 169.37860127244906 56
1738721999120 169.16632627333465 57
1738721999122 169.11751007510483 58
1738721999123 170.55352632659714 59
1738721999125 167.38311306934162 60
1738721999126 168.0877926404654 61
1738721999128 166.39524857128208 62
1738721999129 170.8364990060028 63
1738721999131 169.06919635132775 64
1738721999133 169.52233233242762 65
1738721999134 169.6746102098384 66
1738721999136 168.68799606561066 67
1738721999137 167.60301440318645 68
1738721999139 169.69917600706998 69
1738721999140 169.50138260435284 70
1738721999142 169.59805648817832 71
1738721999144 171.5314231249486 72
1738721999145 171.4833231971603 73
1738721999147 167.96051838361694 74
1738721999148 171.25433644553092 75
1738721999150 169.1529841265255 76
1738721999151 168.9714675442208 77
1738721999153 169.7521748131396 78
1738721999155 167.42541812714077 79
1738721999156 168.6943748964407 80
1738721999158 170.17243920657313 81
1738721999159 170.09787381817037 82
1738721999161 168.9890260797034 83
1738721999162 169.46528632112745 84
1738721999164 167.98049533208555 85
1738721999165 169.21713122372628 86
1738721999167 172.80017587893084 87
1738721999169 168.73262938229743 88
1738721999170 167.9827944563601 89
1738721999172 167.41251262087056 90
1738721999173 168.21209515430357 91
1738721999175 171.6113630474694 92
1738721999176 170.80458100601248 93
1738721999178 173.12794243045394 94
1738721999180 167.41564226302654 95
1738721999181 169.22680025404551 96
1738721999183 169.5183769396488 97
1738721999185 169.22350399505433 98
1738721999186 168.85707223459787 99
1738721999188 169.96607254486455 100
1738721999189 172.04560090422592 101
1738721999191 170.3504113093155 102
1738721999192 169.9387735432539 103
1738721999194 168.18049497363327 104
1738721999196 171.2302590142586 105
1738721999197 167.41035566002571 106
1738721999199 168.13781017895684 107
1738721999200 169.84636250335961 108
1738721999202 165.57765915149187 109
1738721999203 168.43312320788613 110
1738721999205 169.87387992251087 111
1738721999207 170.06680607261475 112
1738721999208 166.2990416899672 113
1738721999210 169.5831026278541 114
1738721999211 168.23887463242158 115
1738721999213 172.07820860688815 116
1738721999215 169.9772494625269 117
1738721999216 167.5381631030078 118
1738721999218 169.44606373313545 119
1738721999220 167.63247348677154 120
1738721999222 169.46949749452332 121
1738721999223 170.16169971336703 122
1738721999225 169.33200114070047 123
1738721999227 168.87536245331614 124
1738721999229 168.73640340950712 125
1738721999230 168.0521060974 126
1738721999232 167.74264556684594 127
1738721999233 169.18981997696966 128
1738721999235 170.0942784532754 129
1738721999237 167.63550579045798 130
1738721999239 168.62407072383849 131
1738721999241 169.57338978153092 132
1738721999243 169.9283004026037 133
1738721999245 168.81715872025683 134
1738721999247 168.98363952460898 135
1738721999249 169.7965308172585 136
1738721999251 169.15330419589208 137
1738721999252 169.6880575296284 138
1738721999254 168.4708260406695 139
1738721999256 168.6818334410532 140
1738721999258 169.31363224787884 141
1738721999259 167.21355068503814 142
1738721999261 169.11900888431617 143
1738721999262 167.60544571496618 144
1738721999264 171.3675911031036 145
1738721999266 168.73495408029703 146
1738721999268 169.04760083084565 147
1738721999270 169.63915343549957 148
1738721999271 169.53416949546275 149
1738721999273 166.70611806623444 150
1738721999275 170.92867536332514 151
1738721999277 169.02371458195168 152
1738721999278 167.6347021896548 153
1738721999280 169.97904506475396 154
1738721999282 169.56111918542211 155
1738721999284 167.97529320066357 156
1738721999286 169.16622923530647 157
1738721999287 168.94181345239164 158
1738721999289 167.74178873137993 159
1738721999291 169.31517762872872 160
1738721999293 171.06592074949296 161
1738721999295 169.92918020111168 162
1738721999296 167.13184898669704 163
1738721999298 168.99270256392228 164
1738721999300 169.3046858375225 165
1738721999302 168.97044374241577 166
