1738723688689 169.18919346253972 0
1738723688692 169.17766640157154 1
1738723688694 169.1665319458905 2
1738723688696 169.15577415084175 3
1738723688698 169.1453777701227 4
1738723688700 169.13532822445418 5
1738723688702 169.12561157166786 6
1738723688704 169.1162144781472 7
1738723688706 169.10712419155962 8
1738723688708 169.09832851482108 9
1738723688710 169.089815781238 10
1738723688712 169.08157483077238 11
1738723688713 169.07359498737964 12
1738723688715 169.06586603736983 13
1738723688717 169.05837820874692 14
1738723688720 169.05112215148034 15
1738723688722 169.04408891866817 16
1738723688724 169.0372699485498 17
1738723688726 169.03065704733095 18
1738723688728 169.0242423727835 19
1738723688730 169.01801841858529 20
1738723688732 169.0119779993659 21
1738723688734 169.0061142364271 22
1738723688736 169.00042054410676 23
1738723688737 168.9948906167578 24
1738723688739 168.98951841631322 25
1738723688741 168.98429816041144 26
1738723688743 168.97922431105698 27
1738723688745 168.97429156379104 28
1738723688747 168.96949483734969 29
1738723688748 168.9648292637874 30
1738723688750 168.96029017904507 31
1738723688752 168.95688199776626 32
1738723688754 168.95356736204616 33
1738723688756 168.95034299444814 34
1738723688758 168.9472057477868 35
1738723688760 168.94415259965777 36
1738723688762 168.94118064720442 37
1738723688764 168.93828710211028 38
1738723688766 168.93546928580827 39
