1738724391996 118.37435950528757 0
1738724392028 169.7060529276803 1
1738724392060 95.8979304489444 2
1738724392093 87.4555943365435 3
1738724392125 200.70139178303913 4
1738724392158 150.27992189166562 5
1738724392191 207.31718494113335 6
1738724392224 165.83954588366018 7
1738724392257 148.3500160357958 8
1738724392289 223.22991416284728 9
1738724392322 167.77002379533062 10
1738724392355 187.7278143560269 11
1738724392387 138.04308596602394 12
1738724392420 278.2068948301445 13
1738724392452 174.96487741100376 14
1738724392484 137.13737773652085 15
1738724392516 192.32960752419146 16
1738724392549 200.66247276017907 17
1738724392581 243.97933086775205 18
1738724392613 194.73795859508562 19
1738724392645 146.63690855360238 20
1738724392677 167.24375692707858 21
1738724392709 248.70837244630624 22
1738724392742 131.64618404101384 23
1738724392774 110.42749166674258 24
1738724392806 111.56389298699294 25
1738724392838 174.61288046028886 26
1738724392870 144.37618728844163 27
1738724392903 183.62575375086652 28
1738724392935 137.15937592558674 29
1738724392968 126.72505128263533 30
1738724393000 173.14267025559465 31
1738724393032 119.45194014439784 32
1738724393064 155.64812624200977 33
1738724393096 102.03541006654359 34
1738724393128 241.61364475152243 35
1738724393160 190.98066012510753 36
1738724393192 64.77960593268139 37
1738724393224 214.7024819266239 38
1738724393256 155.12999164820664 39
1738724393288 159.67186227496185 40
1738724393320 261.2776935352664 41
1738724393352 122.95455588881546 42
1738724393383 146.50320948168903 43
1738724393415 138.66712994549988 44
1738724393447 183.21954088127364 45
1738724393479 190.70168745383484 46
1738724393511 149.86807666682023 47
1738724393542 168.781523120129 48
1738724393574 94.98410065423154 49
1738724393606 151.57035436158696 50
1738724393638 221.64426257396897 51
1738724393671 199.72934475939132 52
1738724393704 151.53619441833985 53
1738724393739 146.53309741267353 54
1738724393772 131.43385400463933 55
1738724393806 245.75230466895138 56
1738724393839 131.6168221376445 57
1738724393871 224.48186179327726 58
1738724393904 132.91626448592154 59
1738724393938 225.92320871299665 60
1738724393971 186.45052709237532 61
1738724394003 210.52407986378006 62
1738724394036 154.07933956891517 63
1738724394068 226.747316233614 64
1738724394100 236.80032375482986 65
1738724394133 106.34569996703202 66
1738724394165 150.83391479631743 67
1738724394198 249.58938152598614 68
1738724394230 146.48343143426646 69
1738724394262 133.84628912111813 70
1738724394294 138.151095548962 71
1738724394351 335.3282287058841 72
1738724394384 163.8489241425199 73
1738724394417 123.06797322187926 74
1738724394449 183.122691167546 75
1738724394482 184.89296202455438 76
1738724394514 165.22666474909732 77
1738724394546 231.2370082323439 78
1738724394579 124.3952456401148 79
1738724394611 145.12891852978757 80
1738724394644 113.02390884993565 81
1738724394676 156.04972619397398 82
1738724394708 129.4915632615663 83
1738724394741 153.41377732549805 84
1738724394773 147.1479828447663 85
1738724394805 117.86394796872281 86
1738724394837 175.943952683392 87
1738724394869 184.87306591197333 88
1738724394901 196.78805996306048 89
1738724394933 126.27161818111585 90
1738724394965 257.8489594468217 91
1738724394997 176.43223556474953 92
1738724395029 155.67832305375083 93
1738724395061 146.63474194570688 94
1738724395092 199.9927290018399 95
1738724395124 199.64973521427828 96
1738724395156 174.25926385912703 97
1738724395188 162.43864088972003 98
1738724395220 148.49344233492235 99
1738724395252 191.7230854258976 100
1738724395284 209.52484335961708 101
1738724395316 163.2192839479513 102
1738724395349 202.94050384683413 103
1738724395381 162.61201852005834 104
1738724395413 127.94309767524297 105
1738724395445 162.53253799861025 106
1738724395477 183.04111793499735 107
1738724395509 163.27484850962364 108
1738724395541 108.63024706432837 109
1738724395573 137.26730005651885 110
1738724395605 234.02885271273405 111
1738724395637 181.40139229832442 112
1738724395668 170.2803240000787 113
1738724395700 249.01854107391623 114
1738724395732 191.2629599218804 115
1738724395764 216.3130903261596 116
1738724395796 184.93885130451864 117
1738724395828 176.87144366666575 118
1738724395860 116.55864204643123 119
1738724395892 199.45344414341707 120
1738724395923 170.59284683704766 121
1738724395955 169.74423109617817 122
1738724395988 180.52970124685208 123
1738724396020 208.35465124694522 124
1738724396051 166.31914759688854 125
1738724396083 169.84307824452893 126
1738724396115 193.15270342554984 127
1738724396147 117.56234310085304 128
1738724396178 170.32042953487004 129
1738724396210 148.30817839597466 130
1738724396242 87.38448506224414 131
1738724396274 180.80899677697857 132
1738724396305 147.87069383320966 133
1738724396337 137.40692945919847 134
1738724396369 225.7149885655432 135
1738724396400 167.7576601088167 136
1738724396432 225.05118004133584 137
1738724396464 108.64188882572769 138
1738724396496 164.07320667836538 139
1738724396527 195.3362962199448 140
1738724396559 294.39883912787195 141
1738724396591 161.43663417389038 142
1738724396623 154.215606462931 143
1738724396655 187.45723254122618 144
1738724396686 196.52634316770403 145
1738724396718 191.65957073474456 146
1738724396750 79.74978253620868 147
1738724396781 181.65552708164077 148
1738724396813 183.84486915024067 149
1738724396845 164.78317405899747 150
1738724396876 180.96686183690505 151
1738724396908 215.25263231372736 152
1738724396940 125.07849927091817 153
1738724396972 148.73011274535784 154
1738724397003 112.94824938206207 155
1738724397035 299.1385728169928 156
1738724397067 144.86845590962454 157
1738724397098 192.15821038407188 158
1738724397130 179.63963785889004 159
1738724397162 190.14078442269292 160
1738724397194 131.30332177961577 161
1738724397225 164.10258149232305 162
1738724397257 160.4977905321708 163
1738724397288 155.69013763563234 164
1738724397320 175.00941760417146 165
1738724397352 220.28629537411686 166
1738724397384 215.72481671240556 167
1738724397415 187.66242067183248 168
1738724397447 200.99261932148576 169
1738724397478 153.1568331197318 170
1738724397510 109.48960528967244 171
1738724397542 140.55526723571109 172
1738724397573 259.85451122041127 173
1738724397605 144.40541834003162 174
1738724397637 144.53916129273267 175
1738724397668 116.83056294051796 176
1738724397700 167.61450812913841 177
1738724397731 77.93890195605499 178
1738724397763 196.64435203765655 179
1738724397795 154.1295096171989 180
1738724397826 195.3350664328652 181
1738724397858 82.24726479495548 182
1738724397891 107.76513209237001 183
1738724397923 180.50344025144292 184
1738724397956 145.3369003908941 185
1738724397988 138.23656886210438 186
1738724398021 168.14979846765783 187
1738724398054 116.1732210935076 188
1738724398086 173.22368942228402 189
1738724398119 105.86903579067517 190
1738724398152 158.6622700155914 191
1738724398184 183.81908106721804 192
1738724398217 94.15319825206693 193
1738724398250 51.869551939260965 194
1738724398282 111.92894971616973 195
1738724398315 162.11399544729395 196
1738724398348 165.15106100837926 197
1738724398381 184.78220114456386 198
1738724398413 129.37255354175232 199
1738724398445 131.54415539235006 200
1738724398478 151.03287965826922 201
1738724398510 114.12497475398189 202
1738724398542 128.4791276530901 203
1738724398575 183.419382498967 204
1738724398607 193.01396727075382 205
1738724398640 192.56932576199534 206
1738724398673 254.377952910497 207
1738724398705 215.67966463665022 208
1738724398738 182.3450070647287 209
1738724398772 151.98466163986046 210
1738724398805 209.59571807544486 211
1738724398838 161.3218267975429 212
1738724398871 216.72670055301242 213
1738724398904 147.21456094172214 214
1738724398936 219.45805981530444 215
1738724398970 100.17978928469098 216
1738724399002 138.36270416264506 217
1738724399035 166.2873977069438 218
1738724399067 265.00334036360454 219
1738724399099 165.4167014358706 220
1738724399131 143.44524083209242 221
1738724399163 200.430655942677 222
1738724399195 200.667796264598 223
1738724399227 206.36748512656956 224
1738724399259 158.00911011960685 225
1738724399291 149.9863313314263 226
1738724399325 162.2285015324811 227
1738724399359 174.3192142176631 228
1738724399392 232.17350008468463 229
1738724399426 194.7233476641338 230
1738724399460 139.45988096618132 231
1738724399493 91.98407308738757 232
1738724399526 188.02866374928897 233
1738724399560 158.28509788986386 234
1738724399594 184.48393528405313 235
1738724399628 195.66298760075912 236
1738724399662 109.77298353930125 237
1738724399695 123.97227537493478 238
1738724399734 185.53923820223258 239
1738724399768 276.1210152922092 240
1738724399801 137.36567618212453 241
1738724399833 135.3825470260347 242
1738724399866 213.2691160294549 243
1738724399898 140.3831489801119 244
1738724399931 237.58975723829215 245
1738724399963 168.7010682652432 246
1738724399995 207.29127585052484 247
1738724400028 72.79219838988824 248
1738724400061 67.53905524977043 249
1738724400095 155.00799832095683 250
1738724400128 196.72506784014567 251
1738724400161 93.47647906413019 252
1738724400194 199.3443529393478 253
1738724400227 120.14424544450294 254
1738724400260 153.7647176197431 255
1738724400293 177.3036829068176 256
1738724400326 125.10745341362035 257
1738724400358 263.07495163684166 258
1738724400391 179.44887551447044 259
1738724400423 204.78934524337294 260
1738724400455 232.10874850082976 261
1738724400488 45.26469163183951 262
1738724400520 165.50126215217028 263
1738724400553 166.52166593057174 264
1738724400585 180.22401999916443 265
1738724400618 167.49425895462355 266
1738724400650 178.12761003156226 267
1738724400683 253.24337597226807 268
1738724400715 161.0484196254298 269
1738724400747 93.40399617566197 270
1738724400780 154.10143566813497 271
1738724400812 179.31944875366506 272
1738724400845 183.47382742471783 273
1738724400877 203.3932519758257 274
1738724400909 176.98950464896737 275
1738724400942 152.22117035867666 276
1738724400975 230.30240294863958 277
1738724401008 181.5411432258612 278
1738724401041 114.77263002431332 279
1738724401074 199.59868942751814 280
1738724401108 200.42286551266798 281
1738724401141 161.63557736568444 282
1738724401174 191.3264889012313 283
1738724401208 177.18108378040952 284
1738724401242 218.66366076595125 285
1738724401275 133.55819339561594 286
1738724401308 98.6131295250714 287
1738724401341 200.9910771497671 288
1738724401374 169.85289786066494 289
1738724401406 106.66525004877268 290
1738724401439 128.17212390518006 291
1738724401472 152.60740487079806 292
1738724401505 259.8205470148193 293
1738724401538 57.36612695732162 294
1738724401572 209.94979515404944 295
1738724401606 201.06651608497333 296
1738724401639 225.04729246943867 297
1738724401673 175.24269552183304 298
1738724401707 196.44548994301226 299
1738724401740 147.94966284134063 300
1738724401774 213.6493927811301 301
1738724401808 160.13414660703475 302
1738724401841 193.625734326078 303
1738724401874 174.8108129962152 304
1738724401908 181.78610076559627 305
1738724401941 176.61324851727844 306
1738724401975 156.85937517662595 307
1738724402008 138.1221640706975 308
1738724402042 153.21136457793392 309
1738724402075 188.89271304458654 310
1738724402109 177.0696400188479 311
1738724402142 280.8703516587918 312
1738724402174 187.36390104910552 313
1738724402207 150.53825645454995 314
1738724402240 198.64166887129088 315
1738724402273 94.02393940498544 316
1738724402308 189.72970956904507 317
1738724402341 190.5179538985565 318
1738724402374 242.50985182233183 319
1738724402407 131.19483561887628 320
1738724402439 185.89237591770313 321
1738724402472 280.69471991905755 322
1738724402505 158.9137976343243 323
1738724402537 166.32797365886 324
1738724402569 116.7533479290775 325
1738724402601 110.57155170677832 326
1738724402634 176.30493140146731 327
1738724402666 227.0550867133583 328
1738724402698 199.29754301465638 329
1738724402730 198.1842658582854 330
1738724402762 261.6961772905504 331
1738724402795 215.5700689757712 332
1738724402827 170.71139857133116 333
1738724402859 136.0872072910112 334
1738724402891 29.8638895695233 335
1738724402923 143.0608214678925 336
1738724402955 246.57501321003843 337
1738724402988 180.896330929955 338
1738724403021 194.78867015501504 339
1738724403055 247.36044324683078 340
1738724403088 126.307246096691 341
1738724403122 238.3407888787131 342
1738724403155 203.8487006444653 343
1738724403188 195.37666399516044 344
1738724403221 162.9096805175895 345
1738724403254 162.42961264029526 346
1738724403287 197.33992221214555 347
1738724403319 180.45882018227576 348
1738724403352 185.78092402553716 349
1738724403385 241.50569815878407 350
1738724403418 196.45108057782713 351
1738724403451 155.10794814317958 352
1738724403484 208.46469054614937 353
1738724403517 162.24595220437033 354
1738724403549 300.0279986839099 355
1738724403582 154.36483073698693 356
1738724403615 119.16247112041172 357
1738724403647 240.56319298641665 358
1738724403680 200.98128265781898 359
1738724403712 130.67298589798068 360
1738724403745 155.20884490879635 361
1738724403777 201.45719738467116 362
1738724403810 209.18206920791485 363
1738724403842 80.19973180564769 364
1738724403875 224.9652327376215 365
1738724403908 169.0189600910141 366
1738724403941 199.14361686502482 367
1738724403975 511.7688037826234 368
1738724404009 278.67995355347614 369
1738724404043 189.23031395137812 370
1738724404076 105.26198009168628 371
1738724404109 150.23922394415928 372
1738724404142 49.95728395322415 373
1738724404176 143.47368289657945 374
1738724404208 189.2141321957122 375
1738724404241 115.84267809188421 376
1738724404273 146.12115151938332 377
1738724404306 181.4036277347801 378
1738724404338 163.64556217104254 379
1738724404371 197.71337821240812 380
1738724404403 157.4011354776268 381
1738724404435 428.6166306009438 382
1738724404467 42.440832649353545 383
1738724404499 213.55529062881092 384
1738724404531 208.70038683401341 385
1738724404563 192.95098041746965 386
1738724404595 146.00933407851466 387
1738724404627 218.66580908887508 388
1738724404659 155.82999542489466 389
1738724404691 190.52458179351777 390
1738724404723 224.81344043415984 391
1738724404755 146.2421140009151 392
1738724404787 226.9219760078128 393
1738724404818 190.09078141376014 394
1738724404850 153.9544094051627 395
1738724404882 232.21764368049176 396
1738724404913 268.4947083684582 397
1738724404945 143.45713574768408 398
1738724404977 322.09317193738974 399
1738724405009 99.67304751416317 400
1738724405040 142.36215972061802 401
1738724405072 136.687511991824 402
1738724405104 160.88670974508327 403
1738724405135 59.71450458891959 404
1738724405167 160.47288170046562 405
1738724405199 112.3267463552605 406
1738724405230 142.44150450917047 407
1738724405262 251.60649865031144 408
1738724405294 151.53492446291784 409
1738724405326 157.479725173051 410
1738724405357 238.62628446947937 411
1738724405389 149.4778891662198 412
1738724405421 161.1539058382049 413
1738724405452 192.46559020212544 414
1738724405484 244.80746355789233 415
1738724405516 221.42891191998936 416
1738724405547 143.01215491320673 417
1738724405579 92.58356642658137 418
1738724405611 229.40662555484187 419
1738724405642 175.90940556896905 420
1738724405674 147.43171900637935 421
1738724405706 137.37067004232296 422
1738724405737 80.22017765993327 423
1738724405769 204.19263419030884 424
1738724405801 124.9554442642797 425
1738724405832 86.76585398916694 426
1738724405864 215.6593670025359 427
1738724405896 182.24436932745283 428
1738724405928 165.96120742333557 429
1738724405959 167.51333937907356 430
1738724405991 204.44184688288144 431
1738724406022 225.77997697131974 432
1738724406054 470.13496166497544 433
1738724406086 167.20737812299473 434
1738724406118 123.24462021284529 435
1738724406150 221.79327007056767 436
1738724406181 120.45770261500887 437
1738724406213 227.92073662072997 438
1738724406245 136.48676455078132 439
1738724406277 137.15660313731792 440
1738724406308 144.78199309990143 441
1738724406340 173.58204928572297 442
1738724406372 104.29026520032254 443
1738724406403 196.62760248184154 444
1738724406435 126.14708103044912 445
1738724406467 142.4750271485477 446
1738724406498 188.52674659958285 447
1738724406530 180.88123158899205 448
1738724406561 120.12843563073199 449
1738724406593 126.33003835466488 450
1738724406625 190.16706931006217 451
1738724406658 257.89925696681996 452
1738724406691 242.6321018318415 453
1738724406725 215.79125675436038 454
1738724406759 183.406280143724 455
1738724406793 201.40496806668574 456
1738724406844 122.09812214127835 457
1738724406879 183.82927675037334 458
1738724406912 163.1719725242507 459
1738724406945 225.66892591525743 460
1738724406978 133.41785652173257 461
1738724407011 157.98952070238386 462
1738724407044 129.40779088930253 463
1738724407077 179.26286686712464 464
1738724407109 220.46098320741314 465
1738724407142 154.5037780092565 466
1738724407175 223.26127870637396 467
1738724407207 197.3988641936377 468
1738724407240 85.64471873862175 469
1738724407272 161.18129306728954 470
1738724407304 146.2080638033822 471
1738724407337 196.87332683984047 472
1738724407369 37.09028026055904 473
1738724407401 199.4152565455599 474
1738724407434 196.40439315263558 475
1738724407467 107.24333166678669 476
1738724407499 286.8759575541772 477
1738724407532 95.36221142141349 478
1738724407565 155.35478946237313 479
1738724407598 166.1850013451562 480
1738724407632 163.70973766585385 481
1738724407666 103.86552551843737 482
1738724407700 163.80637979833483 483
1738724407733 195.94384727298774 484
1738724407766 175.7019899677705 485
1738724407798 185.28894236830183 486
1738724407831 167.14616705452025 487
1738724407863 143.81667191391003 488
1738724407896 135.38571750108983 489
1738724407931 174.98250500315652 490
1738724407965 136.21214420901745 491
1738724407999 161.69382683418328 492
1738724408033 194.20637425621362 493
1738724408067 239.12093861042408 494
1738724408100 103.97989339219144 495
1738724408152 221.9143230332739 496
1738724408185 248.68430266033388 497
1738724408218 202.2716053934811 498
1738724408250 203.68040552909517 499
