1738724852035 163.6773615895606 0
1738724852064 162.32001333243693 1
1738724852093 178.12378679436975 2
1738724852122 167.2307610139073 3
1738724852151 235.9570417631336 4
1738724852181 153.9794101677553 5
1738724852210 180.8419532781741 6
1738724852239 217.52657257058348 7
1738724852268 158.54983448432313 8
1738724852297 169.9852678098067 9
1738724852325 171.0599386056567 10
1738724852355 159.60028375929724 11
1738724852384 181.45174705929733 12
1738724852413 192.49608577161905 13
1738724852442 158.48992660064846 14
1738724852470 133.11393350244734 15
1738724852499 110.21317223995463 16
1738724852527 131.91556082260465 17
1738724852556 197.73751053716677 18
1738724852585 190.718233382599 19
1738724852614 155.54631249296818 20
1738724852643 174.8446102606076 21
1738724852672 193.01110943157894 22
1738724852700 152.9132854679651 23
1738724852729 173.49494172924958 24
1738724852757 160.5572196223314 25
1738724852786 153.59411729034977 26
1738724852815 152.62821050173983 27
1738724852843 182.58217336246872 28
1738724852872 188.5046699689312 29
1738724852900 179.64921261655357 30
1738724852929 163.76699871543352 31
1738724852957 176.01674936209974 32
1738724852986 162.7566890721826 33
1738724853014 149.82507436074755 34
1738724853043 171.0547299719409 35
1738724853071 126.0699997646188 36
1738724853100 168.54442804092915 37
1738724853128 169.97683964662482 38
1738724853157 183.53623941893 39
1738724853186 169.69774077092478 40
1738724853214 167.8985093729003 41
1738724853243 181.9547385372871 42
1738724853271 172.92214412577133 43
1738724853300 181.28087872051708 44
1738724853329 160.15080509741557 45
1738724853358 166.42006420694344 46
1738724853386 169.2368354086181 47
1738724853415 176.4443075878056 48
1738724853443 202.35067277211766 49
1738724853472 170.80286730531088 50
1738724853500 174.64617261267782 51
1738724853529 152.00444946943873 52
1738724853557 177.1035896298022 53
1738724853586 143.90933694459835 54
1738724853615 166.73950049308462 55
1738724853643 189.5618287225311 56
1738724853672 164.588912603306 57
1738724853700 179.4286535428925 58
1738724853729 185.67809376462841 59
1738724853757 162.87120576965046 60
1738724853786 162.33954359567346 61
1738724853814 167.46571497777353 62
1738724853843 141.3059162773739 63
1738724853871 163.45342461604875 64
1738724853900 164.0350065418098 65
1738724853928 157.04754264929372 66
1738724853957 189.3693807355576 67
1738724853985 165.8112959617018 68
1738724854014 176.02551645970658 69
1738724854042 160.76980137662812 70
1738724854071 171.49840093891757 71
1738724854099 197.89880268242675 72
1738724854127 172.04913003329347 73
1738724854156 152.9884550412737 74
1738724854184 166.16875782383872 75
1738724854212 144.34723971274448 76
1738724854241 166.75834919765722 77
1738724854269 169.4738815496842 78
1738724854298 183.29286764550153 79
1738724854351 156.91878779500095 80
1738724854381 164.29755314141414 81
1738724854410 154.67918516312443 82
1738724854439 170.9904705799719 83
1738724854468 217.2684438216662 84
1738724854497 162.90988130626758 85
1738724854526 172.3004791332569 86
1738724854555 180.58683815738263 87
1738724854583 224.01796832619098 88
1738724854612 185.88483832595443 89
1738724854641 161.68074175989898 90
1738724854671 153.9309181229178 91
1738724854700 140.1623369226356 92
1738724854728 155.6949194226389 93
1738724854757 171.5357650459831 94
1738724854786 165.41721698361158 95
1738724854815 154.14205141510269 96
1738724854844 167.1885652737013 97
1738724854872 183.40524191843244 98
1738724854901 162.37400842217014 99
1738724854930 200.2682594316376 100
1738724854959 193.62105330180123 101
1738724854987 170.78871621511806 102
1738724855016 177.112040097412 103
1738724855045 169.13430774442557 104
1738724855073 167.2212928582133 105
1738724855102 162.26706771212991 106
1738724855131 172.34391570171567 107
1738724855159 169.7830980323588 108
1738724855188 169.29119046371844 109
1738724855217 233.23509107884914 110
1738724855245 196.35581346414156 111
1738724855274 159.94414331619663 112
1738724855302 153.6835427347819 113
1738724855331 149.80538605161564 114
1738724855407 164.52274525792515 115
1738724855446 164.83010010120876 116
1738724855506 180.90677265168088 117
1738724855562 167.0844797142634 118
1738724855596 166.0873310102805 119
1738724855625 133.8483611522019 120
1738724855654 193.2783429028298 121
1738724855682 168.54299050418874 122
1738724855711 182.0541528505078 123
1738724855740 210.01658402446282 124
1738724855769 141.3381125338016 125
1738724855797 170.6906936990424 126
1738724855826 177.14360977588328 127
1738724855854 171.81995745722276 128
1738724855883 144.63676742162826 129
1738724855912 175.67135452188168 130
1738724855958 158.0026136096088 131
1738724855987 185.66358931583417 132
1738724856016 164.09952835323378 133
1738724856045 173.32257785292623 134
1738724856074 190.2488252929821 135
1738724856102 132.95128858611645 136
1738724856131 175.91952002456318 137
1738724856160 153.06797470447248 138
1738724856189 160.64080282341817 139
1738724856217 177.2893660278459 140
1738724856246 171.28364473941656 141
1738724856275 150.2769690387983 142
1738724856304 236.51659344704666 143
1738724856333 198.38419695461968 144
1738724856363 182.26755521819157 145
1738724856393 167.1860385004584 146
1738724856423 174.36374899389156 147
1738724856452 176.87255703816928 148
1738724856481 208.59158113195798 149
1738724856510 145.4266653200504 150
1738724856543 183.16950027374702 151
1738724856572 168.7976383546912 152
1738724856601 194.20706931480836 153
1738724856629 138.0208358448464 154
1738724856658 168.48620297366173 155
1738724856687 162.79601626796088 156
1738724856716 172.08793004648376 157
1738724856745 167.74549013025756 158
1738724856773 173.78952318145204 159
1738724856802 170.72502582471586 160
1738724856831 228.32704796271378 161
1738724856859 186.01992915603782 162
1738724856888 186.4498556416732 163
1738724856917 114.93004716417155 164
1738724856945 164.52872617514723 165
1738724856974 144.13784801241647 166
1738724857003 178.85721850084641 167
1738724857031 187.05519804443807 168
1738724857060 173.12083360535368 169
1738724857089 181.62636059051263 170
1738724857117 188.89678258833703 171
1738724857146 153.6941473620387 172
1738724857175 180.04394123391847 173
1738724857203 169.91172887088908 174
1738724857232 159.6153954683765 175
1738724857261 171.20969570994367 176
1738724857290 168.0367234283011 177
1738724857318 160.28019223796542 178
1738724857347 141.9358127707472 179
1738724857375 164.12134162730865 180
1738724857404 174.653850595924 181
1738724857432 144.03764551257632 182
1738724857461 182.17116457779875 183
1738724857489 180.5378570594708 184
1738724857517 132.66166309302227 185
1738724857546 190.82887134749748 186
1738724857574 168.17625728090587 187
1738724857603 193.5830787696476 188
1738724857631 183.18707917994863 189
1738724857659 155.97817877089514 190
1738724857688 160.0998716614863 191
1738724857716 171.05245460782388 192
1738724857745 133.17325709222172 193
1738724857773 165.58327147113766 194
1738724857802 191.52314579633403 195
1738724857830 163.7318150611168 196
1738724857859 178.22576656004867 197
1738724857887 182.33573290857666 198
1738724857916 162.297732759198 199
1738724857944 152.17332424873575 200
1738724857973 125.52186182779523 201
1738724858002 170.34183396538293 202
1738724858030 169.4114709319485 203
1738724858059 170.42488886657057 204
1738724858087 169.3685788139762 205
1738724858116 159.40528104221545 206
1738724858145 177.79389756176695 207
1738724858174 168.39151262301985 208
1738724858202 192.7517519960466 209
1738724858233 139.24744391213295 210
1738724858262 161.1498949154552 211
1738724858291 168.79363902670462 212
1738724858320 158.7679858307752 213
1738724858350 177.44073681027814 214
1738724858379 165.27038306905447 215
1738724858408 224.90473323130814 216
1738724858437 206.05087196165647 217
1738724858466 188.0282300595524 218
1738724858495 169.73783193544455 219
1738724858526 188.19142826990748 220
1738724858555 185.50163779117653 221
1738724858584 161.39801441040575 222
1738724858613 169.48430054604336 223
1738724858642 169.63519355075 224
1738724858671 195.31692011719343 225
1738724858700 161.77154195346736 226
1738724858729 161.93492638207846 227
1738724858758 182.93754097388734 228
1738724858788 225.06308536712572 229
1738724858817 186.48047207683274 230
1738724858846 164.62907736743702 231
1738724858875 159.21216388100737 232
1738724858904 161.6993533189386 233
1738724858933 152.8132142572776 234
1738724858962 166.67658280548366 235
1738724858990 184.93680238202367 236
1738724859019 173.08490241085408 237
1738724859048 180.3993515044428 238
1738724859077 151.86346594310547 239
1738724859106 178.20296386578752 240
1738724859135 174.74675814040492 241
1738724859164 168.76752092478557 242
1738724859193 172.6006387134137 243
1738724859222 172.5980312495771 244
1738724859251 142.08189764929136 245
1738724859280 145.3637181821723 246
1738724859309 206.00998521148702 247
1738724859338 136.02416842854532 248
1738724859366 183.22766601707775 249
1738724859395 168.8786709773416 250
1738724859424 173.43070797961042 251
1738724859453 206.26346505745283 252
1738724859482 180.76500246099772 253
1738724859511 179.11979345312295 254
1738724859541 169.53918416344345 255
1738724859571 241.33412623070794 256
1738724859600 158.37341924258806 257
1738724859629 169.09699305829085 258
1738724859658 151.89234088662565 259
1738724859688 199.44553413611789 260
1738724859716 150.07862851183478 261
1738724859746 164.54224273747778 262
1738724859776 179.31303068091518 263
1738724859808 205.06748121386616 264
1738724859838 206.99354015328464 265
1738724859867 177.9193730291378 266
1738724859915 156.59224092712782 267
1738724859945 151.23196186149713 268
1738724859974 159.01042501850046 269
1738724860002 174.9125782695131 270
1738724860031 144.87685804065273 271
1738724860061 190.81324666515115 272
1738724860089 124.48041549136437 273
1738724860118 161.48296195072123 274
1738724860146 166.12738420072375 275
1738724860175 149.73771020611807 276
1738724860204 121.97291528032223 277
1738724860232 154.8390591551602 278
1738724860264 157.6061631936856 279
1738724860293 177.5493670107685 280
1738724860322 151.88451530619204 281
1738724860351 179.7040073667765 282
1738724860380 171.4141813997179 283
1738724860409 173.70401420319334 284
1738724860438 165.64061760761754 285
1738724860467 185.52613192704666 286
1738724860495 181.2790716947291 287
1738724860524 175.03458759017465 288
1738724860553 168.01573349719504 289
1738724860581 148.64759482718864 290
1738724860610 162.52683177683969 291
1738724860639 185.81162773376997 292
1738724860667 157.88822852688853 293
1738724860696 179.0576977520807 294
1738724860724 161.84904598935117 295
1738724860753 180.87708036517245 296
1738724860781 155.5081158685038 297
1738724860810 165.28295836745232 298
1738724860839 156.7155946361317 299
1738724860868 186.00223520367032 300
1738724860896 156.38171628354746 301
1738724860925 166.7540993131373 302
1738724860954 155.54966193588226 303
1738724860982 163.0479700596576 304
1738724861011 178.39290592686461 305
1738724861039 148.56560317962814 306
1738724861068 160.94855515421116 307
1738724861096 172.10543968848478 308
1738724861125 193.7089016035123 309
1738724861153 159.68554674847041 310
1738724861181 179.08063821777966 311
1738724861210 159.81028968253526 312
1738724861238 168.4959256835518 313
1738724861266 149.80119322327445 314
1738724861295 128.0666949352995 315
1738724861323 184.19733369933115 316
1738724861351 178.25630393679378 317
1738724861379 160.2929187482105 318
1738724861408 161.99246824287414 319
1738724861436 162.07775618572632 320
1738724861465 156.63096516890548 321
1738724861493 177.56936622412437 322
1738724861524 164.39181147482813 323
1738724861553 178.8483320151558 324
1738724861582 142.69933958787968 325
1738724861610 188.65755099703037 326
1738724861639 168.22441221246262 327
1738724861668 158.2241672561886 328
1738724861697 150.61653803109772 329
1738724861725 187.64577778874676 330
1738724861754 180.53759658561037 331
1738724861783 160.04913425529543 332
1738724861811 179.39785359712033 333
1738724861840 163.282155935962 334
1738724861868 165.71142673179125 335
1738724861897 174.89102231574586 336
1738724861926 175.86338315033075 337
1738724861954 180.08132086192526 338
1738724861983 196.10913453297346 339
1738724862012 162.62543668684071 340
1738724862040 170.50039207193512 341
1738724862069 145.12254567320542 342
1738724862097 162.97334457150697 343
1738724862126 175.60941025727828 344
1738724862155 177.77482050578865 345
1738724862183 175.0457539841684 346
1738724862212 180.76936273385084 347
1738724862240 163.07860033646315 348
1738724862269 152.78577539765797 349
1738724862297 163.256698660978 350
1738724862326 197.33941403497084 351
1738724862354 164.38301134549764 352
1738724862383 163.8163356468234 353
1738724862411 156.49494282996787 354
1738724862440 152.46582365697952 355
1738724862469 151.78668957665187 356
1738724862497 155.0982118801148 357
1738724862525 182.9910637939897 358
1738724862554 167.25319870024018 359
1738724862583 166.03502646160712 360
1738724862612 176.45071267603137 361
1738724862640 166.81045857763723 362
1738724862668 182.00594534054 363
1738724862697 178.123445318557 364
1738724862726 178.4604324266399 365
1738724862754 168.42804666443737 366
1738724862782 152.96159820086694 367
1738724862811 192.7478099977321 368
1738724862839 171.20360763790603 369
1738724862868 196.4608028107314 370
1738724862896 181.4182402563475 371
1738724862925 181.09903591008077 372
1738724862961 151.34317765633816 373
1738724862989 158.1160783536611 374
1738724863018 159.81357615638245 375
1738724863046 151.1767425140556 376
1738724863074 161.20287035279205 377
1738724863102 177.43174638185502 378
1738724863130 185.3857270621 379
1738724863159 176.94228033006203 380
1738724863187 173.18488939305882 381
1738724863215 137.53373626854994 382
1738724863243 174.34250643715887 383
1738724863271 159.1966594381956 384
1738724863300 155.52683099884908 385
1738724863328 122.0040617244135 386
1738724863356 164.84237871104844 387
1738724863384 148.3757866371163 388
1738724863412 159.54663088675102 389
1738724863440 174.1785686799453 390
1738724863468 180.9424483188989 391
1738724863496 191.8658616223967 392
1738724863526 173.2446455432998 393
1738724863555 161.4418863976376 394
1738724863583 181.0437093171001 395
1738724863612 174.1450837339446 396
1738724863641 165.83536051246685 397
1738724863669 173.0972613644704 398
1738724863699 166.22121017079857 399
1738724863730 186.72318258007635 400
1738724863764 175.82996899150385 401
1738724863796 168.51083034157702 402
1738724863828 190.3343707048483 403
1738724863863 151.95774166505987 404
1738724863894 155.58297795676685 405
1738724863926 166.51814523810077 406
1738724863956 167.15060777585154 407
1738724863986 152.26698454777966 408
1738724864019 178.01143034223398 409
1738724864049 176.45916330158767 410
1738724864081 158.67843561386334 411
1738724864112 139.18102135141265 412
1738724864145 150.95570682989646 413
1738724864176 158.83887657884674 414
1738724864206 225.27639512766385 415
1738724864235 152.51187732181927 416
1738724864265 174.86336649858444 417
1738724864295 135.5697307901736 418
1738724864324 146.79962875914117 419
1738724864354 181.52671787235988 420
1738724864383 158.845145244278 421
1738724864412 158.21802407188287 422
1738724864441 171.60166375821365 423
1738724864470 163.29427421417503 424
1738724864500 161.48525649870115 425
1738724864529 168.37189846260898 426
1738724864558 191.33260397500536 427
1738724864588 181.60905208926573 428
1738724864618 165.6578708781753 429
1738724864647 154.25379288133246 430
1738724864676 184.79227526166787 431
1738724864706 142.85137437869054 432
1738724864736 152.86684811006972 433
1738724864765 164.25920128218908 434
1738724864794 174.10076910922405 435
1738724864824 175.8765631383498 436
1738724864854 169.55625907131918 437
1738724864884 216.8576351541655 438
1738724864914 174.8952259272832 439
1738724864944 169.77904985803957 440
1738724864973 184.9318365989519 441
1738724865002 158.93670990069558 442
1738724865031 158.65380474400342 443
1738724865060 183.60417515871063 444
1738724865088 172.74122193477004 445
1738724865117 194.32497952741198 446
1738724865446 172.43587291859694 447
1738724865495 152.10827686615744 448
1738724865525 164.22970383285667 449
1738724865554 137.09603982927356 450
1738724865584 152.19565948160988 451
1738724865612 191.69888139842942 452
1738724865641 196.2326022396546 453
1738724865670 171.80837978804584 454
1738724865705 177.02119210505217 455
1738724865734 173.68114987715902 456
1738724865763 105.95630479210278 457
1738724865792 171.11938713458852 458
1738724865821 141.50035411499655 459
1738724865849 200.79718192706576 460
1738724865878 170.79609090332792 461
1738724865907 161.09314715458623 462
1738724865939 182.87306731749257 463
1738724865994 165.67804503664553 464
1738724866023 156.5846283209828 465
1738724866059 160.71792609845374 466
1738724866107 176.89509130697516 467
1738724866136 170.92518564081803 468
1738724866165 131.87312289894186 469
1738724866194 195.60835113194233 470
1738724866223 157.52797508440642 471
1738724866251 148.7386247372721 472
1738724866280 163.7380974708657 473
1738724866309 161.61229943865573 474
1738724866338 197.11687358198267 475
1738724866367 172.35101389828935 476
1738724866395 161.79590398696703 477
1738724866424 158.98124491729513 478
1738724866453 168.13874755906812 479
1738724866482 179.900899057441 480
1738724866511 157.5319010020109 481
1738724866539 146.3895087828131 482
1738724866568 182.92397891412793 483
1738724866597 171.28184078876487 484
1738724866625 169.46093967634204 485
1738724866654 161.0593434285514 486
1738724866682 194.31549374274732 487
1738724866711 175.35234945786712 488
1738724866739 164.27967747420166 489
1738724866768 192.20864068865765 490
1738724866796 174.23269517724518 491
1738724866825 175.88715054694643 492
1738724866853 158.18747330643768 493
1738724866882 169.00299478210474 494
1738724866910 173.37009677889242 495
1738724866939 173.46882950795745 496
1738724866967 170.78558885623346 497
1738724866996 192.53693356094115 498
1738724867025 170.23144285507652 499
