1738722533597 165.05580204267105 0
1738722533635 160.5394378719087 1
1738722533672 157.50243778731772 2
1738722533710 174.23447525632085 3
1738722533747 175.16376207548032 4
1738722533784 159.12497164872894 5
1738722533821 158.257872412502 6
1738722533860 163.77522634534972 7
1738722533897 152.66344155906876 8
1738722533934 154.2153191158016 9
1738722533971 179.50788291435236 10
1738722534008 174.42281136718594 11
1738722534046 176.29968340024354 12
1738722534083 166.37060511941542 13
1738722534120 161.85022629672903 14
1738722534157 165.9978420707565 15
1738722534194 173.3702159611278 16
1738722534231 175.9048803206275 17
1738722534268 157.52585339935808 18
1738722534305 180.32000671594434 19
1738722534342 131.78357432456684 20
