1738726278652 169.74765326102667 0
1738726278656 167.32552148431267 1
1738726278660 168.04840868852068 2
1738726278663 166.95717473409232 3
1738726278667 167.6285880969332 4
1738726278671 166.92533339512084 5
1738726278675 169.59646326356133 6
1738726278679 171.3676160920687 7
1738726278682 168.96532173883702 8
1738726278687 167.40798051287075 9
1738726278690 168.932475859675 10
1738726278694 166.72016537038994 11
1738726278697 169.44054890252062 12
1738726278701 170.7353447305279 13
1738726278705 167.54053829052503 14
1738726278709 168.0252917893434 15
1738726278712 169.269111333673 16
1738726278716 171.34100643040784 17
1738726278720 168.32008997575676 18
1738726278724 169.15219409248087 19
1738726278728 166.44602006007761 20
1738726278732 171.71691203344488 21
1738726278736 167.83834201088513 22
1738726278739 170.0504018122497 23
1738726278743 168.4499085416554 24
1738726278747 169.7401229557066 25
1738726278750 168.29027297891224 26
1738726278754 169.80670773053836 27
1738726278758 169.40984773336535 28
1738726278761 166.85819591878644 29
1738726278765 168.9641651713732 30
1738726278769 168.45174885248315 31
1738726278772 168.08359603999475 32
1738726278776 168.08603246035355 33
1738726278780 167.53823730018354 34
1738726278783 167.29954521011817 35
1738726278787 166.1949685815482 36
1738726278791 168.46672137338436 37
1738726278794 169.73549014481534 38
1738726278798 167.92085710182727 39
1738726278802 169.49445315790302 40
1738726278805 169.74553613240366 41
1738726278809 167.65802040019716 42
1738726278812 167.2374657157014 43
1738726278816 168.03650151751845 44
1738726278820 167.02621855482835 45
1738726278823 167.84304161197616 46
1738726278827 168.34340754643029 47
1738726278831 168.3762414320251 48
1738726278834 169.25315988313136 49
1738726278838 169.2031072061007 50
1738726278842 167.9542149786577 51
1738726278845 167.13049136927776 52
1738726278849 167.87147194733757 53
1738726278852 169.37726070448244 54
1738726278856 169.3799841592166 55
1738726278860 167.74403465619062 56
1738726278863 167.8388130927177 57
1738726278867 169.4064460629381 58
1738726278871 169.68479213280258 59
1738726278874 170.17363670310087 60
1738726278878 169.78123475416086 61
1738726278882 168.14990235407268 62
1738726278885 169.61068292307414 63
