1738724775489 170.64385693623714 0
1738724775492 170.6354855883834 1
1738724775494 170.62715074160252 2
1738724775497 170.61885223128795 3
1738724775499 170.61058989358574 4
1738724775502 170.60236356539093 5
1738724775505 170.59417308434442 6
1738724775508 170.58601828882908 7
1738724775510 170.57789901796687 8
1738724775513 170.56981511161501 9
1738724775515 170.56176641036288 10
1738724775518 170.55375275552848 11
1738724775521 170.54577398915512 12
1738724775523 170.53782995400812 13
1738724775526 170.52992049357152 14
1738724775529 170.5220454520447 15
1738724775531 170.5142046743391 16
1738724775534 170.50639800607507 17
1738724775537 170.4986252935783 18
1738724775540 170.490886383877 19
1738724775542 170.48318112469832 20
1738724775545 170.47550936446538 21
1738724775548 170.4678709522938 22
1738724775550 170.46026573798886 23
1738724775553 170.45269357204202 24
1738724775555 170.44515430562797 25
1738724775558 170.4376477906013 26
1738724775561 170.4301738794936 27
1738724775563 170.4227324255102 28
1738724775566 170.41532328252705 29
1738724775569 170.40794630508773 30
1738724775571 170.40060134840041 31
1738724775574 170.39328826833466 32
1738724775577 170.38600692141836 33
1738724775580 170.37875716483504 34
1738724775582 170.3715388564204 35
1738724775585 170.36435185465967 36
1738724775588 170.35719601868433 37
1738724775590 170.35007120826953 38
1738724775593 170.34297728383058 39
1738724775596 170.33591410642057 40
1738724775598 170.32888153772717 41
1738724775601 170.3218794400695 42
1738724775604 170.31490767639576 43
1738724775606 170.30796611027984 44
1738724775609 170.30105460591872 45
1738724775612 170.29417302812945 46
1738724775614 170.2873212423465 47
1738724775617 170.28049911461875 48
1738724775620 170.27370651160658 49
1738724775622 170.26694330057944 50
1738724775625 170.26020934941263 51
1738724775628 170.25350452658472 52
1738724775631 170.24682870117473 53
1738724775633 170.2401817428595 54
1738724775636 170.23356352191075 55
1738724775639 170.22697390919237 56
1738724775642 170.22041277615787 57
1738724775645 170.21387999484745 58
1738724775648 170.2073754378855 59
1738724775651 170.20089897847782 60
1738724775654 170.19445049040883 61
1738724775657 170.1880298480392 62
1738724775660 170.1816369263029 63
1738724775663 170.17527160070483 64
1738724775665 170.16893374731794 65
1738724775668 170.1626232427808 66
1738724775671 170.156339964295 67
1738724775673 170.15008378962244 68
1738724775676 170.14385459708288 69
1738724775678 170.13765226555125 70
1738724775681 170.13147667445523 71
1738724775683 170.12532770377268 72
1738724775686 170.119205234029 73
1738724775688 170.11310914629476 74
1738724775691 170.10703932218314 75
1738724775694 170.10099564384734 76
1738724775696 170.09497799397838 77
1738724775699 170.0889862558022 78
1738724775701 170.0830203130776 79
1738724775704 170.07708005009363 80
1738724775707 170.07116535166708 81
1738724775709 170.06527610314018 82
1738724775712 170.05941219037814 83
1738724775715 170.05357349976674 84
1738724775717 170.04775991820992 85
1738724775720 170.0419713331275 86
1738724775722 170.03620763245257 87
1738724775725 170.03046870462956 88
1738724775728 170.02475443861138 89
1738724775730 170.01906472385744 90
1738724775733 170.01339945033124 91
1738724775735 170.00775850849794 92
1738724775738 170.00214178932222 93
1738724775740 169.99654918426592 94
1738724775743 169.9909805852857 95
1738724775746 169.98543588483076 96
1738724775748 169.97991497584087 97
1738724775751 169.97441775174354 98
1738724775753 169.9689441064524 99
1738724775756 169.9634939343645 100
1738724775758 169.95806713035842 101
1738724775761 169.95266358979183 102
1738724775764 169.94728320849933 103
1738724775766 169.9419258827905 104
1738724775769 169.93659150944728 105
1738724775771 169.93127998572214 106
1738724775774 169.92599120933593 107
1738724775777 169.92072507847544 108
1738724775779 169.91548149179158 109
1738724775782 169.910260348397 110
1738724775784 169.90506154786416 111
1738724775787 169.89988499022314 112
1738724775789 169.89473057595944 113
1738724775792 169.88959820601215 114
1738724775795 169.88448778177147 115
1738724775797 169.87939920507716 116
