1738722756977 101.34760559736688 0
1738722757010 216.3661751804597 1
1738722757043 82.5812652998612 2
1738722757076 61.52358622598972 3
1738722757109 369.5150248703373 4
1738722757142 174.52764193467107 5
1738722757175 137.80421611516894 6
1738722757208 171.2473398897054 7
1738722757240 163.9589201154172 8
1738722757272 187.11706412010838 9
1738722757305 104.77075112990725 10
1738722757339 123.08474861501662 11
1738722757372 114.21962977471 12
1738722757405 166.18084793970115 13
1738722757438 157.96223964645844 14
1738722757471 182.02727995255765 15
1738722757503 149.85090416065736 16
1738722757536 230.90109512477594 17
1738722757569 197.67704127973542 18
1738722757601 150.0035198745954 19
1738722757634 142.47822323355743 20
1738722757666 169.30480703881014 21
1738722757699 179.53246995123197 22
1738722757732 122.07910828711614 23
1738722757765 146.34224152411895 24
1738722757799 233.36350159029854 25
1738722757832 145.5051655910134 26
1738722757865 173.83587747758767 27
1738722757898 147.8961396734906 28
1738722757931 126.21945899897975 29
1738722757965 157.379500324578 30
1738722757997 115.57050364668693 31
1738722758030 332.0437273750419 32
1738722758062 149.4126617620324 33
1738722758095 169.50385686649494 34
1738722758128 157.4924123624274 35
1738722758161 166.77648962017992 36
1738722758220 169.14219267299234 37
1738722758253 164.00838787782368 38
1738722758286 89.44027191257294 39
1738722758319 164.02810628517162 40
1738722758352 180.79373267173312 41
1738722758384 129.3476946407967 42
1738722758417 181.1660477651912 43
1738722758449 159.41499442201177 44
1738722758481 172.98674664141126 45
1738722758512 212.79115562450605 46
1738722758545 97.69802924349808 47
1738722758578 203.31777975384915 48
1738722758611 132.46270432172645 49
1738722758644 296.78680269368 50
1738722758677 150.33646405848484 51
1738722758709 77.07707058492898 52
1738722758742 115.00981672175342 53
1738722758774 140.4371064481307 54
1738722758807 154.32451507122158 55
1738722758839 217.533050735323 56
1738722758872 78.81603070110383 57
1738722758905 120.16995761562514 58
1738722758938 183.97573358081289 59
1738722758970 201.81260827383667 60
1738722759003 93.89690719331726 61
1738722759035 109.06804935289874 62
1738722759068 196.32822432094414 63
1738722759101 220.90501911974204 64
1738722759133 299.5004303036571 65
1738722759165 147.28828451677418 66
1738722759197 100.02108566215635 67
1738722759229 130.3607969192428 68
1738722759262 271.13941101067206 69
1738722759294 101.71436210850034 70
1738722759326 302.76186481458075 71
1738722759359 406.8762955312012 72
1738722759392 216.2939287780223 73
1738722759425 120.95931660452716 74
1738722759458 257.9113212292167 75
1738722759490 156.10961970766667 76
1738722759523 147.19169112569026 77
1738722759556 189.45832317637797 78
1738722759588 125.22279563487193 79
1738722759620 136.93567560133317 80
1738722759652 173.0761030880921 81
1738722759684 155.18313395179743 82
1738722759716 201.0138879158583 83
1738722759748 132.7344899833974 84
1738722759780 334.8579771478927 85
1738722759812 127.64729804758869 86
1738722759845 215.18506109579042 87
1738722759878 79.22871316896001 88
1738722759911 259.51263500327 89
1738722759944 221.0163845242627 90
1738722759977 27.380336189118953 91
1738722760010 253.66458544646193 92
1738722760043 250.8519275999533 93
1738722760076 160.98320116631507 94
1738722760109 195.05377797282222 95
1738722760141 259.59517469808463 96
1738722760176 145.29297865856543 97
1738722760208 276.0435859248178 98
1738722760240 162.28967530303265 99
1738722760273 171.03123448873038 100
1738722760306 31.217469451786325 101
1738722760339 96.56049617910784 102
1738722760372 152.80623511930932 103
1738722760405 159.04250748127603 104
1738722760438 202.04695865990678 105
1738722760470 199.6970749081754 106
1738722760501 232.47265809396023 107
1738722760533 211.41192868057786 108
1738722760565 310.5829556579609 109
1738722760596 196.86112985013673 110
1738722760628 199.88871169952674 111
1738722760660 121.36849989854389 112
1738722760691 150.898604176225 113
1738722760723 72.55217275995298 114
1738722760754 243.75048619105996 115
1738722760787 224.49116705782316 116
1738722760819 103.7404570834876 117
1738722760852 191.3817149308322 118
1738722760884 190.27489154752257 119
1738722760916 143.13968910016632 120
1738722760948 159.447270523019 121
1738722760980 157.67073044812273 122
1738722761013 155.37206003284615 123
1738722761045 196.31560343780592 124
1738722761078 160.2754467326793 125
1738722761111 121.11406509090604 126
1738722761144 202.18871395688984 127
1738722761177 164.7927454443266 128
1738722761209 150.51661590795442 129
1738722761242 231.51062130331889 130
1738722761275 166.39394207948897 131
1738722761308 262.8098380717765 132
1738722761341 102.56281556811511 133
1738722761373 112.03589448036975 134
1738722761406 163.36583632039677 135
1738722761439 161.4297571958331 136
1738722761472 141.9826805625711 137
1738722761506 134.55727444125154 138
1738722761539 193.54486459665947 139
1738722761571 209.7806354091296 140
1738722761603 173.41699458344357 141
1738722761636 156.53260929607066 142
1738722761670 207.00336598614837 143
1738722761702 185.68650553978546 144
1738722761735 253.82353783351934 145
1738722761769 147.3887564895655 146
1738722761802 187.5022094997341 147
1738722761835 173.97040385552788 148
1738722761867 325.73949896561254 149
1738722761900 201.51053698878755 150
1738722761933 214.59016914566917 151
1738722761966 221.3752110124082 152
1738722761999 168.3563149047744 153
1738722762032 152.05880142952748 154
1738722762064 118.74227561111051 155
1738722762097 69.92682439683924 156
1738722762129 198.99949667662344 157
1738722762163 97.83849744633581 158
1738722762195 231.50274799037268 159
1738722762228 200.58880914515828 160
1738722762260 233.74360041741792 161
1738722762293 238.44610374174945 162
1738722762327 145.09935396790394 163
1738722762360 227.49704205010312 164
1738722762393 160.68644964831452 165
1738722762426 130.22245637988473 166
1738722762459 84.49577293476028 167
1738722762492 212.28068445050147 168
1738722762525 167.7194309034484 169
1738722762558 132.6638032096307 170
1738722762591 169.61056708505362 171
1738722762624 144.13699471546366 172
1738722762657 242.58393917107747 173
1738722762713 133.68864639555716 174
1738722762776 231.97427227418166 175
1738722762808 127.25049771649603 176
1738722762841 220.63481280224212 177
1738722762873 137.22184798409907 178
1738722762906 144.6087642888602 179
1738722762939 127.00220278514446 180
1738722762972 138.95108342778323 181
1738722763005 139.12330428083808 182
1738722763038 198.55940210633045 183
1738722763070 196.5827471209542 184
1738722763104 212.16734554190333 185
1738722763136 317.1292519110121 186
1738722763169 515.1978019039759 187
1738722763201 151.1019860144222 188
1738722763233 152.2054581384248 189
1738722763265 166.33741310043445 190
1738722763297 139.97721445394717 191
1738722763328 159.5712829964206 192
1738722763360 163.24594822347282 193
1738722763393 156.13879855526824 194
1738722763425 153.8457993395087 195
1738722763459 210.15074760942736 196
1738722763492 141.33072377965505 197
1738722763524 168.23858846999033 198
1738722763557 151.11903657742386 199
1738722763590 212.3979549765358 200
1738722763622 289.82048303990854 201
1738722763655 255.3144244042232 202
1738722763687 119.56012819113033 203
1738722763719 178.09936275755837 204
1738722763754 138.61488534711225 205
1738722763787 193.24100696741755 206
1738722763820 160.89347290630732 207
1738722763853 125.45450883074264 208
1738722763886 122.49514335510925 209
1738722763920 187.05872117560702 210
1738722763953 217.5679087170523 211
1738722763986 180.20322357121196 212
1738722764020 146.33615564485567 213
1738722764053 169.07752009469354 214
1738722764087 222.97390879408118 215
1738722764120 144.65488329343626 216
1738722764152 257.6675481642985 217
1738722764185 79.22651024534008 218
1738722764217 197.86307763065324 219
1738722764249 163.58843717755806 220
1738722764281 152.98938999343656 221
1738722764313 159.3777800034141 222
1738722764345 203.0752015906808 223
1738722764377 173.31102874428103 224
1738722764409 199.85359409887988 225
1738722764441 167.0147884974427 226
1738722764472 132.95266714769778 227
1738722764504 179.76706859795985 228
1738722764536 154.10607946713665 229
1738722764568 221.24574649004504 230
1738722764602 177.2077923613782 231
1738722764634 135.00512238328318 232
1738722764668 147.9346582204875 233
1738722764700 162.29424928282955 234
1738722764733 142.378123899902 235
1738722764767 181.4576217317082 236
1738722764800 211.88830256701974 237
1738722764833 168.587155174876 238
1738722764866 142.9553110145068 239
1738722764899 135.21526990589575 240
1738722764931 128.5098877810671 241
1738722764964 342.3505193991494 242
1738722764997 157.9274204996559 243
1738722765030 228.09507292337315 244
1738722765063 243.31969036725428 245
1738722765096 120.43700807149864 246
1738722765130 172.72205608821227 247
1738722765163 167.3963531348036 248
1738722765195 147.3203372392733 249
1738722765228 81.61666654748628 250
1738722765261 164.5930055687134 251
1738722765293 331.31165525728613 252
1738722765327 144.17446313215288 253
1738722765359 112.35344819494878 254
1738722765391 194.27281952760296 255
1738722765424 179.27847697636878 256
1738722765456 158.84844382168197 257
1738722765489 273.5067010685739 258
1738722765523 261.52290177519274 259
1738722765555 170.95653870286034 260
1738722765588 147.00660179854347 261
1738722765620 122.76690541194361 262
1738722765652 153.2253521512686 263
1738722765685 220.76193588527022 264
1738722765718 112.63459672508397 265
1738722765750 262.7254435310342 266
1738722765783 86.30238060974196 267
1738722765816 120.29759527645793 268
1738722765849 92.72136737706185 269
1738722765881 29.25833663999203 270
1738722765914 200.97643193976458 271
1738722765947 176.97588043274257 272
1738722765979 143.08545548737413 273
1738722766013 180.48363492079972 274
1738722766045 126.22178581576965 275
1738722766077 258.43483737925123 276
1738722766110 196.28681753488175 277
1738722766142 115.15391840109633 278
1738722766175 167.4385350224861 279
1738722766208 161.40660919145736 280
1738722766241 180.22395427185486 281
1738722766274 29.453106440027327 282
1738722766306 92.54406836293653 283
1738722766339 201.81874296001493 284
1738722766372 142.43827610351465 285
1738722766405 182.46457194911278 286
1738722766439 151.46872434081675 287
1738722766471 223.81170342941815 288
1738722766504 229.96912632631816 289
1738722766537 173.9867209107698 290
1738722766569 156.91760242049548 291
1738722766602 159.44633538442005 292
1738722766636 157.15348845709917 293
1738722766669 176.04369412981848 294
1738722766702 198.30519407924245 295
1738722766735 138.36893849054158 296
1738722766768 237.18607568450105 297
1738722766801 239.74220811467066 298
1738722766833 127.11197727597515 299
1738722766866 114.70755307423693 300
1738722766898 171.29856082867616 301
1738722766930 141.5849259993922 302
1738722766977 140.42321379983818 303
1738722767052 4.219096633299027 304
1738722767088 183.30752143897436 305
1738722767121 178.52107845026683 306
1738722767154 366.8023849314455 307
1738722767186 157.60085882486896 308
1738722767218 188.49459606505212 309
1738722767251 271.4663071913147 310
1738722767283 365.9869356697686 311
1738722767316 151.25438501744674 312
1738722767348 98.42890431527536 313
1738722767381 171.6986027342271 314
1738722767414 107.43421178202438 315
1738722767446 123.58130117612625 316
1738722767479 227.19806553007203 317
1738722767511 195.9804220112081 318
1738722767544 109.48033319149512 319
1738722767577 104.08087237192191 320
1738722767610 150.27749803924226 321
1738722767644 211.37819697615348 322
1738722767676 93.10380921899616 323
1738722767709 258.4403551322806 324
1738722767741 176.58347282233024 325
1738722767773 208.32786198731824 326
1738722767805 192.24448748814277 327
1738722767838 124.6705071396819 328
1738722767870 202.71198637429447 329
1738722767902 178.08393833145655 330
1738722767934 178.33526733160187 331
1738722767966 139.96476481470438 332
1738722767999 249.49405431227453 333
1738722768032 103.00826687882737 334
1738722768064 207.39676933765736 335
1738722768096 188.26850218471944 336
1738722768128 303.94487711813923 337
1738722768160 96.35040861389555 338
1738722768194 155.24090036253418 339
1738722768227 136.52757185371138 340
1738722768260 214.24436436568033 341
1738722768292 261.19162017940187 342
1738722768326 170.97804193322938 343
1738722768358 138.90987542255587 344
1738722768391 114.68214788689912 345
1738722768424 187.53850581906858 346
1738722768457 148.61509192544116 347
1738722768491 161.42354776732788 348
1738722768525 115.76603229314433 349
1738722768558 142.31727405037165 350
1738722768591 158.4051350419313 351
1738722768624 129.32080777347258 352
1738722768656 197.6732081261888 353
1738722768689 252.80396551084434 354
1738722768722 204.90171828484745 355
1738722768754 164.95995904759604 356
1738722768787 122.8774363467701 357
1738722768820 192.0086347748738 358
1738722768853 142.02681747971045 359
1738722768886 189.34735033140583 360
1738722768919 189.6213722183082 361
1738722768952 120.72903154048522 362
1738722768985 162.4238131298453 363
1738722769018 170.07142542927724 364
1738722769051 119.06067023036638 365
1738722769083 94.6817665540615 366
1738722769116 149.80342351128354 367
1738722769149 203.1572407938742 368
1738722769181 159.118923294659 369
1738722769214 186.3906632886177 370
1738722769247 143.75514609866644 371
1738722769279 192.68607350729116 372
1738722769311 285.9684201250142 373
1738722769343 121.87816172596808 374
1738722769375 241.96128240315238 375
1738722769407 190.14052521831962 376
1738722769440 179.77423462539775 377
1738722769473 286.9007240665801 378
1738722769506 230.82312870875674 379
1738722769539 173.1750041598949 380
1738722769572 154.84677374023994 381
1738722769605 287.52453180530495 382
1738722769637 153.17504910136523 383
1738722769670 171.0257877191133 384
1738722769703 233.77911952807338 385
1738722769735 229.32818255440242 386
1738722769769 95.64240814974313 387
1738722769802 156.64336771952853 388
1738722769835 160.45977109069258 389
1738722769868 192.420252386907 390
1738722769900 257.5804615406687 391
1738722769932 144.55805156714223 392
1738722769965 209.07844755669933 393
1738722769998 159.68858571922678 394
1738722770031 191.55408640321986 395
1738722770063 158.0257262981057 396
1738722770096 240.3763602486558 397
1738722770128 239.71901672913935 398
1738722770160 95.76938740490506 399
1738722770193 183.98365079062643 400
1738722770226 294.776552034564 401
1738722770259 165.83042867487237 402
1738722770291 86.56384191701993 403
1738722770324 168.55244305854535 404
1738722770356 181.72180447682 405
1738722770389 81.13733489408334 406
1738722770420 142.0486494046607 407
1738722770452 255.0789380924382 408
1738722770484 136.15714141242643 409
1738722770516 144.01961105565337 410
1738722770548 178.53673306550465 411
1738722770581 170.6379822487925 412
1738722770614 129.98726428385146 413
1738722770647 189.2349798133043 414
1738722770680 235.47405916258592 415
1738722770713 163.69334021785568 416
1738722770746 196.63075566732022 417
1738722770779 155.85660951418038 418
1738722770812 201.61501216241845 419
1738722770845 214.77778197752176 420
1738722770878 142.8417321539405 421
1738722770911 167.75486705343457 422
1738722770943 206.76223123648168 423
1738722770976 185.04714055120294 424
1738722771008 239.94707305693373 425
1738722771040 107.37615490368958 426
1738722771073 426.63956789462554 427
1738722771105 172.27920719062968 428
1738722771138 178.62867266076483 429
1738722771171 196.0909148932369 430
1738722771203 149.27011095179844 431
1738722771235 139.1729512578783 432
1738722771267 241.259372472575 433
1738722771300 194.9460678845484 434
1738722771333 279.2880095002219 435
1738722771365 96.99812796994063 436
1738722771398 174.25641168893793 437
1738722771430 131.5684325970789 438
1738722771463 367.5058720914926 439
1738722771496 179.8386969486204 440
1738722771529 202.57230504910788 441
1738722771561 126.75743969411558 442
1738722771593 219.24610076736843 443
1738722771625 266.116813852154 444
1738722771658 164.07304264560892 445
1738722771690 104.16790756018052 446
1738722771722 136.2710960670424 447
1738722771754 184.293901410448 448
1738722771786 134.83884039070048 449
1738722771819 179.37387544754475 450
1738722771851 250.25155894431884 451
1738722771884 79.7906259665158 452
1738722771916 72.18946236073982 453
1738722771949 203.7682741926137 454
1738722771981 233.26138541514044 455
1738722772015 177.32269339239457 456
1738722772049 197.94809031847586 457
1738722772082 113.84746635023751 458
1738722772115 184.7914820197434 459
1738722772148 174.73048507474897 460
1738722772180 187.94137534049298 461
1738722772213 131.92917924901113 462
1738722772246 198.9309049155694 463
1738722772280 159.87557130890843 464
1738722772314 155.07096906389518 465
1738722772348 172.53978830857918 466
1738722772381 273.15234877655615 467
1738722772414 162.66612917590868 468
1738722772447 82.35698978425833 469
1738722772479 235.94562168827284 470
1738722772512 122.11897647647075 471
1738722772545 429.6050649743901 472
1738722772578 178.20704682505183 473
1738722772611 155.2467753491941 474
1738722772644 116.47854160389953 475
1738722772676 124.89825832558657 476
1738722772709 240.85226714127597 477
1738722772742 237.07394993248818 478
1738722772775 152.95652344452805 479
1738722772807 159.33911560250166 480
1738722772840 336.1928030337746 481
1738722772873 162.43247595067706 482
1738722772905 157.99042954754304 483
1738722772938 159.29518202599172 484
1738722772970 149.1847163825977 485
1738722773003 156.99065044863553 486
1738722773036 230.83791294264904 487
1738722773069 142.35287737755388 488
1738722773101 168.14886943335836 489
1738722773134 119.39920522158265 490
1738722773166 192.0617476707542 491
1738722773199 157.1107230736428 492
1738722773231 189.35133667153153 493
1738722773263 188.88134565334107 494
1738722773296 169.1041042592522 495
1738722773329 142.05663010173666 496
1738722773361 146.13827359669386 497
1738722773394 172.7570802062622 498
1738722773427 188.25744300027918 499
