1738722971480 172.04225461271838 0
1738722971482 169.55271024759415 1
1738722971485 164.09186003458814 2
1738722971487 166.4685996471306 3
1738722971489 171.63296338951574 4
1738722971491 163.41361661116568 5
1738722971494 174.19964103634373 6
1738722971496 168.46745690790738 7
1738722971498 173.8097988425285 8
1738722971500 168.7295543031739 9
1738722971503 170.48097026398293 10
1738722971505 173.4996556775416 11
1738722971507 170.1237595125942 12
1738722971509 165.83001840677713 13
1738722971512 167.2018253969505 14
1738722971514 166.65323039012645 15
1738722971516 169.72494129340572 16
1738722971519 172.4897028979758 17
1738722971521 173.52815937257574 18
1738722971523 169.33986425047533 19
1738722971526 168.50415417853088 20
1738722971528 171.046116029946 21
1738722971530 172.0072547976938 22
1738722971533 171.5732721797554 23
1738722971535 165.2428189202205 24
1738722971537 172.4115212660119 25
1738722971540 172.67172722049818 26
1738722971542 168.11590110174646 27
1738722971545 165.43837530678744 28
1738722971547 167.4265660722516 29
1738722971550 170.02672184855987 30
1738722971552 174.73228006772098 31
1738722971554 166.9672429911116 32
1738722971557 172.57077765373788 33
1738722971559 171.3476872832477 34
1738722971561 167.9516326590318 35
1738722971564 169.55106633813784 36
1738722971566 168.70141838307597 37
1738722971568 168.9287829111567 38
1738722971571 166.34863694043602 39
1738722971573 167.66189781717082 40
1738722971576 172.9599565481593 41
1738722971578 169.54513641848337 42
1738722971580 167.17327545453685 43
1738722971583 165.81135260319704 44
1738722971585 165.944509999617 45
1738722971587 171.56925648918516 46
1738722971589 165.75708845414925 47
1738722971592 166.0426116017291 48
1738722971594 171.035757139711 49
1738722971596 167.78269632127555 50
1738722971598 167.52081428936467 51
1738722971601 170.8601714704095 52
1738722971603 169.63731864927894 53
1738722971605 165.54191564541946 54
1738722971607 170.61447188785593 55
1738722971610 169.1555070208228 56
1738722971612 169.7166487281139 57
1738722971614 164.64051737151024 58
1738722971616 170.3965084736172 59
1738722971619 168.12736862286818 60
1738722971621 169.0023621068238 61
1738722971623 165.42455039794314 62
1738722971625 166.2231365461908 63
1738722971628 168.8835663171851 64
1738722971630 169.3419479785872 65
1738722971632 171.92401139951644 66
1738722971634 167.66216132478218 67
1738722971637 170.53885167981434 68
1738722971639 168.60249868328694 69
1738722971641 168.04883408297727 70
1738722971644 169.01686300865828 71
1738722971646 165.7567736659332 72
1738722971648 168.78463149222267 73
1738722971650 171.60081463508294 74
1738722971653 169.4910824294887 75
1738722971655 168.41168842337825 76
1738722971657 169.25690804346698 77
1738722971660 170.1650599273647 78
1738722971662 167.99699396560544 79
1738722971664 170.57668138711284 80
1738722971666 171.16712818780593 81
1738722971669 169.60116983636814 82
1738722971671 168.4299687603639 83
1738722971673 167.3181826735995 84
1738722971675 166.93711968217858 85
1738722971677 169.41745110870124 86
1738722971680 169.42168138019642 87
1738722971682 169.42394608439116 88
1738722971684 168.02559599026665 89
1738722971686 166.52758851567222 90
1738722971689 167.06482086417464 91
1738722971691 168.0083071881022 92
