1738726605277 186.14526835866397 0
1738726605316 177.06119792305842 1
1738726605355 159.24810875019486 2
1738726605394 172.52692705521335 3
1738726605434 150.35573350132088 4
1738726605472 164.75154051798324 5
1738726605511 169.92743344168824 6
1738726605550 170.00968999967466 7
1738726605588 167.1917579359863 8
1738726605627 176.9509556359284 9
1738726605667 167.3534651341766 10
1738726605706 175.20641441579505 11
1738726605744 166.12093382587304 12
1738726605783 177.46746425829227 13
1738726605821 197.76287004357226 14
1738726605859 161.11030991100176 15
1738726605897 177.76114092637954 16
1738726605936 158.3086483493611 17
1738726605974 176.20347789623654 18
1738726606012 187.7145474129225 19
1738726606050 165.88014004278673 20
1738726606088 155.5508283453617 21
1738726606126 176.2443191028772 22
1738726606164 169.62020353685165 23
1738726606202 161.2589288464685 24
1738726606240 161.75954228056145 25
1738726606278 171.18574033671217 26
1738726606317 168.35380124845557 27
1738726606356 172.17135786836346 28
1738726606394 167.6530874982884 29
1738726606432 181.96921038589358 30
1738726606471 161.70446839944572 31
1738726606510 158.27764335170463 32
1738726606548 156.5086658639512 33
1738726606587 169.5628748884444 34
1738726606646 173.7189509209046 35
1738726606685 179.19256407863878 36
1738726606724 169.39681759431932 37
1738726606762 173.60364558416896 38
1738726606800 173.83356289191008 39
1738726606838 151.16853484907134 40
1738726606876 171.70935840153004 41
1738726606913 173.452503210108 42
1738726606951 166.54074807905883 43
1738726606989 172.59584472822425 44
1738726607027 175.57863895552012 45
1738726607065 164.46521688886835 46
1738726607102 167.6065925613443 47
1738726607140 167.92279542592806 48
1738726607177 171.89801708759794 49
1738726607216 174.7312876203023 50
1738726607255 180.06516562643125 51
1738726607293 170.8008090459174 52
1738726607331 173.05200006446034 53
1738726607369 168.85546951108358 54
1738726607407 173.4154294753212 55
1738726607445 166.89320542109644 56
1738726607484 171.8690925407804 57
1738726607522 173.0714955835655 58
1738726607561 162.82574368865457 59
1738726607599 178.59921454904014 60
1738726607636 172.0207777452368 61
1738726607674 168.1079662561884 62
