1738724439574 183.65737429245704 0
1738724439610 167.8173808413866 1
1738724439674 165.5062695367152 2
1738724439754 173.9323087803671 3
1738724439795 169.8635790711394 4
1738724439831 177.28986777055596 5
1738724439867 159.9610770002491 6
1738724439903 157.88229886620582 7
1738724439939 172.59468912572532 8
1738724439974 159.2741416000625 9
1738724440010 162.80417294296964 10
1738724440046 171.11271422398585 11
1738724440081 163.00349266153827 12
1738724440117 166.59988176983165 13
1738724440152 175.4347212639862 14
1738724440188 165.00420104041186 15
1738724440224 163.78512338117108 16
1738724440260 163.16715179195097 17
1738724440295 168.30718057883007 18
1738724440331 164.1801992590744 19
1738724440366 159.24401713367575 20
1738724440402 164.66240127699825 21
1738724440437 183.63894526209833 22
1738724440472 168.4761982664856 23
1738724440508 190.99785252783377 24
1738724440543 161.14710519687685 25
1738724440579 157.85113903441223 26
1738724440614 171.95007556074827 27
1738724440649 172.4534382002965 28
1738724440685 168.69511587118387 29
1738724440720 172.03692642724295 30
1738724440755 165.15678142133558 31
1738724440791 165.29380220167394 32
1738724440826 158.9134400295096 33
1738724440861 183.47937914257616 34
1738724440897 182.54421722556597 35
1738724440932 170.96178254737558 36
1738724440967 175.28983363879487 37
1738724441003 174.10117133448793 38
1738724441038 169.53058925350678 39
1738724441074 162.67751589056797 40
1738724441109 167.0220057503519 41
1738724441144 176.1134309257953 42
1738724441179 157.89231067275605 43
1738724441215 171.6976767273523 44
1738724441252 180.1327201992204 45
1738724441287 179.04395879637204 46
1738724441322 160.61745430818863 47
1738724441358 147.43848305710904 48
1738724441393 177.00540454752533 49
1738724441429 169.15439460237664 50
1738724441464 156.1127131795614 51
1738724441499 176.86829556735503 52
1738724441534 170.9218172821524 53
1738724441569 157.11222835072908 54
1738724441604 159.73467874526378 55
1738724441640 170.32706178464392 56
1738724441675 178.00086791555316 57
1738724441710 174.08274283446963 58
1738724441746 169.69158047465743 59
1738724441781 172.16449170699542 60
1738724441817 172.61360669896428 61
1738724441853 174.9770680823515 62
1738724441889 137.03078604910485 63
1738724441925 160.68285690122568 64
1738724441961 168.58221930933937 65
1738724441996 160.62968413346215 66
1738724442032 166.10376157231318 67
1738724442068 181.66060701443715 68
1738724442104 162.03943087988756 69
1738724442140 175.67281679149337 70
1738724442175 177.90327413137342 71
1738724442210 169.29766052291134 72
1738724442246 162.0099821975398 73
1738724442281 164.87706344091077 74
1738724442316 175.72558957888057 75
1738724442352 169.7187010981262 76
1738724442387 168.2649690156615 77
1738724442423 174.73293642574149 78
1738724442458 150.01938671302963 79
1738724442493 173.61562880291697 80
1738724442529 170.66202514746632 81
1738724442564 163.54032426674905 82
1738724442599 169.94343417129608 83
1738724442635 173.35264221880504 84
1738724442670 169.61554584108524 85
1738724442705 158.8536219879803 86
1738724442740 179.80021504369722 87
1738724442775 166.10158253383574 88
1738724442810 166.63619993999188 89
1738724442845 179.44195479174334 90
1738724442880 169.2200985447977 91
1738724442916 164.71581933176446 92
1738724442951 187.73713875685434 93
1738724442986 176.51673893084944 94
1738724443021 176.4023824111682 95
1738724443056 163.97896227647797 96
1738724443092 180.1151382360374 97
1738724443127 171.1399621143367 98
1738724443162 171.81306619307668 99
1738724443197 158.95458737243888 100
1738724443232 159.97349152691586 101
1738724443267 176.7365142785935 102
1738724443302 171.40369923826927 103
1738724443339 173.687129764244 104
1738724443375 183.19429570578643 105
1738724443412 161.82121796938196 106
1738724443448 176.15051024055265 107
1738724443488 172.66070094823655 108
1738724443525 170.02000193891044 109
1738724443562 162.44049086807877 110
1738724443598 168.07362749000038 111
1738724443634 170.6578495864942 112
1738724443670 193.286822121967 113
1738724443706 166.7990197076744 114
1738724443742 185.1602063849051 115
1738724443784 187.33692026709406 116
1738724443820 166.9342507052074 117
