1738724531204 169.87154653020426 0
1738724531208 170.13403234208437 1
1738724531211 167.99923809690202 2
1738724531215 168.49239667458002 3
1738724531218 174.2070469232654 4
1738724531222 169.54690489232473 5
1738724531225 169.3966504911125 6
1738724531229 168.64044767581748 7
1738724531233 169.63344754040156 8
1738724531236 170.2201081751104 9
1738724531240 169.84548383432158 10
1738724531243 171.378038029108 11
1738724531248 167.12721939400794 12
1738724531253 169.31912948634908 13
1738724531259 168.89798174094776 14
1738724531266 167.87516375297304 15
1738724531271 167.68289398203373 16
1738724531275 163.9774423181084 17
1738724531281 163.82634116732729 18
1738724531285 171.64839165833953 19
1738724531291 170.39872528117544 20
1738724531295 165.5965102655338 21
1738724531299 165.1063777845984 22
1738724531303 163.7827143064273 23
1738724531307 168.6045722065045 24
1738724531313 166.56536527561997 25
1738724531318 168.2971196231445 26
1738724531323 168.26546419021372 27
1738724531328 169.69917869475435 28
1738724531334 167.8803322713307 29
1738724531339 169.17821435184905 30
1738724531343 171.12907143770488 31
1738724531348 166.65381542993086 32
1738724531351 169.48926189471425 33
1738724531357 165.791560872931 34
1738724531362 166.04041928470633 35
1738724531370 167.23334794356367 36
1738724531375 169.4860387377086 37
1738724531381 167.91303745521157 38
1738724531386 171.48003354815188 39
1738724531391 167.59057072765194 40
1738724531395 169.86769289982595 41
1738724531401 168.04948489147824 42
1738724531407 171.3621711512435 43
1738724531413 166.89825633545993 44
1738724531418 169.42715680436424 45
1738724531422 170.48368591133092 46
1738724531426 169.5323059142788 47
1738724531431 169.40655069857533 48
1738724531435 165.51883822750574 49
1738724531439 170.8703745440584 50
1738724531443 170.63807241894403 51
1738724531447 168.92372341971353 52
1738724531451 170.96609947863098 53
1738724531457 171.05437463875228 54
1738724531462 168.7937236392459 55
1738724531467 174.29186992766816 56
1738724531472 171.06895101735054 57
1738724531475 167.84331046963985 58
1738724531482 166.8187422935625 59
1738724531487 170.06331688793688 60
1738724531491 166.81235018753912 61
1738724531496 169.2829825084746 62
1738724531502 168.88161786274165 63
1738724531508 167.57795869851267 64
1738724531513 167.67005697534609 65
1738724531516 165.42896068881328 66
1738724531520 167.7582540995801 67
1738724531524 167.3627969143291 68
1738724531527 170.59287669164837 69
1738724531530 168.99105587276847 70
1738724531534 169.95713456698473 71
1738724531537 166.1309943228098 72
1738724531540 167.93032988323372 73
1738724531543 169.04961248052547 74
1738724531547 168.10741202495836 75
1738724531550 169.7692539779144 76
1738724531554 171.10036074683245 77
1738724531557 169.01459389767533 78
1738724531560 167.99192722477872 79
1738724531564 168.2782706884164 80
1738724531567 168.23643111008892 81
1738724531570 168.30541881529484 82
1738724531574 170.0381966965391 83
1738724531577 168.38158646180935 84
1738724531580 170.06160014380285 85
