1738726452225 275.11556797253314 0
1738726452260 173.8531286969161 1
1738726452295 177.02440226136088 2
1738726452330 111.76962713141977 3
1738726452368 220.42732009227672 4
1738726452404 93.14295072757547 5
1738726452439 110.80705748916351 6
1738726452474 115.5199403161595 7
1738726452509 120.73699639848353 8
1738726452543 147.75789434794459 9
1738726452578 123.0778751131925 10
1738726452613 209.66135919699028 11
1738726452648 188.82795682189672 12
1738726452682 112.72228255754813 13
1738726452717 191.49176106068165 14
1738726452752 182.2362625683716 15
1738726452787 200.58408789126753 16
1738726452821 131.64766108703841 17
1738726452856 162.21788348927618 18
1738726452890 119.56740851831559 19
1738726452924 119.64661376722422 20
1738726452959 114.15095241673185 21
1738726452993 107.94761835771956 22
1738726453027 201.6897035374481 23
1738726453062 302.0903297294395 24
1738726453097 251.4080819241786 25
1738726453131 148.7477739186936 26
1738726453166 217.32336593966593 27
1738726453200 246.02719543668744 28
1738726453235 184.74648076831227 29
1738726453269 183.90710197510097 30
1738726453303 136.4886019241957 31
1738726453338 258.2078567171043 32
1738726453374 129.0983373093647 33
1738726453409 139.17833451356665 34
1738726453443 177.07923783179592 35
1738726453478 231.24596226376485 36
1738726453512 169.5698181484231 37
1738726453546 321.08009010309956 38
1738726453581 162.47783045282287 39
1738726453617 172.8505943740518 40
1738726453652 140.9752441800723 41
1738726453687 192.4847742756599 42
1738726453722 165.40094707609794 43
1738726453756 112.61367171618636 44
1738726453791 146.49492408915205 45
1738726453825 162.97727253707097 46
1738726453860 233.5874010320785 47
1738726453894 171.9352702376732 48
1738726453929 185.33728569727595 49
1738726453963 159.66040144381998 50
1738726453997 204.64156907357116 51
1738726454032 94.3350672380524 52
1738726454066 147.1374027147583 53
1738726454100 114.20956696305254 54
1738726454135 129.54596727337514 55
1738726454169 211.87345794363623 56
1738726454203 189.85635274510722 57
1738726454237 250.44486262321388 58
1738726454272 109.92002016406671 59
1738726454306 111.26509851309002 60
1738726454340 139.81489752618484 61
1738726454374 70.55199879030745 62
1738726454409 127.24395316231083 63
1738726454443 134.71593090400242 64
1738726454477 96.77909080071909 65
1738726454511 259.1344892486452 66
1738726454545 294.9657007685611 67
1738726454579 125.02878686348325 68
1738726454613 201.5440711805969 69
1738726454647 198.18086390758344 70
1738726454681 176.4994662451497 71
1738726454715 189.42840185777996 72
1738726454749 182.0930011530549 73
1738726454783 223.8427160787597 74
