1738724003401 156.5677435638346 0
1738724003438 150.32450386273538 1
1738724003476 171.8263538994005 2
1738724003514 150.7322355869225 3
1738724003551 163.9327590787101 4
1738724003589 175.3595314173498 5
1738724003626 160.06968802068076 6
1738724003663 175.327360242192 7
1738724003701 168.42073675159477 8
1738724003739 163.47714924006416 9
1738724003777 159.61375241713978 10
1738724003814 155.13595664981875 11
1738724003851 156.38568959601963 12
1738724003889 175.24416582699084 13
1738724003926 182.4962662586108 14
1738724003963 168.9448417419117 15
1738724004000 171.7368528829026 16
1738724004037 169.3565643218235 17
1738724004074 185.33307894711834 18
1738724004111 164.64762763519218 19
1738724004148 157.48407298089072 20
1738724004185 181.35522904103695 21
1738724004222 167.92953350310526 22
1738724004259 164.48541123036466 23
1738724004296 163.20707297499766 24
1738724004333 164.35192526303874 25
1738724004370 163.25670964052156 26
1738724004407 160.482358699714 27
1738724004444 177.54461111602413 28
1738724004481 163.6114011570648 29
1738724004518 179.22132398125603 30
1738724004555 154.414500266314 31
1738724004592 163.02274893973035 32
1738724004629 147.24828961352495 33
1738724004666 146.39214210666654 34
1738724004703 168.4234371465079 35
1738724004739 155.8175252011386 36
1738724004776 164.86671357735798 37
1738724004813 160.77621688941494 38
1738724004851 163.81181625316847 39
1738724004888 148.62718148847222 40
1738724004925 166.54049241907327 41
1738724004962 174.45931263126997 42
1738724004998 175.1242247806054 43
1738724005037 157.32898810093087 44
1738724005073 147.69598704680897 45
1738724005110 176.22699965114924 46
1738724005146 182.1641117003987 47
1738724005182 171.56137921947033 48
1738724005219 165.68992348436316 49
