1738722111811 169.1282007012492 0
1738722111813 169.1126122244692 1
1738722111814 169.09770497101815 2
1738722111816 169.08344870453206 3
1738722111817 169.06981454719977 4
1738722111818 169.05677491836778 5
1738722111820 169.0443034759279 6
1738722111822 169.03237506036203 7
1738722111823 169.0209656413229 8
1738722111826 169.0100522666356 9
1738722111827 168.9996130136102 10
1738722111829 168.98962694256088 11
1738722111830 168.9800740524303 12
1738722111832 168.9709352384246 13
1738722111834 168.9621922515676 14
1738722111835 168.95382766008657 15
1738722111837 168.94582481254727 16
1738722111838 168.9381678026579 17
1738722111839 168.93241028708374 18
1738722111841 168.92687819404512 19
1738722111842 168.92156216069813 20
1738722111843 168.9164532301997 21
1738722111845 168.9115428337086 22
1738722111847 168.90682277319402 23
1738722111848 168.9022852050151 24
1738722111851 168.8979226242366 25
1738722111852 168.89372784964743 26
1738722111854 168.8896940094505 27
1738722111855 168.88680377650408 28
1738722111856 168.88400512658353 29
1738722111858 168.88129468952047 30
1738722111859 168.87866923144998 31
1738722111861 168.8761256489881 32
1738722111862 168.87366096366608 33
1738722111863 168.87127231660904 34
1738722111864 168.86895696344868 35
1738722111866 168.86671226945984 36
1738722111868 168.86453570490985 37
1738722111869 168.86242484061242 38
1738722111870 168.86037734367608 39
1738722111871 168.85839097343887 40
1738722111872 168.8564635775807 41
1738722111873 168.8545930884058 42
1738722111875 168.8527775192875 43
1738722111876 168.85101496126788 44
1738722111877 168.8493035798059 45
1738722111879 168.84764161166683 46
1738722111880 168.84602736194748 47
1738722111882 168.84445920122985 48
1738722111885 168.84293556285937 49
1738722111887 168.8414549403403 50
1738722111888 168.84001588484452 51
1738722111889 168.83861700282768 52
