1738724557269 168.397450611568 0
1738724557272 171.60608817697963 1
1738724557275 166.7817465849799 2
1738724557278 168.2050484179174 3
1738724557281 167.3849502954297 4
1738724557284 166.5260647262549 5
1738724557288 170.15549866651926 6
1738724557291 169.8051890491467 7
1738724557294 170.18737050914683 8
1738724557297 170.02850052654526 9
1738724557300 166.41553773940467 10
1738724557303 168.69821404396254 11
1738724557306 169.65108734062468 12
1738724557309 169.73423450482898 13
1738724557312 169.28324908676655 14
1738724557315 170.2770855754562 15
1738724557318 167.12473456179134 16
1738724557321 170.98224788917148 17
1738724557324 168.52922356124174 18
1738724557327 170.27495403741813 19
