1738726699378 169.77984529715442 0
1738726699382 171.0541375880263 1
1738726699386 166.98679256647048 2
1738726699390 167.29193377050817 3
1738726699394 166.2174437770813 4
1738726699398 170.20378559129372 5
1738726699402 164.42761378637096 6
1738726699406 168.7794166246005 7
1738726699410 168.25591934938254 8
1738726699414 171.38099752986673 9
1738726699418 168.5245958883769 10
1738726699422 170.1861581614922 11
1738726699426 168.01244504925114 12
1738726699430 171.37789556097235 13
1738726699434 167.7499715928436 14
1738726699438 170.58011388386535 15
1738726699441 170.36983128223628 16
1738726699445 170.58912323039064 17
1738726699449 168.49981605637882 18
1738726699453 168.69523573246954 19
1738726699457 170.20258617262382 20
1738726699461 167.70617973132235 21
1738726699465 170.45622292136497 22
1738726699469 169.06293969577797 23
1738726699473 169.3899673905073 24
1738726699477 170.40184314050663 25
1738726699481 170.35307600716234 26
1738726699484 169.4056845592708 27
1738726699488 166.71526073937264 28
1738726699493 166.43542870664888 29
1738726699501 168.79906054787727 30
1738726699513 167.51417826406552 31
1738726699520 168.19298892175115 32
1738726699526 166.6103576533875 33
1738726699532 169.25888222395474 34
1738726699537 168.68499029754898 35
1738726699542 169.44549483044875 36
1738726699547 168.96526894381066 37
1738726699552 173.33503822670826 38
1738726699558 170.76753389031208 39
1738726699563 166.72336373889388 40
1738726699568 168.16881103178838 41
1738726699573 168.05164619422877 42
1738726699577 168.09148016280906 43
1738726699582 169.8847714168429 44
1738726699587 169.98525287007263 45
1738726699592 167.95280705284853 46
1738726699596 169.0351703434176 47
1738726699602 169.33528223965988 48
1738726699612 167.41737915520446 49
1738726699617 167.51307705457162 50
