1738726278932 168.89192852036334 0
1738726278936 168.70731317711886 1
1738726278940 165.99577737753472 2
1738726278944 169.88752576753762 3
1738726278948 169.3084778440703 4
1738726278952 168.041561176539 5
1738726278955 168.33729415651229 6
1738726278959 168.329320719557 7
1738726278963 169.05221438466046 8
1738726278967 168.64124770356972 9
1738726278971 166.36224606038704 10
1738726278975 167.21850659141646 11
1738726278978 170.66591063636437 12
1738726278983 167.69369199730133 13
1738726278986 168.9172916453847 14
1738726278990 168.3183248701763 15
1738726278994 169.239158644599 16
1738726278998 168.46114720754895 17
1738726279002 171.1274573561623 18
1738726279005 167.55813407578742 19
1738726279009 169.0989302474435 20
1738726279013 167.42805704598854 21
1738726279017 167.30257819658834 22
1738726279020 169.26117211843356 23
1738726279024 169.7631499444781 24
1738726279028 168.14899305892183 25
1738726279032 168.2359656113799 26
1738726279035 170.91097335911928 27
1738726279039 169.54314170040837 28
1738726279043 167.19456785044832 29
1738726279046 168.15827735115263 30
1738726279050 169.68246613660236 31
1738726279054 167.63506938845921 32
1738726279058 167.93296976736085 33
1738726279062 168.81882356773178 34
1738726279066 168.07790235453106 35
1738726279069 170.99453633584685 36
1738726279073 166.5668246273021 37
1738726279077 167.2894650313383 38
1738726279081 168.4199465597009 39
1738726279084 168.04214706902025 40
1738726279088 171.65011631444725 41
