1738726415168 179.84435472816324 0
1738726415206 146.9865681294342 1
1738726415245 207.23448089217504 2
1738726415284 153.59529339555021 3
1738726415323 184.63698902211408 4
1738726415368 151.80560425418048 5
1738726415408 184.42982509960638 6
1738726415447 162.93000754024894 7
1738726415487 184.7522619190571 8
1738726415527 173.61441578925348 9
1738726415567 153.3399084132686 10
1738726415607 130.7874344867278 11
1738726415647 152.13658995580022 12
1738726415687 164.2687888165732 13
1738726415726 202.81323741207385 14
1738726415765 142.38545243964293 15
1738726415804 164.52126774883448 16
1738726415843 171.767698894671 17
1738726415881 161.46718942170145 18
1738726415923 174.22982247744508 19
1738726415962 174.6568992203084 20
1738726416000 165.6042817648842 21
1738726416038 184.5334666328654 22
1738726416076 169.41345197987073 23
1738726416114 148.3120657170942 24
1738726416152 175.1211428971196 25
1738726416190 197.48631665649006 26
1738726416228 166.87107241657756 27
1738726416266 167.23165914615456 28
1738726416304 191.56479824277307 29
1738726416342 156.7009984308983 30
1738726416380 159.57078881082572 31
1738726416418 134.31993964727445 32
1738726416458 125.83665498215564 33
1738726416498 196.3844642138633 34
1738726416538 172.95324483694137 35
1738726416578 179.58318187711322 36
1738726416618 177.44337710066947 37
1738726416658 171.33190481174688 38
1738726416697 187.14563388505192 39
1738726416736 154.04488287526303 40
1738726416774 115.57362317850428 41
1738726416812 165.71714979881446 42
1738726416851 165.46865082199986 43
1738726416889 168.98913542473326 44
1738726416927 145.38977302517134 45
1738726416966 107.13432763690888 46
1738726417004 166.99698957164745 47
1738726417043 157.27911520968445 48
1738726417082 197.02947327304423 49
1738726417120 170.81788074025286 50
1738726417159 185.4129975020995 51
1738726417198 190.86572405256828 52
1738726417237 134.38228521979457 53
1738726417275 179.5660091010272 54
1738726417314 185.01701351991275 55
1738726417352 209.61635090395995 56
1738726417390 172.32909977732245 57
1738726417428 168.0777448906304 58
1738726417466 170.03957670815095 59
1738726417525 142.3878403179745 60
1738726417568 180.9642512859888 61
1738726417607 170.93050888729934 62
1738726417645 169.63815930024043 63
1738726417683 169.9814956454494 64
1738726417721 152.30446773626642 65
1738726417759 164.44177605703894 66
1738726417797 135.79430392625872 67
1738726417836 191.94708519583628 68
1738726417873 175.273892070935 69
1738726417911 179.31771271758876 70
1738726417949 160.7734538048334 71
1738726417988 151.30405159394158 72
1738726418026 153.60713060137826 73
1738726418064 172.01564358031905 74
1738726418102 151.24518411235087 75
1738726418140 174.1839055152881 76
1738726418178 157.6611733162827 77
1738726418216 167.39610983162163 78
1738726418254 167.6204649823607 79
1738726418293 152.4145974337227 80
1738726418332 162.5514801434154 81
1738726418371 186.63530310710564 82
1738726418409 162.5433869382109 83
1738726418447 177.09490217150096 84
1738726418485 166.66650852877063 85
1738726418523 172.1800911563706 86
1738726418560 142.01282259293137 87
1738726418598 156.00384587685565 88
1738726418635 187.84297364441903 89
1738726418673 161.61654375583205 90
1738726418710 132.88025580965402 91
1738726418749 151.55399650942522 92
1738726418788 135.06234941563724 93
1738726418826 194.3403146157813 94
1738726418865 142.92238743998215 95
1738726418904 183.38540337284104 96
1738726418943 155.48297885937953 97
1738726418982 180.7531219986123 98
1738726419022 179.8889749817328 99
1738726419062 164.72683648030562 100
1738726419102 176.68414456690635 101
1738726419141 174.12959792675082 102
1738726419181 173.998131463017 103
1738726419221 177.41509572835085 104
1738726419260 185.8192227440242 105
1738726419299 177.359423028942 106
1738726419338 156.71375189385503 107
1738726419377 159.9164904756709 108
1738726419415 168.60175354595037 109
1738726419453 209.3609870382292 110
1738726419493 167.74072663909766 111
1738726419533 150.42717860708325 112
1738726419572 164.1487370854239 113
1738726419612 159.81056299657746 114
1738726419652 174.16428259789302 115
1738726419723 158.56204608319072 116
1738726419764 173.53439054488558 117
1738726419806 174.0145523066657 118
1738726419846 162.6454281159883 119
1738726419886 161.81012074380962 120
1738726419927 166.7290597530722 121
1738726419966 164.9466862188761 122
1738726420006 112.01458589516115 123
1738726420045 130.82762555782912 124
1738726420084 182.1147442366873 125
1738726420122 196.22228487983392 126
1738726420160 164.23842470132286 127
1738726420199 162.67079992710615 128
1738726420237 158.27650704838217 129
1738726420275 174.88795074617755 130
1738726420313 156.4807979821752 131
1738726420351 192.55885999040362 132
1738726420390 180.3757356102187 133
1738726420428 135.65870272445014 134
1738726420466 161.22278249225744 135
1738726420504 173.5934078432472 136
1738726420542 192.26662258116326 137
1738726420580 195.4005859579071 138
1738726420617 163.78034411138344 139
1738726420655 156.73603855674986 140
1738726420693 180.89104186931806 141
1738726420731 176.7387419631966 142
1738726420768 171.36452737022313 143
1738726420807 159.12815664053173 144
1738726420845 185.5719829466171 145
1738726420883 169.01590161289204 146
1738726420920 172.2358759935612 147
1738726420958 148.52448948895008 148
1738726420995 180.57877835927567 149
1738726421033 157.68222134215125 150
1738726421070 172.11869130850292 151
1738726421108 174.47261957683978 152
1738726421145 177.60821349029834 153
1738726421183 176.3521806555022 154
1738726421220 145.3745618162315 155
1738726421257 176.78125315344886 156
1738726421295 163.19798775768666 157
1738726421333 171.35016937683687 158
1738726421372 207.10966579357947 159
1738726421410 161.49476253731456 160
1738726421448 171.13245037559966 161
1738726421487 178.82441795221052 162
1738726421525 152.10348756481108 163
1738726421564 174.46709195500625 164
1738726421602 183.74116034270392 165
1738726421641 182.58273432580657 166
1738726421682 162.38577150185324 167
1738726421720 139.63032417449415 168
1738726421758 201.5432301417101 169
1738726421796 158.89938236392922 170
1738726421834 186.12535570538455 171
1738726421872 171.1236987216538 172
1738726421911 169.31884903201663 173
1738726421949 145.78029527137087 174
1738726421988 219.57895696201768 175
1738726422026 170.43934465692814 176
1738726422064 162.7227637549258 177
1738726422102 156.93733815542842 178
1738726422140 159.7637589445268 179
1738726422178 169.97456841977018 180
1738726422216 244.0138617387481 181
1738726422255 146.10157093869842 182
1738726422294 158.0898894089059 183
1738726422333 165.26601339469178 184
1738726422372 182.41157798757172 185
1738726422411 177.66465160398704 186
1738726422450 151.88173605856528 187
1738726422490 191.80769115367877 188
1738726422530 226.0159957984853 189
1738726422570 144.05803337662635 190
1738726422610 207.55245474265107 191
1738726422649 145.1408982132794 192
1738726422689 145.469170608748 193
1738726422729 171.17702228346084 194
1738726422769 143.87497580008986 195
1738726422810 158.4289865293346 196
1738726422849 176.45347833955972 197
1738726422889 157.268554379468 198
1738726422928 154.71525876861483 199
1738726422968 143.53291535842334 200
1738726423007 158.97277382886696 201
1738726423047 182.4567664911811 202
1738726423087 187.62428868631488 203
1738726423127 169.0419379894174 204
1738726423166 174.637177079193 205
1738726423206 148.5096103673804 206
1738726423246 166.7725930892081 207
1738726423285 172.47596654894124 208
1738726423325 167.0651553100116 209
1738726423364 136.72960217419566 210
1738726423404 157.02599996395145 211
1738726423444 165.7714050271353 212
1738726423483 170.02092515370427 213
1738726423522 182.83741058741094 214
1738726423562 146.19566514125304 215
1738726423601 138.46284239489202 216
1738726423641 165.7924448526713 217
1738726423681 149.72973809403535 218
1738726423720 186.89692056305827 219
1738726423759 211.046395573641 220
1738726423799 174.43697928075753 221
1738726423838 141.53488393600554 222
1738726423878 150.96612828104958 223
1738726423917 168.48483667268547 224
1738726423957 141.12113900789294 225
1738726423996 181.455651841754 226
1738726424036 152.89730941138245 227
1738726424075 155.04731027469435 228
1738726424115 158.8243963517599 229
1738726424154 188.3171465846007 230
1738726424194 193.07157999105644 231
1738726424233 158.4435694116901 232
1738726424273 183.8934890355677 233
1738726424312 154.91636307230326 234
1738726424352 173.57611977821773 235
1738726424391 137.70841873814294 236
1738726424431 178.8781141111717 237
1738726424471 186.6911419060266 238
1738726424511 166.42041890240858 239
1738726424550 130.77583738327516 240
1738726424589 185.3739767716958 241
1738726424651 156.83183378735745 242
1738726424690 162.9570372935877 243
1738726424730 147.2079449478736 244
1738726424770 167.29057024732913 245
1738726424809 217.9435586590607 246
1738726424849 174.34081485592884 247
1738726424889 158.6335240971961 248
1738726424928 173.02623150106868 249
1738726424967 196.45642482678582 250
1738726425006 184.22306271144183 251
1738726425044 151.9656559520869 252
1738726425083 169.55152401234287 253
1738726425121 170.61338834867513 254
1738726425159 181.92101521180868 255
1738726425197 177.1057647766568 256
1738726425236 159.71399157543075 257
1738726425273 140.5835224694652 258
1738726425312 160.36442199392474 259
1738726425350 168.90635871577865 260
1738726425388 168.03932454890742 261
1738726425426 155.4359285087662 262
1738726425464 160.56914152257355 263
1738726425502 160.05087733648892 264
1738726425540 158.4374850380131 265
1738726425578 200.33333696745834 266
1738726425616 159.72188778776194 267
1738726425655 186.269797080186 268
1738726425693 143.9918658697812 269
1738726425731 171.1303527207812 270
1738726425769 171.57907645888793 271
1738726425808 192.0717413216144 272
1738726425847 164.49242865775557 273
1738726425886 169.3542859781147 274
1738726425925 191.4724365625097 275
1738726425963 167.37760062187579 276
1738726426001 164.5815704397291 277
1738726426038 172.98623062032814 278
1738726426077 187.70472182126395 279
1738726426116 159.6766885812602 280
1738726426157 159.9327305778373 281
1738726426196 167.76038248641848 282
1738726426235 156.13248506134929 283
1738726426274 172.46274804259878 284
1738726426313 183.23017165026013 285
1738726426353 177.21674917320954 286
1738726426392 188.7048588918128 287
1738726426430 166.88982245404787 288
1738726426468 167.1160860899313 289
1738726426506 145.57838261963136 290
1738726426544 163.08484558766625 291
1738726426582 177.81004211683435 292
1738726426620 179.9761659359948 293
1738726426658 186.36925226103068 294
1738726426696 193.17679814696444 295
1738726426734 172.69046235975281 296
1738726426772 176.36764707284775 297
1738726426810 181.35612371859406 298
1738726426848 175.75828904859478 299
1738726426896 161.51493495978082 300
1738726426960 162.9241624858195 301
1738726427007 177.88107642119854 302
1738726427047 165.08193486842933 303
1738726427086 134.63506717361335 304
1738726427126 191.43051865720602 305
1738726427164 183.1674034525948 306
1738726427203 172.35071200743798 307
1738726427241 150.10738967669195 308
1738726427280 177.29309203715644 309
1738726427319 145.36240034914098 310
1738726427358 156.47477996472708 311
1738726427397 163.140624936626 312
1738726427436 188.2548998477597 313
1738726427475 163.69676492698858 314
1738726427513 157.68302434483098 315
1738726427552 170.7764759039382 316
1738726427590 153.37572611068703 317
1738726427628 144.33003180406192 318
1738726427666 167.9340157788951 319
1738726427704 157.56079924581684 320
1738726427742 169.4663149948216 321
1738726427781 201.01651121317425 322
1738726427819 192.52025371285907 323
1738726427857 179.94945051069632 324
1738726427898 171.6725430400626 325
1738726427943 183.2992009878533 326
1738726427983 180.48729832842616 327
1738726428023 157.30740240235318 328
1738726428063 203.93014989925973 329
1738726428102 164.42826030011736 330
1738726428140 159.92286227573877 331
1738726428179 159.10677990598978 332
1738726428218 156.44592519301602 333
1738726428256 186.7619704907691 334
1738726428295 172.9370924433968 335
1738726428332 132.66283911749002 336
1738726428370 155.30823353276537 337
1738726428408 149.2000155567349 338
1738726428446 145.82007996632478 339
1738726428485 169.71965357573248 340
1738726428522 183.24991829732122 341
1738726428561 162.9085663622032 342
1738726428599 178.18540063308274 343
1738726428638 166.14268089809252 344
1738726428676 182.0084037118472 345
1738726428714 145.99685003397846 346
1738726428752 183.8827926555544 347
1738726428790 155.0441244459655 348
1738726428828 180.793064154714 349
1738726428866 157.19703302057596 350
1738726428904 171.64582488139885 351
1738726428942 179.6144045913928 352
1738726428982 176.39922050449098 353
1738726429020 132.90632950847584 354
1738726429059 162.07192595750962 355
1738726429097 165.93721075467786 356
1738726429136 172.39616894765527 357
1738726429174 171.0383708381308 358
1738726429213 160.37848902542737 359
1738726429251 145.99071346255755 360
1738726429289 146.590827563061 361
1738726429326 167.76306267262055 362
1738726429364 169.20290944936494 363
1738726429402 166.08246009505424 364
1738726429440 196.49372156286464 365
1738726429479 186.70044129904824 366
1738726429517 166.5397908849099 367
1738726429556 154.85399164004838 368
1738726429594 132.798473205701 369
1738726429633 124.87990862849246 370
1738726429671 165.68810668638542 371
1738726429709 171.31778588513268 372
1738726429749 153.55662090704698 373
1738726429787 183.903634101356 374
1738726429825 172.79262839374255 375
1738726429863 173.34909550696293 376
1738726429901 145.99810415454476 377
1738726429940 174.728124376806 378
1738726429977 191.86477974547063 379
1738726430015 152.546228455767 380
1738726430053 180.25500169171866 381
1738726430090 186.0390156684951 382
1738726430127 153.05552547133706 383
1738726430164 178.38670470749656 384
1738726430202 173.01834388233164 385
1738726430239 154.08128361784966 386
1738726430276 177.9054240925587 387
1738726430313 189.81820696897123 388
1738726430350 164.53294207239583 389
1738726430388 132.69156091856598 390
1738726430425 186.45365443081752 391
1738726430462 193.5880633614902 392
1738726430499 131.83024979525322 393
1738726430536 162.78667309726856 394
1738726430573 171.2241295435227 395
1738726430610 142.52893450647784 396
1738726430647 194.6808460994685 397
1738726430685 185.98548804838924 398
1738726430725 150.22351510112293 399
1738726430762 142.8146015671777 400
1738726430799 162.73500543929865 401
1738726430836 189.86239352147464 402
1738726430874 143.16471993866136 403
1738726430911 174.99799793380927 404
1738726430948 161.74940335112848 405
1738726430986 167.39307304365116 406
1738726431026 159.50078643151198 407
1738726431064 180.6448830587795 408
1738726431103 172.74500541514507 409
1738726431141 188.14279086266737 410
1738726431179 179.2937913529476 411
1738726431217 159.79198573879222 412
1738726431256 164.4244482815084 413
1738726431293 155.82975431616723 414
1738726431331 201.18859087945106 415
1738726431369 150.8939464140422 416
1738726431407 181.64959777347556 417
1738726431445 150.2609579303228 418
1738726431483 193.66308184769184 419
1738726431520 187.54084740456452 420
1738726431558 185.00017893062784 421
1738726431595 152.72321578325872 422
1738726431633 190.57249243728117 423
1738726431671 149.72328848637312 424
1738726431708 194.6663824042902 425
1738726431746 170.50838227711756 426
1738726431783 165.05187278969723 427
1738726431821 171.39152202237142 428
1738726431858 140.8457670996769 429
1738726431895 177.36765315018656 430
1738726431933 162.13902872883955 431
1738726431970 169.86445709734312 432
1738726432007 201.06138534314343 433
1738726432045 159.23439557214266 434
1738726432082 194.03934507538503 435
1738726432119 164.14377746658295 436
1738726432156 148.0348480431208 437
1738726432194 163.28468385512835 438
1738726432231 180.20285786819144 439
1738726432268 163.77471537279365 440
1738726432305 169.17933410263424 441
1738726432343 158.31798338504726 442
1738726432380 173.7390673357265 443
1738726432417 170.65924789043967 444
1738726432454 164.72664945498113 445
1738726432492 161.71196730015902 446
1738726432529 171.71561760225777 447
1738726432567 156.1401156070921 448
1738726432605 198.7721931834244 449
1738726432643 182.61210786436402 450
1738726432681 152.2634178921675 451
1738726432720 174.27015830927976 452
1738726432757 195.78236657687674 453
1738726432795 184.89029763219412 454
1738726432833 144.86993805875238 455
1738726432871 174.31480397283775 456
1738726432909 148.6105894014874 457
1738726432947 202.84356467948328 458
1738726432985 159.7740849002071 459
1738726433023 169.3079079993894 460
1738726433060 178.95827903460813 461
1738726433098 164.13403487069476 462
1738726433135 173.478111455233 463
1738726433173 128.653661802486 464
1738726433210 154.91973897952755 465
1738726433247 175.31325941586354 466
1738726433285 169.49236965009314 467
1738726433322 208.02655854383838 468
1738726433359 159.28913450036498 469
1738726433397 169.26028098902694 470
1738726433434 158.44187272927394 471
1738726433471 139.0447841027825 472
1738726433509 155.37699838955854 473
1738726433546 179.13327740187313 474
1738726433583 183.18339708640713 475
1738726433620 173.90261212151236 476
1738726433657 180.53111467846156 477
1738726433695 157.9375950146138 478
1738726433732 141.81208564778663 479
1738726433769 155.7932831837144 480
1738726433806 162.4977751230651 481
1738726433844 174.446781726408 482
1738726433882 166.21840116369816 483
1738726433920 132.34144633427786 484
1738726433958 152.40019832746327 485
1738726433996 169.69269317337853 486
1738726434035 191.95596648697946 487
1738726434074 179.3339440070785 488
1738726434111 177.92788113133523 489
1738726434150 169.24526134216572 490
1738726434188 172.2132344637947 491
1738726434226 160.49298186304358 492
1738726434265 163.32304668158454 493
1738726434303 161.51028784696678 494
1738726434341 179.36216782172946 495
1738726434379 117.23736378796917 496
1738726434418 194.88300116181193 497
1738726434456 176.12317267591013 498
1738726434494 165.00704344215762 499
