1738726149807 169.27286120032235 0
1738726149811 168.61191803031338 1
1738726149814 166.0618494598942 2
1738726149818 170.2336552704545 3
1738726149822 168.60273426744658 4
1738726149826 171.010841061743 5
1738726149830 168.0823617715501 6
1738726149834 170.03463532268086 7
1738726149838 168.6205202585713 8
1738726149842 169.08085571168445 9
1738726149846 167.6738332744001 10
1738726149850 169.90733088687762 11
1738726149854 169.2727051859802 12
1738726149857 170.49663728670535 13
1738726149861 168.6884087773082 14
1738726149865 169.5052661977552 15
1738726149868 165.69824017352443 16
1738726149872 171.1380538136826 17
1738726149876 168.71519818784898 18
1738726149879 168.7208536018605 19
1738726149883 168.4328776637112 20
1738726149887 167.52113246919382 21
1738726149891 171.93468387820613 22
1738726149894 170.20586698277668 23
1738726149898 167.54412379984052 24
1738726149902 168.89119573274039 25
1738726149906 168.34383375630824 26
1738726149910 170.6899262420983 27
1738726149913 168.1160737012726 28
1738726149917 169.52671199002052 29
1738726149921 168.70280781113752 30
1738726149925 168.6713963515755 31
1738726149929 168.70669772865043 32
1738726149933 170.01944270897718 33
1738726149936 168.7842998507709 34
1738726149940 167.15723700549347 35
1738726149944 168.04338358376765 36
1738726149948 168.84452540550964 37
1738726149952 168.7480936257546 38
1738726149956 168.93413429702352 39
1738726149959 167.33624939592292 40
1738726149963 168.7900846493886 41
1738726149967 169.1243169296507 42
1738726149971 166.42275015252838 43
1738726149975 169.63853907045956 44
1738726149979 169.35345917666035 45
1738726149983 166.98380940644662 46
