1738721996561 170.92288803884549 0
1738721996563 169.4427236200604 1
1738721996565 168.27489970304165 2
1738721996567 169.80060983707824 3
1738721996568 167.97622715602512 4
1738721996570 169.95758744965812 5
1738721996571 170.8369082000668 6
1738721996573 172.40468346193794 7
1738721996575 168.50908161120384 8
1738721996576 166.4635965427878 9
1738721996578 169.18503987593593 10
1738721996579 171.73726166342698 11
1738721996581 165.8956586500784 12
1738721996583 171.69860100660404 13
1738721996584 169.31104011041933 14
1738721996586 169.35440046516618 15
1738721996588 169.48673196694045 16
1738721996590 168.01475569385016 17
1738721996591 170.40431596363857 18
1738721996593 170.02762090004154 19
1738721996595 171.7208621910457 20
1738721996596 169.0605758071458 21
1738721996598 168.19096629269626 22
1738721996599 167.25267857329013 23
1738721996601 165.52292348043804 24
1738721996603 167.58412148257156 25
1738721996605 169.2922705031525 26
1738721996607 169.95307131898943 27
1738721996608 171.12315192631124 28
1738721996610 169.34036065471508 29
1738721996612 168.27245105703872 30
1738721996613 169.52263155018258 31
1738721996615 168.00459884843232 32
1738721996617 169.52087523440036 33
1738721996619 170.17448339949598 34
1738721996620 166.76319896371606 35
1738721996622 168.23285674821767 36
1738721996624 169.73699620203075 37
1738721996626 170.39029972136797 38
1738721996627 169.1419102762149 39
1738721996629 172.2677840347876 40
1738721996631 170.07989678142317 41
1738721996632 166.83896478707328 42
1738721996634 168.9171505954849 43
1738721996636 169.7599169431949 44
1738721996638 167.6225344472708 45
1738721996639 167.04358506797126 46
1738721996641 168.14714110002387 47
1738721996643 170.91430607623565 48
1738721996644 167.9834552320444 49
1738721996646 170.70616857378587 50
1738721996648 167.53697320399414 51
1738721996650 166.81219485587172 52
1738721996652 169.03454703100093 53
1738721996653 167.5765497117027 54
