1738724147654 167.16866265538326 0
1738724147657 168.61776351053626 1
1738724147660 169.8640719425486 2
1738724147663 166.5644360447616 3
1738724147666 167.99566360735582 4
1738724147668 169.4081567950106 5
1738724147671 169.18456842902773 6
1738724147674 167.3231661179402 7
1738724147677 169.44526414887122 8
1738724147679 169.6779808804852 9
1738724147682 169.47173060646574 10
1738724147685 170.1789982757392 11
1738724147688 170.46414703067006 12
1738724147691 168.78450370625401 13
1738724147693 167.4349755976952 14
1738724147696 169.86414062578416 15
1738724147699 167.4152886556915 16
1738724147702 167.2437664459387 17
1738724147704 170.36698906574955 18
1738724147707 167.57508344155264 19
1738724147710 170.62705781481014 20
1738724147713 169.56379885648082 21
1738724147716 170.87313916644112 22
1738724147718 166.91069315844834 23
1738724147722 169.6863547079792 24
1738724147725 168.40553854550802 25
1738724147727 168.94156737424868 26
1738724147731 170.44324308165824 27
1738724147733 169.22064576649234 28
1738724147736 169.6771159036689 29
1738724147739 171.54447339024713 30
1738724147742 166.43036095679386 31
1738724147745 168.68525246021233 32
1738724147747 170.33263926745846 33
1738724147750 167.7273935700406 34
1738724147753 167.79940640089197 35
1738724147756 169.41445976607042 36
1738724147758 168.60852972925767 37
1738724147761 166.24727438605592 38
1738724147764 167.84496516154422 39
1738724147767 171.12163012094248 40
1738724147770 166.1974073943162 41
1738724147772 167.58063513945373 42
1738724147775 168.43841833333755 43
1738724147778 169.13989546641707 44
1738724147781 169.615761049923 45
1738724147783 166.56158810924168 46
1738724147786 170.06000478018018 47
1738724147789 171.6506563815283 48
1738724147792 169.27601128166623 49
1738724147794 169.6196769715602 50
1738724147797 167.9622582865747 51
1738724147800 168.8817159070808 52
1738724147803 169.1091584080514 53
1738724147805 170.2853056367786 54
1738724147808 167.9253444033969 55
1738724147811 167.49028708030548 56
1738724147814 170.59511160962697 57
1738724147816 166.83519909449134 58
1738724147819 167.0476877047797 59
1738724147822 168.09769388913793 60
1738724147825 167.3861869763437 61
1738724147828 169.7501519596412 62
1738724147830 168.89674284728588 63
1738724147833 171.2418232089645 64
1738724147836 169.0050802334825 65
1738724147839 169.402330444769 66
1738724147842 169.65962822446681 67
1738724147844 166.63286042890135 68
1738724147847 167.75949868614188 69
1738724147850 170.19484277601202 70
1738724147853 167.6984398407503 71
1738724147856 169.60304980029883 72
1738724147858 169.92599714482012 73
1738724147861 168.2669227731725 74
1738724147864 167.5586256883915 75
1738724147867 170.29997947861497 76
1738724147869 169.66153809134485 77
1738724147872 168.61882080048792 78
1738724147875 166.7168177053834 79
1738724147878 169.6979970486303 80
1738724147881 166.42266513847093 81
1738724147883 168.97762061598024 82
1738724147886 169.60167986070138 83
1738724147889 168.901726350403 84
1738724147892 169.40280188055408 85
1738724147894 168.93708273615226 86
1738724147897 169.69698405148657 87
1738724147900 169.19844359072385 88
1738724147903 169.28613127586402 89
1738724147905 165.74934128282013 90
1738724147908 167.3881318700975 91
1738724147911 170.14654969230466 92
1738724147914 169.27112709075985 93
1738724147916 169.08204004637764 94
1738724147919 168.3422692932343 95
1738724147922 169.36971317772228 96
1738724147925 167.21016396387947 97
1738724147927 170.2073086247597 98
1738724147930 169.17121729767757 99
1738724147933 169.97902817714822 100
1738724147936 169.02505728066848 101
1738724147938 169.4103967626177 102
1738724147941 168.97602220954988 103
1738724147944 170.59279506753498 104
1738724147946 170.87064224007563 105
1738724147949 171.24150118661095 106
1738724147952 166.45634853821957 107
1738724147955 169.5448544094073 108
1738724147957 169.79088258238295 109
1738724147960 168.88477546960925 110
1738724147963 168.1191631962073 111
1738724147966 165.22676639308273 112
1738724147968 168.6502857608218 113
1738724147971 168.00591706396605 114
1738724147974 167.9991030010721 115
1738724147977 170.37740241619645 116
1738724147980 168.52379267905468 117
1738724147982 170.43331242314886 118
1738724147985 168.8986219569548 119
1738724147988 168.10748817912082 120
1738724147991 169.17283950273114 121
1738724147993 166.41266410995254 122
1738724147996 165.3764571845247 123
1738724147999 166.73239415192543 124
1738724148002 166.4471027735287 125
1738724148004 167.15226559284974 126
1738724148007 170.01919361633762 127
1738724148010 167.8243978567498 128
1738724148013 169.54576467953882 129
1738724148015 166.81332567018373 130
1738724148018 169.35632207435887 131
1738724148021 165.94220876158212 132
1738724148024 168.8704917334788 133
1738724148026 168.41242972375204 134
1738724148029 168.87117256274237 135
1738724148032 169.6362910461279 136
1738724148035 170.90320109664071 137
1738724148037 169.47318533259678 138
1738724148040 169.17239570578914 139
1738724148043 168.03156029012024 140
1738724148046 169.8149800043047 141
1738724148048 169.7745107462297 142
1738724148051 169.52235017990756 143
1738724148054 169.20201790473158 144
1738724148057 170.05960767154477 145
1738724148059 169.9257944136442 146
1738724148062 166.83501160512054 147
1738724148065 168.39417472590202 148
1738724148068 169.1235495287148 149
1738724148070 166.18044251232195 150
1738724148073 168.3204077186473 151
1738724148076 169.28832791710713 152
1738724148078 169.9382897287195 153
1738724148081 170.7064801144803 154
1738724148084 170.35597963266142 155
1738724148087 168.25800977690577 156
1738724148089 170.77482811570104 157
1738724148092 169.67535762120863 158
1738724148095 168.08248071346674 159
1738724148098 170.78017793206118 160
1738724148101 168.9722108372923 161
1738724148103 168.5314069716803 162
1738724148106 169.3516749021651 163
1738724148109 167.36209757623422 164
1738724148112 170.45126450248873 165
1738724148114 169.48629900703276 166
1738724148117 169.5836265958656 167
1738724148120 170.862812849949 168
1738724148123 170.14997363745766 169
1738724148125 170.75598642006162 170
1738724148128 168.08649800431917 171
1738724148131 170.5261196439066 172
1738724148134 168.98041913150863 173
1738724148136 170.3785005308807 174
1738724148139 166.904437904393 175
1738724148142 169.56144117771797 176
1738724148145 169.12952989130852 177
1738724148147 168.80194793866096 178
1738724148150 168.21570936653248 179
1738724148153 169.73183971239152 180
1738724148156 166.64736291204085 181
1738724148158 169.18809791702924 182
1738724148161 167.2651891425867 183
1738724148164 169.17124894398646 184
1738724148167 168.23708456680538 185
1738724148169 168.95460808434734 186
1738724148172 168.90915908173918 187
1738724148175 169.32409667358044 188
1738724148177 169.86820535897527 189
1738724148180 168.0689814348479 190
1738724148183 170.2797979200801 191
1738724148186 166.38532732879634 192
1738724148188 166.6718451167592 193
1738724148191 169.10171325638584 194
1738724148194 169.36574662228506 195
1738724148197 167.49913067202928 196
1738724148199 168.4498906867862 197
1738724148202 167.73411303661518 198
1738724148205 166.20123029583644 199
1738724148207 172.48693670379743 200
1738724148210 167.66715917130733 201
1738724148213 166.63210828098295 202
1738724148216 169.8582967656228 203
1738724148218 170.40729372591912 204
