1738724127034 161.8122575230772 0
1738724127068 175.7005869886086 1
1738724127102 169.26550362838861 2
1738724127136 173.914011730928 3
1738724127169 152.72982666337495 4
1738724127203 177.99239887747055 5
1738724127237 170.40034581988635 6
1738724127271 169.0596300731079 7
1738724127304 176.5322595826546 8
1738724127338 173.84126396775645 9
1738724127372 173.9577725550615 10
1738724127405 155.5661719969846 11
1738724127439 166.91011325991002 12
1738724127472 169.33431100750903 13
1738724127506 179.28319393885567 14
1738724127539 156.1311043207332 15
1738724127573 184.3325673302175 16
1738724127607 159.88187987423737 17
1738724127640 164.9743475644642 18
1738724127675 170.77493946294211 19
1738724127710 169.3540675476981 20
1738724127744 168.1582081531744 21
1738724127778 177.12683650681845 22
1738724127812 171.93882153783326 23
1738724127846 171.81830426079054 24
1738724127880 183.28918261972015 25
1738724127914 175.04419176097753 26
1738724127948 168.7388393146818 27
1738724127982 197.57682825205023 28
1738724128016 177.4889672403959 29
1738724128050 166.62599800112335 30
1738724128084 164.76373686009057 31
1738724128118 166.04283015634704 32
1738724128151 169.26199219003618 33
1738724128185 169.59638565818383 34
1738724128219 174.7669519905473 35
1738724128252 176.18229331928984 36
1738724128286 168.164138707242 37
1738724128320 167.6171161910795 38
1738724128354 172.3994997151905 39
