1738726718190 170.5308713435696 0
1738726718194 168.43255984571928 1
1738726718198 172.10496157640821 2
1738726718203 167.87029943644995 3
1738726718207 171.77136917365013 4
1738726718211 166.53193399155515 5
1738726718215 167.04498765293846 6
1738726718219 170.70168461690272 7
1738726718223 166.33810703448842 8
1738726718227 168.97359390973006 9
1738726718231 168.5856995738769 10
1738726718235 168.43210328494297 11
1738726718239 170.1932358052926 12
1738726718243 169.43751728879477 13
1738726718247 170.8010491254972 14
1738726718251 170.1694637445045 15
1738726718255 169.0526267166283 16
1738726718259 171.5049252524436 17
1738726718262 169.96884243462904 18
1738726718266 168.62196931102864 19
1738726718270 168.42312370442923 20
1738726718274 169.5245195386676 21
1738726718278 167.77130274796548 22
1738726718282 166.99965420243566 23
1738726718286 169.4581232805216 24
1738726718289 168.15486788381037 25
1738726718293 169.34676495843328 26
1738726718297 166.27275557947794 27
1738726718301 171.27487477767502 28
1738726718305 168.30710294721146 29
1738726718309 169.46475440659458 30
1738726718313 167.61343928725566 31
1738726718317 170.58050232645883 32
1738726718321 166.42500398061276 33
1738726718325 168.88069099474197 34
1738726718329 170.26780137567735 35
1738726718332 168.03267144794097 36
1738726718337 169.57381175028314 37
1738726718341 167.26407510863194 38
1738726718345 168.7378503835328 39
1738726718349 165.36132850364632 40
1738726718352 167.1872900383057 41
1738726718356 168.89401518229516 42
1738726718360 168.07314779671026 43
1738726718364 170.69311260433147 44
1738726718368 170.97982526005944 45
1738726718372 169.72780984103693 46
1738726718376 170.13477417326624 47
1738726718380 168.2339911661775 48
1738726718384 166.66513732310548 49
1738726718389 169.55878239028547 50
1738726718393 167.365589503109 51
1738726718396 168.48904015264813 52
1738726718400 167.2215024058428 53
1738726718404 171.91087706788042 54
1738726718408 169.91795405103224 55
1738726718412 168.93927970794402 56
1738726718416 169.2537379249202 57
1738726718420 166.28126376498165 58
1738726718424 173.05557800493392 59
1738726718428 167.97908724900338 60
1738726718432 169.1399418485358 61
1738726718436 168.00336078045433 62
1738726718440 171.0080118677483 63
1738726718444 168.77789504768376 64
1738726718448 171.7745994066704 65
1738726718452 168.79110319474097 66
1738726718456 171.21153316284213 67
1738726718461 168.6996793921541 68
1738726718465 167.7914376215359 69
1738726718469 170.0599978028747 70
1738726718473 169.38390153268477 71
1738726718478 169.20968611916123 72
1738726718482 170.86769542638731 73
1738726718486 167.56346446654854 74
1738726718490 168.3897158755211 75
1738726718495 166.31913322822126 76
1738726718499 169.0554180627287 77
1738726718503 169.10709735053837 78
1738726718512 168.63867411033576 79
1738726718519 168.37222164132615 80
1738726718523 166.05069685131755 81
1738726718527 166.1538571459991 82
1738726718531 168.95586633962827 83
1738726718534 169.8097714858586 84
1738726718538 166.53075550249227 85
1738726718542 168.5341162881565 86
1738726718546 167.09358604573248 87
1738726718550 166.0323561110052 88
1738726718554 169.26792578263533 89
1738726718558 168.0053990738063 90
1738726718562 166.1650202147615 91
1738726718566 165.61155372173758 92
1738726718570 168.27428461872964 93
1738726718573 169.76541124116832 94
1738726718577 168.94447618129388 95
1738726718581 166.94806253007636 96
1738726718585 170.4743267693454 97
1738726718589 168.18341928211692 98
1738726718593 169.15415050144387 99
1738726718597 169.7322216115538 100
1738726718601 167.63907374582263 101
1738726718605 170.58724476388232 102
1738726718608 169.3671073072219 103
1738726718612 169.59353617895792 104
1738726718616 169.78879412237904 105
1738726718620 169.41673333251958 106
1738726718624 167.4739951263321 107
1738726718628 167.81228676863537 108
1738726718632 168.17411285326205 109
1738726718636 170.90792867878216 110
1738726718640 168.65596840877618 111
1738726718643 168.8726596667308 112
1738726718647 168.09889558811238 113
1738726718651 169.54441186809908 114
1738726718655 170.5042748827696 115
1738726718659 169.4509881217486 116
1738726718663 167.29887863669416 117
1738726718667 171.0678115729547 118
1738726718671 169.67712211598914 119
1738726718675 168.39097468492088 120
1738726718679 168.76939973158778 121
1738726718682 170.0294697160041 122
1738726718686 170.30218116651474 123
1738726718690 168.38007570372665 124
1738726718694 172.33423739613775 125
1738726718698 170.07140709902535 126
1738726718702 170.27738611584817 127
1738726718706 168.07824152385692 128
1738726718710 167.42667701577415 129
1738726718714 168.96336798455198 130
1738726718718 167.244070212631 131
1738726718721 169.44039354209988 132
1738726718725 166.40768663338946 133
1738726718729 170.66999396775697 134
1738726718733 170.7746099763735 135
1738726718737 168.83011696283629 136
1738726718741 172.70750264631923 137
1738726718745 170.3025224005195 138
1738726718749 168.72394948271005 139
1738726718752 166.5907641969766 140
1738726718756 168.9084252832738 141
1738726718760 169.08946304055073 142
1738726718764 168.05814581636392 143
1738726718768 166.32160952549486 144
1738726718772 166.47504757878323 145
1738726718776 170.27835386373872 146
1738726718780 169.5046873963725 147
1738726718783 169.2484250516336 148
1738726718787 168.87426787992766 149
