1738724558552 168.10615520277173 0
1738724558555 169.03932961794658 1
1738724558558 167.85203716998285 2
1738724558562 169.56125382394686 3
1738724558565 171.18101848019302 4
1738724558568 168.76597850072375 5
1738724558571 167.26957676164736 6
1738724558574 168.19408932416437 7
1738724558577 167.03336323205323 8
1738724558580 170.36124942679692 9
1738724558583 169.02495308919572 10
1738724558586 171.13901060834417 11
1738724558589 168.41682702335717 12
1738724558592 169.3827096792798 13
1738724558595 169.10455430526076 14
1738724558598 168.02195158423558 15
1738724558601 170.3908754221744 16
1738724558604 167.65190075769024 17
1738724558607 171.27010340825203 18
1738724558610 170.74116034470532 19
1738724558614 169.89225371684233 20
1738724558616 167.9799430000332 21
1738724558619 168.17406439643733 22
1738724558623 169.69365333872813 23
1738724558626 166.91588332857575 24
1738724558629 168.12446991181196 25
1738724558632 167.08487736457838 26
1738724558635 168.23889546205325 27
1738724558638 169.6134369071163 28
1738724558641 166.7179163748453 29
1738724558644 169.39063207450903 30
1738724558647 166.578968467039 31
1738724558650 168.29920606332269 32
1738724558653 169.19466088697283 33
1738724558656 171.61309749302902 34
1738724558659 169.87675620810202 35
1738724558662 166.67346595499373 36
1738724558665 168.3545668703789 37
1738724558668 169.40561471687226 38
1738724558671 168.25403648765632 39
1738724558674 168.16365198836058 40
1738724558677 172.38141058482194 41
1738724558680 169.00121431464183 42
1738724558683 170.4005259204644 43
1738724558686 170.47924939064575 44
1738724558689 169.53717745922555 45
1738724558692 168.3457193063637 46
1738724558695 169.02395979325433 47
1738724558698 168.9331310181636 48
1738724558701 165.75947625545206 49
1738724558704 169.13821299536724 50
1738724558707 167.89733872785385 51
1738724558710 171.26578621264576 52
1738724558713 170.17887970898332 53
1738724558716 167.9793501218319 54
1738724558719 169.78796787799135 55
1738724558722 168.11211668556038 56
1738724558725 168.69299563844936 57
1738724558728 167.111479750403 58
1738724558731 170.98461512239524 59
1738724558734 169.69357679428515 60
1738724558737 168.22831250287228 61
1738724558740 171.63682871793742 62
1738724558743 170.72389224863 63
1738724558746 171.3794284830368 64
1738724558750 169.60781423728793 65
1738724558753 169.01820865213338 66
1738724558756 169.57678913969804 67
1738724558759 168.59610729430122 68
1738724558762 170.0015457722504 69
1738724558765 169.77338757238135 70
1738724558768 168.31407141283918 71
1738724558771 169.89619269691835 72
1738724558774 170.05892235756335 73
1738724558777 167.82700190354132 74
1738724558780 168.86272142933043 75
1738724558783 166.11696781819768 76
1738724558786 168.82053233902323 77
1738724558789 167.82586688615157 78
1738724558792 165.22728492731477 79
1738724558795 167.826920844298 80
1738724558798 167.73199296809474 81
1738724558801 170.14891748917205 82
1738724558804 170.083676281222 83
1738724558807 168.5726148500361 84
1738724558810 170.42632344762984 85
1738724558813 167.55580419586593 86
1738724558816 170.6455723879401 87
1738724558819 168.58254710929998 88
1738724558822 170.46537893070834 89
1738724558825 171.25848584587075 90
1738724558828 167.49971430806667 91
1738724558831 166.78700292139015 92
1738724558834 169.08727086981833 93
1738724558837 166.52781837773782 94
1738724558840 168.54593466339853 95
1738724558843 168.28057992979058 96
1738724558846 169.8033749829601 97
1738724558849 170.81920020465898 98
1738724558852 171.79504369637195 99
1738724558855 168.02921663135376 100
1738724558858 167.99680080422655 101
1738724558861 169.56794014653536 102
1738724558864 168.45178157270286 103
1738724558867 169.78175138089796 104
1738724558870 171.59478349796336 105
1738724558873 169.77623763373114 106
1738724558876 166.45812391013123 107
1738724558879 169.29515315938102 108
1738724558882 168.89588050068798 109
1738724558885 168.10034087757163 110
1738724558888 169.02419006321128 111
1738724558892 169.4137826894415 112
1738724558895 168.08519358131497 113
1738724558898 167.5381068088449 114
1738724558901 169.69082003031983 115
1738724558904 167.90616783451813 116
1738724558907 168.3607056540575 117
1738724558910 170.40277016360756 118
1738724558913 169.92598137600493 119
1738724558916 167.74945776466737 120
1738724558919 168.1541182234024 121
1738724558922 168.0557522515498 122
1738724558925 168.30233568202763 123
1738724558928 168.09036166800914 124
