1738726144616 168.84922297581969 0
1738726144619 168.84582610132657 1
1738726144622 168.8425167640657 2
1738726144625 168.839292520184 3
1738726144628 168.83615099701274 4
1738726144631 168.8330898909428 5
1738726144634 168.8301069653646 6
1738726144637 168.82720004867025 7
1738726144640 168.8243670323169 8
1738726144643 168.82160586894835 9
1738726144646 168.81891457057358 10
1738726144649 168.8162912068009 11
1738726144652 168.81373390312515 12
1738726144655 168.81124083926696 13
1738726144658 168.8088102475621 14
1738726144661 168.80644041139968 15
1738726144664 168.80412966370758 16
1738726144667 168.8018763854833 17
1738726144670 168.7996790043697 18
1738726144673 168.7975359932732 19
1738726144675 168.795445869024 20
1738726144678 168.79340719107665 21
1738726144681 168.79141856024955 22
1738726144684 168.7894786175026 23
1738726144687 168.78758604275185 24
1738726144690 168.78573955371928 25
1738726144693 168.78393790481775 26
1738726144696 168.78217988606897 27
1738726144699 168.78046432205448 28
1738726144701 168.7787900708977 29
1738726144704 168.77715602327672 30
1738726144707 168.7755611014668 31
