1738726731930 155.98192723275972 0
1738726731967 96.82379368059154 1
1738726732004 148.53909723101756 2
1738726732040 142.89864400134695 3
1738726732077 128.13735209982585 4
1738726732114 156.95595420357463 5
1738726732151 183.30217411938966 6
1738726732188 177.7220712792151 7
1738726732224 183.52338798572055 8
1738726732261 156.5641802489499 9
1738726732297 184.3879321953051 10
1738726732334 157.83567855202327 11
1738726732371 158.48944639436598 12
1738726732407 196.77173572245334 13
1738726732444 149.90520285962805 14
1738726732480 168.69837399840773 15
1738726732516 139.27772824469457 16
1738726732553 181.5760014078076 17
1738726732589 179.41126708357996 18
1738726732625 161.74463619351522 19
1738726732662 160.85617951150746 20
1738726732698 159.8783157629621 21
1738726732734 146.2398124616705 22
1738726732770 177.39774319588307 23
1738726732806 170.02401086174353 24
1738726732842 174.857400428 25
1738726732879 186.0462706391661 26
1738726732915 169.58307648149125 27
1738726732953 185.20098640522656 28
1738726732990 156.3972552285653 29
1738726733027 163.36390705972605 30
1738726733064 181.70023192250713 31
1738726733101 158.05638713968997 32
1738726733138 176.55292293403818 33
1738726733175 159.63048190996415 34
1738726733212 162.23509195020932 35
1738726733248 192.34589034058988 36
1738726733285 188.38306422883053 37
1738726733322 194.1853295925376 38
1738726733359 172.36203898393248 39
1738726733396 166.65228968409656 40
1738726733432 163.70430412118435 41
1738726733469 170.1530810824016 42
1738726733506 171.0983064394374 43
1738726733542 169.37245373291623 44
1738726733579 190.76511791014235 45
1738726733615 181.82081378998524 46
1738726733652 167.24301991500488 47
1738726733689 196.1488798011223 48
1738726733725 179.83180059160154 49
1738726733762 182.4953246674546 50
1738726733798 146.7341973253658 51
1738726733835 155.28443450936368 52
1738726733872 162.97230558601942 53
1738726733908 169.21381515413884 54
1738726733945 157.0196550827437 55
1738726733982 135.9886004446062 56
1738726734018 163.9148828605072 57
1738726734055 160.52574097342682 58
1738726734091 170.10013902368183 59
1738726734128 152.47675639028225 60
1738726734165 151.06346932849004 61
1738726734202 180.55594052962877 62
1738726734238 171.78971889935045 63
1738726734275 141.09878905432353 64
1738726734311 133.61468057556814 65
1738726734347 175.53265588271492 66
1738726734384 156.63742038567779 67
1738726734420 171.63162690267836 68
1738726734456 172.10388285347668 69
1738726734493 157.11307163463783 70
1738726734529 157.2590264774258 71
1738726734566 148.8968369545174 72
1738726734602 165.83506698707973 73
1738726734639 165.8633501652516 74
1738726734675 176.12455110958203 75
1738726734711 189.2700279313279 76
1738726734748 143.9874347842596 77
1738726734784 183.0170965378955 78
1738726734821 167.63089262625888 79
1738726734857 174.24769452618372 80
1738726734894 176.90352525851068 81
1738726734930 167.19206812173869 82
1738726734966 166.17479133075997 83
1738726735003 233.76529846894917 84
1738726735039 177.64110488595597 85
1738726735076 188.53892426530578 86
1738726735112 178.7934886001652 87
1738726735149 157.45173400213375 88
1738726735185 164.01380145210857 89
1738726735221 170.3904118707635 90
1738726735258 139.08189577953644 91
1738726735294 194.77775024306274 92
1738726735330 151.92529725443967 93
1738726735367 173.44027211179167 94
1738726735404 173.1667168103458 95
1738726735441 163.23248724363773 96
1738726735477 148.44317716549756 97
1738726735514 174.64732397259863 98
1738726735551 163.9108645774546 99
1738726735587 157.63156405952057 100
1738726735624 167.26441571704015 101
1738726735660 188.58108789759524 102
1738726735697 144.45048088842103 103
1738726735733 162.4502772626469 104
1738726735770 166.99593236948326 105
1738726735806 149.0345778145534 106
1738726735842 203.35083951910215 107
1738726735879 149.59085509565924 108
1738726735915 199.4206335483174 109
1738726735951 171.9466695167264 110
1738726735988 158.36689055129048 111
1738726736024 178.84276090844867 112
1738726736060 166.36954280731223 113
1738726736096 256.90308134972287 114
1738726736133 184.73044028251815 115
1738726736169 177.12161751327832 116
1738726736206 159.46271371151275 117
1738726736243 162.8739787179263 118
1738726736279 176.64900603803736 119
1738726736315 153.35524593470882 120
1738726736352 173.18698456176315 121
1738726736388 143.51223269776747 122
1738726736424 175.13261837131955 123
1738726736461 144.78035638427852 124
1738726736499 148.90640025184766 125
1738726736536 157.65356205120995 126
1738726736573 169.21116592545812 127
1738726736610 146.78993929257763 128
1738726736647 172.89783182113226 129
1738726736685 157.67144659068242 130
1738726736722 142.16369711172314 131
1738726736759 166.85327398376967 132
1738726736796 182.0767260638648 133
1738726736833 154.41831132617597 134
1738726736870 161.98491851508717 135
1738726736907 163.86640468819786 136
1738726736944 186.41143472528475 137
1738726736981 158.00968513524887 138
1738726737018 168.71623206126415 139
1738726737055 158.31250534409403 140
1738726737092 178.87688943463718 141
1738726737129 178.78934315307862 142
1738726737167 174.14061225555514 143
1738726737204 178.50930331388417 144
1738726737241 169.4555556271334 145
1738726737277 177.4469249249279 146
1738726737314 174.08938829002096 147
1738726737352 160.33790638135255 148
1738726737388 166.5086875982929 149
1738726737425 175.4261144158744 150
1738726737462 166.82884267966875 151
1738726737498 178.11908337913886 152
1738726737535 126.7556582433898 153
1738726737571 184.81045485699408 154
1738726737607 168.24480910942668 155
1738726737644 175.12563448945323 156
1738726737680 149.81143397873623 157
1738726737716 171.2215892384011 158
1738726737753 190.57191512582514 159
1738726737789 168.57215522625745 160
1738726737825 184.01633748683915 161
1738726737862 177.56140245739934 162
1738726737898 176.37421267124037 163
1738726737934 165.9635082675593 164
1738726737970 137.36962498926295 165
1738726738006 141.09036838849136 166
1738726738042 155.43095988354673 167
1738726738079 175.2175663611698 168
1738726738115 174.56170185625808 169
1738726738151 159.74802455501504 170
1738726738187 172.82598761542766 171
1738726738223 190.15051750218637 172
1738726738259 173.3111234176927 173
1738726738296 170.7298676175151 174
1738726738332 167.2115053513346 175
1738726738368 162.2667467548942 176
1738726738404 159.79953189423352 177
1738726738440 175.13079169311177 178
1738726738476 143.66288828242776 179
1738726738512 170.15178402071305 180
1738726738548 249.04884849550785 181
1738726738584 186.89932449908667 182
1738726738620 159.3598785398457 183
1738726738660 180.35748305613882 184
1738726738698 168.97907984953864 185
1738726738738 152.20267789714273 186
1738726738776 117.06038884264538 187
1738726738813 180.8729767780018 188
1738726738850 172.6788055913555 189
1738726738886 190.03775381486844 190
1738726738924 181.94317930358523 191
1738726738960 119.90243670834744 192
1738726738997 175.0382420873316 193
1738726739034 162.91036724998142 194
1738726739070 149.7264852039255 195
1738726739107 173.40287705974953 196
1738726739143 186.8549851125065 197
1738726739180 169.23619206995863 198
1738726739216 247.58947350050317 199
1738726739253 163.16017544125972 200
1738726739289 139.44223647334488 201
1738726739326 189.57620915977014 202
1738726739363 173.7176395626107 203
1738726739399 156.88944743267263 204
1738726739435 176.36162413249406 205
1738726739472 182.98678675975523 206
1738726739508 176.8012044817477 207
1738726739545 157.82444638983424 208
1738726739581 175.69035801311566 209
1738726739617 195.58971939852464 210
1738726739654 143.709851446364 211
1738726739690 188.79768516001687 212
1738726739726 183.9288948041786 213
1738726739763 129.674908765988 214
1738726739799 175.70866999924837 215
1738726739835 157.8625930587791 216
1738726739871 187.17636569754572 217
1738726739908 198.1028406502873 218
1738726739944 147.97183601774432 219
1738726739980 191.09325800879384 220
1738726740017 186.55918672345484 221
1738726740053 174.17238807372442 222
1738726740089 171.98942239640505 223
1738726740125 147.28535062170837 224
1738726740162 174.95491683667132 225
1738726740198 170.9361142128647 226
1738726740234 173.7325883525374 227
1738726740271 163.25953916678736 228
1738726740308 146.83465111597187 229
1738726740344 212.11482650289076 230
1738726740380 169.2801819974055 231
1738726740417 176.64184448785193 232
1738726740453 156.00945820142377 233
1738726740489 145.76215514552632 234
1738726740526 179.9191597800435 235
1738726740562 178.0281538633907 236
1738726740598 157.6083688001382 237
1738726740634 165.92729538431263 238
1738726740671 178.19772643192508 239
1738726740707 170.4246931184838 240
1738726740743 169.07332306712863 241
1738726740780 176.0359163897987 242
1738726740816 158.35474807450802 243
1738726740852 178.76475586195497 244
1738726740888 159.08494511247156 245
1738726740925 156.13941259289254 246
1738726740961 168.19487691495547 247
1738726740997 184.01094237228128 248
1738726741033 153.6705414053283 249
1738726741070 134.77812594435102 250
1738726741106 194.67690603142125 251
1738726741142 183.0203111604268 252
1738726741178 170.16577622985056 253
1738726741214 160.63475791694734 254
1738726741251 231.12072686387648 255
1738726741287 131.7630520606588 256
1738726741323 179.58500334402257 257
1738726741359 178.0919507734741 258
1738726741396 138.76121603240088 259
1738726741432 155.1968714286344 260
1738726741468 179.99494130660386 261
1738726741504 158.28131370277055 262
1738726741541 178.05621715048534 263
1738726741577 159.83206378298962 264
1738726741613 176.08120339600657 265
1738726741649 179.6491577317999 266
1738726741685 152.1620115622057 267
1738726741722 115.26542346877147 268
1738726741758 200.9386451003674 269
1738726741794 173.0160870776904 270
1738726741831 178.35561595403232 271
1738726741867 164.328461827465 272
1738726741903 193.7680724767298 273
1738726741939 189.78025344427553 274
1738726741975 161.30044043114452 275
1738726742012 123.43499943739882 276
1738726742048 151.80264678280636 277
1738726742085 170.15024463658264 278
1738726742122 160.8299979790896 279
1738726742159 193.31970931683688 280
1738726742196 216.83378532506626 281
1738726742232 181.02971297232202 282
1738726742269 163.70997777687532 283
1738726742306 119.77260107391858 284
1738726742343 171.1484049616054 285
1738726742379 195.69484482013505 286
1738726742416 184.04042701788757 287
1738726742452 169.2995849117071 288
1738726742488 165.07921487511663 289
1738726742525 154.1526834258726 290
1738726742561 83.11224224662652 291
1738726742597 130.72975560174535 292
1738726742634 187.9937794112492 293
1738726742670 174.40324588138887 294
1738726742706 148.75291414742296 295
1738726742742 140.98942432915575 296
1738726742779 187.7291677150267 297
1738726742815 152.63853184453433 298
1738726742851 153.14784949765925 299
1738726742888 173.73722272675647 300
1738726742924 146.95255639495562 301
1738726742960 149.64502484347958 302
1738726742996 158.0967430123867 303
1738726743032 149.2112504111309 304
1738726743069 135.76199617796453 305
1738726743105 168.3206230416161 306
1738726743141 157.50599133636115 307
1738726743178 176.75545638173855 308
1738726743214 167.03482325932754 309
1738726743250 191.0727864757713 310
1738726743286 160.949699796373 311
1738726743322 160.4131209693965 312
1738726743358 198.80830147693985 313
1738726743395 159.19019299886733 314
1738726743431 211.34759657423945 315
1738726743467 166.24708512748464 316
1738726743503 169.92519526682605 317
1738726743539 132.09279220405338 318
1738726743576 175.06963473346028 319
1738726743612 192.44902999570527 320
1738726743648 175.531890658104 321
1738726743684 175.85692399109112 322
1738726743721 177.865393720703 323
1738726743757 143.19962631398215 324
1738726743793 173.8298980926897 325
1738726743830 164.4288263077129 326
1738726743866 169.9039647541812 327
1738726743902 232.43200368497043 328
1738726743938 129.65231381206806 329
1738726743974 162.7632562822814 330
1738726744010 165.4656731880205 331
1738726744047 164.51101092580504 332
1738726744083 167.46262226777202 333
1738726744119 138.90690156134676 334
1738726744155 182.2663154564799 335
1738726744191 130.14820751018533 336
1738726744227 146.29617616169 337
1738726744264 183.90437931792067 338
1738726744300 162.74923135446898 339
1738726744336 177.0825822335067 340
1738726744374 170.2310124441823 341
1738726744412 165.03555733237357 342
1738726744452 165.1166244494194 343
1738726744490 170.2543069329613 344
1738726744528 193.94462579892826 345
1738726744565 163.2897989250123 346
1738726744605 219.88739121438152 347
1738726744646 162.0147910279209 348
1738726744683 170.47084394842295 349
1738726744720 171.3734935220255 350
1738726744757 186.421247781283 351
1738726744794 136.7071264338011 352
1738726744831 137.38165729350047 353
1738726744869 187.8765706593692 354
1738726744911 148.2946341693697 355
1738726744949 156.7223056152045 356
1738726744990 180.5804524354805 357
1738726745027 175.68449511983096 358
1738726745065 163.04960553317093 359
1738726745102 192.12014462512985 360
1738726745139 185.3975500008161 361
1738726745175 207.44293980426997 362
1738726745212 181.43485983289753 363
1738726745249 152.69419592951576 364
1738726745285 147.9020582023933 365
1738726745322 158.92250458163502 366
1738726745358 156.40366642419727 367
1738726745396 174.17820508053407 368
1738726745433 186.46190008702712 369
1738726745470 173.2692870300767 370
1738726745507 168.9994239908749 371
1738726745544 170.15272225467612 372
1738726745581 158.15184934557317 373
1738726745618 198.05945154220066 374
1738726745655 252.12649807727146 375
1738726745692 172.77535859056428 376
1738726745729 177.02359039646717 377
1738726745766 184.26504995968372 378
1738726745804 168.86409609143112 379
1738726745843 169.71832275501728 380
1738726745881 195.3172497042058 381
1738726745919 149.80557960516055 382
1738726745957 169.68122794940012 383
1738726745994 168.27736091637487 384
1738726746032 160.94507425484161 385
1738726746069 190.59167541421698 386
1738726746106 170.83017561366708 387
1738726746143 176.33619493529298 388
1738726746180 161.522756651717 389
1738726746216 187.07347631200648 390
1738726746253 156.32049921204094 391
1738726746289 181.37908199517835 392
1738726746326 168.3765465784292 393
1738726746364 171.64223960192228 394
1738726746403 184.5849604107057 395
1738726746441 163.96034354195953 396
1738726746479 174.33415000026818 397
1738726746517 188.88177303576708 398
1738726746554 156.30558492211415 399
1738726746591 153.04415220936835 400
1738726746628 202.36867707680486 401
1738726746665 148.04888558660807 402
1738726746702 162.68521082655158 403
1738726746739 184.19025444878085 404
1738726746776 153.14623635583206 405
1738726746813 174.70608114086835 406
1738726746850 155.87789387846829 407
1738726746887 163.78583423755765 408
1738726746924 192.50364684374273 409
1738726746961 165.9381918091126 410
1738726747000 200.28886753862457 411
1738726747038 162.07534700623512 412
1738726747075 166.99584984806395 413
1738726747112 111.72456251281358 414
1738726747150 163.72620202457972 415
1738726747187 195.41956581170723 416
1738726747224 160.76986532376327 417
1738726747261 181.9269814273079 418
1738726747298 162.8659773090224 419
1738726747335 152.27654086713437 420
1738726747373 165.8616763990338 421
1738726747411 184.1765546469378 422
1738726747449 174.03703559015216 423
1738726747487 186.48063405652277 424
1738726747525 159.7152246383591 425
1738726747563 179.77724848114116 426
1738726747601 162.7622136543007 427
1738726747639 229.05670208067798 428
1738726747677 164.46008534213993 429
1738726747714 163.65469886142557 430
1738726747751 180.35535814102425 431
1738726747789 152.53146564676777 432
1738726747826 146.76722966099086 433
1738726747864 158.05298117545985 434
1738726747902 152.68571287751266 435
1738726747939 180.32983613583139 436
1738726747977 175.65480643428705 437
1738726748014 173.72610962198038 438
1738726748051 177.45799413855562 439
1738726748088 162.76956510327312 440
1738726748125 155.05232278291527 441
1738726748162 160.40021383126538 442
1738726748199 172.04456411387358 443
1738726748236 148.22964006346922 444
1738726748273 172.11699794096495 445
1738726748310 174.91425003295905 446
1738726748347 172.0100900686226 447
1738726748385 198.24253382852459 448
1738726748422 152.54660614024598 449
1738726748460 146.56484848832116 450
1738726748498 155.79266633283842 451
1738726748536 152.55784302179632 452
1738726748573 167.05713694462895 453
1738726748611 184.95863514192507 454
1738726748648 190.18897274070804 455
1738726748686 163.8922533401309 456
1738726748723 173.5820992027688 457
1738726748760 184.2015372637183 458
1738726748797 183.5235165425462 459
1738726748835 169.56146667369057 460
1738726748872 142.634423060317 461
1738726748909 152.5364932629166 462
1738726748946 160.34363658153865 463
1738726748983 173.65994334076555 464
1738726749020 161.62159129157723 465
1738726749057 192.20248791407556 466
1738726749095 150.68895621037407 467
1738726749131 179.7568254183751 468
1738726749168 168.53739224945352 469
1738726749205 172.38712743190297 470
1738726749242 159.53358501922048 471
1738726749279 136.18350131541663 472
1738726749316 154.60256538215305 473
1738726749353 178.54310917220636 474
1738726749390 226.34892382399283 475
1738726749427 188.65106654104704 476
1738726749463 148.54317769892444 477
1738726749500 171.1388884173638 478
1738726749537 174.84877639181914 479
1738726749574 155.49765173220706 480
1738726749611 161.83000474659667 481
1738726749647 163.20102621442206 482
1738726749684 173.38903316494185 483
1738726749721 165.4643553804554 484
1738726749758 169.95236902930037 485
1738726749794 181.62657955716324 486
1738726749831 179.91730857607683 487
1738726749868 179.71065673555898 488
1738726749904 163.1274800516641 489
1738726749941 139.3786189933075 490
1738726749978 160.5175136411371 491
1738726750014 147.44934951869246 492
1738726750051 158.758058373368 493
1738726750088 191.1180546102875 494
1738726750124 163.8803874588122 495
1738726750161 199.7511666715665 496
1738726750197 122.91349703229885 497
1738726750234 151.8966335598974 498
1738726750271 194.89820577607802 499
