1738724554196 168.76054517150186 0
1738724554199 168.7580401088106 1
1738724554202 168.75561384081948 2
1738724554204 168.7532637463313 3
1738724554207 168.7509872950053 4
1738724554209 168.74878204407375 5
1738724554211 168.74664563518223 6
1738724554214 168.7445757913492 7
1738724554217 168.7425703140395 8
1738724554219 168.74062708034822 9
1738724554222 168.73874404028942 10
1738724554224 168.73691921418697 11
1738724554227 168.73515069016247 12
1738724554229 168.7334366217169 13
1738724554232 168.73177522540223 14
1738724554234 168.73016477857982 15
1738724554237 168.72860361726177 16
1738724554240 168.72709013403212 17
1738724554243 168.7256227760453 18
1738724554245 168.724200043098 19
1738724554248 168.72282048577264 20
1738724554251 168.72148270364863 21
1738724554253 168.72018534357963 22
1738724554256 168.7189270980339 23
1738724554258 168.71770670349557 24
1738724554261 168.7165229389239 25
1738724554263 168.71537462426937 26
1738724554266 168.71426061904342 27
1738724554268 168.71317982094027 28
1738724554271 168.71213116450872 29
1738724554273 168.71111361987246 30
1738724554276 168.71012619149622 31
1738724554278 168.70916791699668 32
1738724554281 168.7082378659965 33
1738724554283 168.70733513901916 34
1738724554286 168.70645886642393 35
1738724554288 168.70560820737893 36
1738724554291 168.7047823488709 37
1738724554293 168.70398050475058 38
1738724554296 168.70320191481198 39
1738724554298 168.70244584390466 40
1738724554301 168.70171158107763 41
1738724554303 168.70099843875334 42
1738724554306 168.7003057519317 43
1738724554308 168.6996328774213 44
1738724554311 168.6989791930989 45
1738724554313 168.69834409719422 46
1738724554316 168.69772700760046 47
1738724554318 168.69712736120894 48
1738724554321 168.69654461326695 49
1738724554323 168.69597823675858 50
1738724554326 168.6954277218067 51
1738724554328 168.6948925750965 52
1738724554331 168.69437231931846 53
1738724554333 168.69386649263137 54
1738724554336 168.6933746481437 55
1738724554338 168.69289635341315 56
