1738724559323 180.02275379492343 0
1738724559355 148.97504929823324 1
1738724559387 146.0161134621876 2
1738724559419 152.63480787272084 3
1738724559451 179.12880390122436 4
1738724559484 153.73301820625264 5
1738724559516 177.25295950150183 6
1738724559549 148.1019810842231 7
1738724559581 139.03882865093337 8
1738724559614 171.93884024466968 9
1738724559647 251.91363751293073 10
1738724559679 150.49662569188254 11
1738724559711 172.6805026549143 12
1738724559743 168.77777008389194 13
1738724559775 165.26912322005094 14
1738724559807 148.33510570347264 15
1738724559839 148.9196655922215 16
1738724559871 184.8900285192109 17
1738724559902 114.62124372992274 18
1738724559934 180.546359168111 19
1738724559966 161.47070536342386 20
1738724559997 164.65744850330546 21
1738724560029 183.9271693540248 22
1738724560060 169.24305787470294 23
1738724560092 168.9124947599421 24
1738724560124 145.86184340988186 25
1738724560156 185.10953278849288 26
1738724560187 159.53407604273687 27
1738724560219 174.46383068332293 28
1738724560250 191.15903108811392 29
1738724560282 165.93559676702316 30
1738724560313 161.12236965478283 31
1738724560344 179.40609813807362 32
1738724560376 141.44495511116014 33
1738724560407 169.66242950872015 34
1738724560438 182.76556415884085 35
1738724560470 165.00074074686762 36
1738724560501 183.2615224451401 37
1738724560533 155.6391129123863 38
1738724560564 210.97636873567458 39
1738724560596 137.77825091825216 40
1738724560627 125.96432900191722 41
1738724560659 158.33900621348212 42
1738724560690 177.85461858748698 43
1738724560722 145.3959088056735 44
1738724560753 192.24427347846546 45
1738724560785 180.64393061279588 46
1738724560816 176.74004054713217 47
1738724560848 174.85750209299067 48
1738724560879 121.99374060721148 49
1738724560910 160.08413372854002 50
1738724560942 190.34982593684623 51
1738724560973 190.9185908486975 52
1738724561005 186.7117650620975 53
1738724561036 149.49355432641306 54
1738724561068 206.72334222959304 55
1738724561099 161.94715994437271 56
1738724561130 145.47903050564616 57
1738724561162 186.1649118992746 58
1738724561193 188.21625236504218 59
1738724561225 183.02255979275347 60
1738724561256 152.73255662561033 61
1738724561287 173.81393204415468 62
1738724561337 149.27563024240888 63
1738724561373 166.6341557460325 64
1738724561405 178.34408047973065 65
1738724561436 166.89353731387422 66
1738724561468 180.925523281379 67
1738724561499 140.53725197626957 68
1738724561531 167.22614257545658 69
1738724561562 174.13575684161577 70
1738724561594 156.7632287214676 71
1738724561625 207.9731703472904 72
1738724561657 165.7072017245429 73
1738724561688 186.273897442796 74
1738724561720 192.96859644344124 75
1738724561751 187.0265589489015 76
1738724561783 181.30230866973076 77
1738724561814 189.6611792521498 78
1738724561846 146.81135079411425 79
1738724561877 173.20203872527523 80
1738724561909 197.280720653822 81
1738724561940 172.68175186869294 82
1738724561972 217.05300694163998 83
1738724562003 190.94393531968228 84
1738724562035 163.82458898504956 85
1738724562066 185.63761127863881 86
1738724562097 165.5899201806376 87
1738724562129 175.11814276688187 88
1738724562160 148.57346750188916 89
1738724562191 222.04643237031047 90
1738724562222 164.0354182255545 91
1738724562254 164.84793973477517 92
1738724562285 172.43879455288518 93
1738724562317 187.68501418128247 94
1738724562348 163.13587911200096 95
1738724562380 159.87393011672057 96
1738724562412 217.0838236493081 97
1738724562444 157.55301098314405 98
1738724562475 160.56245184589804 99
1738724562507 145.00242891817194 100
1738724562538 164.89703664103692 101
1738724562570 190.28833633998448 102
1738724562601 164.3455886421667 103
1738724562633 172.81900074359606 104
1738724562664 193.3826927243063 105
1738724562696 133.11830083398016 106
1738724562727 174.52387068332885 107
1738724562758 157.0113415845919 108
1738724562790 161.67639161930424 109
1738724562821 196.0661109444708 110
1738724562852 176.2062455322116 111
1738724562884 181.06537216210427 112
1738724562915 169.2490566650832 113
1738724562947 158.2761875526146 114
1738724562979 165.91829107892082 115
1738724563010 199.26394335017517 116
1738724563041 161.25718589280342 117
1738724563073 173.75532568047424 118
1738724563104 160.16680979643982 119
1738724563135 148.95111335591127 120
1738724563167 185.92091430198846 121
1738724563198 120.00436780044026 122
1738724563229 162.5959969124379 123
1738724563261 164.23493471367664 124
1738724563292 174.48538513537514 125
1738724563323 196.74633353348017 126
1738724563355 160.60317661391971 127
1738724563386 165.34599354007048 128
1738724563417 182.4432981271194 129
1738724563449 178.2745705892681 130
1738724563480 188.98115594797633 131
1738724563511 142.73252084501001 132
1738724563542 150.10560045180208 133
1738724563574 161.09234067888758 134
1738724563605 155.2772844068716 135
1738724563636 147.2964465223387 136
1738724563668 180.37682501461646 137
1738724563699 170.9046221506208 138
1738724563730 149.58160488309838 139
1738724563762 167.56747144987304 140
1738724563793 166.44816890894884 141
1738724563824 172.45411272336347 142
1738724563855 183.223518992745 143
1738724563887 180.49423097624 144
1738724563918 163.0015995757752 145
1738724563950 191.93452381242687 146
1738724563981 174.25234535748584 147
1738724564013 168.84554131970572 148
1738724564044 154.60997840678957 149
1738724564075 143.76712373909385 150
1738724564107 183.83005295438707 151
1738724564138 189.07369927151998 152
1738724564169 185.12012390763974 153
1738724564200 183.08951652716223 154
1738724564232 172.89455114645634 155
1738724564263 171.75560606344126 156
1738724564294 184.02695528664836 157
1738724564325 175.08256399447626 158
1738724564357 132.09504628507463 159
1738724564388 154.6336046499317 160
1738724564419 118.6080002315584 161
1738724564451 156.6739142470109 162
1738724564482 189.5826986456769 163
1738724564513 149.75550950563695 164
1738724564544 174.98821181384747 165
1738724564575 196.1399638744849 166
1738724564606 181.03814549941012 167
1738724564638 160.4075367854903 168
1738724564669 157.22401385480057 169
1738724564700 178.00292088430245 170
1738724564731 171.3705536996086 171
1738724564762 165.54703439853557 172
1738724564794 195.08283782508255 173
1738724564825 184.39551246923273 174
1738724564856 145.54824238010448 175
1738724564887 188.35551041166462 176
1738724564918 159.76126500153967 177
1738724564950 173.23877348109593 178
1738724564981 148.57728848815762 179
1738724565012 188.00454584918734 180
1738724565043 163.53287995410008 181
1738724565074 172.1644660472737 182
1738724565105 107.52100535019188 183
1738724565139 155.06271895852396 184
1738724565171 181.41731539845816 185
1738724565203 155.18356630215024 186
1738724565235 173.1415365261719 187
1738724565267 168.30291116556745 188
1738724565299 169.0940511512915 189
1738724565331 165.31989957985246 190
1738724565362 170.80462230451832 191
1738724565394 158.9697641455364 192
1738724565426 172.42084048356955 193
1738724565458 163.1930454318195 194
1738724565490 171.52846496689608 195
1738724565522 182.7345269266315 196
1738724565553 160.4703777886613 197
1738724565585 161.6492243872441 198
1738724565617 152.2839635212699 199
1738724565649 175.18492958518374 200
1738724565680 176.13193360967205 201
1738724565712 182.21047523927467 202
1738724565744 183.17359872622777 203
1738724565776 153.84061302685342 204
1738724565807 206.29064012241474 205
1738724565839 197.27141541820117 206
1738724565870 162.02249520643966 207
1738724565902 169.6195537275784 208
1738724565933 156.81405494292954 209
1738724565965 161.91689667160767 210
1738724565997 152.99535174382973 211
1738724566029 166.6786607678935 212
1738724566060 159.94785569479606 213
1738724566092 160.1282984654804 214
1738724566123 180.64212836966283 215
1738724566155 181.26200664351376 216
1738724566186 160.4604305233495 217
1738724566218 163.9029777545805 218
1738724566249 192.44678301658166 219
1738724566281 176.29872806338392 220
1738724566312 186.6588540610758 221
1738724566344 148.53088912070135 222
1738724566375 165.9393536652001 223
1738724566407 149.7036240335417 224
1738724566438 175.70377949927467 225
1738724566470 170.14048669581132 226
1738724566502 149.63099200416022 227
1738724566533 168.6955435614709 228
1738724566564 173.57896820484552 229
1738724566596 193.06542166284203 230
1738724566627 168.4025266762871 231
1738724566658 149.53075892657623 232
1738724566690 155.43190406558375 233
1738724566721 144.41412042478436 234
1738724566752 154.76996833881907 235
1738724566784 178.43647679653532 236
1738724566815 164.4234227258725 237
1738724566847 167.96692259746624 238
1738724566878 134.8207960614233 239
1738724566910 144.24263437387148 240
1738724566941 217.30595478477264 241
1738724566973 157.2364984742232 242
1738724567004 175.3044046736613 243
1738724567035 190.69287637986517 244
1738724567067 126.30934372556565 245
1738724567098 164.0745598134837 246
1738724567130 183.32234516025272 247
1738724567161 160.77030785201123 248
1738724567192 167.47886316588801 249
1738724567224 147.2313464914476 250
1738724567255 157.82736813404213 251
1738724567287 130.56509417519823 252
1738724567318 202.7649271890794 253
1738724567350 178.36623902851886 254
1738724567381 172.28613475322464 255
1738724567413 157.09457066988392 256
1738724567444 168.62862646113075 257
1738724567476 192.30368962543542 258
1738724567507 160.8723752516071 259
1738724567539 171.39991195856842 260
1738724567570 169.33399762406955 261
1738724567602 119.66686741005016 262
1738724567633 170.40212401849539 263
1738724567665 168.67465690235628 264
1738724567697 163.4613373393648 265
1738724567728 164.0333464546292 266
1738724567760 186.71887756290147 267
1738724567791 185.70566351834168 268
1738724567823 158.01434396166053 269
1738724567854 189.42456431112083 270
1738724567886 149.65203498925803 271
1738724567917 145.6200547999528 272
1738724567949 149.414120128113 273
1738724567980 175.58150606230254 274
1738724568012 166.52144126850467 275
1738724568044 165.160730850862 276
1738724568075 155.3056202085209 277
1738724568108 205.60519315380495 278
1738724568139 176.94580268343597 279
1738724568171 114.00031034482365 280
1738724568203 172.03211925735982 281
1738724568234 186.67854985579854 282
1738724568266 176.7994753995181 283
1738724568298 151.30834234881118 284
1738724568329 164.1151141852505 285
1738724568361 160.65466508297374 286
1738724568393 165.54722448176082 287
1738724568424 175.57146999726217 288
1738724568456 164.8643094539547 289
1738724568488 167.024673933209 290
1738724568519 181.8954325409112 291
1738724568557 179.58724440126483 292
1738724568589 191.2792595903677 293
1738724568620 179.36826920327886 294
1738724568652 162.00814764492387 295
1738724568684 170.24854111031252 296
1738724568715 154.49680121038134 297
1738724568747 161.35207884179388 298
1738724568778 171.92633174432788 299
1738724568810 187.49798586376411 300
1738724568841 212.7578204380951 301
1738724568873 168.8980352647911 302
1738724568905 145.43298592429068 303
1738724568936 169.74525542306236 304
1738724568968 157.76765180700798 305
1738724568999 152.72202459194764 306
1738724569031 187.4408515278591 307
1738724569062 172.65048856361483 308
1738724569094 135.69427596815035 309
1738724569125 178.11678592826843 310
1738724569157 202.55825821128306 311
1738724569188 164.35895597377413 312
1738724569219 188.6958389530712 313
1738724569251 163.95021414721705 314
1738724569282 153.97188708239855 315
1738724569314 168.56975369677545 316
1738724569345 179.5434809619511 317
1738724569377 169.87999885509385 318
1738724569408 163.337854412726 319
1738724569440 180.57177002500683 320
1738724569471 166.71663932463574 321
1738724569502 145.7990658819488 322
1738724569534 179.32254073669753 323
1738724569565 164.112208822021 324
1738724569597 157.47913503818123 325
1738724569628 178.03386553757505 326
1738724569660 165.08863991187806 327
1738724569691 171.6519784739994 328
1738724569723 149.57031930555954 329
1738724569754 166.44467639901617 330
1738724569785 138.48860403442706 331
1738724569817 162.67091472214855 332
1738724569848 163.70900849381255 333
1738724569880 195.4237147106146 334
1738724569911 185.79478928565356 335
1738724569943 173.01049102601078 336
1738724569974 177.57481319112105 337
1738724570006 190.99428729688088 338
1738724570038 152.99590174100436 339
1738724570070 169.63716511869106 340
1738724570103 170.33773833918207 341
1738724570135 155.33621278255526 342
1738724570167 160.1779716878416 343
1738724570199 173.67215854015475 344
1738724570231 137.82135573337396 345
1738724570264 171.00986196098856 346
1738724570296 148.4108679405073 347
1738724570329 183.60910748248926 348
1738724570362 183.51954187322792 349
1738724570394 167.68281303278934 350
1738724570426 133.1010522537614 351
1738724570458 155.21396908498573 352
1738724570490 170.75854370130435 353
1738724570522 204.2081472959442 354
1738724570554 179.32005001164748 355
1738724570586 179.06730587165458 356
1738724570618 160.15147653998233 357
1738724570650 158.8648710499556 358
1738724570681 196.90582965644663 359
1738724570713 141.75395764635044 360
1738724570745 166.4215402440579 361
1738724570777 178.24716571551178 362
1738724570808 158.5421005313911 363
1738724570840 181.5637108888618 364
1738724570872 145.90486746787082 365
1738724570903 152.7497300972837 366
1738724570935 154.58293192022654 367
1738724570967 177.42996944419946 368
1738724570998 169.2408564239105 369
1738724571030 137.87591501900212 370
1738724571062 174.0175323405271 371
1738724571094 173.05623309484952 372
1738724571125 166.98625358593657 373
1738724571157 146.13386560261827 374
1738724571189 166.19334700970475 375
1738724571220 184.59644378320027 376
1738724571252 165.81756390834198 377
1738724571284 136.042167923849 378
1738724571315 128.2431980867486 379
1738724571347 134.6104250076726 380
1738724571378 164.27208608758568 381
1738724571410 157.464778270721 382
1738724571442 166.18693237112683 383
1738724571473 181.34823546730502 384
1738724571505 187.16713428589216 385
1738724571537 181.38291102235652 386
1738724571568 175.81383186950634 387
1738724571600 161.15232234031677 388
1738724571631 186.36739057129586 389
1738724571663 185.7123775785983 390
1738724571694 153.25259555818127 391
1738724571726 201.72970054155257 392
1738724571757 190.83710246256376 393
1738724571789 181.95868917034318 394
1738724571820 165.4748147109233 395
1738724571852 162.59428783928038 396
1738724571884 151.69353991114474 397
1738724571915 165.8553071879927 398
1738724571947 181.66724280614676 399
1738724571978 170.27010559806882 400
