1738724555626 169.15380539455995 0
1738724555629 168.46716721597411 1
1738724555633 165.9081018232548 2
1738724555636 167.57545143983177 3
1738724555639 168.55031800728958 4
1738724555642 166.66976383307957 5
1738724555645 167.96445009194076 6
1738724555648 167.56194579383612 7
1738724555651 168.9968443377317 8
1738724555655 170.09315015332592 9
1738724555658 171.89449630237843 10
1738724555661 169.55333675696068 11
1738724555664 168.40194174809332 12
1738724555667 170.51438872771035 13
1738724555670 169.51598612503562 14
1738724555673 169.35482809394804 15
1738724555676 170.45368993981162 16
1738724555680 169.31751804324756 17
1738724555683 168.68724087211064 18
1738724555686 167.81932032108085 19
1738724555689 167.56510819486095 20
1738724555692 167.10719595543281 21
1738724555695 169.00147760690544 22
1738724555698 168.0470715472879 23
1738724555701 168.56317644493606 24
1738724555704 169.06336212099853 25
1738724555707 168.08711219705495 26
1738724555711 168.17816417504235 27
1738724555714 170.40649648948323 28
1738724555717 168.04390548631952 29
1738724555720 168.09267097360953 30
1738724555723 168.9739984834346 31
1738724555726 167.26053604783036 32
1738724555729 166.76233736930178 33
1738724555732 167.99735061529404 34
1738724555736 169.30008892987635 35
1738724555739 168.4832020789651 36
1738724555742 167.51517429713869 37
1738724555745 167.16662306025555 38
1738724555748 168.73140968384243 39
1738724555751 170.99843957212119 40
1738724555754 167.47319336223094 41
1738724555757 168.9227342868884 42
1738724555760 166.7347033160165 43
1738724555763 167.276778503369 44
1738724555766 169.96255815272085 45
1738724555769 166.57280875545936 46
1738724555772 168.20678280796585 47
1738724555776 169.1638568584249 48
1738724555779 167.9943922212271 49
1738724555782 168.28574954389074 50
1738724555785 170.56652143507344 51
1738724555788 171.17400828486063 52
1738724555791 167.749318950122 53
1738724555794 169.63789354187327 54
1738724555797 172.23064087402042 55
1738724555800 168.6211907680008 56
1738724555803 169.70968578736495 57
1738724555806 168.97429061911953 58
1738724555809 169.29793620677827 59
1738724555812 167.86026452110718 60
1738724555815 166.16119188269522 61
1738724555818 171.27937010886126 62
1738724555821 168.5179005617644 63
1738724555824 171.89730149051553 64
1738724555827 170.28201297662648 65
1738724555831 168.4324887778477 66
1738724555834 170.45197540289382 67
1738724555837 167.3812995709935 68
1738724555840 170.4062867748963 69
1738724555843 169.36331798716398 70
1738724555846 166.43335353447853 71
1738724555849 168.00776744999868 72
1738724555852 169.1437185979725 73
1738724555855 168.6438481391887 74
1738724555858 169.7594472850312 75
1738724555861 168.90261660358425 76
1738724555864 170.08118674159422 77
1738724555867 169.16217532927243 78
1738724555870 168.55710173910447 79
1738724555873 168.4531419766767 80
1738724555876 170.30810368566068 81
1738724555879 167.37381805131514 82
1738724555882 168.1336012691651 83
1738724555885 168.34211782774048 84
1738724555888 167.62204964737444 85
1738724555892 169.66387378115343 86
1738724555895 167.28197588827385 87
1738724555898 167.5259427674963 88
1738724555901 167.5287860020776 89
1738724555904 169.41086918133277 90
1738724555907 170.44359832058205 91
1738724555910 168.07197665723976 92
1738724555913 170.33388691628346 93
1738724555917 171.60875258801448 94
1738724555920 168.38074841668512 95
1738724555923 169.1788691711693 96
1738724555926 168.3249313771179 97
1738724555929 168.22214153655975 98
1738724555932 168.4252745520979 99
1738724555935 166.00942169734978 100
1738724555938 166.75931135806584 101
1738724555941 168.1787048361984 102
1738724555944 168.8543967789193 103
1738724555947 169.20285994470234 104
1738724555962 170.06793036886484 105
1738724555969 169.23520811699066 106
1738724555972 168.062078993565 107
1738724555975 170.1296396807656 108
1738724555978 168.32730912227336 109
1738724555982 167.41103625837204 110
1738724555985 168.82874891834683 111
1738724555988 166.51102999741883 112
1738724555991 171.87026278158936 113
