1738721995882 169.62235989351902 0
1738721995883 169.62515337269036 1
1738721995884 169.62135870037196 2
1738721995885 169.61772019280545 3
1738721995886 169.61409449234083 4
1738721995887 169.61048448615446 5
1738721995888 169.60689004509496 6
1738721995889 169.6033111022479 7
1738721995890 169.59974758972888 8
1738721995891 169.59619943998115 9
1738721995892 169.59266658574748 10
1738721995894 169.58914896006914 11
1738721995895 169.58564649628505 12
1738721995896 169.58215912802984 13
1738721995897 169.57868678923302 14
1738721995899 169.57522941411744 15
1738721995900 169.57178693719797 16
1738721995901 169.56835929328017 17
1738721995903 169.56494641745923 18
1738721995904 169.56154824511833 19
1738721995905 169.55816471192762 20
1738721995906 169.55479575384265 21
1738721995907 169.55144130710354 22
1738721995908 169.54810130823319 23
1738721995909 169.54477569403645 24
1738721995910 169.54146440159855 25
1738721995911 169.53816736828395 26
1738721995913 169.53488453173523 27
1738721995914 169.53161582987158 28
1738721995915 169.52836120088782 29
1738721995916 169.52512058325297 30
1738721995917 169.52189391570914 31
1738721995918 169.51868113727028 32
1738721995919 169.51548218722087 33
1738721995920 169.51229700511496 34
1738721995921 169.5091255307746 35
1738721995922 169.50596770428896 36
1738721995923 169.50282346601298 37
1738721995924 169.4996927565662 38
1738721995925 169.4965755168316 39
1738721995926 169.49347168795444 40
1738721995927 169.49038121134106 41
1738721995928 169.4873040286576 42
1738721995929 169.48424008182906 43
1738721995931 169.481189313038 44
1738721995932 169.47815166472336 45
1738721995933 169.4751270795795 46
1738721995934 169.47211550055476 47
1738721995935 169.4691168708506 48
1738721995936 169.46613113392033 49
1738721995937 169.46315823346802 50
1738721995938 169.46019811344735 51
1738721995940 169.45725071806046 52
1738721995941 169.45431599175706 53
1738721995942 169.45139387923297 54
1738721995943 169.44848432542923 55
1738721995944 169.44558727553115 56
1738721995945 169.44270267496677 57
1738721995946 169.4398304694063 58
1738721995948 169.43697060476063 59
1738721995950 169.43412302718045 60
1738721995951 169.4312876830551 61
1738721995952 169.42846451901164 62
1738721995953 169.4256534819136 63
1738721995954 169.42285451886 64
1738721995956 169.42006757718437 65
1738721995957 169.41729260445354 66
1738721995958 169.41452954846676 67
1738721995959 169.4117783572546 68
1738721995960 169.40903897907782 69
1738721995961 169.40631136242658 70
1738721995962 169.40359545601913 71
1738721995963 169.40089120880097 72
1738721995964 169.3981985699438 73
1738721995965 169.3955174888445 74
1738721995966 169.39284791512398 75
1738721995967 169.39018979862658 76
1738721995968 169.38754308941856 77
1738721995969 169.3849077377875 78
1738721995970 169.3822836942411 79
1738721995972 169.3796709095063 80
1738721995973 169.37706933452827 81
1738721995974 169.37447892046933 82
1738721995975 169.37189961870823 83
1738721995976 169.36933138083887 84
1738721995977 169.3667741586696 85
1738721995978 169.36422790422213 86
1738721995979 169.3616925697306 87
1738721995980 169.35916810764058 88
1738721995982 169.35665447060833 89
1738721995983 169.35415161149953 90
1738721995984 169.3516594833886 91
1738721995985 169.3491780395577 92
1738721995986 169.34670723349583 93
1738721995987 169.34424701889773 94
1738721995988 169.34179734966315 95
1738721995989 169.33935817989604 96
1738721995990 169.33692946390323 97
1738721995991 169.33451115619386 98
1738721995992 169.33210321147845 99
1738721995993 169.3297055846679 100
1738721995994 169.3273182308726 101
1738721995995 169.32494110540162 102
1738721995996 169.3225741637617 103
1738721995997 169.3202173616565 104
1738721995999 169.3178706549856 105
1738721996000 169.3155339998437 106
1738721996001 169.31320735251984 107
1738721996002 169.31089066949625 108
1738721996003 169.30858390744777 109
1738721996004 169.3062870232408 110
1738721996005 169.3039999739326 111
1738721996006 169.3017227167703 112
1738721996007 169.29945520919017 113
1738721996008 169.29719740881666 114
1738721996009 169.29494927346167 115
1738721996010 169.29271076112354 116
1738721996011 169.2904818299865 117
1738721996013 169.28826243841962 118
1738721996014 169.28605254497597 119
1738721996015 169.28385210839184 120
1738721996016 169.28166108758614 121
1738721996017 169.27947944165922 122
1738721996018 169.27730712989228 123
1738721996019 169.27514411174653 124
1738721996020 169.27299034686234 125
1738721996022 169.27084579505856 126
1738721996023 169.2687104163315 127
1738721996024 169.26658417085434 128
1738721996025 169.2644670189763 129
1738721996026 169.26235892122173 130
1738721996027 169.26025983828956 131
1738721996028 169.2581697310523 132
1738721996029 169.2560885605553 133
1738721996030 169.25401628801617 134
1738721996032 169.25195287482364 135
1738721996033 169.2498982825373 136
1738721996034 169.24785247288636 137
1738721996035 169.24581540776916 138
1738721996036 169.24378704925235 139
1738721996037 169.24176735957008 140
1738721996038 169.23975630112344 141
1738721996039 169.2377538364794 142
1738721996041 169.23575992837047 143
