1738724694082 159.57321488736758 0
1738724694111 157.20646713091685 1
1738724694140 173.31893093562982 2
1738724694169 127.01342322839045 3
1738724694198 138.43635171748605 4
1738724694227 217.04549262389895 5
1738724694256 185.41416701054666 6
1738724694286 182.29029603288586 7
1738724694315 53.697548830014625 8
1738724694344 211.00954149186097 9
1738724694374 221.8441748410139 10
1738724694403 108.99431866088864 11
1738724694432 211.9166963067705 12
1738724694461 175.78999592743196 13
1738724694490 133.02789838206914 14
1738724694519 88.68312258351544 15
1738724694548 210.93563336692364 16
1738724694577 134.94290103316513 17
1738724694606 175.10812718893544 18
1738724694635 133.7761403022218 19
1738724694664 254.32698968508092 20
1738724694692 147.00602147094443 21
1738724694721 95.74173302364348 22
1738724694750 214.31358147051256 23
1738724694779 116.29527805208073 24
1738724694808 184.01946151661565 25
1738724694837 148.42160469997657 26
1738724694866 148.63185211015806 27
1738724694894 196.4881006309273 28
1738724694923 138.86489198034775 29
1738724694952 211.79778046645234 30
1738724694981 166.6039158393708 31
1738724695010 193.84458744666034 32
1738724695039 292.39351474163385 33
1738724695068 222.68184324058606 34
1738724695097 239.12950484877328 35
1738724695126 172.48763342961306 36
1738724695155 164.04348529751493 37
1738724695183 182.24933139804654 38
1738724695212 234.81744131703934 39
1738724695241 111.94627124793305 40
1738724695270 113.40299872487856 41
1738724695299 213.0348454878806 42
1738724695328 169.09178290191718 43
1738724695357 129.16305961713846 44
1738724695386 131.20157347606752 45
1738724695414 198.53921564877757 46
1738724695443 161.36671260021436 47
1738724695472 128.98751925037982 48
1738724695501 163.01869208161122 49
1738724695530 105.97698871708445 50
1738724695559 168.92908784262448 51
1738724695587 114.1293194747302 52
1738724695616 126.48700121483674 53
1738724695645 109.38005282128059 54
1738724695673 152.03846470203308 55
1738724695702 156.84004334011857 56
1738724695731 183.38333498223614 57
1738724695759 153.45028179278702 58
1738724695788 156.86864859357 59
1738724695817 184.08236396889865 60
1738724695846 172.97343142732677 61
1738724695874 146.68202719041946 62
1738724695903 170.08706092110194 63
1738724695932 196.23469868145466 64
1738724695960 166.5114653111759 65
1738724695989 331.1969901679055 66
1738724696018 237.80057049225206 67
1738724696046 103.45083251063515 68
1738724696075 139.41493470184412 69
1738724696103 278.37105826482934 70
1738724696132 259.46585527732367 71
1738724696161 188.22764752726496 72
1738724696189 229.94371594588378 73
1738724696218 199.10719335792467 74
1738724696246 172.06247698710533 75
1738724696275 90.37552198774907 76
1738724696303 198.39187046895577 77
1738724696332 132.3444774754386 78
1738724696361 398.9155756271223 79
1738724696389 181.73875923149208 80
1738724696418 254.9789679200655 81
1738724696447 151.6765779914999 82
1738724696475 201.60072723319277 83
1738724696504 196.78666347159614 84
1738724696532 154.89305585775617 85
1738724696561 224.39047902309298 86
1738724696590 205.42678778468152 87
1738724696618 175.3653100152565 88
1738724696647 100.94525921668497 89
1738724696676 207.95398355882938 90
1738724696704 183.1637176895142 91
1738724696733 140.90548393627992 92
1738724696761 118.15603172340978 93
1738724696790 165.60258278218882 94
1738724696818 59.24264521295188 95
1738724696847 136.30093672702404 96
1738724696875 125.42116739485503 97
1738724696904 43.10319915132709 98
1738724696933 171.7865373522443 99
1738724696961 189.4848967247871 100
1738724696990 309.86106302632555 101
1738724697018 247.47370371452925 102
1738724697047 147.77774524567008 103
1738724697076 136.70287098586843 104
1738724697105 152.54812911949494 105
1738724697133 148.56094222413753 106
1738724697162 172.74972955129857 107
1738724697190 130.8060026600558 108
1738724697219 191.31532193891277 109
1738724697247 243.87550498790787 110
1738724697276 167.35476684949776 111
1738724697304 143.96260775001937 112
1738724697333 169.71260444087443 113
1738724697361 87.72046674019036 114
1738724697390 165.2951036253148 115
1738724697419 128.5017825829181 116
1738724697447 162.6265357254907 117
1738724697475 204.71712149071342 118
1738724697504 68.21217612810827 119
1738724697533 134.50124926669278 120
1738724697561 181.38786798368693 121
1738724697590 22.317777056835833 122
1738724697619 188.0582903303559 123
1738724697647 223.68308247904497 124
1738724697676 379.8969543757745 125
1738724697705 243.33861446408778 126
1738724697733 117.27516426912595 127
1738724697762 177.1947350152564 128
1738724697790 135.54061778304592 129
1738724697819 198.61043463705977 130
1738724697847 236.38425553612709 131
1738724697876 115.00757194875803 132
1738724697904 94.29384415057963 133
1738724697933 168.6455954108308 134
1738724697961 328.36959794353623 135
1738724697990 211.35685443245302 136
1738724698020 263.976733007246 137
1738724698050 133.86135225927373 138
1738724698079 167.61524668704934 139
1738724698108 166.85050737327046 140
1738724698138 110.76223173356898 141
1738724698167 123.03174234236218 142
1738724698197 200.44686912162456 143
1738724698226 227.82834489928163 144
1738724698255 171.23778052771524 145
1738724698285 143.88986623721834 146
1738724698314 237.83544231272734 147
1738724698344 167.29724968501972 148
1738724698373 143.89116288895448 149
1738724698402 147.08683712622772 150
1738724698432 336.3381773359616 151
1738724698461 252.27114597866554 152
1738724698490 122.52215231329109 153
1738724698519 144.6044221964207 154
1738724698548 201.3664946776523 155
1738724698577 162.26310001240117 156
1738724698606 269.56281994662174 157
1738724698635 154.945947348632 158
1738724698664 184.04605084426524 159
1738724698693 200.1577151255159 160
1738724698722 235.63733419248396 161
1738724698751 197.92703070687463 162
1738724698780 48.576570130468745 163
1738724698809 117.60229745389655 164
1738724698838 198.11405477647997 165
1738724698867 164.38543396165926 166
1738724698896 197.22087680227807 167
1738724698925 130.2011350291695 168
1738724698954 147.69251173193211 169
1738724698983 270.55788033645695 170
1738724699012 186.11058517238587 171
1738724699041 215.12267447608914 172
1738724699071 93.95533374029483 173
1738724699100 165.47786117023955 174
1738724699129 100.16972173908886 175
1738724699158 134.4867472057842 176
1738724699187 165.37711457578578 177
1738724699216 164.205585080535 178
1738724699245 163.64703530262864 179
1738724699274 201.05884822903474 180
1738724699303 259.33712368620866 181
1738724699332 140.82602118868627 182
1738724699360 127.27464148102588 183
1738724699389 230.21460645973144 184
1738724699418 123.13378075414042 185
1738724699447 130.47156671836572 186
1738724699476 125.57309191752208 187
1738724699505 263.4190542291948 188
1738724699533 199.96897527471774 189
1738724699562 99.51731825856812 190
1738724699591 169.18232991543715 191
1738724699620 199.18910802172144 192
1738724699649 170.21387914165533 193
1738724699678 155.68894384737172 194
1738724699706 240.45959343768965 195
1738724699735 253.31599797336165 196
1738724699764 171.66826569831633 197
1738724699793 141.8979370599222 198
1738724699822 204.3897118791772 199
1738724699850 121.10612981594245 200
1738724699879 409.97142507332177 201
1738724699908 153.59632850751424 202
1738724699937 121.39517854133646 203
1738724699966 137.48877109710043 204
1738724699994 252.68063979593785 205
1738724700023 179.50348488800208 206
1738724700052 118.78156534248275 207
1738724700081 120.15923883336308 208
1738724700110 72.34696938971312 209
1738724700138 152.41972927339899 210
1738724700167 196.7445111338814 211
1738724700196 208.47345909792435 212
1738724700225 112.86778804386121 213
1738724700253 113.20016957827482 214
1738724700282 169.15202028402462 215
1738724700311 182.77496658518834 216
1738724700340 213.39165868683912 217
1738724700368 170.15073895241073 218
1738724700397 140.05612681651155 219
1738724700426 133.93062762176322 220
1738724700455 152.56368141388398 221
1738724700483 304.86408194584914 222
1738724700512 169.1319886284308 223
1738724700541 172.35690390667816 224
1738724700569 91.32696364235885 225
1738724700600 116.32403277101767 226
1738724700630 195.97465048468 227
1738724700659 206.42826350664293 228
1738724700689 243.70894472150042 229
1738724700718 79.52217717844283 230
1738724700748 271.02124070924464 231
1738724700777 149.28140601098397 232
1738724700807 0.2516069879845817 233
1738724700836 190.1933773801097 234
1738724700866 91.70426485187484 235
1738724700895 298.71741123621695 236
1738724700925 105.97493027106398 237
1738724700954 161.3599287406219 238
1738724700983 216.58801837277483 239
1738724701013 160.71912304300443 240
1738724701042 208.0326738238787 241
1738724701072 174.5998866028394 242
1738724701101 299.77631055151875 243
1738724701131 92.8572558263453 244
1738724701160 262.955853862696 245
1738724701190 179.745247238642 246
1738724701219 134.91591041374517 247
1738724701248 349.1072117810702 248
1738724701277 186.69147515245444 249
1738724701307 229.54046443000448 250
1738724701336 157.10465202800575 251
1738724701365 188.97111972962094 252
1738724701395 185.96592409401066 253
1738724701424 232.06303936052407 254
1738724701453 160.8910675333248 255
1738724701483 241.4353160464367 256
1738724701512 209.81276175773073 257
1738724701541 231.3426741309767 258
1738724701570 192.36965577997424 259
1738724701600 169.4920827980904 260
1738724701629 203.51935349515298 261
1738724701658 171.47794373395521 262
1738724701687 136.99695719270443 263
1738724701716 267.6236537047056 264
1738724701745 140.4572909423047 265
1738724701775 233.4562499343243 266
1738724701804 224.7344966068163 267
1738724701833 145.07086212420504 268
1738724701862 179.2919067323284 269
1738724701891 130.71440291554242 270
1738724701920 84.92104876159925 271
1738724701949 104.12529376078871 272
1738724701978 152.68298952859024 273
1738724702007 134.5519990541874 274
1738724702036 73.00323162141423 275
1738724702065 126.77356776914145 276
1738724702094 161.32150902827394 277
1738724702123 147.11904897089468 278
1738724702152 157.50106969733733 279
1738724702181 186.54742667282525 280
1738724702210 147.1524041139567 281
1738724702239 182.09557673433602 282
1738724702268 110.61750673271156 283
1738724702297 135.15687922245414 284
1738724702325 279.00170848686395 285
1738724702355 170.7215435958729 286
1738724702383 120.30570896124341 287
1738724702412 263.1612907331558 288
1738724702441 129.23651772616907 289
1738724702470 204.80107773286832 290
1738724702499 156.07192053723554 291
1738724702528 81.79885908266357 292
1738724702557 123.0030493192177 293
1738724702586 215.7312539000677 294
1738724702615 156.08493567885085 295
1738724702644 203.39792235230513 296
1738724702672 149.8073352726487 297
1738724702701 132.13886686157792 298
1738724702730 109.36649797137844 299
1738724702759 120.8497989775354 300
1738724702788 173.46446651110296 301
1738724702817 243.10008780374724 302
1738724702846 226.82566425415888 303
1738724702874 96.09320032557174 304
1738724702903 195.60421838914877 305
1738724702932 260.0756482779274 306
1738724702961 192.4072045937104 307
1738724702989 153.78188718745125 308
1738724703018 264.8226556378567 309
1738724703047 154.6774866516127 310
1738724703076 229.83110431345165 311
1738724703105 175.84571203306265 312
1738724703133 270.4799536188336 313
1738724703162 227.32344576620008 314
1738724703192 253.66343027696473 315
1738724703221 147.8687117438536 316
1738724703249 101.87005180795526 317
1738724703278 213.79067981100778 318
1738724703307 117.93169421904427 319
1738724703336 185.73823374283847 320
1738724703364 208.2066903409916 321
1738724703393 172.51213271060908 322
1738724703422 333.6002890052046 323
1738724703450 182.47691929576325 324
1738724703479 134.5833441650128 325
1738724703508 132.2582508588318 326
1738724703537 163.00274479318145 327
1738724703565 147.54640350446968 328
1738724703594 261.3401573046603 329
1738724703623 152.91641259834316 330
1738724703651 132.852045958543 331
1738724703680 120.88816237393834 332
1738724703709 139.75247292586377 333
1738724703737 84.05979550753793 334
1738724703766 173.88065776073634 335
1738724703795 212.60476365307682 336
1738724703824 83.99053140091202 337
1738724703852 112.99648048536399 338
1738724703881 205.5975627455877 339
1738724703910 132.26113750405705 340
1738724703939 216.5692641436474 341
1738724703967 174.37380908049744 342
1738724703996 190.9995695941574 343
1738724704024 164.310922669672 344
1738724704053 136.6734367049162 345
1738724704082 219.90755690598087 346
1738724704110 156.42220724516062 347
1738724704139 255.33346627905922 348
1738724704168 30.000321506896647 349
1738724704197 167.15838847889447 350
1738724704225 206.3323960444623 351
1738724704254 171.19251367828906 352
1738724704282 162.61879105354203 353
1738724704311 166.70243463602236 354
1738724704340 143.35123147913612 355
1738724704368 178.36038392664187 356
1738724704397 237.15990859193923 357
1738724704426 350.90850475966164 358
1738724704454 165.82649388012743 359
1738724704483 177.21608540132752 360
1738724704512 213.18102236074796 361
1738724704540 145.13492160848287 362
1738724704569 316.69470410722704 363
1738724704598 243.0120089780762 364
1738724704626 183.62222966995594 365
1738724704655 106.52365852833498 366
1738724704683 167.4770099426336 367
1738724704712 93.38833053523405 368
1738724704741 184.16427604917098 369
1738724704769 227.8836521681209 370
1738724704798 172.69678984295257 371
1738724704827 223.82977905801448 372
1738724704855 246.7257015780312 373
1738724704884 164.8526206001139 374
1738724704912 173.0833108427418 375
1738724704941 206.20977422332962 376
1738724704970 123.09769462832163 377
1738724704998 140.76537406374948 378
1738724705027 266.6414830995361 379
1738724705056 149.8686843912891 380
1738724705085 231.48072175328454 381
1738724705113 224.14476030217025 382
1738724705142 184.67525567639132 383
1738724705170 176.60812173537727 384
1738724705199 142.0793707434488 385
1738724705228 362.5790057581444 386
1738724705257 183.03214579559736 387
1738724705285 149.11545879013056 388
1738724705314 113.74186917754443 389
1738724705342 144.49786664999144 390
1738724705371 157.96651714910672 391
1738724705400 162.00680756596955 392
1738724705428 181.34651125669583 393
1738724705457 76.2167382718472 394
1738724705485 186.01271448038906 395
1738724705514 179.97993761870555 396
1738724705542 111.4773593518092 397
1738724705571 105.73028556718445 398
1738724705600 161.85421287456325 399
1738724705628 167.09806948871537 400
1738724705657 178.7051232521037 401
1738724705685 198.38447864225506 402
1738724705713 195.25848409917626 403
1738724705742 89.57204656537434 404
1738724705771 135.99317513652207 405
1738724705799 74.20120725407331 406
1738724705828 124.95581230744433 407
1738724705856 236.5673115839969 408
1738724705885 247.79173916201287 409
1738724705913 116.94642709005817 410
1738724705942 158.4394969505041 411
1738724705971 114.35169568816201 412
1738724705999 182.97126210330563 413
1738724706028 178.8057509326186 414
1738724706056 193.78645980009796 415
1738724706085 150.0871173491706 416
1738724706113 232.66662774701828 417
1738724706142 149.98601688843559 418
1738724706170 237.8792279246284 419
1738724706199 180.31905222623902 420
1738724706228 124.31054735194341 421
1738724706257 113.21530288971626 422
1738724706287 206.1309555920749 423
1738724706316 135.55386466270204 424
1738724706346 227.95332802013473 425
1738724706375 196.3514971081321 426
1738724706405 197.43739347009063 427
1738724706435 99.29407053610957 428
1738724706464 202.0424216787089 429
1738724706494 166.37243561365693 430
1738724706523 113.97588598066216 431
1738724706553 196.85979469301978 432
1738724706582 186.30389240464393 433
1738724706611 205.16136386522322 434
1738724706641 63.28889333590616 435
1738724706670 486.8918390463844 436
1738724706700 139.26397730534157 437
1738724706729 134.78989881755135 438
1738724706759 102.24896286681945 439
1738724706788 237.6231553489207 440
1738724706817 326.5044638893926 441
1738724706847 247.44701993623403 442
1738724706876 139.61703059411187 443
1738724706906 54.63523907916452 444
1738724706935 184.34998096651574 445
1738724706964 138.6913200153523 446
1738724706993 168.3909126997418 447
1738724707023 185.48411466710064 448
1738724707052 126.46314962204356 449
1738724707081 77.11171559123267 450
1738724707110 216.20717261461672 451
1738724707140 152.58485504891948 452
1738724707169 127.71340341876844 453
1738724707198 269.5664557936393 454
1738724707227 177.8088364171536 455
1738724707257 168.7951932863951 456
1738724707286 155.5909972603187 457
1738724707316 252.74083569619162 458
1738724707345 224.42461084556575 459
1738724707374 233.7407355873889 460
1738724707403 180.8163160051164 461
1738724707432 213.049895152449 462
1738724707462 364.2519706620525 463
1738724707491 179.37259977367597 464
1738724707520 227.56027956455543 465
1738724707549 168.03475945402863 466
1738724707578 236.03413775291932 467
1738724707607 215.54677427401285 468
1738724707636 132.55729774614477 469
1738724707665 191.68448276809463 470
1738724707694 222.60538590950512 471
1738724707723 185.62019210818852 472
1738724707752 158.73506556037222 473
1738724707781 145.0074956475007 474
1738724707810 257.63424490051455 475
1738724707840 140.85217162180362 476
1738724707869 249.88225198037614 477
1738724707898 130.69374783310127 478
1738724707927 158.93866493073926 479
1738724707956 170.47280980523684 480
1738724707985 156.56830117764218 481
1738724708014 184.41106919225228 482
1738724708043 113.53449560645107 483
1738724708071 134.68812198137033 484
1738724708101 118.76236638463556 485
1738724708130 163.29985913536106 486
1738724708159 115.94279654319676 487
1738724708188 116.09136495546062 488
1738724708217 350.7028068576132 489
1738724708246 217.26371926185578 490
1738724708275 253.91652416240643 491
1738724708304 48.79732579582227 492
1738724708333 223.14687667118804 493
1738724708362 131.02899480530218 494
1738724708391 143.69549071978804 495
1738724708420 118.36928100186668 496
1738724708449 255.47716134440742 497
1738724708478 115.31764308576369 498
1738724708507 169.72111938273005 499
