1738724776530 166.35879154484027 0
1738724776534 170.24605250618325 1
1738724776537 171.8953783743986 2
1738724776540 170.76051779046202 3
1738724776543 164.9982544465938 4
1738724776547 167.58906167553377 5
1738724776550 164.26706902294077 6
1738724776553 164.20208601896283 7
1738724776556 168.0925368202151 8
1738724776559 165.16179864641654 9
1738724776563 168.9959362490736 10
1738724776566 166.8139580597176 11
1738724776569 166.39173831385236 12
1738724776572 169.68010164752897 13
1738724776576 170.43994259391826 14
1738724776579 166.32711777139357 15
1738724776582 167.50283530533923 16
1738724776585 170.59228527047046 17
1738724776589 172.48839344074386 18
1738724776592 169.07971403857042 19
1738724776595 169.80383489853153 20
1738724776598 168.9011565813868 21
1738724776601 168.49263329549 22
1738724776605 166.46305640834032 23
1738724776608 167.58885246910788 24
1738724776611 168.93703894471423 25
1738724776615 167.80461011343053 26
1738724776618 168.1502687178447 27
1738724776621 173.03208551669525 28
1738724776624 166.48339663054804 29
1738724776627 167.558167537863 30
1738724776631 169.87985411959536 31
