1738721996404 168.8276184754907 0
1738721996405 168.82434131663115 1
1738721996406 168.82115245434338 2
1738721996407 168.81804936343687 3
1738721996408 168.81502959404636 4
1738721996409 168.81209076930955 5
1738721996410 168.8092305831184 6
1738721996411 168.80644679794221 7
1738721996412 168.80373724271948 8
1738721996413 168.8010998108169 9
1738721996414 168.79853245805282 10
1738721996415 168.79603320078323 11
1738721996416 168.7936001140484 12
1738721996418 168.79123132977776 13
1738721996418 168.7889250350519 14
1738721996419 168.7866794704185 15
1738721996420 168.78449292826218 16
1738721996421 168.78236375122486 17
1738721996422 168.78029033067608 18
1738721996423 168.7782711052313 19
1738721996424 168.77630455931643 20
1738721996425 168.77438922177748 21
1738721996426 168.77252366453385 22
1738721996427 168.77070650127297 23
1738721996428 168.76893638618665 24
1738721996429 168.76721201274614 25
1738721996431 168.76553211251556 26
1738721996432 168.76389545400235 27
1738721996433 168.76230084154312 28
1738721996434 168.7607471142246 29
1738721996435 168.75923314483762 30
1738721996436 168.75775783886363 31
1738721996437 168.75632013349272 32
1738721996438 168.75491899667213 33
1738721996439 168.7535534261835 34
1738721996440 168.7522224487495 35
1738721996441 168.7509251191675 36
1738721996442 168.7496605194699 37
1738721996443 168.7484277581106 38
1738721996444 168.74722596917636 39
1738721996445 168.74605431162206 40
1738721996446 168.74491196853032 41
1738721996447 168.74379814639266 42
1738721996449 168.7427120744138 43
1738721996450 168.74165300383646 44
1738721996451 168.74062020728718 45
1738721996452 168.7396129781422 46
