1738722566068 170.68018564184825 0
1738722566070 171.01954251792384 1
1738722566072 170.7718917895397 2
1738722566074 169.14839631004048 3
1738722566076 169.445639340537 4
1738722566078 168.56836926988507 5
1738722566080 169.1227808165775 6
1738722566083 167.13843820110088 7
1738722566085 167.4490563109965 8
1738722566087 168.6536263830919 9
1738722566089 168.44957351486346 10
1738722566091 168.56580949361924 11
1738722566093 168.18138060651853 12
1738722566095 169.63543233955207 13
1738722566097 172.94326296693427 14
1738722566099 167.58818144022558 15
1738722566101 167.09829969710682 16
1738722566103 172.12957216930346 17
1738722566105 167.9730776481711 18
1738722566108 169.66505660371175 19
1738722566110 168.83716328678 20
1738722566112 167.5531510434968 21
1738722566114 167.5223970844387 22
1738722566116 166.48980670978952 23
1738722566118 169.16135955661508 24
1738722566120 170.19814420116876 25
1738722566122 170.60825670435082 26
1738722566124 169.0920804403846 27
1738722566126 167.5626500318362 28
1738722566128 169.54448252524543 29
1738722566130 166.2478196713559 30
1738722566133 170.46328990483778 31
1738722566135 165.8026648363555 32
1738722566137 168.6439096255861 33
1738722566139 166.39174325789648 34
1738722566141 171.16572924035341 35
1738722566143 166.46424315144097 36
1738722566145 168.00700884727297 37
1738722566147 169.30225580108797 38
