1738724149662 188.2882852681049 0
1738724149698 179.5379067529084 1
1738724149734 173.28371277357274 2
1738724149769 150.9645811272801 3
1738724149805 160.78251809375223 4
1738724149841 176.6835062147574 5
1738724149877 147.73493140338212 6
1738724149913 142.4594303621582 7
1738724149949 148.9614426173197 8
1738724149985 183.44352680320438 9
1738724150020 157.71748199050387 10
1738724150056 183.4565526821332 11
1738724150092 176.94544844633876 12
1738724150128 175.44551528797408 13
1738724150163 164.22733094303533 14
1738724150199 168.44097447910235 15
1738724150235 162.67610305893686 16
1738724150270 192.2018870347402 17
1738724150305 167.61720109690654 18
1738724150341 168.9285697976941 19
1738724150376 161.6193070764603 20
1738724150411 155.99591725840423 21
1738724150446 203.66227434449777 22
1738724150481 173.78782311554647 23
1738724150516 170.27720675032583 24
1738724150551 165.552603699516 25
1738724150586 184.8720315581048 26
1738724150621 171.45776967882682 27
1738724150656 154.88452356821293 28
1738724150691 160.94256900954082 29
1738724150726 148.02572952955086 30
1738724150761 162.88865652025288 31
1738724150796 161.06998375153088 32
1738724150831 148.15721889978346 33
1738724150866 156.4825897928147 34
1738724150901 168.45405530011632 35
1738724150936 169.46802693161925 36
1738724150971 161.22399199428463 37
1738724151006 175.7694771436521 38
1738724151041 150.646854571117 39
1738724151076 155.22285182418776 40
1738724151111 180.52994584010062 41
1738724151146 166.9438008772218 42
1738724151180 162.49819366739766 43
1738724151215 155.45168179162616 44
1738724151250 227.99969280801645 45
1738724151284 151.92523153145106 46
1738724151320 152.7282971101479 47
1738724151355 174.40330117248266 48
1738724151390 147.06682066127598 49
1738724151424 201.34059042631048 50
1738724151459 151.5736260147453 51
1738724151493 176.79796224030912 52
1738724151528 174.4836197338953 53
1738724151563 122.6058771353318 54
1738724151597 152.5312022548442 55
1738724151632 187.77045543932852 56
1738724151666 178.91914379246506 57
1738724151701 166.0299956425013 58
1738724151735 234.42911644732055 59
1738724151770 182.53901166016638 60
1738724151805 151.46538751413522 61
1738724151839 162.56692310241434 62
1738724151874 181.22364133688757 63
1738724151909 139.11497488736234 64
1738724151943 168.8125403076556 65
1738724151978 158.17376575941745 66
1738724152012 178.69775418757757 67
1738724152048 186.0224126821417 68
1738724152082 174.219589194779 69
1738724152127 157.6527442600173 70
1738724152173 175.9090890224101 71
1738724152209 151.50774603722945 72
1738724152245 174.46799837998955 73
1738724152281 136.7183521306947 74
1738724152316 146.18471711620262 75
1738724152351 180.7567944325888 76
1738724152386 131.2870735387659 77
1738724152422 129.5924023656459 78
1738724152457 202.7418690771679 79
1738724152492 137.6562059796001 80
1738724152526 182.88599307872005 81
1738724152561 156.99042627489467 82
1738724152596 181.97463957587246 83
1738724152631 166.10896418127902 84
1738724152666 183.77276655137277 85
1738724152701 157.09403944273362 86
1738724152736 166.85938973175925 87
1738724152771 168.95589849984484 88
1738724152806 172.21920416376798 89
1738724152841 163.57231292951164 90
1738724152876 209.52224571444853 91
1738724152911 160.83855572017785 92
1738724152946 180.0329382480115 93
1738724152981 150.31852564070462 94
1738724153016 228.67831116043124 95
1738724153051 153.18344464721432 96
1738724153085 146.90217730558402 97
1738724153120 190.71099089178637 98
1738724153155 174.20192176278005 99
1738724153189 159.2645220384081 100
1738724153224 189.16363997827716 101
1738724153259 160.67706329498512 102
1738724153294 169.70201004386598 103
1738724153329 155.4321148693556 104
1738724153364 162.81644199936483 105
1738724153398 169.64875715744074 106
1738724153433 183.91613100034132 107
1738724153468 153.12879415314526 108
1738724153503 164.3799350028106 109
1738724153537 175.2564289443112 110
1738724153572 160.47351490504306 111
1738724153607 174.81053955353107 112
1738724153642 177.65754228577904 113
1738724153677 222.83120440838994 114
1738724153712 145.05459828017342 115
1738724153746 165.22695552177422 116
1738724153781 183.46365092611333 117
1738724153816 175.40951682529348 118
1738724153851 179.05446588636804 119
1738724153885 171.44608974899802 120
1738724153920 188.2930371091905 121
1738724153955 178.43837741315227 122
1738724153990 150.64311342665118 123
1738724154024 142.69684415513882 124
1738724154059 153.54084480898013 125
1738724154094 205.08249119361102 126
1738724154129 163.08933559883152 127
1738724154163 148.8868838154291 128
1738724154198 172.15118980274096 129
1738724154233 204.1607701183919 130
1738724154268 156.65583675441397 131
1738724154304 148.56918648616664 132
1738724154340 182.45551774397072 133
1738724154375 175.096337068061 134
1738724154410 172.64204564486752 135
1738724154446 147.94062409065396 136
1738724154481 183.61591905946383 137
1738724154516 172.62115192637938 138
1738724154552 147.14000242340674 139
1738724154587 160.2317476790764 140
1738724154622 174.49663163450563 141
1738724154658 103.4088090296573 142
1738724154693 180.05481004933642 143
1738724154728 108.1493377009983 144
1738724154763 191.90001006016823 145
1738724154798 176.22919050233057 146
1738724154833 156.72098155533422 147
1738724154869 173.96470481114696 148
1738724154904 160.70896985290852 149
1738724154939 138.10589220022408 150
1738724154974 177.915761437934 151
1738724155009 191.6003657382011 152
1738724155044 177.04185806406443 153
1738724155080 176.02041505366105 154
1738724155115 173.9135721065883 155
1738724155150 158.23201561559895 156
1738724155185 170.13771668514934 157
1738724155220 152.57074712400768 158
1738724155255 164.544396081718 159
1738724155290 159.83589377616948 160
1738724155325 176.15907164660416 161
1738724155360 189.83216241665318 162
1738724155395 161.56527108054607 163
1738724155431 178.88312940658503 164
1738724155466 179.02938878377807 165
1738724155501 174.05513295508945 166
1738724155536 151.44551252438302 167
1738724155571 151.740032590397 168
1738724155605 164.55492702164491 169
1738724155640 170.58117946222762 170
1738724155675 191.3196435950738 171
1738724155710 184.90719345058648 172
1738724155745 162.30808681345474 173
1738724155780 160.08137311578102 174
1738724155815 154.07060866134387 175
1738724155850 174.21712988766066 176
1738724155885 177.5905047285332 177
1738724155920 173.27554553455388 178
1738724155955 166.08972622535387 179
1738724155990 153.68903819360847 180
1738724156025 213.11312249770162 181
1738724156060 181.47627422105083 182
1738724156095 181.0951683705729 183
1738724156130 144.5903700210574 184
1738724156165 169.47155819655572 185
1738724156199 166.2998680335771 186
1738724156234 163.61187696498317 187
1738724156269 183.25367798577446 188
1738724156304 187.37996157679692 189
1738724156340 181.7109865396153 190
1738724156375 192.05756912079076 191
1738724156410 182.93710939644345 192
1738724156444 162.05654614430065 193
1738724156479 160.25219743304163 194
1738724156514 159.29270958614578 195
1738724156549 178.9838422449779 196
1738724156583 202.6769857353575 197
1738724156618 165.09047564443622 198
1738724156653 191.124938390685 199
1738724156687 154.72979611212247 200
1738724156722 152.1979799304171 201
1738724156756 159.15415158422914 202
1738724156791 152.65572826803057 203
1738724156826 178.0230237215923 204
1738724156860 165.60312119340156 205
1738724156895 142.26786815590705 206
1738724156929 179.589266498383 207
1738724156964 196.0090896277673 208
1738724156999 169.13545227457453 209
1738724157033 157.00207928136467 210
1738724157068 167.39124336161925 211
1738724157102 164.6675157300362 212
1738724157137 149.27506324488715 213
1738724157171 198.1037489269993 214
1738724157206 234.19464414899883 215
1738724157241 176.04151081923902 216
1738724157275 170.17077993758613 217
1738724157310 171.08027703333084 218
1738724157344 183.11827899272942 219
1738724157379 154.59579744598082 220
1738724157413 143.98569011412516 221
1738724157448 158.29916679616622 222
1738724157483 176.67584038628345 223
1738724157517 155.36502270457558 224
1738724157552 175.93738237645007 225
1738724157586 167.92828196767414 226
1738724157621 190.34730498382723 227
1738724157656 150.90164107270624 228
1738724157690 165.368455897458 229
1738724157725 174.91105483575254 230
1738724157760 172.16096456455247 231
1738724157795 200.21544545178716 232
1738724157829 191.1536187217943 233
1738724157864 165.15652109626993 234
1738724157898 211.0081352222678 235
1738724157933 176.2056125707035 236
1738724157967 178.13510715620777 237
1738724158002 188.7895169880381 238
1738724158037 158.90355209580505 239
1738724158071 160.81667493964227 240
1738724158106 197.83845954220584 241
1738724158140 176.27578751940868 242
1738724158175 158.27145738993104 243
1738724158209 248.86325461675025 244
1738724158244 146.69981776652546 245
1738724158279 157.85118506345188 246
1738724158313 168.23906887212397 247
1738724158375 173.56141767805315 248
1738724158452 190.3511364079698 249
1738724158521 185.365287890067 250
1738724158591 155.8753891907475 251
1738724158628 165.07993408118253 252
1738724158663 170.36885104315357 253
1738724158699 157.85147310261803 254
1738724158734 160.72248031586042 255
1738724158769 179.22521899266022 256
1738724158804 193.5017887984382 257
1738724158840 140.10356688207602 258
1738724158875 172.8244395228349 259
1738724158910 168.38862064190414 260
1738724158945 152.9805821945878 261
1738724158980 160.8330682244353 262
1738724159015 186.33135883758777 263
1738724159050 170.3147354270695 264
1738724159085 161.22089487005303 265
1738724159120 174.79741987460972 266
1738724159155 168.00258561256726 267
1738724159189 185.72713394013087 268
1738724159224 133.54241703204116 269
1738724159259 181.194631239625 270
1738724159294 116.79934717991094 271
1738724159329 175.8033990656982 272
1738724159363 140.56793479716399 273
1738724159398 163.86232250895029 274
1738724159434 161.48407764197185 275
1738724159471 174.6552125369252 276
1738724159506 166.4954383373528 277
1738724159541 173.31726573143627 278
1738724159577 180.05277212353923 279
1738724159611 164.89488655767823 280
1738724159646 171.9420680978427 281
1738724159682 149.77009845528602 282
1738724159717 166.26194642429425 283
1738724159752 134.13917920345963 284
1738724159787 150.67762048949055 285
1738724159822 165.90987373186377 286
1738724159856 172.67007204978609 287
1738724159891 132.10343774958292 288
1738724159926 150.42240411890597 289
1738724159961 151.1665940482246 290
1738724159996 203.7649222790969 291
1738724160031 146.0918471613257 292
1738724160065 176.88708376001932 293
1738724160100 166.7454461334053 294
1738724160135 170.79665441820143 295
1738724160170 144.7848771413807 296
1738724160204 169.735319172271 297
1738724160239 171.42560986830455 298
1738724160274 180.47111193469055 299
1738724160309 152.6293943518587 300
1738724160343 185.64075246783824 301
1738724160378 236.6007038152174 302
1738724160412 202.18937493328647 303
1738724160447 170.55986837138101 304
1738724160482 165.62707535138367 305
1738724160517 175.41804456770774 306
1738724160552 181.36186633726183 307
