1738724122071 171.1103644446162 0
1738724122074 165.8832829291331 1
1738724122076 174.73154909126796 2
1738724122079 173.87485223022148 3
1738724122082 168.1991251764734 4
1738724122084 173.96387218888242 5
1738724122087 178.3880343025661 6
1738724122090 171.43709570175218 7
1738724122092 165.65095460746835 8
1738724122095 171.12352281824926 9
1738724122098 168.76879083736932 10
1738724122100 167.72827553543328 11
1738724122103 173.61627780518438 12
1738724122106 174.6936096049293 13
1738724122108 167.11850827487268 14
1738724122111 170.19390764624148 15
1738724122113 169.36947687448344 16
1738724122116 169.0496627527781 17
1738724122119 172.77174426217843 18
1738724122121 165.7214426102303 19
1738724122124 169.50471239732997 20
1738724122127 164.617893743516 21
1738724122129 168.5378335827401 22
1738724122132 171.31999514410285 23
1738724122135 169.55962762121726 24
1738724122138 166.5709401198274 25
1738724122140 163.8729798292223 26
1738724122143 166.39287721370664 27
1738724122146 174.3065999280007 28
1738724122148 174.95912275661226 29
1738724122151 172.17781622178114 30
1738724122153 165.91675166215308 31
