1738723688190 169.3200019381054 0
1738723688192 169.31923177804975 1
1738723688193 169.31725110523095 2
1738723688195 169.3153073323696 3
1738723688197 169.31336926577183 4
1738723688199 169.31143744256218 5
1738723688201 169.30951183061657 6
1738723688203 169.30759240777454 7
1738723688204 169.30567915178742 8
1738723688206 169.3037720404957 9
1738723688208 169.3018710518253 10
1738723688210 169.2999761637875 11
1738723688211 169.29808735447838 12
1738723688213 169.29620460207866 13
1738723688215 169.29432788485315 14
1738723688217 169.29245718115064 15
1738723688219 169.29059246940335 16
1738723688221 169.2887337281268 17
1738723688223 169.2868809359193 18
1738723688225 169.28503407146164 19
1738723688227 169.28319311351686 20
1738723688229 169.28135804092992 21
1738723688231 169.2795288326271 22
1738723688233 169.27770546761613 23
1738723688235 169.27588792498534 24
1738723688237 169.2740761839039 25
1738723688239 169.2722702236209 26
1738723688241 169.27047002346552 27
1738723688242 169.2686755628464 28
1738723688244 169.26688682125155 29
1738723688246 169.2651037782478 30
1738723688248 169.2633264134806 31
1738723688250 169.26155470667376 32
1738723688252 169.25978863762901 33
1738723688254 169.25802818622574 34
1738723688255 169.25627333242076 35
1738723688257 169.25452405624785 36
1738723688259 169.25278033781754 37
1738723688261 169.2510421573167 38
1738723688262 169.24930949500853 39
1738723688264 169.2475823312318 40
1738723688266 169.24586064640087 41
1738723688268 169.2441444210053 42
1738723688269 169.2424336356096 43
1738723688271 169.2407282708527 44
1738723688273 169.23902830744805 45
1738723688275 169.2373337261829 46
1738723688277 169.23564450791824 47
1738723688279 169.23396063358857 48
1738723688281 169.23228208420127 49
1738723688282 169.2306088408368 50
1738723688284 169.22894088464787 51
1738723688286 169.2272781968596 52
1738723688288 169.225620758769 53
1738723688290 169.22396855174463 54
1738723688292 169.22232155722656 55
1738723688294 169.2206797567258 56
1738723688296 169.21904313182415 57
1738723688298 169.21741166417402 58
1738723688299 169.2157853354979 59
1738723688301 169.21416412758833 60
1738723688303 169.2125480223074 61
1738723688305 169.21093700158664 62
1738723688307 169.20933104742662 63
1738723688309 169.20773014189683 64
1738723688311 169.20613426713516 65
1738723688313 169.20454340534783 66
1738723688315 169.20295753880907 67
1738723688316 169.20137664986083 68
1738723688318 169.19980072091246 69
1738723688320 169.19822973444053 70
1738723688322 169.1966636729885 71
1738723688324 169.19510251916643 72
1738723688326 169.19354625565083 73
1738723688327 169.19199486518428 74
1738723688329 169.19044833057515 75
1738723688331 169.18890663469747 76
1738723688333 169.1873697604905 77
