1738724434464 170.0859443902496 0
1738724434467 168.28975705725088 1
1738724434470 169.59892616442863 2
1738724434474 169.2274697087915 3
1738724434477 169.73962747065846 4
1738724434480 170.46575935995378 5
1738724434484 170.25218536297265 6
1738724434487 170.08580501441125 7
1738724434490 166.42407101968843 8
1738724434494 168.1373618322691 9
1738724434499 170.90673504415324 10
1738724434503 170.0690547095163 11
1738724434508 168.9233635123786 12
1738724434512 169.26807183858935 13
1738724434515 167.1348291445386 14
1738724434518 169.8644067975357 15
1738724434521 170.03046056717866 16
1738724434524 165.08699003546502 17
1738724434527 168.71627019290304 18
1738724434530 167.18849924715303 19
1738724434533 166.26550333432274 20
1738724434536 168.7970611081282 21
1738724434539 169.65542946525733 22
1738724434542 169.84184721430773 23
1738724434545 170.17928907680283 24
1738724434548 169.70811688197412 25
1738724434550 168.11156623771979 26
