1738724434295 168.2079389575338 0
1738724434298 167.61805879178144 1
1738724434302 169.405637835694 2
1738724434305 170.57512882884942 3
1738724434308 168.67157650262544 4
1738724434311 168.634295989705 5
1738724434314 166.8769073710017 6
1738724434317 170.35441608643458 7
1738724434320 167.34966076222778 8
1738724434324 167.6713076903535 9
1738724434327 168.88352122279247 10
1738724434330 169.65831489169366 11
1738724434333 167.52684748045448 12
1738724434336 167.0811043987141 13
1738724434339 167.95008862123606 14
1738724434342 166.656055033768 15
1738724434345 167.1174096145374 16
1738724434348 169.82156692998666 17
