1738723932010 161.8399004050863 0
1738723932044 159.353947024284 1
1738723932078 138.14486304975486 2
1738723932112 277.3357124470317 3
1738723932146 160.4061983011827 4
1738723932181 226.3451833610503 5
1738723932215 203.58792985496171 6
1738723932248 156.28050930679632 7
1738723932282 161.30421980932857 8
1738723932317 246.27094971078512 9
1738723932352 144.0232477914629 10
1738723932387 186.72608375320726 11
1738723932421 389.30130118404367 12
1738723932456 190.29726181754947 13
1738723932490 275.95176013646943 14
1738723932524 137.7420006807799 15
1738723932558 203.51042865648174 16
1738723932592 119.85821471630156 17
1738723932627 145.88444874820854 18
1738723932660 172.4982765053432 19
1738723932694 172.1480325921886 20
1738723932728 126.78529553204271 21
1738723932762 223.0062532796926 22
1738723932797 247.96902693991666 23
1738723932832 171.53246840751257 24
1738723932866 210.91850176987 25
1738723932901 371.24830763767585 26
1738723932935 265.6729623070377 27
1738723932969 146.92470361329475 28
1738723933003 173.48221111040954 29
1738723933038 158.60493511875958 30
1738723933075 188.6147766265977 31
1738723933111 186.02428967543534 32
1738723933149 153.6231767782045 33
1738723933183 98.2707290858243 34
1738723933216 132.35258689713922 35
1738723933250 352.3979964063776 36
1738723933284 337.89995615857794 37
1738723933319 281.47666396488773 38
1738723933353 364.08439003404 39
1738723933387 148.27539276731082 40
1738723933421 106.21866295009531 41
1738723933455 229.03230147347244 42
1738723933489 121.00531014152338 43
1738723933524 123.21152006961096 44
1738723933559 169.62446267039917 45
1738723933593 144.93098958730755 46
1738723933627 176.907886191515 47
1738723933661 239.54096175066894 48
1738723933695 169.4836649278135 49
1738723933729 119.44196156009863 50
1738723933763 202.98775756944934 51
1738723933797 120.96647680693577 52
1738723933832 197.35300868293518 53
1738723933866 167.2691786216404 54
1738723933899 193.57978154047507 55
1738723933934 175.81045263817742 56
1738723933968 136.27263312486204 57
1738723934002 204.21890628815441 58
1738723934036 161.39640767834874 59
1738723934071 135.99170258094327 60
1738723934105 133.71575213072555 61
1738723934139 285.1275475930424 62
1738723934173 146.4201856517574 63
1738723934207 84.37847654493645 64
1738723934241 221.5015835501813 65
1738723934275 137.19058692675725 66
1738723934310 199.90529554279914 67
1738723934345 289.1661922821615 68
1738723934379 229.40945468032686 69
1738723934414 182.0719459709715 70
1738723934449 181.18251995958204 71
1738723934483 171.5721989171788 72
1738723934518 146.12006313426522 73
1738723934552 101.60400646237234 74
1738723934586 282.35213854190516 75
1738723934620 411.73849568994433 76
1738723934654 183.800608698438 77
1738723934688 108.5374090982839 78
1738723934722 218.88513063260444 79
1738723934757 175.08366468481208 80
1738723934791 170.42771507461373 81
1738723934826 242.6881835934551 82
1738723934860 384.9815989984256 83
1738723934894 222.66381720484927 84
1738723934928 202.6085159081611 85
1738723934963 237.61829096378432 86
1738723934997 235.91491940458323 87
1738723935031 226.28139737400545 88
1738723935066 153.43242113298382 89
1738723935101 199.82021389146558 90
1738723935135 172.1136161408846 91
1738723935170 136.88742922331093 92
1738723935205 213.96182919054664 93
1738723935240 161.8074775249734 94
1738723935275 140.74047199893445 95
1738723935310 104.71170182166644 96
1738723935345 223.14400755276858 97
1738723935379 194.25738734204083 98
1738723935414 142.38214259783757 99
1738723935449 132.74445539343537 100
1738723935483 187.18479234129947 101
1738723935518 125.0808691180631 102
1738723935552 160.84418166044134 103
1738723935586 148.73442224517032 104
1738723935620 159.5193745646238 105
1738723935654 225.17425559627895 106
1738723935688 157.0194973178996 107
1738723935723 175.25552235010082 108
1738723935757 147.5076674287627 109
1738723935791 139.6351717153564 110
1738723935825 95.12229285446489 111
1738723935859 227.71857271899668 112
1738723935892 103.15257589619685 113
1738723935926 104.69755201528956 114
1738723935960 109.0388126617368 115
1738723935995 108.76297810540441 116
1738723936030 231.0610444352754 117
1738723936065 264.2014695793275 118
1738723936100 111.49271155919064 119
1738723936134 137.90092406194708 120
1738723936168 168.30584475241898 121
1738723936203 190.72958390122145 122
1738723936237 284.45026425157965 123
1738723936272 242.4426874705828 124
1738723936307 167.2545397244145 125
1738723936341 193.54209999540143 126
1738723936375 108.46658664255764 127
1738723936409 219.83141398660717 128
1738723936444 252.39932077626173 129
1738723936478 150.68380854984866 130
1738723936512 123.54794001649363 131
1738723936547 147.83277157820174 132
1738723936582 174.03274480075123 133
1738723936616 80.40953163577177 134
1738723936650 126.66627680571679 135
1738723936685 173.5921406284408 136
1738723936718 171.03365110767032 137
1738723936752 162.0910552851905 138
1738723936786 202.1080869064666 139
1738723936822 162.68016451020125 140
1738723936857 178.84295239979525 141
1738723936892 155.34290104425406 142
1738723936931 320.73778797184366 143
1738723936965 185.53107468033917 144
1738723936999 259.3728492084273 145
1738723937034 197.47252619467525 146
1738723937069 179.77965005514446 147
1738723937103 180.26470668650754 148
1738723937137 124.05070514966295 149
1738723937171 216.5438452884024 150
1738723937205 147.12801251275064 151
1738723937240 228.52386189334993 152
1738723937274 153.78011458432218 153
1738723937309 133.49150322045267 154
1738723937344 161.44211381448287 155
1738723937379 74.78167829357439 156
1738723937413 197.83679597054757 157
1738723937448 332.63245867433005 158
1738723937482 173.8822677146395 159
1738723937517 136.80101207671635 160
1738723937552 120.405243983899 161
1738723937587 213.6500218401925 162
1738723937621 214.13015049169516 163
1738723937655 97.19962189863769 164
1738723937690 161.1342531423002 165
1738723937724 143.95217337888897 166
1738723937758 196.00044711847403 167
1738723937792 195.07033328463658 168
1738723937827 189.46521002980936 169
1738723937861 99.49188760580978 170
1738723937895 139.75939037137084 171
1738723937929 152.08225591801875 172
1738723937963 131.6950803997346 173
1738723937997 147.01177240631313 174
1738723938031 242.35105894957502 175
1738723938065 124.75824185516973 176
1738723938099 222.03024786938443 177
1738723938133 189.3345213904794 178
1738723938167 255.20025968396877 179
1738723938202 236.12315735052417 180
1738723938235 145.9668901971869 181
1738723938269 212.20707520272506 182
1738723938305 129.96535474227403 183
1738723938339 284.3458376251301 184
1738723938374 142.0266223960243 185
1738723938408 146.382272110181 186
1738723938442 240.2953950823162 187
1738723938475 217.29770177150596 188
1738723938510 92.6036381685105 189
1738723938544 280.23802607910693 190
1738723938578 212.8699284630154 191
1738723938612 52.29622366874685 192
1738723938646 252.75594662556313 193
1738723938680 221.30229781536775 194
1738723938714 187.90723044808692 195
1738723938749 77.6494303987851 196
1738723938783 158.87406121310477 197
1738723938817 114.10167746859342 198
1738723938851 166.62207460233427 199
1738723938885 115.4450510136692 200
1738723938919 162.21814611383218 201
1738723938953 143.83151089503247 202
1738723938987 131.78272893529854 203
1738723939021 111.85804346159593 204
1738723939056 230.3674744076708 205
1738723939090 176.85402260648738 206
1738723939125 594.2153482592495 207
1738723939159 174.34885815824862 208
1738723939193 173.32552537103365 209
1738723939228 113.85354105208901 210
1738723939262 199.8113832945374 211
1738723939297 152.8808252444799 212
1738723939332 236.06160362442043 213
1738723939366 148.42459503494598 214
1738723939401 449.1244327130936 215
1738723939435 177.8813055184875 216
1738723939470 156.29200954251797 217
1738723939504 232.10766587084981 218
1738723939539 109.36525710845665 219
1738723939573 132.06722239797818 220
1738723939607 234.26993228670432 221
1738723939640 172.31953851403003 222
1738723939674 126.23721197746036 223
1738723939708 186.2578567404229 224
1738723939742 134.79453048712662 225
1738723939775 156.63818163763338 226
1738723939809 169.62010226519115 227
1738723939843 252.26398577780057 228
1738723939877 237.40353357044776 229
1738723939911 195.28796458642452 230
1738723939945 183.43779200691085 231
1738723939979 232.20468062332236 232
1738723940013 128.34019529674055 233
1738723940048 183.4989474770472 234
1738723940082 143.7086151010064 235
1738723940116 337.7785901826271 236
1738723940150 144.9495969213844 237
1738723940185 131.29130642917912 238
1738723940219 238.72408569019495 239
1738723940253 130.60633458173697 240
1738723940287 239.86843872111848 241
1738723940322 105.23199071281307 242
1738723940357 142.04907780975887 243
1738723940391 197.64756123542625 244
1738723940425 176.63487504945115 245
1738723940459 193.52197654004496 246
1738723940492 124.44705655636969 247
1738723940526 269.9616662108617 248
1738723940560 149.0425623955161 249
1738723940593 88.14540334522384 250
1738723940627 151.7893307791788 251
1738723940660 162.86301000211134 252
1738723940693 101.96422122124095 253
1738723940727 123.16720709864978 254
1738723940760 167.94291226746256 255
1738723940793 148.70858322174513 256
1738723940826 127.32299961773894 257
1738723940859 138.69003499996313 258
1738723940892 186.27541440200483 259
1738723940925 168.91634880275558 260
1738723940958 152.97281382535658 261
1738723940991 185.17781062778465 262
1738723941024 35.73425063055279 263
1738723941057 313.6617189334067 264
1738723941090 87.26523002669313 265
1738723941124 223.4640489838791 266
1738723941157 109.10174944817679 267
1738723941190 177.1989278421631 268
1738723941224 195.419949087911 269
1738723941259 224.67545207426954 270
1738723941293 138.8776510213768 271
1738723941327 191.64275603587657 272
1738723941361 160.914633660618 273
1738723941395 179.17583277984247 274
1738723941429 185.16619072909467 275
1738723941462 177.5301124590457 276
1738723941496 367.40484051930065 277
1738723941529 279.13032471837914 278
1738723941563 166.75417927847127 279
1738723941596 138.20217583955153 280
1738723941629 143.74667845706526 281
1738723941663 131.0572159420516 282
1738723941696 124.34204981398179 283
1738723941729 182.65540661624607 284
1738723941763 130.9802731146237 285
1738723941798 126.88888078542716 286
1738723941832 206.41988429183203 287
1738723941878 174.32692084687673 288
1738723941925 182.24255135024634 289
1738723941972 152.46806188861828 290
1738723942017 109.19151913065285 291
1738723942053 207.4851352283019 292
1738723942088 169.64887483736067 293
1738723942124 237.9643552485721 294
1738723942159 179.18849556391956 295
1738723942194 186.87328551542006 296
1738723942229 155.75584914093352 297
1738723942263 169.2327099065877 298
1738723942297 149.2511778377494 299
1738723942341 133.44339396794192 300
1738723942376 197.6534304569164 301
1738723942411 191.6968876940801 302
1738723942445 163.2507353591875 303
1738723942480 132.4595026031261 304
1738723942514 168.62031861810428 305
1738723942548 383.08578384712484 306
1738723942581 242.84321450393114 307
1738723942615 126.41400761962657 308
1738723942649 115.64882964176077 309
1738723942683 278.92246776582425 310
1738723942717 172.38873766212396 311
1738723942751 201.8988611614655 312
1738723942785 151.54756969008122 313
1738723942819 180.31900917697288 314
1738723942854 206.93227992061864 315
1738723942890 212.8995620610248 316
1738723942926 183.9705030370073 317
1738723942962 155.97013846289772 318
1738723942997 295.8209529189213 319
1738723943032 171.97851035842888 320
1738723943067 151.7619643107591 321
1738723943102 146.5771023888992 322
1738723943137 188.3357740033877 323
1738723943171 184.16484164239847 324
1738723943205 206.7482554054618 325
1738723943240 173.22939706252134 326
1738723943274 207.94484150354623 327
1738723943311 113.15777811108359 328
1738723943346 91.00196556121317 329
1738723943381 121.91912162414098 330
1738723943416 185.7281008959052 331
1738723943450 160.9466121256492 332
1738723943485 204.18585689397617 333
1738723943519 202.89417795925687 334
1738723943553 211.81010614931247 335
1738723943587 207.5881486912654 336
1738723943621 147.75174752992137 337
1738723943656 35.85009432418494 338
1738723943690 137.2912861128009 339
1738723943724 166.03157291365088 340
1738723943758 167.59655767463363 341
1738723943792 75.99828507617016 342
1738723943825 90.97528859104841 343
1738723943859 201.51331811505523 344
1738723943892 211.15635115221033 345
1738723943926 154.52472489683046 346
1738723943959 267.7167019444867 347
1738723943992 112.66306522177355 348
1738723944026 153.38984644880117 349
1738723944059 131.65996216063317 350
1738723944093 198.53871539472058 351
1738723944127 82.55989240871126 352
1738723944162 153.7513966882304 353
1738723944197 109.49483053569783 354
1738723944232 187.68874348480372 355
1738723944267 480.24791679154276 356
1738723944303 166.345337483286 357
1738723944338 81.44299221944074 358
1738723944373 211.34067300618406 359
1738723944409 184.0290161534361 360
1738723944444 162.27330521661554 361
1738723944479 165.6210544001007 362
1738723944514 336.9753402334482 363
1738723944550 129.23192175874456 364
1738723944585 164.54886771278316 365
1738723944620 77.19578031898178 366
1738723944655 212.49154726609274 367
1738723944690 176.1739490109598 368
1738723944725 195.33142276163275 369
1738723944760 206.70770568607642 370
1738723944796 179.19846774944975 371
1738723944830 233.73868026717042 372
1738723944864 111.24696883929906 373
1738723944898 245.91459076564362 374
1738723944933 171.553578771641 375
1738723944967 193.36044611129486 376
1738723945001 115.48798963632214 377
1738723945035 160.96657033583529 378
1738723945069 58.73785212951218 379
1738723945103 83.83982403353393 380
1738723945137 191.96489562106333 381
1738723945171 172.59012472254435 382
1738723945205 164.58610790377827 383
1738723945239 177.55274114058338 384
1738723945273 141.90289270300687 385
1738723945306 315.94626719158 386
1738723945340 147.94064887264457 387
1738723945374 231.1977057133986 388
1738723945408 142.06392394219463 389
1738723945442 122.94496247227069 390
1738723945476 171.37914145498138 391
1738723945510 227.59807327901885 392
1738723945543 182.13719394390307 393
1738723945577 164.63068240508989 394
1738723945610 235.6248734000874 395
1738723945643 154.9771290948931 396
1738723945677 301.4767861809213 397
1738723945710 151.25141553448847 398
1738723945744 172.78075672472497 399
1738723945778 168.57373772683405 400
1738723945811 294.24027153433497 401
1738723945845 171.6099195462887 402
1738723945878 154.0787260119637 403
1738723945912 175.17783189634838 404
1738723945946 219.37086600613569 405
1738723945979 169.39284497893553 406
1738723946013 86.81220200346996 407
1738723946046 322.793537989918 408
1738723946080 285.16019807901694 409
1738723946113 203.71144089712215 410
1738723946147 144.04235469520518 411
1738723946181 207.3203954553488 412
1738723946215 68.68186359767122 413
1738723946249 242.2074549653027 414
1738723946283 84.0868151867674 415
1738723946317 131.7148811243957 416
1738723946351 178.67341358128255 417
1738723946384 194.1317955004421 418
1738723946418 302.7802822645005 419
1738723946452 203.26886182168172 420
1738723946485 125.4321159506027 421
1738723946518 172.99020061365533 422
1738723946552 22.05285577218574 423
1738723946585 208.11340125601316 424
1738723946619 206.66023303598857 425
1738723946652 155.3459983666411 426
1738723946685 149.48583716744102 427
1738723946718 208.1425056783093 428
1738723946752 196.32351465076883 429
1738723946785 127.77951045564089 430
1738723946818 212.9634911742232 431
1738723946851 169.1188024852736 432
1738723946884 87.58003509312869 433
1738723946917 138.48473347699795 434
1738723946950 184.98727204948264 435
1738723946984 181.44225536553253 436
1738723947017 168.6910186878315 437
1738723947050 89.32235904353963 438
1738723947083 220.53217554112902 439
1738723947116 201.27861693066632 440
1738723947149 153.7062211439976 441
1738723947182 134.82551844057824 442
1738723947215 97.4950402244081 443
1738723947251 488.9708619768166 444
1738723947286 111.88335132288063 445
1738723947322 137.83774603052953 446
1738723947356 115.52456307070301 447
1738723947391 139.85639451273326 448
1738723947425 137.5827136938557 449
1738723947459 127.99047492443793 450
1738723947493 219.21749645172758 451
1738723947527 170.71629037200609 452
1738723947561 119.49851048048184 453
1738723947594 205.91378828458784 454
1738723947628 100.66818244369952 455
1738723947661 369.79045399899564 456
1738723947695 287.7336498266564 457
1738723947728 195.74342260587105 458
1738723947762 206.60422273883466 459
1738723947795 177.27010691189645 460
1738723947829 214.3442127885734 461
1738723947862 218.8352781794182 462
1738723947895 137.07767518521786 463
1738723947929 194.02309473782353 464
1738723947962 200.42693722890905 465
1738723947996 67.00659700136995 466
1738723948029 214.53840571324005 467
1738723948064 211.37030602369055 468
1738723948099 245.72437926464303 469
1738723948136 78.0253007295707 470
1738723948171 150.13257130221234 471
1738723948205 222.90238345323587 472
1738723948238 99.74645846938216 473
1738723948272 225.60000938713216 474
1738723948307 219.20425930860262 475
1738723948342 185.25304897484398 476
1738723948376 133.37550670900117 477
1738723948410 199.04825868874104 478
1738723948444 89.82147036697765 479
1738723948477 89.60741503498693 480
1738723948511 149.24743906660473 481
1738723948545 191.92206367150945 482
1738723948579 166.33006424147345 483
1738723948612 189.2941021872115 484
1738723948646 207.19443176609408 485
1738723948680 141.01166778256157 486
1738723948713 173.88130533842403 487
1738723948747 183.1124127054395 488
1738723948780 104.60617030656606 489
1738723948814 188.6287848326947 490
1738723948848 221.11576076920653 491
1738723948882 160.92091513946167 492
1738723948921 251.24548664371096 493
1738723948955 149.162300612027 494
1738723948989 130.26313503454764 495
1738723949023 112.00509943201722 496
1738723949057 170.240754286279 497
1738723949091 103.38235025240134 498
1738723949125 117.25326665492271 499
