1738722271080 149.41356046098755 0
1738722271113 128.26825753145096 1
1738722271146 149.9149221967335 2
1738722271179 71.6201875893456 3
1738722271212 261.5939900777076 4
1738722271246 182.09245525134568 5
1738722271281 164.42909795926963 6
1738722271316 120.4023044289581 7
1738722271351 159.72938733132438 8
1738722271386 83.33587392936248 9
1738722271420 174.5459994571563 10
1738722271453 256.6490154588025 11
1738722271487 135.24962208893183 12
1738722271520 184.7779648140826 13
1738722271553 218.9290021692153 14
1738722271586 194.26614167191673 15
1738722271619 143.15868374602127 16
1738722271652 146.93402891420092 17
1738722271687 69.82982079948108 18
1738722271721 146.56047179019538 19
1738722271755 142.63693788080533 20
1738722271790 31.18801214734104 21
1738722271824 198.96965498271706 22
1738722271857 167.2006891255487 23
1738722271890 182.91776432583197 24
1738722271924 212.30815031244722 25
1738722271957 348.3254112772643 26
1738722271990 174.22101761784307 27
1738722272022 212.83376774161965 28
1738722272055 127.1465977572996 29
1738722272088 144.31121972264998 30
1738722272121 203.55268783130788 31
1738722272154 177.94789304674478 32
1738722272187 146.11299010993397 33
1738722272221 397.6797718077389 34
1738722272255 165.9357094240749 35
1738722272290 191.51717753176666 36
1738722272324 189.36181831551772 37
1738722272358 158.55282443714864 38
1738722272391 160.34791887628515 39
1738722272425 207.63414601595844 40
1738722272458 202.605201766376 41
1738722272491 145.79825148541104 42
1738722272524 210.45539333268775 43
1738722272558 161.1984950855621 44
1738722272591 118.04395869656216 45
1738722272625 175.9141951429096 46
1738722272659 187.5986776106843 47
1738722272692 215.5944758681408 48
1738722272726 191.58958200818668 49
1738722272759 111.0464813256374 50
1738722272792 103.79192908547803 51
1738722272826 206.33884168888812 52
1738722272860 152.6236141674215 53
1738722272895 189.99966815602863 54
1738722272931 133.95585593670333 55
1738722272966 142.1761824692556 56
1738722273016 191.8150485173605 57
1738722273050 171.44556117397357 58
1738722273085 147.2270848931998 59
1738722273123 262.1422117949592 60
1738722273157 112.6117088961747 61
1738722273191 248.3055831788458 62
1738722273225 133.57157936615582 63
1738722273259 182.4778620470169 64
1738722273292 167.00044903313366 65
1738722273326 207.30509290573895 66
1738722273359 288.2701854021628 67
1738722273392 174.33889317105013 68
1738722273425 166.93655143000976 69
1738722273458 148.4815069386274 70
1738722273491 76.523231262053 71
1738722273524 130.7463220985983 72
1738722273557 156.9218806783391 73
1738722273591 172.75517350968224 74
1738722273636 207.9210768309848 75
1738722273682 162.0595505357316 76
1738722273716 82.08571664409887 77
1738722273750 200.87023600502178 78
1738722273784 104.96275900632996 79
1738722273818 116.90745672722676 80
1738722273852 126.22445353459852 81
1738722273886 214.10053935567575 82
1738722273920 84.01707291466977 83
1738722273953 150.65177667227422 84
1738722273988 109.60401169006425 85
1738722274021 177.5774882563931 86
1738722274055 202.86907781918976 87
1738722274088 151.6151460308309 88
1738722274121 185.43919486259855 89
1738722274154 257.7840563328209 90
1738722274187 194.79836534901852 91
1738722274220 294.0334527056785 92
1738722274253 121.14166976998236 93
1738722274287 116.19778537656006 94
1738722274320 255.670275427053 95
1738722274354 167.78717398935188 96
1738722274387 189.91327343135868 97
1738722274420 217.25377428152638 98
1738722274453 221.3436625725842 99
1738722274486 139.5918886494431 100
1738722274519 124.36770879130644 101
1738722274552 107.68344188873128 102
1738722274586 163.32870023413133 103
1738722274624 160.4315515957497 104
1738722274658 116.08212435025507 105
1738722274692 211.15706222466676 106
1738722274726 241.04638705525196 107
1738722274759 139.19470124415835 108
1738722274792 236.15707193502183 109
1738722274825 186.01789712661102 110
1738722274858 268.5034163280359 111
1738722274892 160.10288481372007 112
1738722274925 132.71310615808426 113
1738722274958 159.54369955582237 114
1738722274991 226.7619267871096 115
1738722275024 197.60589724521745 116
1738722275058 183.95899923834762 117
1738722275093 208.97045125940517 118
1738722275127 137.2038860928062 119
1738722275161 241.76798883579497 120
1738722275195 198.0094857929474 121
1738722275228 158.865952745034 122
1738722275262 113.43322657737431 123
1738722275298 108.80555178941303 124
1738722275362 106.36265433802112 125
1738722275400 137.0188720798421 126
1738722275437 172.18878359866753 127
1738722275481 177.43969845140722 128
1738722275516 102.3823679010835 129
1738722275552 129.50733901819572 130
1738722275586 191.92938124159747 131
1738722275621 131.7958637543279 132
1738722275660 227.14461743214844 133
1738722275695 215.2124756469226 134
1738722275729 165.054975893404 135
1738722275763 223.6241423957376 136
1738722275798 114.64975815292951 137
1738722275832 174.34463348458044 138
1738722275866 178.016201736863 139
1738722275900 232.5414155002461 140
1738722275933 178.68942456067398 141
1738722275966 248.70177600488668 142
1738722276006 230.6076159885599 143
1738722276042 134.1478364740896 144
1738722276075 196.31024489482016 145
1738722276109 53.928134116349895 146
1738722276143 528.6670284356475 147
1738722276178 195.57460721785017 148
1738722276215 201.47341105566267 149
1738722276250 141.5623800579005 150
1738722276326 151.46514201029572 151
1738722276370 131.97034250436147 152
1738722276406 175.2010136765819 153
1738722276441 182.81497589928512 154
1738722276475 152.2693637043535 155
1738722276509 136.20584651308644 156
1738722276542 181.76282960983318 157
1738722276576 193.33094455270563 158
1738722276609 274.83693460281216 159
1738722276642 52.64943411099316 160
1738722276676 136.74594904619832 161
1738722276709 136.97066422115495 162
1738722276742 269.44338021816384 163
1738722276775 331.11720423230537 164
1738722276807 134.8085522237074 165
1738722276840 145.57848847447795 166
1738722276873 218.113571087961 167
1738722276906 11.561991915036458 168
1738722276939 211.73784727173694 169
1738722276971 109.6291611589126 170
1738722277004 161.91105940254636 171
1738722277037 153.6381732103444 172
1738722277069 159.7447960405893 173
1738722277102 262.694154897781 174
1738722277135 133.39131066232403 175
1738722277167 96.69401792505298 176
1738722277200 152.52837023136425 177
1738722277233 191.594241582726 178
1738722277266 154.34519999026912 179
1738722277300 209.66207281743772 180
1738722277335 292.182898066262 181
1738722277369 131.4055044504511 182
1738722277404 201.9040274675797 183
1738722277438 100.0757959610545 184
1738722277473 162.38785040643117 185
1738722277508 156.07450160222845 186
1738722277543 188.15042265031983 187
1738722277578 138.83317503091158 188
1738722277612 140.442416996069 189
1738722277646 203.59959408138334 190
1738722277681 195.8472043039405 191
1738722277715 173.70539290964004 192
1738722277748 197.66465966997706 193
1738722277782 138.4644384018408 194
1738722277816 207.57258253250745 195
1738722277852 196.81449294556924 196
1738722277887 145.20737429348014 197
1738722277921 161.4321053899074 198
1738722277955 314.80427586248 199
1738722277989 181.3085052987589 200
1738722278024 94.6371255698763 201
1738722278059 203.14108117667658 202
1738722278093 137.50211496423552 203
1738722278126 242.31792378318565 204
1738722278160 127.55769996757132 205
1738722278193 240.25172577253173 206
1738722278227 248.5503648267329 207
1738722278261 209.72408901310462 208
1738722278295 83.82399638931963 209
1738722278330 214.9324869243528 210
1738722278364 203.04906556866777 211
1738722278398 179.87602450160676 212
1738722278435 274.30138108155165 213
1738722278471 153.67700508668773 214
1738722278507 246.65362443207897 215
1738722278544 96.88983091160118 216
1738722278580 201.2389923206883 217
1738722278615 73.86395147809073 218
1738722278649 188.92585309830127 219
1738722278684 99.67404926352289 220
1738722278719 187.46473260493107 221
1738722278753 87.76605884494724 222
1738722278786 425.79516040238184 223
1738722278819 129.0274053319207 224
1738722278853 139.87856283142253 225
1738722278887 185.19523156728334 226
1738722278920 122.5878721855043 227
1738722278954 190.1176124637257 228
1738722278987 156.52397140793357 229
1738722279020 141.5007025490886 230
1738722279054 148.50839313781407 231
1738722279088 172.77824042526544 232
1738722279121 214.24442091014993 233
1738722279154 186.9491431030401 234
1738722279188 42.27927620003258 235
1738722279221 230.7807198997641 236
1738722279254 82.54049390181626 237
1738722279288 130.312619079416 238
1738722279321 154.11168637383616 239
1738722279355 194.74323432072825 240
1738722279388 146.16130896815764 241
1738722279423 230.67439131182132 242
1738722279456 190.03325643477518 243
1738722279490 164.10072514613344 244
1738722279524 135.4595288922893 245
1738722279557 193.96884702464996 246
1738722279590 204.1855612461186 247
1738722279623 155.6109899104752 248
1738722279657 155.31046168979697 249
1738722279691 147.50346744485316 250
1738722279725 174.33562009768772 251
1738722279759 181.86124894410278 252
1738722279792 145.58691897274454 253
1738722279825 144.78038370385573 254
1738722279859 205.4120616587148 255
1738722279892 138.54367006010312 256
1738722279927 198.72270374592392 257
1738722279960 209.27640036510266 258
1738722279994 174.57225060520435 259
1738722280027 117.49711393624331 260
1738722280060 200.1898514863794 261
1738722280094 128.1424566740091 262
1738722280127 138.70144014425503 263
1738722280161 104.0958083625326 264
1738722280194 150.73238492128385 265
1738722280227 144.9228703813333 266
1738722280260 125.55206864480579 267
1738722280294 366.9170162971546 268
1738722280327 219.2669875266524 269
1738722280360 167.461600437845 270
1738722280392 194.4452660011166 271
1738722280425 160.8832568033242 272
1738722280458 173.2838158986826 273
1738722280491 150.3716609526321 274
1738722280523 149.00913170972225 275
1738722280556 174.25783896005035 276
1738722280589 201.93719561327364 277
1738722280621 178.35141427552742 278
1738722280654 198.56516574356192 279
1738722280687 234.3981157950375 280
1738722280719 238.02625309673405 281
1738722280752 130.6242026184568 282
1738722280785 114.62923207709761 283
1738722280817 176.82320970210867 284
1738722280850 147.53110391905994 285
1738722280884 302.45385177674035 286
1738722280917 110.92946582162399 287
1738722280951 188.7110865342188 288
1738722280984 195.06867496076393 289
1738722281018 217.0567499980947 290
1738722281051 121.7358779576342 291
1738722281084 227.5504756174748 292
1738722281117 130.5889925212581 293
1738722281150 171.2297579741049 294
1738722281183 172.2234075382477 295
1738722281216 110.85036448637143 296
1738722281249 124.04345157628408 297
1738722281282 178.8860545297155 298
1738722281315 70.19799601279688 299
1738722281348 172.05034593281226 300
1738722281382 170.5294766994727 301
1738722281415 193.99856630767147 302
1738722281448 171.56776403126366 303
1738722281481 83.46486770580114 304
1738722281514 327.0508824550109 305
1738722281547 215.38944995301955 306
1738722281580 170.51276338929793 307
1738722281614 102.43314404535411 308
1738722281646 167.77677247157672 309
1738722281679 172.0921146092601 310
1738722281712 164.23758862487125 311
1738722281745 163.77599319727162 312
1738722281778 183.59715208934674 313
1738722281811 271.1186206836215 314
1738722281844 138.85167430120867 315
1738722281892 174.43685014436963 316
1738722281930 87.49259481636959 317
1738722281963 215.73451285308047 318
1738722281996 132.1401486421343 319
1738722282029 291.4631750776919 320
1738722282062 178.55554134628667 321
1738722282095 148.8275063038563 322
1738722282128 177.790547420978 323
1738722282162 135.16059924429925 324
1738722282195 110.09215636385433 325
1738722282227 124.66379670866237 326
1738722282260 199.34326144188924 327
1738722282293 152.68601224813875 328
1738722282326 214.8419371188912 329
1738722282358 175.73013542681934 330
1738722282391 143.86532981554413 331
1738722282424 95.22339487672816 332
1738722282456 147.25077108328492 333
1738722282489 144.97936593681007 334
1738722282522 206.23840848066402 335
1738722282554 176.1098770923284 336
1738722282587 192.74942077055675 337
1738722282619 204.0407774613741 338
1738722282652 163.9635710976213 339
1738722282685 226.36310800814798 340
1738722282717 200.2709881450599 341
1738722282750 201.95514248645532 342
1738722282783 181.80234153798975 343
1738722282817 186.18427440898674 344
1738722282850 229.8288641392903 345
1738722282883 212.16880009969046 346
1738722282915 250.7587243907714 347
1738722282948 135.01258736864608 348
1738722282981 346.90619769470686 349
1738722283014 204.0505772496696 350
1738722283047 215.19788746341732 351
1738722283079 130.8819455436209 352
1738722283112 222.2783580227663 353
1738722283145 251.98428926735855 354
1738722283178 167.77281973095478 355
1738722283210 176.8250427566347 356
1738722283243 75.44781410972668 357
1738722283276 89.76796911010803 358
1738722283311 189.815832274426 359
1738722283345 178.785376351449 360
1738722283378 209.24394652850452 361
1738722283412 227.64593999524746 362
1738722283445 183.03748410168012 363
1738722283479 121.48937192788102 364
1738722283512 298.56769084525183 365
1738722283545 255.47541158406455 366
1738722283579 208.54765746726173 367
1738722283612 35.67121757202771 368
1738722283645 113.1679434256268 369
1738722283679 202.73199095429717 370
1738722283712 184.7839995908141 371
1738722283747 141.27840779519948 372
1738722283781 423.6591853401147 373
1738722283815 181.44861109229385 374
1738722283849 57.304231674122065 375
1738722283884 126.90660509519734 376
1738722283917 171.99063229117328 377
1738722283950 208.5269644115404 378
1738722283983 259.2302469840164 379
1738722284015 150.04663136987642 380
1738722284048 171.54360643453248 381
1738722284081 190.5676995765653 382
1738722284113 174.1809084406119 383
1738722284146 172.65248160472927 384
1738722284179 148.57532213760098 385
1738722284212 212.66103272624474 386
1738722284245 163.46108926921147 387
1738722284278 136.91098030763476 388
1738722284310 164.8512977810664 389
1738722284343 193.70730754876237 390
1738722284375 164.28419363313307 391
1738722284408 159.08068613371907 392
1738722284441 108.4189081322222 393
1738722284473 153.03306230307436 394
1738722284505 178.23244983053573 395
1738722284538 126.35210060597912 396
1738722284571 150.78951621708882 397
1738722284603 138.76230388785063 398
1738722284635 118.51952425323488 399
1738722284671 174.48334765031683 400
1738722284704 141.6037065882875 401
1738722284737 127.35179768716517 402
1738722284771 263.08821742173166 403
1738722284804 209.45279217684742 404
1738722284837 214.1533349668658 405
1738722284870 208.39150407976723 406
1738722284903 138.1920597891762 407
1738722284936 147.89486678557566 408
1738722284969 199.15023709590452 409
1738722285002 169.91387234879912 410
1738722285035 231.27091058239841 411
1738722285068 100.38873252822381 412
1738722285101 195.5394572085448 413
1738722285134 157.54147949352725 414
1738722285169 166.5979020381755 415
1738722285202 254.82447245170732 416
1738722285235 62.794082430779696 417
1738722285268 208.92645923891945 418
1738722285302 215.4684675921916 419
1738722285335 182.3412524779742 420
1738722285368 177.34411684581806 421
1738722285401 84.55881830641293 422
1738722285434 130.56313110327878 423
1738722285467 161.26129905518292 424
1738722285500 102.07645525854355 425
1738722285533 203.00410851797608 426
1738722285566 112.89387663906757 427
1738722285599 178.27745749541631 428
1738722285632 135.525064320811 429
1738722285665 204.75945339151795 430
1738722285697 145.73518275477477 431
1738722285730 260.54951313747307 432
1738722285763 154.89822531341204 433
1738722285796 146.2742992222264 434
1738722285829 217.06058904471874 435
1738722285862 234.48188199916217 436
1738722285894 134.06801257150173 437
1738722285927 143.95594047945315 438
1738722285960 146.27531189274418 439
1738722285994 177.5528562532741 440
1738722286028 155.6287007913644 441
1738722286062 113.51655468981812 442
1738722286095 314.6004082169906 443
1738722286129 82.52421481797292 444
1738722286162 172.1820394960219 445
1738722286195 147.1627916037743 446
1738722286228 363.27067520825995 447
1738722286262 171.72441678658018 448
1738722286295 169.18320728584402 449
1738722286328 143.4975341618277 450
1738722286362 155.2687224178939 451
1738722286395 170.53322877987122 452
1738722286428 205.81354277598106 453
1738722286461 127.87528517877637 454
1738722286495 167.6881592725648 455
1738722286528 217.7286437188315 456
1738722286561 139.31023294303574 457
1738722286594 93.88739533588472 458
1738722286627 224.58938137649082 459
1738722286660 191.94141081495528 460
1738722286693 87.68099464891384 461
1738722286726 108.53344152813958 462
1738722286759 205.94654439157003 463
1738722286791 234.48643425469288 464
1738722286824 125.09454280890786 465
1738722286857 116.38689383235965 466
1738722286890 339.59258878856343 467
1738722286923 113.70155364433813 468
1738722286956 167.1894422015369 469
1738722286988 148.56310978602878 470
1738722287021 163.24426802563724 471
1738722287054 213.75624276229493 472
1738722287087 196.98500322958526 473
1738722287119 106.7207451655854 474
1738722287152 117.79089977855413 475
1738722287185 159.5057657718296 476
1738722287217 86.48100849364351 477
1738722287250 215.68620915701067 478
1738722287282 166.20821248754035 479
1738722287315 208.26424341849318 480
1738722287347 80.56988533921574 481
1738722287380 214.96357264658562 482
1738722287413 205.70077630804502 483
1738722287445 225.108321410128 484
1738722287477 197.00949503288803 485
1738722287510 158.37104673377618 486
1738722287542 105.83141622190449 487
1738722287575 168.7378292645094 488
1738722287607 212.07553341452316 489
1738722287639 201.61609521050724 490
1738722287672 177.83616197526533 491
1738722287704 180.46867022915583 492
1738722287736 145.82732128397265 493
1738722287769 123.09881902163872 494
1738722287801 172.34983419800787 495
1738722287833 88.79702718187373 496
1738722287866 93.65332378040107 497
1738722287898 118.70651192038802 498
1738722287931 52.69648117873295 499
