1738722872701 160.8159394783648 0
1738722872734 158.04261443403396 1
1738722872767 188.036365600658 2
1738722872800 154.8830833128748 3
1738722872834 180.23099781600754 4
1738722872869 156.17425159604252 5
1738722872903 161.43417208562013 6
1738722872938 169.91031628823433 7
1738722872972 159.2833079503264 8
1738722873005 161.45895366471868 9
1738722873038 168.08906895818188 10
1738722873072 151.59655996948618 11
1738722873105 170.56288554627957 12
1738722873138 152.2199038430219 13
1738722873172 153.33665806222007 14
1738722873205 173.19908069618384 15
1738722873239 178.14419073613783 16
1738722873272 178.01974384361455 17
1738722873305 175.89129466449572 18
1738722873338 157.26357671421349 19
1738722873371 171.08895618815444 20
1738722873405 180.7537922736795 21
1738722873438 163.0976315858702 22
1738722873471 139.0192729518034 23
1738722873504 177.32523519020776 24
1738722873536 158.1257274888401 25
1738722873569 176.7531906939917 26
1738722873602 160.51533651000747 27
1738722873635 162.66030963471178 28
1738722873668 188.97231676984507 29
1738722873701 201.69785610007352 30
1738722873733 170.9656758466501 31
1738722873766 187.77208278802425 32
1738722873798 175.85977325942838 33
1738722873830 166.32424606859993 34
1738722873862 171.87067355690908 35
1738722873895 155.28591109017324 36
1738722873929 148.26828522785175 37
1738722873961 158.4626669306627 38
1738722873994 156.23170875420607 39
1738722874026 172.26234775757075 40
1738722874059 128.6878175595521 41
1738722874091 165.01217242495355 42
1738722874123 156.52271750221803 43
1738722874156 155.36207821589346 44
1738722874188 172.41059586194731 45
1738722874221 161.70277376712448 46
1738722874253 168.89772581950504 47
1738722874285 162.04625922519355 48
1738722874317 174.87562502253144 49
1738722874348 152.0861836341269 50
1738722874380 181.44072705704 51
1738722874412 170.57532878156542 52
1738722874443 153.8381273900582 53
1738722874475 162.64897146193059 54
1738722874506 163.49130711000353 55
1738722874538 178.63721814405704 56
1738722874569 171.01543873113303 57
1738722874601 174.85109956832721 58
1738722874632 144.80766992450185 59
1738722874663 180.1473622995436 60
1738722874694 154.08750561062465 61
1738722874726 147.71315282166944 62
1738722874759 160.71348253539702 63
1738722874792 120.91347687546288 64
1738722874825 168.93495406955688 65
1738722874857 175.88513457315378 66
1738722874891 162.664604617049 67
1738722874924 218.27029636865063 68
1738722874957 176.34948841660997 69
1738722874989 162.5183180162285 70
1738722875022 181.4294026656022 71
1738722875055 174.18550942059267 72
1738722875087 146.57743356536736 73
1738722875119 168.12888224192994 74
1738722875151 166.91300780974063 75
1738722875183 168.89257976719514 76
1738722875215 142.8609129793216 77
1738722875248 155.49968804097014 78
1738722875279 170.11665574509274 79
1738722875311 193.04883706262095 80
1738722875343 165.71223752102475 81
1738722875375 147.4397745862979 82
1738722875406 149.61483447199154 83
1738722875438 173.35365922603188 84
1738722875469 176.10170230696423 85
1738722875501 180.10762130404513 86
1738722875532 190.93036316045158 87
1738722875564 168.83035223331754 88
1738722875595 162.67439297886648 89
1738722875626 166.37308069965724 90
1738722875658 148.36943493312984 91
1738722875689 161.14836055414182 92
1738722875721 161.36647517744763 93
1738722875752 162.0432258602206 94
1738722875783 149.35716597369324 95
1738722875815 154.26057375219727 96
1738722875846 164.14974488616144 97
1738722875878 168.0253080011296 98
1738722875911 190.94851982797434 99
1738722875944 183.71715755762062 100
1738722875977 185.3342684734913 101
1738722876010 163.8100207115972 102
1738722876044 145.16678525737402 103
1738722876077 149.218753548693 104
1738722876110 176.32589943400546 105
1738722876143 227.38639220629736 106
1738722876177 143.19193243787845 107
1738722876211 180.27102059983216 108
1738722876243 148.47688598664286 109
1738722876275 151.1672029589557 110
1738722876307 162.34242861104966 111
1738722876342 189.70882905700003 112
1738722876376 166.73440834793044 113
1738722876410 150.80010163497457 114
1738722876444 167.4466420707751 115
1738722876477 169.80499483669658 116
1738722876510 174.79596407732038 117
1738722876542 161.246427378221 118
1738722876574 154.86172514327757 119
1738722876607 178.0642896242653 120
1738722876639 152.21121523120357 121
1738722876671 176.2201896757678 122
1738722876702 182.2712557331799 123
1738722876734 187.34205483544505 124
1738722876766 120.79751912039657 125
1738722876798 177.09951980345514 126
1738722876830 160.51155227641007 127
1738722876861 154.3900766203918 128
1738722876893 154.74848992873584 129
1738722876925 179.89865174301715 130
1738722876956 163.1479968001894 131
1738722876988 161.75531285846932 132
1738722877020 187.20400829006653 133
1738722877052 179.47633964921388 134
1738722877084 175.56928942138 135
1738722877116 154.72379267261616 136
1738722877147 160.68139512357521 137
1738722877179 156.27097075513495 138
1738722877210 170.82417684156968 139
1738722877242 153.58902091930776 140
1738722877273 162.8583216433591 141
1738722877305 172.6449106341239 142
1738722877336 187.43622537386852 143
1738722877368 171.10435664912666 144
1738722877399 202.39019713556556 145
1738722877430 157.3867901680702 146
1738722877462 191.68105186528413 147
1738722877493 151.8425090476551 148
1738722877525 206.51705624838485 149
1738722877558 178.64733348568328 150
1738722877592 173.76391506790887 151
1738722877625 182.5017888874379 152
1738722877659 177.04376257490253 153
1738722877693 168.3842676429992 154
1738722877726 185.77810687461917 155
1738722877759 143.4071344701042 156
1738722877793 212.60527253963303 157
1738722877827 149.71959864207182 158
1738722877860 178.24354897437925 159
1738722877893 169.01872029147845 160
1738722877926 159.65590197190355 161
1738722877960 151.53444076503402 162
1738722877994 153.7609471727382 163
1738722878028 173.66322746639975 164
1738722878062 173.1536858868912 165
1738722878095 157.82268092626657 166
1738722878129 171.75444443185222 167
1738722878164 178.62139638163632 168
1738722878198 134.9792865301168 169
1738722878232 187.64716506432777 170
1738722878265 180.71026837741053 171
1738722878299 179.4561635481647 172
1738722878333 152.70878454136567 173
1738722878366 167.9553364690075 174
1738722878400 174.32712938712132 175
1738722878433 168.98891938014592 176
1738722878465 142.99439151960576 177
1738722878498 158.67660335335668 178
1738722878531 165.16334860890478 179
1738722878563 159.59046956089477 180
1738722878595 152.01457491168372 181
1738722878626 183.74719155753573 182
1738722878657 185.6155828995645 183
1738722878688 174.05567581287272 184
1738722878720 154.2677271936735 185
1738722878752 171.45896214740668 186
1738722878807 181.41493575235012 187
1738722878839 143.25791743611344 188
1738722878872 200.0394553490916 189
1738722878904 160.09875523429216 190
1738722878936 177.88924422387055 191
1738722878968 164.48221704203377 192
1738722879000 186.61969213807168 193
1738722879032 180.11167324586268 194
1738722879063 160.51882873796154 195
1738722879095 172.2842948636168 196
1738722879127 187.0582871522834 197
1738722879159 158.4718663834075 198
1738722879190 197.68724344236702 199
1738722879222 163.10384881273905 200
1738722879254 213.87031824458433 201
1738722879286 175.01099520207777 202
1738722879318 191.8755045047102 203
1738722879351 161.86086961652418 204
1738722879384 172.9045283871086 205
1738722879417 199.92998738461142 206
1738722879450 165.85863012779706 207
1738722879484 177.674621183152 208
1738722879518 178.12301780276704 209
1738722879551 174.85795277486437 210
1738722879585 185.76862168523544 211
1738722879619 179.01499304751505 212
1738722879652 161.96135530100952 213
1738722879685 204.5850103565986 214
1738722879717 131.78309076955833 215
1738722879750 177.07990481008963 216
1738722879784 171.6747252763764 217
1738722879817 132.7567373850374 218
1738722879850 177.07706724010828 219
1738722879884 177.52630790548818 220
1738722879918 164.2771189839679 221
1738722879952 153.7779671620947 222
1738722879985 170.23523020452376 223
1738722880019 146.82530258540558 224
1738722880052 165.71081541738934 225
1738722880085 185.4198126673026 226
1738722880119 151.27270831809673 227
1738722880151 152.98690896509996 228
1738722880184 163.83191475596777 229
1738722880215 185.11339489169353 230
1738722880247 131.580377506464 231
1738722880279 165.60973792095987 232
1738722880311 202.4963165942909 233
1738722880344 184.1243762733734 234
1738722880375 154.4209574919556 235
1738722880407 146.3393166881322 236
1738722880439 173.56831145223427 237
1738722880471 194.31494902425584 238
1738722880503 178.25000254137314 239
1738722880535 184.33085704540966 240
1738722880567 174.9559271159392 241
1738722880598 225.4621928288198 242
1738722880630 173.09286886626782 243
1738722880662 156.84256566496038 244
1738722880693 172.31599718925835 245
1738722880725 149.50328963562643 246
1738722880757 167.4555883258302 247
1738722880788 190.0576902821827 248
1738722880820 180.3434841130402 249
1738722880851 167.94257359075723 250
1738722880883 153.9092546764983 251
1738722880914 168.16061740189875 252
1738722880946 156.53921252444607 253
1738722880977 198.03773318164423 254
1738722881009 167.84397920787515 255
1738722881040 178.89816939503802 256
1738722881072 178.85921019461378 257
1738722881103 181.0288442100609 258
1738722881135 181.2512752421652 259
1738722881167 151.69448270380488 260
1738722881199 184.00536280594218 261
1738722881231 188.4412978383169 262
1738722881262 166.0975375459933 263
1738722881294 185.26928096542602 264
1738722881325 178.45744984380264 265
1738722881357 179.29465404868262 266
1738722881388 191.98741695288481 267
1738722881419 203.61796161551172 268
1738722881451 228.5701542183735 269
1738722881482 169.7413152568256 270
1738722881514 165.50785303149948 271
1738722881546 201.30881034039783 272
1738722881578 170.31473710870293 273
1738722881609 170.276253425961 274
1738722881641 176.25794391166932 275
1738722881673 165.15942135462302 276
1738722881704 162.75101077515717 277
1738722881736 169.1217123066307 278
1738722881767 127.2525301143896 279
1738722881799 181.51242041357705 280
1738722881831 180.7977752696667 281
1738722881862 181.3948777701597 282
1738722881894 182.9715028986147 283
1738722881925 170.1855485727676 284
1738722881957 188.9825071472563 285
1738722881988 189.15062816850977 286
1738722882020 171.63938827358868 287
1738722882051 162.1677126511445 288
1738722882083 147.35521039165533 289
1738722882114 166.7036157566463 290
1738722882145 152.5399306418155 291
1738722882177 177.32411275040016 292
1738722882209 201.5661564134947 293
1738722882241 150.73470632747257 294
1738722882274 172.81389636076702 295
1738722882308 166.59591805653744 296
1738722882341 162.36342901026057 297
1738722882376 178.24831524950855 298
1738722882410 166.2302819254644 299
1738722882443 159.08826200308408 300
1738722882476 142.64256775996358 301
1738722882510 137.50184576572096 302
1738722882543 199.63966751262777 303
1738722882577 168.15259725648988 304
1738722882611 168.5572009304828 305
1738722882645 181.607827465847 306
1738722882677 151.13411770331257 307
1738722882710 177.73439865671122 308
1738722882742 205.1726345571315 309
1738722882774 159.53422075852737 310
1738722882806 159.2009888746278 311
1738722882839 149.31957220330727 312
1738722882871 164.27613198389983 313
1738722882903 146.40780279107213 314
1738722882935 160.77155464291195 315
1738722882967 185.48818348899704 316
1738722882999 172.2303279159978 317
1738722883031 156.35652617515942 318
1738722883063 173.17387970214787 319
1738722883095 178.01391885045282 320
1738722883126 186.3562638142531 321
1738722883158 165.993235213465 322
1738722883190 158.76323716597238 323
1738722883222 182.28035518966269 324
1738722883253 199.11644000437983 325
1738722883285 187.8103601968709 326
1738722883317 173.49619088617783 327
1738722883351 156.34761164923177 328
1738722883388 130.54809080579608 329
1738722883422 161.28809987749395 330
1738722883456 155.79283348993167 331
1738722883489 145.07282961309798 332
1738722883523 157.04019703486497 333
1738722883557 175.93154355993073 334
1738722883590 157.0500795878004 335
1738722883624 170.26653029280303 336
1738722883657 178.2119583638564 337
1738722883693 159.4757073421294 338
1738722883727 187.0126018629483 339
1738722883761 181.97791225634887 340
1738722883795 176.33676418630958 341
1738722883829 167.83744795603587 342
1738722883864 173.95228314423068 343
1738722883897 151.90036443755497 344
1738722883930 178.9920346934264 345
1738722883965 170.44127057105888 346
1738722883998 179.3234685882479 347
1738722884032 185.7990902377958 348
1738722884066 175.13867500226303 349
1738722884099 216.89778880245217 350
1738722884131 166.85582411377325 351
1738722884163 182.24042183221394 352
1738722884194 148.377143663845 353
1738722884226 150.95044354308962 354
1738722884258 164.69792404958963 355
1738722884290 127.77957370614625 356
1738722884329 191.99857504051056 357
1738722884361 172.16551564875377 358
1738722884393 171.91644870650535 359
1738722884425 161.54768572027388 360
1738722884457 171.84343629729085 361
1738722884488 170.4507772519966 362
1738722884520 161.88733799752703 363
1738722884551 171.24323237313791 364
1738722884583 140.18456958795846 365
1738722884614 163.46235285303217 366
1738722884646 162.2404695877143 367
1738722884677 173.1920843666726 368
1738722884709 181.30431060657187 369
1738722884740 148.4085468186676 370
1738722884771 189.16071227732152 371
1738722884803 171.4934098788479 372
1738722884834 179.92969124938293 373
1738722884865 148.27634606474007 374
1738722884896 180.47565852829896 375
1738722884928 173.59145496381987 376
1738722884959 176.2012149316717 377
1738722884990 170.65302999198548 378
1738722885022 172.8768796988096 379
1738722885053 176.65971558632128 380
1738722885084 183.98653386920608 381
1738722885115 165.36660437188047 382
1738722885147 140.29342296144512 383
1738722885178 158.55602227700544 384
1738722885209 183.93974128320008 385
1738722885240 151.39495876249626 386
1738722885272 154.05253369740456 387
1738722885303 178.4783782354611 388
1738722885334 166.18492760134737 389
1738722885365 159.25399767789614 390
1738722885396 188.67503043476935 391
1738722885427 169.22701198103698 392
1738722885459 171.0282116754292 393
1738722885490 173.65540296431698 394
1738722885521 180.86512983303925 395
1738722885552 169.59631098916975 396
1738722885583 163.09858455833435 397
1738722885614 176.6667981655798 398
1738722885645 149.32973241540583 399
1738722885676 157.58596613311082 400
1738722885707 148.50328856482108 401
1738722885738 173.41758295915525 402
1738722885769 174.4786047507808 403
1738722885800 175.62428043098873 404
1738722885831 185.0436205641349 405
1738722885862 166.23989415722883 406
1738722885894 172.23999752781808 407
1738722885925 165.9851974389614 408
1738722885956 172.44779932892175 409
1738722885986 176.02186964827828 410
1738722886018 163.83959688560665 411
1738722886049 145.34272805859672 412
1738722886079 191.78178051455623 413
1738722886110 177.54306139762815 414
1738722886142 165.8100512562076 415
1738722886173 162.97548185866444 416
1738722886203 172.86656302313747 417
1738722886234 179.11301385845604 418
1738722886265 131.16743419055672 419
1738722886296 175.24145254329414 420
1738722886327 161.965520286032 421
1738722886358 182.54196793560172 422
1738722886390 129.31310573242453 423
1738722886420 156.54802384895945 424
1738722886451 151.81817152076204 425
1738722886482 180.91626908478477 426
1738722886514 162.7396912969118 427
1738722886545 180.23432875044324 428
1738722886575 180.9411306934044 429
1738722886606 167.37373649814765 430
1738722886637 170.1009776266418 431
1738722886668 180.5046277273055 432
1738722886699 239.72556876290045 433
1738722886730 178.3507675009876 434
1738722886761 184.29195470011658 435
1738722886792 165.07629782304 436
1738722886823 182.95903971005436 437
1738722886853 151.54890200312923 438
1738722886884 176.03819016091634 439
1738722886915 191.65906277789938 440
1738722886946 196.8920749584618 441
1738722886978 149.7317747876202 442
1738722887010 140.2900467202318 443
1738722887042 163.43236641092705 444
1738722887075 188.38658528495756 445
1738722887107 154.54044172838275 446
1738722887139 163.96883695290026 447
1738722887170 162.40001675853165 448
1738722887202 165.7691219477491 449
1738722887234 163.99481643433916 450
1738722887266 149.0927977209204 451
1738722887298 151.22460891894772 452
1738722887330 156.66239627592608 453
1738722887362 173.9249982205943 454
1738722887394 172.77360858636132 455
1738722887425 144.41638525136545 456
1738722887457 189.68673326248924 457
1738722887488 168.9207553438184 458
1738722887520 215.41777702535842 459
1738722887551 169.43682518941796 460
1738722887583 163.2231422108081 461
1738722887614 203.09932753120052 462
1738722887646 156.16530928068536 463
1738722887677 181.16074296272055 464
1738722887709 141.9687919380433 465
1738722887740 175.5191422670338 466
1738722887772 177.49637298562365 467
1738722887803 202.78480815237015 468
1738722887834 165.9739282400487 469
1738722887865 149.95249843233265 470
1738722887896 175.5454153684186 471
1738722887928 173.93439648314865 472
1738722887959 146.01156793658285 473
1738722887990 161.12156262656737 474
1738722888021 154.64814673242475 475
1738722888052 163.5292534672847 476
1738722888083 165.53993028164925 477
1738722888115 177.63867556959104 478
1738722888146 197.08024014402363 479
1738722888177 161.8106931440448 480
1738722888208 127.62079222634664 481
1738722888239 168.3421825742296 482
1738722888270 176.7831081011543 483
1738722888301 176.9512206705874 484
1738722888332 173.87911504285975 485
1738722888363 171.68064841928086 486
1738722888395 186.99601908919288 487
1738722888426 191.2691259664256 488
1738722888457 165.4840752306637 489
1738722888488 160.72934412460933 490
1738722888520 179.72091917256336 491
1738722888553 173.26868789906695 492
1738722888585 162.12859881667316 493
1738722888616 193.41475509825815 494
1738722888649 134.29234374076162 495
1738722888682 169.19209665408746 496
1738722888715 200.70557368556777 497
1738722888748 178.97329517974495 498
1738722888781 156.52790787350955 499
