1738723688641 169.67873380291994 0
1738723688643 169.63255608553527 1
1738723688645 169.5884031848683 2
1738723688647 169.5461834789356 3
1738723688649 169.50580952952168 4
1738723688651 169.46719789085475 5
1738723688653 169.4302689270318 6
1738723688655 169.3979185573927 7
1738723688657 169.3669076488152 8
1738723688658 169.33717732911813 9
1738723688660 169.30867137671913 10
1738723688662 169.281336100273 11
1738723688664 169.2551202237952 12
1738723688666 169.22997477701858 13
1738723688668 169.20585299074608 14
1738723688670 169.18271019697 15
1738723688671 169.16050373354133 16
1738723688673 169.13919285318116 17
1738723688675 169.11873863663578 18
