1738724536921 173.0974219228868 0
1738724536960 164.97227489075547 1
1738724536999 179.20162140493431 2
1738724537038 167.5998088786367 3
1738724537077 151.8874083415414 4
1738724537116 176.26270857740002 5
1738724537154 170.06553772856543 6
1738724537193 167.25002509187394 7
1738724537231 138.1802039549311 8
1738724537269 168.15187978558333 9
1738724537308 170.09393930205002 10
1738724537345 169.66787702853185 11
1738724537384 177.83494575574093 12
1738724537423 166.87812088393514 13
1738724537462 155.78679830657603 14
1738724537501 152.81384830568484 15
1738724537540 152.75065367055447 16
1738724537578 161.72344279712303 17
1738724537617 193.04353904068626 18
