1738722948600 159.19549803218842 0
1738722948632 158.87231353825194 1
1738722948664 172.22193339015536 2
1738722948696 167.77282791536578 3
1738722948728 180.92966419208668 4
1738722948760 166.44720225646628 5
1738722948793 158.92268670921987 6
1738722948825 172.5666567562274 7
1738722948858 158.6231059416364 8
1738722948890 158.70705254799645 9
1738722948921 166.659417015295 10
1738722948953 174.18053655617237 11
1738722948985 160.78736787141833 12
1738722949017 167.75944207925806 13
1738722949048 170.26005817058214 14
1738722949080 212.91885836973168 15
1738722949112 157.9132792015723 16
1738722949143 154.95939703708422 17
1738722949175 167.09706274317367 18
1738722949206 189.78143654202998 19
1738722949238 155.30323949407492 20
1738722949269 181.96959184286274 21
1738722949301 189.83110291435992 22
1738722949332 186.1700638752853 23
1738722949364 173.47391330119393 24
1738722949396 177.12683305156128 25
1738722949427 189.67720381427142 26
1738722949458 166.11664511747426 27
1738722949490 173.37898239271595 28
1738722949521 167.718780778048 29
1738722949553 135.8394143822053 30
1738722949585 180.12234873365173 31
1738722949616 166.1995201977471 32
1738722949647 176.18947504913507 33
1738722949679 161.62930947570266 34
1738722949710 160.61689412957284 35
1738722949742 175.17878897901906 36
1738722949773 191.79029242140106 37
1738722949804 170.7315146111729 38
1738722949836 191.6485448068716 39
1738722949867 118.805237156582 40
1738722949899 133.077032063792 41
1738722949930 180.24970345993873 42
1738722949962 164.5447753845341 43
1738722949994 173.3415208091859 44
1738722950026 143.21856121466567 45
1738722950057 158.70677531329858 46
1738722950089 170.70923903464114 47
1738722950123 153.6983925408162 48
1738722950156 182.55973307312277 49
1738722950188 170.55992139254448 50
1738722950221 162.68452965590623 51
1738722950253 156.5236228343136 52
1738722950285 179.86591175144474 53
1738722950320 170.99362980495548 54
1738722950352 208.39752439431675 55
1738722950384 171.13999617671806 56
1738722950416 154.34521151698584 57
1738722950448 164.4574532578676 58
1738722950480 177.8548004759371 59
1738722950512 172.247336750113 60
1738722950543 148.93858560356426 61
1738722950575 136.10693343718503 62
1738722950606 172.47771752092046 63
1738722950638 192.79934735560553 64
1738722950670 185.03734949826875 65
1738722950702 159.73180936737074 66
1738722950734 185.61208373607354 67
1738722950766 180.2319008039007 68
1738722950797 180.85944636308187 69
1738722950829 166.03588520389272 70
1738722950860 163.62529657125705 71
1738722950892 152.84555000705214 72
1738722950923 219.85100597090022 73
1738722950955 161.4647342440241 74
1738722950986 154.71879571532293 75
1738722951017 185.17726398371613 76
1738722951049 197.11166200858565 77
1738722951081 170.57342016302178 78
1738722951112 165.18527099776387 79
1738722951143 171.96074563820778 80
1738722951175 164.70462569338974 81
1738722951207 183.9473273613967 82
1738722951238 179.44594936045945 83
1738722951270 202.4498765334254 84
1738722951302 177.91668577750033 85
1738722951335 171.70455939090257 86
1738722951366 186.52901666969072 87
1738722951398 192.00805896377832 88
1738722951430 165.40425138738902 89
1738722951462 178.54062082762624 90
1738722951494 163.14872920894274 91
1738722951526 155.93826929497584 92
1738722951558 150.4352510804105 93
1738722951589 181.70881254893555 94
1738722951621 151.41080293992806 95
1738722951653 167.49659466859072 96
1738722951687 153.8038628519245 97
1738722951719 173.55455742364015 98
1738722951750 173.54731734318253 99
1738722951782 160.36641908118239 100
1738722951814 165.47703415851333 101
1738722951845 173.04732555266 102
1738722951877 175.93849492174388 103
1738722951908 178.24691248621218 104
1738722951940 152.64801354850803 105
1738722951971 182.94228889785302 106
1738722952003 173.42590110069767 107
1738722952036 174.51553378452735 108
1738722952068 183.61415545851887 109
1738722952100 148.6684303156885 110
1738722952132 172.99204354561797 111
1738722952164 157.55791208453653 112
1738722952196 159.24235180386836 113
1738722952227 169.28957834399012 114
1738722952259 185.57492778332613 115
1738722952291 181.68696981883716 116
1738722952323 166.93900291093155 117
1738722952354 181.09487539929097 118
1738722952386 177.77914511830983 119
1738722952418 164.35854337677142 120
1738722952449 149.2146820350949 121
1738722952480 164.1018690588872 122
1738722952512 167.57638977323893 123
1738722952543 170.831209447662 124
1738722952577 173.35161533245056 125
1738722952611 166.09858406055102 126
1738722952647 166.2798331273944 127
1738722952681 155.80028916247537 128
1738722952714 197.46813658399762 129
1738722952747 168.58587429391514 130
1738722952780 170.01958511804432 131
1738722952812 178.0876418296288 132
1738722952845 166.7237198997556 133
1738722952877 180.825745458146 134
1738722952910 185.0120629290564 135
1738722952942 179.39555245683297 136
1738722952974 163.9072482320866 137
1738722953007 162.47823506554664 138
1738722953039 180.33482966053333 139
1738722953071 161.4905953004395 140
1738722953103 178.5466804736397 141
1738722953134 133.28008697890658 142
1738722953167 219.2073009968226 143
1738722953199 168.0115618404177 144
1738722953231 188.8004684334313 145
1738722953262 169.62563283328151 146
1738722953294 195.3088934250763 147
1738722953326 169.35971915253356 148
1738722953357 183.30318659949916 149
1738722953389 170.22492977644086 150
1738722953421 180.4398660707297 151
1738722953453 175.51481785727535 152
1738722953485 171.3859583422071 153
1738722953516 183.06992055063074 154
1738722953548 173.99241202812496 155
1738722953580 182.28456216593682 156
1738722953611 172.1234676748805 157
1738722953643 160.88233057578063 158
1738722953674 166.4754504247933 159
1738722953706 174.07281546111517 160
1738722953738 181.30043592320393 161
1738722953769 178.30493462562342 162
1738722953801 160.8314268238899 163
1738722953833 176.9838915305957 164
1738722953864 169.3952368189074 165
1738722953897 159.86517253552822 166
1738722953931 177.4113662415046 167
1738722953963 173.00766985256135 168
1738722953995 181.52302267564536 169
1738722954026 173.5420688221011 170
1738722954058 166.51592991789542 171
1738722954090 178.5155531811351 172
1738722954122 171.08587198839348 173
1738722954153 179.70677646551272 174
1738722954184 197.86766562970686 175
1738722954216 161.53972894379683 176
1738722954249 166.51975294568805 177
1738722954282 235.72225475245537 178
1738722954342 160.62636368729744 179
1738722954379 164.47930151642063 180
1738722954417 139.48700764955657 181
1738722954451 159.5764610185084 182
1738722954484 166.81514107942263 183
1738722954517 168.77835551325458 184
1738722954549 181.6000614791529 185
1738722954582 155.8702997796149 186
1738722954614 152.32161242770675 187
1738722954647 217.780143549477 188
1738722954679 176.4117326770561 189
1738722954711 177.8072479481125 190
1738722954743 170.14790697470053 191
1738722954776 163.40866299412235 192
1738722954808 170.8761283699749 193
1738722954840 153.24660911861295 194
1738722954872 181.3831664301787 195
1738722954904 165.71261986291952 196
1738722954937 178.354251787329 197
1738722954969 153.6461312140681 198
1738722955001 224.82309321618945 199
1738722955034 169.8694216094746 200
1738722955066 166.57264978634583 201
1738722955099 145.47099420462544 202
1738722955131 143.4772361248297 203
1738722955163 155.2932938037227 204
1738722955194 169.43066878435187 205
1738722955226 182.18566172819524 206
1738722955258 169.65770770084 207
1738722955290 180.89317801322971 208
1738722955322 183.57580683340402 209
1738722955354 172.82126043059984 210
1738722955386 169.6779256880382 211
1738722955418 158.0554497247185 212
1738722955450 141.85561678802986 213
1738722955481 163.23694702226953 214
1738722955514 151.4580652244858 215
1738722955545 156.90581689466663 216
1738722955577 159.17989700738877 217
1738722955609 186.65460908648848 218
1738722955648 151.13329306842766 219
1738722955689 170.8470154201843 220
1738722955723 178.39443036922245 221
1738722955756 144.279641760165 222
1738722955788 174.37503719853981 223
1738722955821 166.186254264527 224
1738722955853 157.4569943569831 225
1738722955886 151.02910094952287 226
1738722955919 147.1719366987095 227
1738722955952 150.96973092995458 228
1738722955985 182.01187632664627 229
1738722956017 152.56159618672882 230
1738722956049 175.07010171838562 231
1738722956081 169.02411088521828 232
1738722956114 143.63250026554076 233
1738722956146 159.92160237159058 234
1738722956178 184.7827657612827 235
1738722956210 190.8578617199647 236
1738722956241 175.403925907419 237
