1738722553745 171.11464493923168 0
1738722553778 168.52599934836132 1
1738722553811 184.98254715809134 2
1738722553844 165.56534926297533 3
1738722553877 172.22493144791392 4
1738722553911 167.9776923153478 5
1738722553944 161.72414739558806 6
1738722553977 158.46812810334382 7
1738722554010 172.67472003514345 8
1738722554043 172.78547165701096 9
1738722554075 183.3755779576197 10
1738722554108 175.30007689735015 11
1738722554141 172.6259511303569 12
1738722554174 172.3022432862883 13
1738722554206 172.5651009866427 14
1738722554239 160.97441764093298 15
1738722554271 170.79777899578266 16
1738722554304 163.00403738011707 17
1738722554337 166.0401801840532 18
1738722554369 189.2098703874693 19
1738722554402 167.1801136047275 20
1738722554434 161.8290543507076 21
1738722554467 155.00563555954017 22
1738722554499 156.34321493001553 23
1738722554534 159.79605964961394 24
1738722554568 159.68533450361136 25
1738722554601 166.53940984661938 26
1738722554635 172.07626862055548 27
1738722554668 162.68960406025593 28
1738722554702 164.96970944061923 29
