1738724041223 159.02217495228123 0
1738724041257 180.05253080167986 1
1738724041290 159.05202232455895 2
1738724041324 159.5210704722359 3
1738724041357 176.87313650473226 4
1738724041391 175.27736330916926 5
1738724041424 169.82249841068065 6
1738724041458 173.32294755077052 7
1738724041491 174.1688607491648 8
1738724041525 186.36644346524324 9
1738724041558 174.11220649474402 10
1738724041591 167.7542724208432 11
1738724041625 183.2389824143948 12
1738724041658 156.25926878725687 13
1738724041692 172.5840949832303 14
1738724041725 204.05922082208383 15
1738724041758 167.22134153599433 16
1738724041791 180.7206879710014 17
1738724041825 175.03938382307282 18
1738724041858 169.68167564527977 19
1738724041891 171.23239385440988 20
1738724041924 164.76452613386 21
1738724041957 182.94972232370696 22
1738724041990 160.66471686766832 23
1738724042024 177.44899464290418 24
1738724042057 172.74003493819893 25
1738724042090 134.83699002260258 26
1738724042123 199.75797484310044 27
1738724042156 136.7854752011865 28
1738724042189 159.6329735688055 29
1738724042222 147.33083969884194 30
1738724042255 150.48482930847408 31
1738724042288 157.12444170096583 32
1738724042321 150.0227873745144 33
1738724042354 188.11167482570548 34
1738724042387 174.39198470770907 35
1738724042420 171.6021334169712 36
1738724042453 188.58521943816817 37
1738724042486 151.81197842426243 38
1738724042519 157.10076077139803 39
1738724042552 191.19673711520107 40
1738724042585 168.0539716939048 41
1738724042618 164.2404592504853 42
1738724042651 153.0894047551432 43
1738724042684 170.00327588243977 44
1738724042717 189.47532675532548 45
1738724042750 197.9658382148781 46
1738724042783 171.02088262468965 47
1738724042816 152.51522426824133 48
1738724042849 157.49103373141773 49
1738724042882 176.14598696204615 50
1738724042915 192.84460119015571 51
1738724042948 185.2385853368811 52
1738724042981 167.38165155270502 53
1738724043014 147.24932933023194 54
1738724043047 174.7186497989548 55
1738724043080 156.19561186230703 56
1738724043113 191.0435214177349 57
1738724043145 198.31111959115415 58
1738724043178 161.40801369818305 59
1738724043211 172.5235034732456 60
1738724043244 168.6810073663259 61
1738724043277 142.8134797650326 62
1738724043310 179.0038524982466 63
1738724043343 155.60007375317184 64
1738724043376 167.66819250019066 65
1738724043409 127.3007548992898 66
1738724043442 164.8230650945337 67
1738724043475 172.38564434022436 68
1738724043508 139.85232440633334 69
1738724043541 179.26718141003684 70
1738724043574 164.25375423356772 71
1738724043607 180.14531512433751 72
1738724043640 166.59505380437898 73
1738724043673 160.35723182146648 74
1738724043705 172.78320642028368 75
1738724043739 166.5761478440496 76
1738724043772 184.40683226797495 77
1738724043805 174.0267212100509 78
1738724043838 179.90744852717893 79
1738724043871 157.7256024769686 80
1738724043903 115.43832698174114 81
1738724043939 177.77065410687717 82
1738724043971 181.8152442000854 83
