1738724968879 171.77531144771186 0
1738724968909 142.73050615146494 1
1738724968938 173.13014996300325 2
1738724968968 172.96300499742574 3
1738724968997 182.65889063725766 4
1738724969028 209.9392212607763 5
1738724969058 145.91222093299638 6
1738724969088 152.24271785231156 7
1738724969118 180.7069896925875 8
1738724969147 170.38103964578562 9
1738724969177 152.22239688923258 10
1738724969207 157.43937000781813 11
1738724969236 171.78106981340483 12
1738724969265 170.48895414601841 13
1738724969294 178.81314554239134 14
1738724969324 155.75498370788006 15
1738724969353 150.46355852090605 16
1738724969382 207.33638426305257 17
1738724969411 151.64258059982362 18
1738724969440 183.58515822999493 19
1738724969469 244.13223676580657 20
1738724969498 149.02785950746318 21
1738724969527 165.82997809007756 22
1738724969556 158.77299548135286 23
1738724969585 162.93739165122798 24
1738724969614 167.49210440015432 25
1738724969644 152.8218017208211 26
1738724969673 164.25454967081532 27
1738724969702 174.93437569468293 28
1738724969731 171.0193594488649 29
1738724969760 147.34062388014127 30
1738724969789 157.15148225712662 31
1738724969818 173.46613001450402 32
1738724969847 154.4538191988272 33
1738724969876 153.17660522530431 34
1738724969905 180.82349755176904 35
1738724969934 143.4150207239088 36
1738724969963 178.83290325968977 37
1738724969991 184.31984049505513 38
1738724970020 165.87948497764356 39
1738724970049 167.7638463572288 40
1738724970078 176.9104606699614 41
1738724970107 159.46015984067603 42
1738724970136 156.9552415024306 43
1738724970164 177.03119661700202 44
1738724970193 179.88326017444513 45
1738724970222 174.70203131248516 46
1738724970251 186.66370802234 47
1738724970281 192.93306429070296 48
1738724970311 167.86270125091943 49
1738724970350 170.88356447408674 50
1738724970432 188.96900387983135 51
1738724970646 163.1022534434338 52
1738724970683 169.5362386224462 53
1738724970715 189.18024466576287 54
1738724970746 164.59537845660992 55
1738724970777 164.61004852352158 56
1738724970807 152.53119345523262 57
1738724970838 169.27770580915407 58
1738724970871 148.84243129724214 59
1738724970902 174.2448103573883 60
1738724970932 170.4810379153243 61
1738724970962 175.31059790385208 62
1738724970992 174.24794486099603 63
1738724971022 153.77839848455574 64
1738724971051 176.2321281112734 65
1738724971081 170.74626218190394 66
1738724971111 173.40070569579524 67
1738724971140 176.15380826477377 68
1738724971169 153.5583651263397 69
1738724971199 178.17882438058894 70
1738724971228 167.7081883869303 71
1738724971257 186.99919809402806 72
1738724971301 162.93462618387719 73
1738724971339 158.05397091485804 74
1738724971372 168.57700685230756 75
1738724971448 181.32854044405212 76
1738724971519 172.05869649693076 77
1738724971562 185.9030361735509 78
1738724971593 161.13318374448966 79
1738724971624 183.95742247304224 80
1738724971655 224.23557404173786 81
1738724971687 211.02296647692074 82
1738724971719 174.57453649121584 83
1738724971751 141.36381732679862 84
1738724971783 193.3398615537079 85
1738724971814 160.5990314149596 86
1738724971846 169.34727506103673 87
1738724971878 164.5077224386183 88
1738724971910 178.39481183101364 89
1738724971942 227.09446724120124 90
1738724971973 174.91931512067939 91
1738724972006 174.29444671028608 92
1738724972037 177.62335485558705 93
1738724972069 165.74062837652602 94
1738724972102 155.40617322432527 95
1738724972133 166.8702575641604 96
1738724972165 175.3685824040489 97
1738724972197 172.54169809948274 98
1738724972230 158.14312835856632 99
1738724972263 173.51498005401766 100
1738724972296 150.05776032481384 101
1738724972327 180.93467076782053 102
1738724972360 164.3015744615731 103
1738724972391 166.29060868436457 104
1738724972423 140.93678466594568 105
1738724972454 216.18915595829253 106
1738724972486 149.4399581976684 107
1738724972518 167.8358393831614 108
1738724972550 178.46856459881457 109
1738724972582 155.59975247152366 110
1738724972613 181.1803641436326 111
1738724972645 149.15648780494175 112
1738724972676 173.87630221470616 113
1738724972707 158.42018444022673 114
1738724972738 155.7201519512758 115
1738724972769 159.01112964991563 116
1738724972800 189.54762730467309 117
1738724972831 154.60135360638114 118
1738724972861 166.1599578229329 119
1738724972891 165.88077477320147 120
1738724972921 165.27915516813167 121
1738724972951 160.55194490792073 122
1738724972981 187.1506017592105 123
1738724973011 163.5058138328227 124
1738724973040 183.37169693905162 125
1738724973070 166.65701710780428 126
1738724973099 195.126074236855 127
1738724973133 177.48184010935915 128
1738724973167 175.89857543209297 129
1738724973201 167.42308213069958 130
1738724973232 158.75813412633065 131
1738724973263 167.89534547362925 132
1738724973293 156.77165248203713 133
1738724973323 175.69064658993378 134
1738724973354 151.60885660857238 135
1738724973384 191.56678471920486 136
1738724973414 146.31489586850853 137
1738724973445 157.9709857880901 138
1738724973474 180.5526778582996 139
1738724973503 174.9222458612528 140
1738724973533 171.21193917721217 141
1738724973563 182.27109792857047 142
1738724973594 155.02908195279326 143
1738724973624 173.58441858904547 144
1738724973654 177.31896513648607 145
1738724973684 157.00407108582903 146
1738724973715 157.76651808437757 147
1738724973745 242.31813504352633 148
1738724973774 152.43536950635993 149
1738724973804 199.58851416396504 150
1738724973833 170.40014811231546 151
1738724973862 156.32395169304579 152
1738724973891 174.71677678401173 153
1738724973921 165.5223629206803 154
1738724973950 153.34837792387404 155
1738724973979 161.495382685634 156
1738724974009 191.13865354027806 157
1738724974039 159.21796255369605 158
1738724974069 188.3471554156791 159
1738724974100 159.6328083697227 160
1738724974130 182.67038332015318 161
1738724974160 159.29335742659535 162
1738724974190 182.0271655077282 163
1738724974220 175.0682236175012 164
1738724974250 147.63899947355088 165
1738724974280 189.35411575039137 166
1738724974310 172.12283137416512 167
1738724974340 157.77681482742219 168
1738724974369 186.2097838474977 169
1738724974419 201.69883276215012 170
1738724974453 193.14326008238694 171
1738724974483 165.08632650049316 172
1738724974512 142.71731636285767 173
1738724974542 159.65203784515376 174
1738724974572 169.63289750465657 175
1738724974601 154.53172267672753 176
1738724974631 147.47177867395644 177
1738724974661 194.77340092893377 178
1738724974690 170.73508097869126 179
1738724974720 179.80152834184685 180
1738724974749 160.93183050464688 181
1738724974779 163.8687203659763 182
1738724974809 163.23658068409995 183
1738724974839 194.79725328924368 184
1738724974868 168.4197112279233 185
1738724974897 191.35967113730536 186
1738724974927 114.79376960557119 187
1738724974956 175.12657796069826 188
1738724974986 158.30915053538124 189
1738724975015 167.04035592500645 190
1738724975045 186.14722469452659 191
1738724975074 151.50724850715244 192
1738724975104 150.05776802949467 193
1738724975133 176.6708054964028 194
1738724975162 166.77156603366413 195
1738724975191 148.9831072141611 196
1738724975221 170.01085358600616 197
1738724975250 192.99735317175092 198
1738724975279 136.88679752397684 199
1738724975309 155.7424746908495 200
1738724975338 217.1496912093359 201
1738724975367 167.86119690038302 202
1738724975397 164.4971982187943 203
1738724975426 167.65582359315545 204
1738724975455 178.66315512618382 205
1738724975485 162.51158715976496 206
1738724975514 198.7797338123196 207
1738724975543 172.0197058902869 208
1738724975573 155.05180463089158 209
1738724975602 177.87283388845762 210
1738724975631 193.4362519181833 211
1738724975660 196.6746816907351 212
1738724975689 173.5253554548001 213
1738724975718 164.35104958877915 214
1738724975748 155.71572210944262 215
1738724975777 169.10655780936358 216
1738724975807 170.13247623082484 217
1738724975836 150.90056254514005 218
1738724975865 168.25304693295615 219
1738724975894 152.20634857836887 220
1738724975923 174.2207332351914 221
1738724975952 195.09045105492427 222
1738724975982 155.0928184910326 223
1738724976011 156.66062545682988 224
1738724976040 157.82643223268877 225
1738724976069 172.96844179965808 226
1738724976112 160.5549065782756 227
1738724976142 156.30139917670255 228
1738724976171 172.9391384720087 229
1738724976201 184.148824892688 230
1738724976230 184.55770048100428 231
1738724976259 162.52883720622253 232
1738724976289 155.84943771103644 233
1738724976318 133.96822463094264 234
1738724976350 167.27736550492207 235
1738724976383 170.96749412258873 236
1738724976415 187.32425952964647 237
1738724976445 138.4945781379049 238
1738724976475 201.04158655324454 239
1738724976505 177.8194663883213 240
1738724976535 157.24036472063847 241
1738724976565 169.76411428844742 242
1738724976595 165.184931447483 243
1738724976624 189.12062215530543 244
1738724976653 145.7317243620949 245
1738724976683 156.10178805273782 246
1738724976713 134.792842298419 247
1738724976742 173.45946188885142 248
1738724976772 190.32557548001753 249
1738724976801 175.89219355271754 250
1738724976830 180.76098683570402 251
1738724976860 155.65558692547327 252
1738724976889 178.17113595762618 253
1738724976918 166.47660054818104 254
1738724976948 156.53103761924382 255
1738724976977 157.48010263874087 256
1738724977007 144.9419987268492 257
1738724977036 176.68584715423876 258
1738724977066 191.71178673535698 259
1738724977096 191.94073600642304 260
1738724977125 174.36139927527387 261
1738724977154 224.0705027301348 262
1738724977184 177.50754836028756 263
1738724977213 181.6246207988718 264
1738724977242 151.26600107929076 265
1738724977272 161.46704337369877 266
1738724977301 150.0526970520525 267
1738724977330 179.22175510092754 268
1738724977360 181.7649091359294 269
1738724977390 181.18727389477547 270
1738724977420 150.23092115009672 271
1738724977450 153.19912115191266 272
1738724977482 154.1139345636296 273
1738724977511 178.10411843099462 274
1738724977541 166.89928119037555 275
1738724977571 155.932576699543 276
1738724977601 153.3494989296071 277
1738724977630 174.1005277114897 278
1738724977660 210.4383766556745 279
1738724977689 164.9371098946584 280
1738724977719 157.62668801915575 281
1738724977748 177.12338779448814 282
1738724977778 164.84598819453603 283
1738724977808 173.58388865609268 284
1738724977837 162.99056783418422 285
1738724977867 172.16513070438916 286
1738724977896 163.73704947322884 287
1738724977926 153.40650770436767 288
1738724977955 165.90251101996841 289
1738724977985 159.57136960886785 290
1738724978014 167.10871717136962 291
1738724978043 137.74813377859485 292
1738724978073 128.47544721028243 293
1738724978102 146.0803301657558 294
1738724978131 170.17534932036855 295
1738724978160 176.73850573069763 296
1738724978189 169.4662886509874 297
1738724978219 167.79289498777135 298
1738724978248 170.8580594968941 299
1738724978277 170.77257587402315 300
1738724978306 150.69270486561618 301
1738724978335 174.67811172151136 302
1738724978364 146.79570968471063 303
1738724978394 166.9889072365046 304
1738724978423 187.16544079848663 305
1738724978452 159.17629297550363 306
1738724978482 149.34151161796677 307
1738724978511 159.64948478117776 308
1738724978592 165.0385055561896 309
1738724978627 153.05532404353667 310
1738724978657 175.64536128198708 311
1738724978687 178.94511213810034 312
1738724978717 135.4457988714208 313
1738724978747 170.34337223264936 314
1738724978776 194.69292735499738 315
1738724978806 172.3282055982183 316
1738724978835 164.88638184068512 317
1738724978864 188.9232512594769 318
1738724978894 167.51452548623445 319
1738724978923 176.87501608028788 320
1738724978954 181.19188813398873 321
1738724979005 148.58370770206582 322
1738724979035 217.13310064547164 323
1738724979065 178.85341747983847 324
1738724979094 157.9101534974669 325
1738724979125 189.36161395384198 326
1738724979155 165.79197261168846 327
1738724979185 155.04085659902628 328
1738724979215 146.40354467488135 329
1738724979244 164.15690938514877 330
1738724979274 181.90377690875545 331
1738724979304 162.6440143851309 332
1738724979333 179.51054183373697 333
1738724979363 177.40757266241954 334
1738724979393 200.2418973710315 335
1738724979424 163.01640342775363 336
1738724979454 197.0286683366548 337
1738724979484 144.79904171508088 338
1738724979514 155.79596644709977 339
1738724979544 182.45394274750134 340
1738724979573 144.56381389957374 341
1738724979603 153.95560320803796 342
1738724979633 169.26280106541336 343
1738724979662 147.61920792559752 344
1738724979691 152.94623297410837 345
1738724979721 178.58222918217905 346
1738724979750 150.3741407530074 347
1738724979779 170.84560418648638 348
