1738726765622 125.58859034799083 0
1738726765659 165.69815805656796 1
1738726765695 156.90988851894522 2
1738726765732 161.09269737313505 3
1738726765769 174.18182784946723 4
1738726765811 151.0947001372287 5
1738726765857 219.04996214398167 6
1738726765897 167.9698419423227 7
1738726765936 138.4702611252518 8
1738726765984 180.34707748204542 9
1738726766021 192.50270161633318 10
1738726766060 194.77901172638326 11
1738726766097 137.73095254500672 12
1738726766135 169.0741466441562 13
1738726766173 210.84070215167424 14
1738726766211 161.16335062908456 15
1738726766248 173.55390485543575 16
1738726766286 165.11716553599302 17
1738726766328 160.22671345219518 18
1738726766367 201.58362925022956 19
1738726766404 191.15023045100372 20
1738726766441 170.70838993217995 21
1738726766479 186.6090980473639 22
1738726766516 240.65785999325456 23
1738726766553 174.6369717207783 24
1738726766590 186.15624377816928 25
1738726766627 192.7375318286556 26
1738726766665 176.47120737233095 27
1738726766701 150.77205738040146 28
1738726766738 160.3736951984238 29
1738726766774 163.4116172608489 30
1738726766811 158.86661274862786 31
1738726766848 175.72032744645142 32
1738726766885 145.56191868376249 33
1738726766921 190.34127996230717 34
1738726766958 139.0829406895762 35
1738726766994 159.59562014719754 36
1738726767031 154.87084206663465 37
1738726767068 158.198855493743 38
1738726767105 178.07230910958208 39
1738726767142 143.41941982931925 40
1738726767191 214.95156508887948 41
1738726767239 148.39663562872917 42
1738726767279 175.23687749939896 43
1738726767317 233.1248047780395 44
1738726767361 146.50086536195533 45
1738726767406 151.26849845348838 46
1738726767450 234.04336783275986 47
1738726767492 165.75928428103668 48
