1738724554472 169.13745001892727 0
1738724554475 169.12103726540647 1
1738724554477 169.10534641446424 2
1738724554480 169.0903452935105 3
1738724554482 169.07600317449652 4
1738724554485 169.0622907087418 5
1738724554487 169.04917986471108 6
1738724554490 169.03664386860737 7
1738724554492 169.02465714765307 8
1738724554495 169.01319527593822 9
1738724554497 169.00223492271775 10
1738724554500 168.99175380304857 11
1738724554503 168.98173063065914 12
1738724554505 168.97214507295067 13
1738724554508 168.96297770803324 14
1738724554511 168.9542099837049 15
1738724554513 168.9458241782853 16
1738724554516 168.9378033632197 17
1738724554518 168.93013136737392 18
1738724554521 168.92279274294214 19
1738724554524 168.91577273289622 20
1738724554526 168.9090572399054 21
1738724554529 168.90263279666 22
1738724554531 168.89648653753588 23
1738724554533 168.89060617153908 24
1738724554536 168.88497995647137 25
1738724554541 168.87959667426335 26
1738724554550 168.87444560742063 27
1738724554553 168.86951651653322 28
1738724554557 168.86479961880056 29
1738724554563 168.86028556752507 30
1738724554566 168.85596543253132 31
1738724554569 168.85183068146873 32
1738724554572 168.84787316195712 33
1738724554575 168.8440850845383 34
1738724554578 168.8404590063956 35
1738724554582 168.83698781580821 36
1738724554585 168.83366471730565 37
1738724554588 168.83048321749192 38
1738724554592 168.82743711150812 39
1738724554595 168.824520470105 40
1738724554598 168.82172762729815 41
1738724554601 168.81905316857913 42
1738724554603 168.81649191965732 43
1738724554606 168.8140389357087 44
1738724554609 168.81168949110895 45
1738724554612 168.80943906962807 46
1738724554615 168.807283355067 47
1738724554617 168.80521822231458 48
1738724554620 168.8032397288077 49
1738724554623 168.80134410637496 50
1738724554625 168.79952775344722 51
1738724554628 168.7977872276182 52
1738724554632 168.79611923853997 53
1738724554634 168.79452064113704 54
1738724554637 168.79298842912564 55
1738724554640 168.79151972882408 56
1738724554643 168.79011179324115 57
1738724554646 168.7887619964297 58
1738724554649 168.787467828094 59
1738724554651 168.78622688843876 60
1738724554654 168.78503688324955 61
1738724554657 168.78389561919377 62
1738724554660 168.7828009993322 63
1738724554663 168.78175101883238 64
1738724554665 168.78074376087312 65
1738724554668 168.77977739273362 66
1738724554671 168.77885016205704 67
1738724554673 168.7779603932818 68
1738724554676 168.77710648423266 69
1738724554679 168.776286902864 70
1738724554681 168.77550018414954 71
1738724554684 168.77474492711076 72
1738724554686 168.77401979197822 73
1738724554689 168.77332349747994 74
1738724554691 168.77265481825114 75
1738724554694 168.77201258235954 76
1738724554696 168.77139566894118 77
1738724554699 168.7708030059421 78
1738724554701 168.77023356796053 79
1738724554704 168.76968637418574 80
1738724554707 168.7691604864287 81
1738724554709 168.76865500724026 82
1738724554712 168.76816907811414 83
1738724554714 168.76770187776899 84
1738724554717 168.76725262050772 85
1738724554719 168.76682055464974 86
1738724554722 168.7664049610329 87
1738724554724 168.7660051515822 88
1738724554727 168.7656204679423 89
1738724554729 168.76525028017076 90
