1738723767974 198.85732294206147 0
1738723768011 186.95488466240585 1
1738723768048 135.25882356251168 2
1738723768085 146.5025217970508 3
1738723768122 232.82975547749143 4
1738723768159 189.4247620275437 5
1738723768196 276.45692264092037 6
1738723768233 157.90983815000126 7
1738723768270 160.70259137116955 8
1738723768307 167.2311184545242 9
1738723768344 156.3754423311329 10
1738723768381 160.55822350754553 11
1738723768418 178.1468049543675 12
1738723768455 147.28919970041713 13
1738723768492 140.75358030198808 14
1738723768528 174.55115007219786 15
1738723768565 171.01920547360515 16
1738723768602 152.47713597520357 17
1738723768638 148.33318810143282 18
1738723768675 188.56153762822515 19
1738723768711 171.39356148447638 20
1738723768748 177.53175802654889 21
1738723768785 191.1086326110961 22
1738723768821 170.04691495864543 23
1738723768858 168.64396608101015 24
1738723768895 166.21272132743877 25
1738723768931 174.0307427803217 26
1738723768968 157.6808727665361 27
1738723769005 161.0209166897892 28
1738723769041 139.1725010332536 29
1738723769078 179.7398050410872 30
1738723769114 140.40084298941852 31
1738723769151 169.82093740429502 32
1738723769188 173.0255689381887 33
1738723769226 150.8382629923515 34
1738723769263 174.26285823244808 35
1738723769301 178.48353208878214 36
1738723769338 150.36452405976237 37
1738723769375 173.59186888425506 38
1738723769412 153.40339532552048 39
1738723769449 182.18829723143864 40
1738723769485 158.19522783823135 41
1738723769522 148.8930798402567 42
1738723769559 170.7441026782058 43
1738723769595 174.83682404120603 44
1738723769632 159.98640676636364 45
1738723769669 157.27381771671432 46
1738723769706 145.8206831793843 47
1738723769742 178.18730776822557 48
1738723769779 186.02914060128742 49
1738723769816 165.88528336275803 50
1738723769852 190.98164711606586 51
1738723769889 174.97749882297802 52
1738723769925 170.13801684206558 53
1738723769961 150.1228526065464 54
1738723769998 196.41717866647411 55
1738723770035 165.0604402370839 56
1738723770071 129.74919044020285 57
1738723770107 164.15239952360668 58
1738723770144 161.04849343617516 59
1738723770180 172.56448028902955 60
1738723770217 179.25246380539954 61
1738723770253 142.43903724239672 62
1738723770290 176.70844449000163 63
1738723770326 143.74764219986932 64
1738723770363 169.2765881032791 65
1738723770399 174.44698621077825 66
1738723770435 229.23087420445003 67
1738723770471 166.01050298038922 68
1738723770508 172.40330325861294 69
1738723770544 171.71261409337222 70
1738723770580 135.4554842001417 71
1738723770617 175.41235963235565 72
1738723770653 153.89717325734836 73
1738723770689 154.25672706614748 74
1738723770726 159.17554917678464 75
1738723770762 171.97145074681814 76
1738723770798 166.8818324146154 77
1738723770835 123.27005582952623 78
1738723770871 189.02669348357156 79
1738723770907 174.737187718167 80
1738723770944 177.12788504305905 81
1738723770980 151.52139430832347 82
1738723771016 165.8032480409169 83
1738723771053 163.4303629622168 84
1738723771089 169.4765981478346 85
1738723771125 153.09956751454493 86
1738723771162 161.02132334988093 87
1738723771198 173.5872363120211 88
1738723771234 152.2955166540305 89
1738723771270 173.74623371047403 90
1738723771307 194.58449250086005 91
1738723771343 180.96475646134456 92
1738723771380 167.81627129212654 93
1738723771416 180.7728724548847 94
1738723771453 158.7269013318842 95
1738723771489 179.91246930344164 96
1738723771525 165.37793833079635 97
1738723771561 178.8150081700141 98
1738723771597 184.05428360555842 99
1738723771634 218.45713884961364 100
1738723771670 165.46243050633677 101
1738723771706 187.7563943848802 102
1738723771742 195.0688635318368 103
1738723771778 183.25942486545713 104
1738723771814 146.60945118010994 105
1738723771850 146.10650201951304 106
1738723771886 171.4109203810291 107
1738723771923 173.89093329547228 108
1738723771959 165.86066799481972 109
1738723771995 167.66450150410975 110
1738723772033 159.8962056272526 111
1738723772071 208.25194889264836 112
1738723772108 181.29649063479215 113
1738723772146 166.8842593800729 114
1738723772183 151.65531266018255 115
1738723772220 126.37345763596234 116
1738723772258 152.83640621592545 117
1738723772295 170.8319995602618 118
1738723772332 146.53092922942977 119
1738723772369 157.2813615036947 120
1738723772407 157.31434719195244 121
1738723772444 149.03280474774013 122
1738723772481 152.91880042718864 123
1738723772518 182.91320325975687 124
1738723772555 186.47619651317092 125
1738723772592 137.15299028299762 126
1738723772629 165.4293306267329 127
1738723772667 149.20261936201248 128
1738723772704 148.2164997001051 129
1738723772741 156.74991500335136 130
1738723772778 158.0375510563327 131
1738723772815 240.82912559534014 132
1738723772852 184.48675728183866 133
1738723772889 153.80652439880419 134
1738723772926 154.0166420099805 135
1738723772963 179.72651269429113 136
1738723773000 188.4908759377688 137
1738723773037 190.14870709499687 138
1738723773074 180.53664357833588 139
1738723773111 191.60468579109858 140
1738723773148 187.12169007723594 141
1738723773185 164.05440378488882 142
1738723773221 185.26677317197485 143
1738723773258 195.60523770967464 144
1738723773295 170.51029813415423 145
1738723773332 181.25266907781284 146
1738723773369 196.127431266334 147
1738723773406 125.21019913936784 148
1738723773443 180.7972515012352 149
1738723773480 148.17943408754536 150
1738723773516 182.529713950043 151
1738723773553 154.56979956744794 152
1738723773590 152.11753292148046 153
1738723773627 165.16812775288952 154
1738723773663 185.7120428458546 155
1738723773700 168.19734459574926 156
1738723773737 174.14750891582094 157
1738723773773 147.3368828531391 158
1738723773810 162.09830136498826 159
1738723773847 160.7565323002485 160
1738723773883 193.60605624136142 161
1738723773920 155.455718850303 162
1738723773956 166.6621228400171 163
1738723773993 150.67167459039268 164
1738723774029 156.5071819961169 165
1738723774066 175.513050084516 166
1738723774102 163.0771120023095 167
1738723774139 127.53983441689935 168
1738723774175 155.36433986845455 169
1738723774212 163.97032158410926 170
1738723774248 177.10334745715937 171
1738723774285 166.3795046773086 172
1738723774325 161.1336273042277 173
1738723774362 163.35832570189334 174
1738723774399 168.23843299198782 175
1738723774436 180.15688375638967 176
1738723774473 181.3086431065037 177
1738723774510 158.05916312172442 178
1738723774546 187.96088640860083 179
1738723774583 153.6541719622888 180
1738723774620 132.03442569248702 181
1738723774656 172.16961305125943 182
1738723774692 148.80122495899053 183
1738723774729 124.15822987549981 184
1738723774766 170.68952610608062 185
1738723774802 169.3372233444891 186
1738723774839 179.67577303404565 187
1738723774875 162.60141430061267 188
1738723774911 161.62584318546436 189
1738723774948 170.05837654126535 190
1738723774984 155.94710198682998 191
1738723775021 167.89026342640142 192
1738723775057 155.37421970690335 193
1738723775094 155.76180748811402 194
1738723775130 143.58040515454712 195
1738723775166 192.9759185388517 196
1738723775203 187.55328672822108 197
1738723775239 170.34272197620072 198
1738723775275 162.40848514710754 199
1738723775311 179.4550258634838 200
1738723775347 176.52752486449626 201
1738723775384 148.656666121325 202
1738723775420 172.16061149818717 203
1738723775457 181.65117008585514 204
1738723775493 205.29655510369966 205
1738723775529 165.01440690921234 206
1738723775566 152.4501724505445 207
1738723775602 182.62869197828783 208
1738723775638 125.09094509058838 209
1738723775675 182.0755827458498 210
1738723775711 162.5997489860058 211
1738723775747 200.045204938562 212
1738723775783 151.60278391121525 213
1738723775819 167.3482476363895 214
1738723775856 174.86238156143028 215
1738723775892 168.81262634925653 216
1738723775928 172.0609923452678 217
1738723775964 192.03474599239613 218
1738723776000 170.16552313844284 219
1738723776037 149.96325194647858 220
1738723776073 204.78060485221684 221
1738723776109 195.14659030140444 222
1738723776146 143.76706086657776 223
1738723776182 145.105972522165 224
1738723776218 150.11661582981142 225
1738723776254 173.5843842130224 226
1738723776290 164.5929428172444 227
1738723776327 177.82090053640326 228
1738723776363 185.9996742618721 229
1738723776399 147.16542815169055 230
1738723776435 143.46553949551569 231
1738723776472 139.8060847613221 232
1738723776508 181.58753704608645 233
1738723776544 162.90791787844796 234
1738723776580 172.31550112216362 235
1738723776616 156.28111128872192 236
1738723776652 197.47246713749394 237
1738723776689 158.29111487956672 238
1738723776725 142.76194305088265 239
1738723776761 141.82369726207094 240
1738723776797 173.58312787469964 241
1738723776833 165.82299995185764 242
1738723776869 175.2231840209105 243
1738723776906 136.56848510523602 244
1738723776942 143.43845423305973 245
1738723776978 179.7132285634061 246
1738723777014 172.56443892773282 247
1738723777050 181.71359188729147 248
1738723777087 184.03772718331655 249
1738723777123 181.68625433737995 250
1738723777159 177.10918734328357 251
1738723777196 169.3103974440669 252
1738723777232 196.81795756818158 253
1738723777268 164.28539875228284 254
1738723777305 176.35509514602984 255
1738723777341 176.93773434951336 256
1738723777378 164.35589321661558 257
1738723777414 150.90531412339158 258
1738723777451 191.19053148149086 259
1738723777487 174.18067094085433 260
1738723777526 128.09158541928724 261
1738723777563 169.09339855013687 262
1738723777600 155.38349245241392 263
1738723777637 186.90216108523734 264
1738723777673 159.1996465935509 265
1738723777710 167.68784958274952 266
1738723777747 176.26347767707128 267
1738723777783 156.81811003013513 268
1738723777819 155.06284868053575 269
1738723777856 156.71051539433589 270
1738723777892 210.82964166108874 271
1738723777929 167.49262214252326 272
1738723777965 171.32032725243027 273
1738723778001 162.20347135107565 274
1738723778038 190.35128705388155 275
1738723778074 139.50318409889869 276
1738723778111 160.49507758232096 277
1738723778147 177.2994785068163 278
1738723778183 187.78670021971354 279
1738723778219 168.37820449376895 280
1738723778255 150.9394907731627 281
1738723778291 177.00468304275807 282
1738723778328 172.76779930671557 283
1738723778364 186.55339235046767 284
1738723778400 144.25519388868466 285
1738723778435 152.43139750989397 286
1738723778471 148.90702968336896 287
1738723778507 184.08486063347462 288
1738723778544 163.46522410106593 289
1738723778580 156.111781427285 290
1738723778616 163.61790146970887 291
1738723778652 148.360618962983 292
1738723778688 183.8043374286131 293
1738723778724 174.2841793301803 294
1738723778760 180.87328281017545 295
1738723778796 138.23463982173058 296
1738723778832 123.11133348696221 297
1738723778868 171.65486383780592 298
1738723778904 173.30636693374154 299
1738723778940 184.87848679659774 300
1738723778976 172.11852301832033 301
1738723779012 140.73187635376968 302
1738723779048 181.7664866922707 303
1738723779083 166.01002402498904 304
1738723779119 171.7951626448298 305
1738723779155 157.18980761597066 306
1738723779191 171.49475240979316 307
1738723779227 165.85941447009182 308
1738723779263 175.67741592570846 309
1738723779299 172.69687464051896 310
1738723779335 157.60632459289732 311
1738723779370 153.92346464760448 312
1738723779406 159.11267569804122 313
1738723779442 187.30887368927637 314
1738723779478 154.26906527862616 315
1738723779514 173.99702949183458 316
1738723779550 154.72478472503772 317
1738723779586 181.8041839413714 318
1738723779622 192.67345867691375 319
1738723779658 185.91933911028548 320
1738723779694 152.20462766500162 321
1738723779730 164.5164549433784 322
1738723779766 161.20350835619954 323
1738723779801 146.21238244860803 324
1738723779837 155.05874655903904 325
1738723779873 174.095855998907 326
1738723779909 170.53314223504066 327
1738723779945 159.0575937246004 328
1738723779981 160.21828732949172 329
1738723780017 154.36995388024334 330
1738723780052 215.33380626069766 331
1738723780088 180.27549605378238 332
1738723780124 126.72895079120113 333
1738723780160 167.61951740376634 334
1738723780195 178.17710842614807 335
1738723780231 136.3003175886141 336
1738723780267 183.50931501269875 337
1738723780303 130.77341253176115 338
1738723780340 200.20856119191131 339
1738723780377 180.6295720032785 340
1738723780415 166.74748764419547 341
1738723780452 174.8309707238966 342
1738723780489 174.6416466025073 343
1738723780526 136.71568384195385 344
1738723780563 144.96693627576056 345
1738723780600 168.15237571495052 346
1738723780636 199.6339402596842 347
1738723780673 171.6403070494667 348
1738723780710 168.1057283976603 349
1738723780747 170.76140661663592 350
1738723780783 166.7128345827214 351
1738723780820 159.80894968587987 352
1738723780857 180.28201121248102 353
1738723780894 154.09133656645372 354
1738723780933 171.3356729968855 355
1738723780970 168.2152389814124 356
1738723781006 176.24894959857767 357
1738723781043 161.8688630977063 358
1738723781079 163.76648128608042 359
1738723781115 204.4872523752894 360
1738723781152 122.82008951731594 361
1738723781188 193.24798766976406 362
1738723781224 192.83648088122456 363
1738723781261 158.0180774083184 364
1738723781299 157.41248666071925 365
1738723781335 148.46944473532395 366
1738723781371 126.56008025918564 367
1738723781408 180.8332862135669 368
1738723781444 167.29545851203497 369
1738723781480 166.8483826537072 370
1738723781517 157.3458078436068 371
1738723781553 167.56638030157276 372
1738723781590 159.40603298544005 373
1738723781627 176.651653675745 374
1738723781664 166.77809158315225 375
1738723781702 141.17541663084785 376
1738723781739 154.4524064005777 377
1738723781776 181.07800754301394 378
1738723781813 157.51117012466673 379
1738723781850 186.6070228389357 380
1738723781886 172.93116666838756 381
1738723781923 143.70652618015333 382
1738723781960 195.1642741608989 383
1738723781997 156.39599852638344 384
1738723782034 109.0534226762972 385
1738723782071 169.11522531903958 386
1738723782108 104.99793432151455 387
1738723782145 156.57343944177148 388
1738723782182 178.1893148419199 389
1738723782220 161.77696027006485 390
1738723782257 156.71998935454712 391
1738723782294 172.02853940704708 392
1738723782331 161.2843894390223 393
1738723782367 172.85990805363264 394
1738723782404 169.69529877695496 395
1738723782440 112.27800235089892 396
1738723782477 183.1765959138246 397
1738723782513 166.82756388946538 398
1738723782550 213.50497202160255 399
1738723782586 149.61938041305675 400
1738723782623 164.72056672406148 401
1738723782659 164.08785039476126 402
1738723782696 148.66992392784525 403
1738723782732 163.2047104803695 404
1738723782769 192.91763081160053 405
1738723782805 185.33520148350087 406
1738723782842 161.32510212561414 407
1738723782878 166.64097184669154 408
1738723782914 162.73944516456655 409
1738723782951 158.50399308768922 410
1738723782987 169.26969577526197 411
1738723783023 151.1455223926485 412
1738723783059 171.79679137246993 413
1738723783096 181.23637970821602 414
1738723783132 189.4689746482532 415
1738723783168 169.9667297918188 416
1738723783204 174.5130358124645 417
1738723783240 199.12212827085017 418
1738723783277 188.41933610345708 419
1738723783313 166.22536051195374 420
1738723783349 167.51888140375766 421
1738723783386 181.9153739358824 422
1738723783422 147.51795852696907 423
1738723783458 176.00189708743434 424
1738723783494 174.8117791275637 425
1738723783530 168.37899914572074 426
1738723783567 175.69026173183966 427
1738723783603 189.3837812383341 428
1738723783639 199.69779116188786 429
1738723783676 172.7629448414393 430
1738723783712 179.5202511177557 431
1738723783748 133.95553425643564 432
1738723783784 145.95585783748592 433
1738723783820 166.04559997867864 434
1738723783857 165.88890113427698 435
1738723783893 167.9172771807515 436
1738723783929 147.61760538394734 437
1738723783965 136.37154352625416 438
1738723784001 181.17186463537868 439
1738723784037 192.94899520642284 440
1738723784074 200.35881273287836 441
1738723784110 159.35239927140262 442
1738723784146 157.83173800116631 443
1738723784182 161.67271278154394 444
1738723784218 152.1122737606701 445
1738723784254 145.6895099221162 446
1738723784290 162.0182211146529 447
1738723784326 177.50185646449154 448
1738723784362 167.0125308988741 449
1738723784398 134.05428221625047 450
1738723784434 127.05484524791811 451
1738723784470 164.5934697113863 452
1738723784506 169.42833804351272 453
1738723784542 175.28480757150882 454
1738723784578 136.51801825932878 455
1738723784614 166.67357849151276 456
1738723784650 172.13549639416522 457
1738723784686 161.0649872394599 458
1738723784722 180.50123676251897 459
1738723784758 152.81401298482294 460
1738723784794 191.69226810658503 461
1738723784830 153.56645410230843 462
1738723784866 188.96337537616662 463
1738723784902 170.0339576031106 464
1738723784938 170.14590100193925 465
1738723784974 205.31587131506726 466
1738723785010 168.54423406672532 467
1738723785046 163.96845075470034 468
1738723785082 154.627923412581 469
1738723785118 162.66678148564876 470
1738723785154 183.5450517208774 471
1738723785190 171.8743340259562 472
1738723785226 206.49468229837512 473
1738723785262 193.3293620415057 474
1738723785298 174.92840519672822 475
1738723785334 162.87178815958922 476
1738723785370 167.0889647167661 477
1738723785405 171.36703630643566 478
1738723785441 199.26852355931723 479
1738723785477 141.9182036574886 480
1738723785513 191.59764474492076 481
1738723785549 151.4394586623684 482
1738723785585 159.38881756052936 483
1738723785621 174.68624787082453 484
1738723785657 204.16407592157094 485
1738723785693 188.94064748371525 486
1738723785729 181.2025639329675 487
1738723785765 144.685888177119 488
1738723785801 180.1606250165635 489
1738723785837 178.4326823264695 490
1738723785873 153.3201035508593 491
1738723785909 153.83096268268866 492
1738723785945 178.39403407003127 493
1738723785981 179.49595068995583 494
1738723786017 175.31647388659786 495
1738723786053 148.2362475127781 496
1738723786088 159.58703138084883 497
1738723786124 175.8162641588264 498
1738723786160 176.8067837517074 499
