1738722918969 172.27201793398785 0
1738722919000 152.84621646356518 1
1738722919032 149.98822442316927 2
1738722919064 152.19596176537527 3
1738722919095 180.87097480706763 4
1738722919127 165.52568463056028 5
1738722919159 170.72527705809907 6
1738722919191 181.20702974285305 7
1738722919223 154.958563481892 8
1738722919255 164.40013329137756 9
1738722919287 152.34299028470332 10
1738722919319 175.9906771538235 11
1738722919350 177.70735366624555 12
1738722919382 161.40250675791185 13
1738722919414 181.90478675351483 14
1738722919445 213.1337842766118 15
1738722919476 171.91887981262417 16
1738722919508 183.16469277725267 17
1738722919539 169.24749434167575 18
1738722919571 135.8092219673173 19
1738722919602 139.25557261396995 20
1738722919640 179.49574202143162 21
1738722919684 196.86770246826404 22
1738722919716 171.13440868451377 23
1738722919748 178.97709329700058 24
1738722919780 150.96595106103342 25
1738722919811 159.3862308469602 26
1738722919843 199.1034253756162 27
1738722919875 170.97261964492077 28
1738722919906 150.5853595720571 29
1738722919938 184.51604806560627 30
1738722919969 155.34190505904292 31
1738722920001 174.25613294405045 32
1738722920032 168.3271600788698 33
1738722920065 175.9155588974907 34
1738722920096 174.85321633941734 35
1738722920127 162.26269609155645 36
1738722920159 189.1109583769651 37
1738722920190 167.38410408197484 38
1738722920222 161.70637145770746 39
1738722920253 167.74093989115786 40
1738722920285 197.12415133507218 41
1738722920316 155.13798479114718 42
1738722920348 164.4057196995561 43
1738722920380 170.0100428735253 44
1738722920411 147.05169209153854 45
1738722920442 169.10885164198328 46
1738722920473 168.4788045406429 47
1738722920504 151.5682006898321 48
1738722920540 160.65666175535858 49
1738722920571 159.5958863932924 50
1738722920602 181.78059755208838 51
1738722920633 176.13991134576725 52
1738722920665 172.2095860168116 53
1738722920696 177.6499795183796 54
1738722920727 177.21757240548553 55
1738722920758 164.089700463377 56
1738722920789 175.710550768521 57
1738722920820 167.1923344272146 58
1738722920851 156.29196476322178 59
1738722920882 173.30113420805444 60
1738722920913 163.79751788523544 61
1738722920945 152.92350737733992 62
1738722920976 146.14417584209016 63
1738722921007 161.3950976594547 64
1738722921038 181.0437031269735 65
1738722921069 171.69909125734102 66
1738722921100 117.7599830098116 67
1738722921131 175.2679717504728 68
1738722921163 172.09642152750789 69
1738722921194 199.58243701170392 70
1738722921225 174.77700761822814 71
1738722921256 165.9136603824133 72
1738722921287 133.89199977285207 73
1738722921319 148.6756416385031 74
1738722921350 156.98136220045396 75
1738722921381 180.9145955492575 76
1738722921412 174.89890133292516 77
1738722921443 164.32067018415418 78
1738722921474 158.1232568088023 79
1738722921505 181.61238878509153 80
1738722921536 168.18467297338054 81
1738722921567 177.4316235019111 82
1738722921598 145.97664282919152 83
1738722921629 157.73606202700932 84
1738722921660 198.79108221384723 85
1738722921691 178.58924282847937 86
1738722921722 119.53801067616523 87
1738722921753 164.94311488919612 88
1738722921784 172.07123485593797 89
1738722921815 177.68420620664608 90
1738722921846 171.8752648012232 91
1738722921877 141.80632004568218 92
1738722921908 174.11173710490252 93
1738722921939 183.2092386587105 94
1738722921970 162.07107539210762 95
1738722922001 175.3809120786037 96
1738722922031 168.32333296542214 97
1738722922062 168.2384738138459 98
1738722922093 153.00008099995674 99
1738722922124 151.7991228494107 100
1738722922155 191.82076770199552 101
1738722922185 172.53425356275002 102
1738722922216 182.37252597635452 103
1738722922247 178.47790648277487 104
1738722922279 156.51029848259665 105
1738722922321 193.14973960850006 106
1738722922357 161.47502822371425 107
1738722922390 173.56967259839146 108
1738722922422 171.93948982076077 109
1738722922455 153.6251168745607 110
1738722922487 142.53392302576944 111
1738722922520 187.88712207936203 112
1738722922552 145.86914007177245 113
1738722922588 182.43477014422893 114
1738722922622 146.83418863972943 115
1738722922655 187.9259643751111 116
1738722922686 193.9524450355581 117
1738722922718 163.5580332901668 118
1738722922750 149.45281896805915 119
1738722922782 193.00952903189008 120
1738722922813 161.00489117509002 121
1738722922845 166.66206841165265 122
1738722922877 167.40097889268642 123
1738722922909 176.38820025466106 124
1738722922940 172.61037750118993 125
1738722922972 185.1813047671569 126
1738722923004 175.26809089744407 127
1738722923035 160.5482037112131 128
1738722923067 153.8772514463229 129
1738722923099 178.16113045885754 130
1738722923130 177.361782996041 131
1738722923162 178.5207664551041 132
1738722923193 157.23058367866432 133
1738722923225 156.69209343852427 134
1738722923256 137.05770410598663 135
1738722923288 145.7958349503734 136
1738722923320 133.43523457664156 137
1738722923351 159.55886343360962 138
1738722923383 187.71954197002572 139
1738722923415 170.2372184337202 140
1738722923446 172.47397985105397 141
1738722923478 183.68630999371396 142
1738722923509 187.08535391442504 143
1738722923540 174.34853634990384 144
1738722923572 238.65291309369283 145
1738722923603 110.85668214159645 146
1738722923634 170.44886326559532 147
1738722923666 186.17986514805528 148
1738722923700 156.09945162736565 149
1738722923732 160.69976347490794 150
1738722923764 184.44547029295603 151
1738722923795 160.1822488720929 152
1738722923827 167.28953224862337 153
1738722923859 156.4539710802478 154
1738722923890 168.4739140456301 155
1738722923922 144.73731841007663 156
1738722923953 156.32369904320177 157
1738722923985 205.5106638849137 158
1738722924016 184.34331539274152 159
1738722924047 179.78452658995593 160
1738722924079 163.32143370759636 161
1738722924110 166.83686882742373 162
1738722924141 162.21789729682845 163
1738722924173 193.44536230423932 164
1738722924204 166.73766113963106 165
1738722924235 165.0435387646599 166
1738722924266 170.69201728573472 167
1738722924298 185.46442921232307 168
1738722924329 166.34349535844632 169
1738722924360 161.85786857195131 170
1738722924391 155.01460812821634 171
1738722924422 176.29936650895164 172
1738722924454 159.89306633164415 173
1738722924485 155.89598374954477 174
1738722924516 176.83484192819594 175
1738722924547 165.29059665807077 176
1738722924578 157.93555395224 177
1738722924610 148.87834260783433 178
1738722924641 164.82529162920804 179
1738722924672 170.03407807851391 180
1738722924703 187.58272838478322 181
1738722924734 165.80729045580006 182
1738722924765 180.37308485777606 183
1738722924796 149.79149828349333 184
1738722924828 181.9619817168753 185
1738722924859 168.4745384988889 186
1738722924890 162.98252135006723 187
1738722924921 163.3505134893992 188
1738722924952 160.30090078785696 189
1738722924983 178.02743869853248 190
1738722925015 170.04729063954773 191
1738722925048 139.86265083000274 192
1738722925079 166.97941592019515 193
1738722925110 210.04829088779448 194
1738722925141 145.11874689611804 195
1738722925172 168.1563972942517 196
1738722925203 167.5380371766591 197
1738722925234 170.62129497063822 198
1738722925265 161.8026415827331 199
1738722925296 178.60120874404842 200
1738722925326 175.81019942068 201
1738722925357 147.01081110841062 202
1738722925388 179.62562633513915 203
1738722925419 224.9497278882996 204
1738722925450 176.3591850842342 205
1738722925481 185.22549985014007 206
1738722925512 170.49919354653107 207
1738722925542 142.02639685275813 208
1738722925573 210.9193888271011 209
1738722925604 163.17007675983197 210
1738722925635 151.14639629815164 211
1738722925666 170.26062986431492 212
1738722925697 176.6763448374045 213
1738722925727 171.48660444649818 214
1738722925758 163.58910776073563 215
1738722925789 156.1017674605308 216
1738722925819 182.863461332683 217
1738722925850 166.82796095497883 218
1738722925881 149.36343747284127 219
1738722925912 172.30997901976642 220
1738722925942 146.46262476640175 221
1738722925973 164.34214168069337 222
1738722926004 156.35996821197222 223
1738722926034 147.73053090558082 224
1738722926065 166.74977089195585 225
1738722926096 143.88369224571414 226
1738722926127 147.5846902591999 227
1738722926157 196.75090054995655 228
1738722926188 149.84848813791712 229
1738722926219 165.43039771273328 230
1738722926250 163.95617176419213 231
1738722926280 179.41120385283762 232
1738722926311 170.24836531512346 233
1738722926342 164.05587711919003 234
1738722926373 144.2033721672648 235
1738722926403 166.92149237713252 236
1738722926434 181.71521312952672 237
1738722926465 180.4099461264834 238
1738722926496 165.93706672336774 239
1738722926526 160.6456613084596 240
1738722926557 144.65818458039442 241
1738722926588 153.9557845831964 242
1738722926618 150.61380968765587 243
1738722926649 161.89103950038617 244
1738722926680 292.96536088312416 245
1738722926712 164.7845254566737 246
1738722926744 157.09238230563167 247
1738722926776 175.59680865933603 248
1738722926808 183.01281393171823 249
1738722926840 158.2551719607173 250
1738722926871 157.42777328058932 251
1738722926903 166.5146657715255 252
1738722926934 153.74752631798052 253
1738722926966 161.9717767371662 254
1738722926998 157.8544822620088 255
1738722927030 144.9703371337626 256
1738722927062 180.75249025979096 257
1738722927094 139.34927929144433 258
1738722927126 165.3223153589396 259
1738722927157 156.71804571419256 260
1738722927189 167.46760587336934 261
1738722927221 153.15737846837266 262
1738722927253 171.76436800000965 263
1738722927285 158.73588651991554 264
1738722927317 172.07659323992667 265
1738722927348 184.7843564192311 266
1738722927380 185.45948499376078 267
1738722927412 214.01727403293378 268
1738722927444 182.58695678338646 269
1738722927476 141.12377712104106 270
1738722927508 175.89372528600504 271
1738722927539 175.5784156316592 272
1738722927571 176.7901077855628 273
1738722927603 190.12448031107266 274
1738722927635 178.96285431071482 275
1738722927666 180.16301387755826 276
1738722927698 175.13050178222343 277
1738722927730 187.33901796551396 278
1738722927762 166.42316046640053 279
1738722927794 193.08206149204588 280
1738722927826 185.2613574023451 281
1738722927857 179.1941044676826 282
1738722927889 175.6446091979897 283
1738722927920 166.7514902240805 284
1738722927952 178.67318475576892 285
1738722927983 175.49862179646715 286
1738722928015 195.15490457664234 287
1738722928046 179.9229523579247 288
1738722928078 180.10918003759477 289
1738722928109 163.31177242913407 290
1738722928140 186.44348684688921 291
1738722928171 175.20026866290766 292
1738722928203 158.1291104723278 293
1738722928234 182.80645641623084 294
1738722928266 177.91477422698617 295
1738722928297 178.52766310717809 296
1738722928329 150.76799726919793 297
1738722928361 168.56238102283163 298
1738722928392 157.48075213430627 299
1738722928424 174.8495325235031 300
1738722928455 165.60075316704177 301
1738722928487 175.17611712243578 302
1738722928518 165.41872876803552 303
1738722928549 160.22649620888848 304
1738722928581 175.43159551869962 305
1738722928612 197.42891099682748 306
1738722928644 161.52776814741117 307
1738722928675 146.336771623395 308
1738722928706 161.87829890347987 309
1738722928738 181.06996636094658 310
1738722928769 116.00379585114324 311
1738722928801 183.80757691416517 312
1738722928832 137.51118601620405 313
1738722928863 182.48148530030286 314
1738722928895 162.90320516674183 315
1738722928926 147.9562283592574 316
1738722928958 160.2032830813463 317
1738722928989 158.48229846243703 318
1738722929021 169.96906929381257 319
1738722929052 253.7609272515743 320
1738722929083 187.56977960083805 321
1738722929114 178.48565106427702 322
1738722929146 168.66761158971337 323
1738722929177 182.1021738635464 324
1738722929208 168.5465743253089 325
1738722929240 186.78286495393934 326
1738722929271 168.74216328393703 327
1738722929302 137.91118988093524 328
1738722929334 152.3197074657871 329
1738722929365 145.68418779101071 330
1738722929396 176.26147617527639 331
1738722929427 173.8911571124531 332
1738722929459 155.83879134055718 333
1738722929490 183.73784513527207 334
1738722929522 157.18088816863533 335
1738722929553 189.26216667486878 336
1738722929584 197.317844381612 337
1738722929615 198.95094365180753 338
1738722929646 158.79395711907446 339
1738722929678 171.39212473755686 340
1738722929709 163.21541225536646 341
1738722929740 174.73787257911502 342
