1738726682554 168.05669230805435 0
1738726682589 154.22036183440943 1
1738726682623 177.5360869422778 2
1738726682658 136.82827384014072 3
1738726682693 173.81389500073678 4
1738726682728 180.78445688375578 5
1738726682763 176.0548821196532 6
1738726682798 162.96800720989717 7
1738726682832 172.74745451150872 8
1738726682867 168.32374010455374 9
1738726682901 180.85886756201154 10
1738726682936 186.90502669387976 11
1738726682971 177.17108459976436 12
1738726683006 175.04006011272358 13
1738726683040 186.80367756430672 14
1738726683076 168.57574784488295 15
1738726683111 214.73109962718272 16
1738726683146 170.79553099537725 17
1738726683180 123.26531520447769 18
1738726683215 177.49779388704 19
1738726683250 178.49089955989433 20
1738726683285 139.41774181884065 21
1738726683319 189.51682201665906 22
1738726683354 176.4153195774828 23
1738726683389 167.3832364811923 24
1738726683424 185.658983411577 25
1738726683458 132.81602144600126 26
1738726683493 160.86991526338298 27
1738726683528 151.65475083674875 28
1738726683562 173.8066178266144 29
1738726683597 223.94120631841406 30
1738726683632 257.7726833043122 31
1738726683667 159.97403669242817 32
1738726683701 175.04683825318168 33
1738726683736 178.4413007460792 34
1738726683770 165.64966737300284 35
1738726683805 181.06944518940824 36
1738726683839 174.25379928160547 37
1738726683873 177.000438120013 38
1738726683908 157.51442379964402 39
1738726683943 213.78311473279666 40
1738726683977 168.39934419689502 41
1738726684011 172.85348461914757 42
1738726684046 163.1460096072726 43
1738726684080 160.514432662522 44
1738726684114 162.43481663967557 45
1738726684148 173.64894592300797 46
1738726684183 171.72781120171592 47
1738726684217 156.56803924372159 48
1738726684252 150.2461784005047 49
1738726684286 157.6367822280555 50
1738726684321 164.9806004072492 51
1738726684355 166.79690574381416 52
1738726684390 166.91076649918963 53
1738726684424 146.8910494078029 54
1738726684458 208.2848203818544 55
1738726684492 175.20338377847182 56
1738726684526 163.79882391641368 57
1738726684560 167.02625808787118 58
1738726684594 167.78557731338165 59
1738726684628 176.9862804194155 60
1738726684662 160.614572555941 61
1738726684697 174.95372793024035 62
1738726684731 172.460944579405 63
1738726684766 149.11431820258505 64
1738726684801 183.0202206189302 65
1738726684839 177.03490991931085 66
1738726684875 207.46323543884677 67
1738726684910 185.98319880859523 68
1738726684946 185.85003757536478 69
1738726684982 176.96331706548952 70
1738726685019 159.4369249633705 71
1738726685058 155.5107034589018 72
1738726685095 186.69349174905042 73
1738726685130 145.51566068259768 74
1738726685166 184.46821880220207 75
1738726685201 166.5874716265962 76
1738726685236 161.88147355059155 77
1738726685271 164.81719792000914 78
1738726685306 196.27223049007245 79
1738726685343 165.88535245846603 80
1738726685378 168.2196012890369 81
1738726685414 170.31388920067678 82
1738726685449 168.2955363612437 83
1738726685485 155.81316511093266 84
1738726685521 148.2199618578165 85
1738726685556 197.62555288343526 86
1738726685591 156.03865866136027 87
1738726685626 189.65416098467904 88
1738726685661 162.17541340418862 89
1738726685697 185.83925069374882 90
1738726685732 172.0414533329994 91
1738726685768 157.89778143902754 92
1738726685802 135.10829631179467 93
1738726685837 171.4327307741191 94
1738726685873 167.69242988935034 95
1738726685910 178.37633773351976 96
1738726685946 185.11577077597218 97
1738726685981 169.2164843259616 98
1738726686017 172.210176907386 99
1738726686052 145.44067735493755 100
1738726686089 163.00239061651223 101
1738726686124 174.7459650230121 102
1738726686160 207.7727466400844 103
1738726686195 167.953650870836 104
1738726686231 159.75931116771585 105
1738726686267 141.4831744616061 106
1738726686302 146.48926151899533 107
1738726686338 180.65861563678686 108
1738726686374 181.9825662834403 109
1738726686410 149.35171430677605 110
1738726686445 124.74581413003754 111
1738726686481 161.31848101592666 112
1738726686517 146.753654852781 113
1738726686552 183.98468641163583 114
1738726686587 191.09739858052242 115
1738726686623 160.83872199682895 116
1738726686658 171.3508147219212 117
1738726686694 181.55317415906782 118
1738726686730 151.94230397201605 119
1738726686765 160.49084956245758 120
1738726686800 183.20432070297264 121
1738726686835 163.08565545973394 122
1738726686870 179.52188853016807 123
1738726686906 168.59270764031922 124
1738726686941 198.01889775241398 125
1738726686978 184.75011724723188 126
1738726687013 134.76929078596672 127
1738726687049 159.81924748535243 128
1738726687086 172.55215474179192 129
1738726687121 170.86421495098142 130
1738726687157 136.80675641919717 131
1738726687192 164.76554476538797 132
1738726687228 155.7110606914351 133
1738726687263 187.7225128986046 134
1738726687298 211.51064704300336 135
1738726687334 201.90745051360486 136
1738726687369 148.87805600438594 137
1738726687404 146.74764820335784 138
1738726687440 165.70389390665338 139
1738726687476 176.2947919573824 140
1738726687512 157.52013734978433 141
1738726687548 147.72278838187614 142
1738726687583 183.98740053634282 143
1738726687618 177.92148478681932 144
1738726687654 178.82077021969818 145
1738726687690 195.8798290285376 146
1738726687726 163.16952514383186 147
1738726687761 162.259311568756 148
1738726687797 153.67149903531657 149
1738726687833 172.7001136938163 150
1738726687869 246.42049653110706 151
1738726687905 175.8096824016558 152
1738726687941 130.92692567003775 153
1738726687976 164.58060348068824 154
1738726688011 163.73421830846942 155
1738726688046 154.9215415492732 156
1738726688082 152.0448416046248 157
1738726688117 180.73453159656077 158
1738726688152 179.1789995051447 159
1738726688188 148.0756065247945 160
1738726688223 143.40949376961902 161
1738726688259 169.42256774631798 162
1738726688295 178.12235109092745 163
1738726688330 147.3383217071984 164
1738726688366 172.1636975907133 165
1738726688402 164.1684721074568 166
1738726688438 152.3691084131429 167
1738726688473 163.48813711442145 168
