1738723689385 167.47713032128587 0
1738723689389 167.40700353025187 1
1738723689391 169.31063444837181 2
1738723689394 168.54097063297067 3
1738723689397 167.97728192732333 4
1738723689400 167.81547778130658 5
1738723689402 169.3013159020062 6
1738723689405 168.92172810717744 7
1738723689408 170.0514166532734 8
1738723689411 169.063285540849 9
1738723689414 170.3211408743125 10
1738723689417 172.10794340339206 11
1738723689420 169.65022195727272 12
1738723689422 171.63315295740347 13
1738723689425 169.97455431354058 14
1738723689428 171.23489146677218 15
1738723689431 167.8020971952511 16
1738723689433 165.01182539021863 17
1738723689436 168.96828100314275 18
1738723689439 165.67004555354774 19
1738723689442 168.4709271939296 20
1738723689445 168.1855745681585 21
1738723689448 169.66686574479778 22
1738723689450 169.03121353566547 23
1738723689453 171.005907609944 24
1738723689456 171.14817437056416 25
