1738724784915 170.87062325158772 0
1738724784948 178.29367993405793 1
1738724784980 154.6729490178246 2
1738724785013 169.1863477087969 3
1738724785046 168.01645096822912 4
1738724785079 189.3903128574732 5
1738724785112 168.9034267708088 6
1738724785145 173.3714193047672 7
1738724785178 164.31888832484825 8
1738724785210 164.21337368803816 9
1738724785243 166.30382395307828 10
1738724785275 175.23775159212548 11
1738724785308 160.0912073197078 12
1738724785341 165.2749325093331 13
1738724785374 163.94291768084452 14
1738724785406 168.44536228604738 15
1738724785439 180.20911005540546 16
1738724785471 160.51273855796273 17
1738724785504 166.70009251910443 18
1738724785536 177.83179678287703 19
1738724785569 187.54748201519337 20
1738724785601 161.5573212479368 21
1738724785634 169.23823859921922 22
1738724785666 180.1340102460343 23
1738724785698 158.69032797684366 24
1738724785731 164.5083701186979 25
1738724785763 182.3898723206103 26
1738724785795 170.85016860662392 27
1738724785828 170.61661227124313 28
1738724785860 169.0991293294313 29
1738724785892 172.69941638928597 30
1738724785924 170.90165287627136 31
1738724785956 167.83183743307345 32
1738724785989 176.9252129652984 33
1738724786021 172.58723082442074 34
1738724786053 168.4194906751801 35
1738724786085 171.37659107523206 36
1738724786117 170.70148457033676 37
1738724786149 172.44469977022624 38
1738724786182 172.5759675212125 39
1738724786214 151.86238881797553 40
1738724786246 148.98446363745234 41
1738724786278 180.08332369251497 42
1738724786310 157.36863902343651 43
1738724786343 160.81343316026232 44
1738724786375 129.61492139462084 45
1738724786407 154.35331707387653 46
1738724786439 204.3062021543138 47
1738724786471 155.6280780893998 48
1738724786503 158.61221455347408 49
1738724786535 192.04667945866134 50
1738724786567 158.9314149764096 51
1738724786599 162.44008053719054 52
1738724786631 162.6808913654138 53
1738724786663 164.5985791918255 54
1738724786695 173.9287114457671 55
1738724786727 172.6202064179931 56
1738724786759 173.73194837767167 57
1738724786791 163.03518424213286 58
1738724786823 183.63866097573677 59
1738724786855 166.79665733674307 60
1738724786887 162.31098965525734 61
1738724786919 183.75591865862685 62
1738724786951 159.49215507501873 63
1738724786983 167.46240495059112 64
1738724787015 171.4418353320577 65
1738724787046 149.80244531194225 66
1738724787078 168.80053280253412 67
1738724787111 161.78842465535473 68
1738724787143 181.85992474968438 69
1738724787175 172.2159235879033 70
1738724787207 170.4451812742482 71
1738724787238 174.4778080697401 72
1738724787270 163.4300542383818 73
1738724787302 172.4392386592448 74
1738724787334 175.10331624476626 75
1738724787366 176.4520395636032 76
1738724787398 170.94996798351912 77
1738724787429 171.11791326546052 78
1738724787461 177.46550548540304 79
1738724787493 167.87969996304878 80
1738724787525 160.64220926628695 81
1738724787557 171.20378931481878 82
1738724787588 163.9983888668174 83
1738724787620 178.03015260172563 84
1738724787652 182.2638629495253 85
1738724787684 155.33135115668455 86
1738724787715 171.80923109634816 87
1738724787747 195.41928661638224 88
1738724787779 160.44078550375286 89
1738724787811 168.18278402462957 90
1738724787842 176.66080141819816 91
1738724787874 156.90308556825914 92
1738724787906 176.20507878335036 93
1738724787938 161.61887466231266 94
1738724787969 171.64721829450122 95
1738724788001 148.86389432469656 96
1738724788033 174.2794570983549 97
1738724788064 160.64948103489832 98
1738724788096 175.51082821749677 99
