1738722789873 255.89490654257077 0
1738722789905 168.677745852744 1
1738722789937 207.82201820932116 2
1738722789968 198.8193209306171 3
1738722790000 141.50019320144426 4
1738722790031 148.18305374956506 5
1738722790064 149.42292197435742 6
1738722790097 182.61812130004623 7
1738722790130 126.55534869845201 8
1738722790163 187.37697949903472 9
1738722790196 131.84915154913222 10
1738722790231 202.90370857636734 11
1738722790263 177.2934287299788 12
1738722790295 80.723372217332 13
1738722790327 250.64367736902415 14
1738722790359 179.53444224525956 15
1738722790391 121.1934171247967 16
1738722790423 161.01488930402496 17
1738722790454 171.16920195526944 18
1738722790486 142.1292981979589 19
1738722790518 157.13303079494486 20
1738722790549 226.9224652019887 21
1738722790581 319.6374849169053 22
1738722790613 212.53009099953562 23
1738722790644 155.15318661655638 24
1738722790676 127.30265153022123 25
1738722790708 184.55656852304313 26
1738722790740 198.08130291369713 27
1738722790772 147.38072956783077 28
1738722790804 134.77469670816797 29
1738722790836 178.02836849506951 30
1738722790868 121.0844200791395 31
1738722790900 156.2044961120251 32
1738722790932 144.7597845697443 33
1738722790964 98.41732266273115 34
1738722790996 239.05606758267925 35
1738722791028 273.6776597772714 36
1738722791059 225.6371698798531 37
1738722791091 139.89914248507714 38
1738722791124 170.47478047980002 39
1738722791156 138.63973833191469 40
1738722791188 233.70691992394453 41
1738722791220 111.72695754760439 42
1738722791251 289.813976401036 43
1738722791283 323.2084097496879 44
1738722791314 81.49476846695562 45
1738722791346 175.55591361597644 46
1738722791380 193.0439976400877 47
1738722791413 176.64916370954018 48
1738722791445 175.20103452222006 49
1738722791477 193.86652054530444 50
1738722791509 112.00101785235506 51
1738722791541 187.82853283388897 52
1738722791572 173.13894664503263 53
1738722791604 176.9170256806802 54
1738722791636 211.83515805962696 55
1738722791667 261.00600803451533 56
1738722791699 132.3076963060036 57
1738722791730 125.91582431285657 58
1738722791762 206.55523560329695 59
1738722791793 201.00860709770978 60
1738722791825 187.647859005089 61
1738722791856 197.11757693645157 62
1738722791888 116.58560515099468 63
1738722791919 186.48176110122864 64
1738722791951 105.81874091756697 65
1738722791982 174.54585622457608 66
1738722792014 122.37665917630909 67
1738722792046 135.0770424517214 68
1738722792077 149.0446989405735 69
1738722792109 162.97537060429912 70
1738722792142 140.3776295633454 71
1738722792174 215.99566672395582 72
1738722792206 155.89790929435043 73
1738722792237 128.06161470138477 74
1738722792269 240.85369047517432 75
1738722792301 216.31362760471305 76
1738722792332 161.9229283987415 77
1738722792363 157.14393023714572 78
1738722792395 251.3331706657432 79
1738722792426 166.1382167488768 80
1738722792458 223.3376832399145 81
1738722792489 161.18923872816765 82
1738722792521 175.61833724909414 83
1738722792552 205.40922079012861 84
1738722792585 259.37227622569543 85
1738722792619 126.39043624453086 86
1738722792651 174.12433847290146 87
1738722792685 152.9253477402857 88
1738722792717 162.58045551198742 89
1738722792750 173.3457196325505 90
1738722792782 133.79262330599843 91
1738722792814 92.44257062924602 92
1738722792846 246.25708344730336 93
1738722792878 176.72591959598824 94
1738722792910 226.63115622439733 95
1738722792942 205.2292557248931 96
1738722792973 270.0383415077635 97
1738722793008 239.3174915787134 98
1738722793041 136.84249988018288 99
1738722793077 145.65411109182347 100
1738722793110 184.02686684637297 101
1738722793142 219.9027411940628 102
1738722793174 219.9146585947366 103
1738722793208 151.72681124954033 104
1738722793241 257.6922242276302 105
1738722793274 106.64632934012438 106
1738722793306 200.9628326377173 107
1738722793338 91.12431490915355 108
1738722793370 120.49447714297638 109
1738722793402 203.96707823276634 110
1738722793436 108.22650520524924 111
1738722793468 273.1755705550274 112
1738722793500 194.89455408296212 113
1738722793532 201.96119436082756 114
1738722793564 226.46277948986534 115
1738722793596 277.6731213082275 116
1738722793627 137.93205004812418 117
1738722793663 179.3375952136766 118
1738722793706 146.19153653544652 119
1738722793741 227.04127240353486 120
1738722793774 95.22599720825806 121
1738722793807 187.23157066910562 122
1738722793840 111.70874284005247 123
1738722793872 201.98290048657935 124
1738722793903 183.30216668891487 125
1738722793935 158.5528828299206 126
1738722793967 86.13116508187409 127
1738722793998 253.587871907999 128
1738722794030 145.49281740479543 129
1738722794061 194.16402786531805 130
1738722794092 214.50140767367336 131
1738722794124 179.23527461152224 132
1738722794155 177.73890658696553 133
1738722794187 122.88755882423412 134
1738722794218 129.70375630045112 135
1738722794250 159.84279269459165 136
1738722794281 175.33310318396576 137
1738722794313 156.70461472399458 138
1738722794344 390.781165128212 139
1738722794375 217.04775031866845 140
1738722794407 204.71317049532018 141
1738722794438 174.83436719412407 142
1738722794469 173.86471890523535 143
1738722794500 180.0981837801831 144
1738722794532 168.32138701503536 145
1738722794562 160.1558419569869 146
1738722794593 186.78639727759975 147
1738722794626 195.84098430880303 148
1738722794658 216.85924072441549 149
1738722794690 143.24109814453283 150
1738722794721 183.1347658844298 151
1738722794753 124.4739707834134 152
1738722794785 169.1584024444821 153
1738722794816 115.52510037734875 154
1738722794848 280.16102292095985 155
1738722794880 162.2206026710781 156
1738722794911 188.85788055187098 157
1738722794942 168.7040621000077 158
1738722794974 118.97904894282973 159
1738722795005 151.12210272593032 160
1738722795036 162.5801327625337 161
1738722795067 190.40540171046982 162
1738722795098 229.30515226007 163
1738722795129 141.39063993596017 164
1738722795161 242.81733226950104 165
1738722795192 154.00976976967831 166
1738722795223 193.50053230337718 167
1738722795254 171.6354649404348 168
1738722795285 57.57019715494423 169
1738722795316 144.7795268489516 170
1738722795347 203.55286990672798 171
1738722795378 175.7124169047972 172
1738722795409 184.49848180842994 173
1738722795440 175.0211719742114 174
1738722795471 259.7308095891573 175
1738722795502 169.83945537293138 176
1738722795533 133.41705218922385 177
1738722795564 206.82485934262195 178
1738722795595 165.0906075382168 179
1738722795626 203.31713739857304 180
1738722795657 132.0240073644822 181
1738722795688 63.106045821525115 182
1738722795719 68.7245358039617 183
1738722795750 157.9057934056937 184
1738722795781 244.19895827442178 185
1738722795812 119.46052198250281 186
1738722795843 165.96512660642 187
1738722795874 130.07942835851227 188
1738722795905 224.74177443606126 189
1738722795936 204.70689821528762 190
1738722795966 294.1636377163809 191
1738722795997 217.8940447877992 192
1738722796028 122.26710509713394 193
1738722796059 120.23105947399944 194
1738722796090 218.2008646050505 195
1738722796121 171.08541010803168 196
1738722796152 176.45178210096614 197
1738722796183 236.72948388759215 198
1738722796214 163.64730139677155 199
1738722796245 205.87983491132863 200
1738722796276 202.98890827893518 201
1738722796307 197.72409653457342 202
1738722796338 212.35530879800598 203
1738722796369 83.13456764144762 204
1738722796400 146.7722740633819 205
1738722796431 169.9264553806839 206
1738722796461 208.5918755566291 207
1738722796492 109.19984728927881 208
1738722796523 207.98406966175116 209
1738722796554 172.94763105100716 210
1738722796585 175.106758991786 211
1738722796616 146.84600020309972 212
1738722796647 230.35685377019283 213
1738722796678 134.67951542452633 214
1738722796709 74.90630824963074 215
1738722796740 288.73131163190436 216
1738722796771 147.24042084777338 217
1738722796802 130.58722817703716 218
1738722796833 136.4615243330445 219
1738722796864 157.83685683388305 220
1738722796895 156.6505414396716 221
1738722796926 133.3609046016236 222
1738722796957 139.22245513120563 223
1738722796987 164.53235976195953 224
1738722797018 231.07730439515618 225
1738722797049 364.55973445951406 226
1738722797080 166.0822166335719 227
1738722797111 252.75949247542954 228
1738722797142 207.33898240943918 229
1738722797173 141.52805555852805 230
1738722797204 162.80627538316773 231
1738722797235 196.27890058359088 232
1738722797266 197.35449413467236 233
1738722797297 168.45659485024626 234
1738722797328 170.2785250291098 235
1738722797360 191.02337402166927 236
1738722797392 167.6714054965106 237
1738722797423 178.96100815717836 238
1738722797455 246.4518327792915 239
1738722797486 150.42230979470656 240
1738722797518 131.87032680664493 241
1738722797549 134.2127073113085 242
1738722797580 218.80335923471347 243
1738722797612 152.34829272791401 244
1738722797644 152.38501850687595 245
1738722797676 223.40168944485143 246
1738722797707 180.18341750329745 247
1738722797739 143.51285846492627 248
1738722797770 196.83716148010942 249
1738722797801 172.0385440552916 250
1738722797833 133.73253789400937 251
1738722797864 177.27957921099872 252
1738722797896 116.61441837595451 253
1738722797927 159.08056535279493 254
1738722797958 189.60315673309304 255
1738722797990 168.7208072521602 256
1738722798021 110.0178946887291 257
1738722798052 173.02201027879383 258
1738722798083 125.40880569692033 259
1738722798114 137.62192244316006 260
1738722798146 230.60698215318578 261
1738722798177 54.822818947736955 262
1738722798208 224.3883033999521 263
1738722798240 153.8982737247013 264
1738722798271 187.77114938452914 265
1738722798344 216.0531315433478 266
1738722798378 180.03380506952197 267
1738722798412 198.95540270343548 268
1738722798444 222.8452097600355 269
1738722798477 215.30078057705418 270
1738722798509 237.0766694093559 271
1738722798541 189.80176085275946 272
1738722798573 205.49935420868758 273
1738722798605 185.87202606672935 274
1738722798637 96.99761889076323 275
1738722798668 149.86075263056938 276
1738722798700 63.300234365401174 277
1738722798732 809.2892746975398 278
1738722798765 117.20418071694367 279
1738722798797 213.99557326880958 280
1738722798829 103.47906499857734 281
1738722798861 166.90886599785338 282
1738722798893 150.61009880980015 283
1738722798926 220.37970360335655 284
1738722798959 74.92508046908729 285
1738722798992 171.87104376847108 286
1738722799024 141.005429800256 287
1738722799057 228.9490841964371 288
1738722799089 187.74296896400537 289
1738722799121 102.45660887576072 290
1738722799154 138.06277811191126 291
1738722799187 300.4316361893661 292
1738722799220 200.92746257919347 293
1738722799253 198.61743761218807 294
1738722799285 177.49108682698554 295
1738722799317 170.072029611963 296
1738722799349 117.21386431899683 297
1738722799381 113.76024470007813 298
1738722799413 171.9155135878598 299
1738722799444 267.9232158353916 300
1738722799476 152.23022633938265 301
1738722799508 105.46602220796683 302
1738722799540 170.6363692080422 303
1738722799573 103.18287347879834 304
1738722799604 206.36391302174326 305
1738722799636 125.24243172891161 306
1738722799667 202.5137275863061 307
1738722799699 127.44043327905098 308
1738722799731 95.17427604965152 309
1738722799764 155.79455608810773 310
1738722799797 211.41879473648666 311
1738722799829 223.00405348314564 312
1738722799862 73.51839059417797 313
1738722799894 98.07580706848711 314
1738722799929 148.14587868128424 315
1738722799961 240.00740311927004 316
1738722799994 381.29780786896833 317
1738722800026 94.78152513191004 318
1738722800058 101.08016314944842 319
1738722800092 196.34916404626074 320
1738722800124 206.86849921689702 321
1738722800156 123.63891790023986 322
1738722800188 126.63205026475102 323
1738722800220 207.86806409446282 324
1738722800251 76.31972158386317 325
1738722800283 160.07051953290303 326
1738722800314 141.07106246762098 327
1738722800346 225.4812905757451 328
1738722800378 189.79423685910595 329
1738722800411 202.84817988643755 330
1738722800443 96.6146247486832 331
1738722800475 221.8453460173695 332
1738722800507 151.04463449523993 333
1738722800544 115.02227698706614 334
1738722800577 139.3341370724627 335
1738722800610 202.1054165475635 336
1738722800643 123.18202227071507 337
1738722800676 112.71754392514002 338
1738722800709 135.36090341699534 339
1738722800742 188.44762718518575 340
1738722800776 116.26680312988601 341
1738722800809 203.17714870507615 342
1738722800842 194.64213520291258 343
1738722800875 147.4601998467673 344
1738722800908 260.2185521589902 345
1738722800940 228.1505317486986 346
1738722800974 131.71667789322854 347
1738722801007 125.48411235686103 348
1738722801041 120.20141920384317 349
1738722801074 190.10381392895928 350
1738722801107 96.50983391401705 351
1738722801141 152.95396779637642 352
1738722801174 179.27829673201106 353
1738722801207 97.98427465746114 354
1738722801240 202.5639092836368 355
1738722801273 196.372814069943 356
1738722801307 131.1470945974359 357
1738722801340 214.31245327336828 358
1738722801374 199.26681850670604 359
1738722801407 219.76400331889778 360
1738722801440 131.38997279146977 361
1738722801473 249.4026279488475 362
1738722801507 201.70069516592778 363
1738722801540 135.46753920154654 364
1738722801573 90.77034352446577 365
1738722801606 180.40356007572512 366
1738722801640 174.3684698959054 367
1738722801673 133.4254728727596 368
1738722801705 200.12965728003098 369
1738722801737 152.4046306085386 370
1738722801770 160.98303789462446 371
1738722801803 351.18738128985956 372
1738722801836 172.95281978976053 373
1738722801869 407.09484497364093 374
1738722801903 170.12380277078663 375
1738722801936 137.31048471212677 376
1738722801970 151.02604603676795 377
1738722802003 187.21494662610303 378
1738722802035 138.74897516388933 379
1738722802067 140.78760948725676 380
1738722802099 169.25313283545208 381
1738722802132 144.31557101614044 382
1738722802164 167.98151459905017 383
1738722802197 106.61398057757815 384
1738722802229 163.85939914475622 385
1738722802261 130.83573282898223 386
1738722802299 134.98267008927732 387
1738722802332 165.68244259044693 388
1738722802367 197.59825073855188 389
1738722802399 218.15695413083324 390
1738722802432 155.4550872872747 391
1738722802464 95.8949568020635 392
1738722802496 133.12088699567096 393
1738722802527 223.6451687435767 394
1738722802559 152.76534243662408 395
1738722802591 159.95362628766495 396
1738722802624 169.09508694608851 397
1738722802657 169.4033303720873 398
1738722802690 167.22269420664762 399
1738722802723 210.1706908871334 400
1738722802756 138.95825794972055 401
1738722802789 69.04968517080619 402
1738722802822 117.6419529998577 403
1738722802856 319.2528697096858 404
1738722802888 133.24960682369948 405
1738722802921 117.04526332160378 406
1738722802953 78.71101358168734 407
1738722802985 154.981791532397 408
1738722803017 212.460211057823 409
1738722803049 146.9238593056584 410
1738722803081 173.81452619635908 411
1738722803113 197.84683838512137 412
1738722803145 156.7569367169607 413
1738722803177 150.73190496975215 414
1738722803209 188.56987707016165 415
1738722803241 191.60674353267603 416
1738722803273 143.3950670868433 417
1738722803304 250.75887151436459 418
1738722803336 166.55934701429393 419
1738722803368 220.8495243701491 420
1738722803401 162.9419311897295 421
1738722803433 140.92594984589186 422
1738722803465 189.26548613253422 423
1738722803497 135.82626297504666 424
1738722803529 217.81424167759448 425
1738722803562 73.25161772389008 426
1738722803595 213.88558470129922 427
1738722803628 174.91434934121307 428
1738722803661 215.90738060034764 429
1738722803694 206.759307013838 430
1738722803726 166.33817189134237 431
1738722803759 287.7962937133687 432
1738722803792 125.22468476126805 433
1738722803824 227.855265776608 434
1738722803856 117.81572883873457 435
1738722803888 185.68456237619571 436
1738722803919 185.96335954500853 437
1738722803951 291.20115408759335 438
1738722803984 286.2833126264372 439
1738722804018 175.13903956409166 440
1738722804051 303.30583275631574 441
1738722804084 154.853458391251 442
1738722804117 198.97966282581956 443
1738722804150 137.7960369133486 444
1738722804182 48.42154905279213 445
1738722804215 128.249669029989 446
1738722804247 214.14358403265015 447
1738722804279 124.85375335825717 448
1738722804312 120.03106939839105 449
1738722804345 147.01280407453555 450
1738722804378 128.73087731222256 451
1738722804411 151.78207514798848 452
1738722804444 125.70549377855808 453
1738722804477 205.942384226225 454
1738722804510 167.9689157387281 455
1738722804543 135.58920190623212 456
1738722804575 192.55965849151465 457
1738722804607 206.10896026672916 458
1738722804639 144.81466221416704 459
1738722804672 235.88912680977256 460
1738722804705 138.07898690098386 461
1738722804737 89.1912306279046 462
1738722804769 166.12979666608925 463
1738722804802 174.81827209651678 464
1738722804834 152.64184953874638 465
1738722804867 113.77779957092328 466
1738722804900 168.04755675114686 467
1738722804932 186.5676777480777 468
1738722804964 225.7651530487786 469
1738722804996 266.58594378111803 470
1738722805030 228.35153277180123 471
1738722805062 204.34415155195265 472
1738722805095 137.96329885808458 473
1738722805128 180.36902732076524 474
1738722805161 202.1402930448542 475
1738722805194 193.5723689297949 476
1738722805227 161.75062287190218 477
1738722805259 181.6300090269713 478
1738722805292 160.97519218441676 479
1738722805325 128.33368652687227 480
1738722805358 93.94867450447254 481
1738722805390 125.14383896977736 482
1738722805423 214.0918022361429 483
1738722805455 121.48273019199878 484
1738722805488 138.63698564410782 485
1738722805521 284.2949143957246 486
1738722805553 268.0478170418252 487
1738722805586 152.4188012397871 488
1738722805619 141.22769720426487 489
1738722805651 173.90221154909423 490
1738722805684 159.507295358415 491
1738722805717 180.8651291576519 492
1738722805750 180.7793009954402 493
1738722805782 182.77447556766438 494
1738722805815 192.78466230267878 495
1738722805848 247.62251331169054 496
1738722805880 64.47737313356556 497
1738722805913 159.48037628601605 498
1738722805946 270.0990887198623 499
