1738722595057 169.83763803586353 0
1738722595092 201.68777297996772 1
1738722595127 158.27333323987602 2
1738722595161 176.96102251993813 3
1738722595197 108.2315187500743 4
1738722595233 152.3202144003258 5
1738722595269 165.75538893447094 6
1738722595305 161.70921653477004 7
1738722595340 159.8056654675628 8
1738722595375 191.99778976985087 9
1738722595410 152.97030921961002 10
1738722595446 165.39045850915218 11
1738722595481 149.64075231493575 12
1738722595516 181.3255653935921 13
1738722595551 150.7421824710933 14
1738722595587 170.6226133666529 15
1738722595622 176.93911849641 16
1738722595656 137.78553060472038 17
1738722595691 175.31454823462857 18
1738722595726 162.67375484607928 19
1738722595761 171.69489009557432 20
1738722595796 126.33994836497095 21
1738722595831 165.68422176036762 22
1738722595865 216.84406180768315 23
1738722595900 178.05334641474374 24
1738722595935 161.67157024568112 25
1738722595971 172.7452888957247 26
1738722596006 198.88362850223655 27
1738722596042 178.02178950727756 28
1738722596077 152.5597918854325 29
1738722596112 188.95907226483536 30
1738722596147 162.58077684438143 31
1738722596183 194.72798134170984 32
1738722596218 177.26143975287744 33
1738722596253 151.65008511985124 34
1738722596288 198.83857050547127 35
1738722596323 187.64174343718813 36
1738722596358 205.15545754414543 37
1738722596393 205.75717230477426 38
1738722596428 175.114490727418 39
1738722596462 141.82661709710456 40
1738722596497 144.98795402653573 41
1738722596531 150.03440352722933 42
1738722596566 176.30382015074883 43
1738722596600 230.8208464882377 44
1738722596635 186.32218583118163 45
1738722596670 177.60582752991675 46
1738722596706 231.7738920477949 47
1738722596741 156.1521520832949 48
1738722596777 166.61522075720532 49
1738722596812 165.42932797764476 50
1738722596847 194.69392171292148 51
1738722596883 92.37643764064144 52
1738722596918 150.7241624630248 53
1738722596953 167.31970226895663 54
1738722596988 165.18654321929867 55
1738722597023 172.89959099735165 56
1738722597058 168.96865371913015 57
1738722597093 178.05830324011782 58
1738722597128 179.35649808496493 59
1738722597162 217.91993622508255 60
1738722597197 277.55916516631817 61
1738722597233 182.38480036011552 62
1738722597268 176.80238927281533 63
1738722597303 159.1397302818775 64
1738722597338 158.41391467469205 65
1738722597373 148.99595302897563 66
1738722597408 166.8543498603488 67
1738722597443 165.04389626883042 68
1738722597478 174.0528066571384 69
1738722597513 163.3734572653512 70
1738722597548 92.50041256901818 71
1738722597583 173.40375919044297 72
1738722597618 168.07125682791968 73
1738722597654 142.0156532850074 74
1738722597689 158.02491999793156 75
1738722597723 155.04204199401528 76
1738722597758 171.82485878927042 77
1738722597793 146.87805862688666 78
1738722597827 146.8247961282833 79
1738722597862 140.03566157470692 80
1738722597896 190.07792868993684 81
1738722597931 146.8215498732529 82
1738722597965 166.8192554893507 83
1738722598000 143.01543375494327 84
1738722598034 145.8466853514493 85
1738722598070 179.6537924718223 86
1738722598111 169.13525901774923 87
1738722598148 157.70511918836675 88
1738722598185 121.91570817616712 89
1738722598221 141.70479976685198 90
1738722598258 176.64933493520283 91
1738722598300 176.13371508050574 92
1738722598337 157.95923718849184 93
1738722598374 175.53385180496903 94
1738722598410 161.29378930341798 95
1738722598446 202.9931376427115 96
1738722598481 159.51052226375626 97
1738722598516 167.26260503152514 98
1738722598553 152.42436996176448 99
1738722598589 168.01846131803677 100
1738722598624 176.64924099527042 101
1738722598660 173.61109262406336 102
1738722598697 167.3971052579531 103
1738722598740 168.49111940547783 104
1738722598780 157.668721339068 105
1738722598824 174.3022583263072 106
1738722598863 183.03101357987674 107
1738722598901 150.26954295894294 108
1738722598937 154.19721973015325 109
1738722598973 162.94721069873458 110
1738722599009 160.4876945435284 111
1738722599045 179.11660868229671 112
1738722599081 163.25360803076796 113
1738722599117 147.9364057874533 114
1738722599153 177.60648097840837 115
1738722599188 140.44958839373868 116
1738722599223 168.82433949137499 117
1738722599258 180.63875404764883 118
1738722599293 148.25198200746783 119
1738722599328 173.1353327963928 120
1738722599363 186.11212214088545 121
1738722599398 176.02474322138562 122
1738722599433 203.3298894411918 123
1738722599468 188.28350552268094 124
1738722599502 158.21929309683003 125
1738722599537 191.6366583548177 126
1738722599572 133.58478118706276 127
1738722599606 165.54726397309733 128
1738722599641 175.9607846941349 129
1738722599676 163.21908971533605 130
1738722599711 188.5380851880438 131
1738722599746 153.78569440687494 132
1738722599780 162.84855856482625 133
1738722599814 180.1901484882732 134
1738722599849 170.414716076619 135
1738722599883 152.34775357609897 136
1738722599917 157.7412567246878 137
1738722599952 192.5251566478649 138
1738722599986 181.58869627691584 139
1738722600020 158.9787947698999 140
1738722600055 135.15023703582762 141
1738722600089 203.44295968021865 142
1738722600124 195.99490848797777 143
1738722600158 159.32566520865996 144
1738722600192 158.16316253367435 145
1738722600226 158.06434551672857 146
1738722600261 174.12360943395717 147
1738722600295 200.18790348282928 148
1738722600329 173.86974652223788 149
1738722600364 159.7127071330938 150
1738722600398 158.85187991520453 151
1738722600432 170.361237642512 152
1738722600467 188.47433351573372 153
1738722600501 244.85115730386855 154
1738722600535 149.7569297292975 155
1738722600569 164.78396916264316 156
1738722600603 160.12971806283608 157
1738722600637 170.09803750764834 158
1738722600672 192.8847406182091 159
1738722600706 170.39906162537758 160
1738722600740 178.81467685857373 161
1738722600774 166.69114112918132 162
1738722600808 178.00123828641557 163
1738722600842 164.47079695657732 164
1738722600876 179.69257574295727 165
1738722600910 127.84073472921246 166
1738722600945 207.2579601530799 167
1738722600979 171.29805464216645 168
1738722601013 187.53112275549222 169
1738722601047 131.18699680107946 170
1738722601081 166.91221254281538 171
1738722601115 167.94615115064968 172
1738722601149 131.08912887394885 173
1738722601183 157.80587077312225 174
1738722601218 171.08403077594673 175
1738722601252 153.8040985871326 176
1738722601287 182.227763855062 177
1738722601321 175.54883694138164 178
1738722601355 184.78462489872575 179
1738722601389 163.61361552799536 180
1738722601423 191.31146662626202 181
1738722601458 165.57240768956495 182
1738722601492 172.93577901821155 183
1738722601526 165.4368702744621 184
1738722601560 160.11526012852644 185
1738722601595 179.26309071285968 186
1738722601629 161.62299820156483 187
1738722601663 152.11533253554438 188
1738722601697 170.93241497352022 189
1738722601732 147.6718393533103 190
1738722601766 170.92093753569227 191
1738722601800 192.86575617074962 192
1738722601834 181.24537995468657 193
1738722601868 155.2933849040363 194
1738722601903 147.23971736975935 195
1738722601937 184.16864551733147 196
1738722601971 182.60739000979356 197
1738722602005 149.20036407681198 198
1738722602039 154.39853875091347 199
1738722602073 100.04430892820807 200
1738722602107 142.53738998250859 201
1738722602141 157.29336099819153 202
1738722602176 167.28463564622677 203
1738722602210 175.89285577179402 204
1738722602243 163.90507873885727 205
1738722602278 171.24675632212748 206
1738722602313 140.10890634508118 207
1738722602349 187.5014084175439 208
1738722602384 187.05284395032837 209
1738722602419 167.71385291056205 210
1738722602454 138.81836234583386 211
1738722602488 165.11856168558558 212
1738722602523 178.14798499956285 213
1738722602558 117.53817528510658 214
1738722602593 154.7244785726465 215
1738722602627 179.55898146832322 216
1738722602662 183.80608474999468 217
1738722602696 177.14027736531554 218
1738722602730 146.470505665894 219
1738722602765 196.9491493408078 220
1738722602799 174.60281214827114 221
1738722602834 150.80374962618257 222
1738722602869 153.23629454554046 223
1738722602905 164.73560679346198 224
1738722602940 271.21200881535526 225
1738722602975 162.3825655368052 226
1738722603010 180.0316262750608 227
1738722603045 152.4780939213704 228
1738722603080 161.83259899802954 229
1738722603115 143.28556895118228 230
1738722603151 180.65249654942124 231
1738722603187 142.28805350063655 232
1738722603222 200.79612206581163 233
1738722603257 170.90619041923412 234
1738722603293 162.83289306323502 235
1738722603328 180.97410434488927 236
1738722603363 186.98058273878502 237
1738722603399 176.83166272240135 238
1738722603434 176.88717392920117 239
1738722603469 182.10276618901364 240
1738722603504 138.32620285522296 241
1738722603539 181.49977919649612 242
1738722603574 170.69417000507926 243
1738722603609 174.38808013495662 244
1738722603644 155.3075440742864 245
1738722603679 170.77608141864204 246
1738722603714 187.73791721114603 247
1738722603749 164.67339933958579 248
1738722603785 152.58335819047105 249
1738722603820 154.92348584167885 250
1738722603855 136.03819047870428 251
1738722603889 176.28334425167716 252
1738722603924 147.0757925966936 253
1738722603959 142.9047760236525 254
1738722603994 184.69430774848797 255
1738722604029 185.97232942932436 256
1738722604063 151.25405062115055 257
1738722604098 152.38666515327432 258
1738722604133 145.86978413643754 259
1738722604167 188.18944544928493 260
1738722604202 189.24433583179174 261
1738722604236 179.90598890452316 262
1738722604270 186.2886150055064 263
1738722604305 174.96833305156733 264
1738722604340 148.89807327906487 265
1738722604376 149.18630243369813 266
1738722604411 159.34195682609504 267
1738722604446 183.26382923525247 268
1738722604480 169.09123769158128 269
1738722604515 172.81576283137582 270
1738722604550 186.54685617821897 271
1738722604585 153.55850937018099 272
1738722604619 148.3261471853521 273
1738722604654 180.4635318747076 274
1738722604688 194.53690215299952 275
1738722604723 245.70654918683456 276
1738722604757 179.27427514077775 277
1738722604792 158.34930728610635 278
1738722604827 176.26211160837767 279
1738722604861 174.10910012614224 280
1738722604896 167.60693267270162 281
1738722604930 161.4232525778884 282
1738722604964 173.03600735684182 283
1738722604999 157.48770512362435 284
1738722605033 177.67064848338356 285
1738722605068 189.36502756970629 286
1738722605103 169.09773112008295 287
1738722605138 145.3200353384125 288
1738722605172 179.7380478663071 289
1738722605207 164.60429112059168 290
1738722605241 186.44180004440273 291
1738722605276 157.7102610706115 292
1738722605310 162.06658845716223 293
1738722605345 156.59859081190635 294
1738722605379 158.4589640531188 295
1738722605414 162.94643097337197 296
1738722605448 147.9598679929321 297
1738722605482 162.19932220421057 298
1738722605517 129.31901867294644 299
1738722605551 141.37954489525922 300
1738722605585 155.80033524099116 301
1738722605620 171.35346808518543 302
1738722605654 162.72174696943796 303
1738722605689 176.75927820027232 304
1738722605723 157.4634034508556 305
1738722605758 153.3406030202738 306
1738722605793 149.76047649792076 307
1738722605829 159.25788544160832 308
1738722605863 180.50701681307973 309
1738722605898 171.95535886124156 310
1738722605933 166.0368103456611 311
1738722605967 173.45770744617658 312
1738722606001 167.78998073716272 313
1738722606036 159.80201394634383 314
1738722606070 175.31692580103908 315
1738722606105 179.67036857035737 316
1738722606139 148.40223528016367 317
1738722606175 180.74143548816187 318
1738722606211 189.4210962362984 319
1738722606246 177.61833436746537 320
1738722606282 171.35208890241447 321
1738722606317 177.6900683235256 322
1738722606353 154.8568923385741 323
1738722606388 165.97671972636368 324
1738722606422 166.42297216670767 325
1738722606457 134.71016481004864 326
1738722606494 156.54633383781558 327
1738722606528 123.32025008815381 328
1738722606563 135.30905958629427 329
1738722606598 184.56339307378815 330
1738722606633 190.98648226926224 331
1738722606668 167.0457247612725 332
1738722606704 176.77236750055167 333
1738722606739 170.0580486710824 334
1738722606774 166.67278360971977 335
1738722606809 151.9815090963409 336
1738722606844 169.078317858277 337
1738722606879 185.09407177907235 338
1738722606914 186.5554652723379 339
1738722606949 142.74185660967822 340
1738722606983 206.98663130482277 341
1738722607018 157.1377324543484 342
1738722607053 150.80121335897644 343
1738722607088 174.0496927294869 344
1738722607122 177.48287477951766 345
1738722607157 186.7450584185239 346
1738722607192 153.93423402008128 347
1738722607227 156.94389813902637 348
1738722607262 163.70712711777773 349
1738722607296 182.37552834003378 350
1738722607331 168.08739112035428 351
1738722607365 171.98792336607528 352
1738722607400 129.9937338464298 353
1738722607434 147.26183210033284 354
1738722607468 163.37962283206033 355
1738722607503 168.14145319701404 356
1738722607537 176.24905644628632 357
1738722607571 170.05564353308034 358
1738722607605 153.20395463671417 359
1738722607640 139.82783325292775 360
1738722607674 166.78275175809742 361
1738722607708 166.83867579055394 362
1738722607743 92.01986678876868 363
1738722607777 152.94939562237843 364
1738722607827 160.01581914974395 365
1738722607868 175.3019890121115 366
1738722607903 177.92879017009855 367
1738722607937 163.62730728049178 368
1738722607972 186.29341275679724 369
1738722608007 160.18996651854843 370
1738722608041 166.89250011691394 371
1738722608076 144.27999693403834 372
1738722608110 166.71712943225052 373
1738722608145 164.98526103370241 374
1738722608179 161.90894813141944 375
1738722608214 153.36677842363773 376
1738722608248 165.58379815252727 377
1738722608283 151.29554208589386 378
1738722608317 163.601534606799 379
1738722608352 178.98809008344816 380
1738722608386 172.73147480357144 381
1738722608421 188.77270386575842 382
1738722608455 128.9800315705858 383
1738722608489 204.15735226649963 384
1738722608523 188.9192782990695 385
1738722608557 176.46106375068388 386
1738722608591 167.4089023609122 387
1738722608626 164.14765659448474 388
1738722608660 185.55418474552224 389
1738722608694 159.23925934001724 390
1738722608728 163.0778379813598 391
1738722608762 157.47898493948483 392
1738722608796 170.62780970076966 393
1738722608831 185.4100929443548 394
1738722608865 177.56216889986496 395
1738722608899 192.0984701432914 396
1738722608933 175.54506135851173 397
1738722608967 169.22024518409367 398
1738722609002 181.23427684653456 399
1738722609036 177.0431801684864 400
1738722609070 153.42889301603367 401
1738722609104 167.5069162369326 402
1738722609138 184.26338517386566 403
1738722609173 129.35635754052882 404
1738722609207 163.2896203342445 405
1738722609241 170.18440691858638 406
1738722609275 151.15625605498792 407
1738722609310 180.32053236727015 408
1738722609345 149.41821848847357 409
1738722609380 175.04204346840268 410
1738722609414 176.1686158401714 411
1738722609449 147.73683298114457 412
1738722609484 185.74187593696757 413
1738722609518 166.73411618296126 414
1738722609553 190.0836490651652 415
1738722609588 169.58929395344168 416
1738722609622 176.80998956233577 417
1738722609657 209.27176102094143 418
1738722609692 135.67651409503594 419
1738722609726 178.01614336723014 420
1738722609761 184.62642403012487 421
1738722609796 182.043316382417 422
1738722609830 168.82253061064515 423
1738722609866 148.978158600086 424
1738722609902 158.33639410116777 425
1738722609938 181.81752445302385 426
1738722609973 163.27639976004915 427
1738722610008 179.66954156637786 428
1738722610043 123.8796921126258 429
1738722610078 175.74823234668565 430
1738722610113 189.4047104611496 431
1738722610149 178.25209863608052 432
1738722610185 137.16379940520045 433
1738722610220 195.32997312964713 434
1738722610255 165.7417364026496 435
1738722610291 169.6345788580436 436
1738722610325 140.09855623636057 437
1738722610360 208.21406382399132 438
1738722610395 150.4269883084299 439
1738722610429 165.2653461844595 440
1738722610464 157.60761165530798 441
1738722610498 153.65978386798326 442
1738722610532 183.2350746047355 443
1738722610566 155.3015599371991 444
1738722610601 158.0369444338193 445
1738722610635 142.26902055360526 446
1738722610670 202.07768803089206 447
1738722610704 186.23646974880435 448
1738722610738 178.85154120107393 449
1738722610772 180.93873222977234 450
1738722610806 171.97434415999672 451
1738722610841 181.94090868276967 452
1738722610875 175.4595567986732 453
1738722610909 253.71385538625444 454
1738722610943 145.83351794002658 455
1738722610978 158.02508582586356 456
1738722611012 116.91696165665883 457
1738722611046 178.0366220475994 458
1738722611080 205.9085093898631 459
1738722611114 162.01693327211103 460
1738722611148 172.57761998151844 461
1738722611182 180.10584243647344 462
1738722611217 232.57624108213653 463
1738722611251 150.09718597823075 464
1738722611285 160.22227417658135 465
1738722611319 137.8477769919243 466
1738722611353 188.33256889020367 467
1738722611387 189.35161745975995 468
1738722611422 137.70527342277234 469
1738722611456 158.00788539831157 470
1738722611490 129.43617432789569 471
1738722611524 179.0991497738284 472
1738722611559 168.29047372822507 473
1738722611593 150.7671788728669 474
1738722611627 171.4256444345613 475
1738722611661 167.25497325619673 476
1738722611696 161.91087583895458 477
1738722611729 153.27810998312444 478
1738722611763 178.53933500973227 479
1738722611797 184.67540946001114 480
1738722611831 180.95643371128648 481
1738722611865 163.29083060881007 482
1738722611900 199.85944775355946 483
1738722611935 180.25124405427792 484
1738722611971 161.20123312980016 485
1738722612006 174.69121016481654 486
1738722612041 165.97116906452788 487
1738722612076 151.3827616003388 488
1738722612111 178.4453468591602 489
1738722612146 160.4508819516991 490
1738722612181 182.48899620913818 491
1738722612216 174.79700393324921 492
1738722612250 181.12450716071726 493
1738722612286 185.61529279046078 494
1738722612320 165.7502287609558 495
1738722612355 185.82913470071895 496
1738722612390 155.63318525192983 497
1738722612424 158.34830523691338 498
1738722612459 170.81875339116834 499
