1738722855961 149.19687831517118 0
1738722855996 162.7373671090098 1
1738722856032 182.1040537438836 2
1738722856068 168.08250031865617 3
1738722856103 163.01801838898518 4
1738722856139 169.27210893436265 5
1738722856175 176.2490462578902 6
1738722856211 196.47378364612192 7
1738722856246 167.98094711339607 8
1738722856300 152.20243482876717 9
1738722856342 170.99256528701832 10
1738722856377 171.9176476525779 11
1738722856412 166.36506949829018 12
1738722856448 160.34696295004724 13
1738722856483 171.8837996509739 14
1738722856518 178.03650142913114 15
1738722856553 173.0490265969774 16
1738722856588 178.69853876010154 17
1738722856624 168.8655288057174 18
1738722856659 170.28826053885913 19
1738722856694 156.3349318275112 20
1738722856729 166.91572680172735 21
1738722856764 177.652783751231 22
1738722856799 182.34237389857705 23
1738722856834 154.67487610478858 24
1738722856869 166.12494185154895 25
1738722856904 179.6382668147715 26
1738722856939 157.81013240570792 27
1738722856975 194.87860220995648 28
1738722857010 191.8255292926447 29
1738722857045 165.1866250875788 30
1738722857080 168.1498587531246 31
1738722857115 168.2664746238074 32
1738722857151 175.63310401110746 33
1738722857186 179.26852448044428 34
1738722857221 172.6423413621753 35
1738722857256 171.96874719625478 36
1738722857291 178.3409471644223 37
1738722857326 171.56341629217985 38
1738722857362 168.83729065286934 39
1738722857397 164.2320889595739 40
1738722857432 178.14543219392908 41
1738722857467 175.34917376223453 42
1738722857501 158.328113471001 43
1738722857536 145.53952330856134 44
1738722857571 179.02089915274874 45
1738722857606 169.84138976362476 46
1738722857640 149.74490994843646 47
1738722857675 177.28274452113112 48
1738722857710 155.410472124967 49
1738722857745 171.7702162169215 50
1738722857780 178.46017450575943 51
1738722857815 178.6296080537943 52
1738722857849 164.15396395612373 53
1738722857884 175.01955894712148 54
1738722857919 179.21012938425338 55
1738722857953 163.44613256311752 56
1738722857988 159.90643578096368 57
1738722858023 166.0588801484249 58
1738722858057 170.25118106322424 59
1738722858092 177.196834038959 60
1738722858127 157.14517605340234 61
1738722858161 172.3258308718286 62
1738722858196 189.67572844282407 63
1738722858232 181.1674012012157 64
1738722858267 166.35326942435745 65
1738722858302 160.44762898694265 66
1738722858337 188.65213806881587 67
1738722858372 170.54460531432775 68
1738722858407 163.46250497679551 69
1738722858442 179.10098841774067 70
1738722858477 164.981882742571 71
1738722858512 143.20800082323765 72
1738722858547 166.62086170992728 73
