1738724980886 168.80562465404316 0
1738724980890 174.30227997455702 1
1738724980894 169.3593612246783 2
1738724980898 159.61005251358705 3
1738724980901 172.96774223116802 4
1738724980905 168.7663654818652 5
1738724980909 174.39375773814325 6
1738724980912 176.92549004894803 7
1738724980916 171.00771887911088 8
1738724980919 163.77924530498083 9
1738724980923 167.90368719970854 10
1738724980926 174.7442950417437 11
1738724980929 173.28764800185743 12
1738724980933 177.28331374438852 13
1738724980937 169.12385729628383 14
1738724980940 167.49419194767506 15
1738724980943 167.17583402770612 16
1738724980947 174.30909513706524 17
1738724980950 168.53308104702643 18
1738724980954 168.05898331027655 19
1738724980957 166.0981696746318 20
1738724980961 172.11295060571496 21
1738724980964 172.32546863447214 22
1738724980968 165.42087154766458 23
1738724980972 172.04344195774144 24
1738724980976 175.08568447249115 25
1738724980980 170.97569565049417 26
1738724980983 168.80834918238912 27
1738724980987 172.37062533269687 28
1738724980991 174.4710605438443 29
1738724980994 169.3118307366081 30
1738724980998 167.52622536722978 31
1738724981001 168.27506830007871 32
1738724981005 172.83669063556937 33
1738724981008 179.0688660145373 34
1738724981012 168.9313518937674 35
1738724981016 169.89339752972296 36
1738724981019 172.73679091895988 37
1738724981023 168.57345836867054 38
1738724981027 170.10570913934004 39
1738724981031 169.36695743586975 40
1738724981034 174.36390009694944 41
1738724981038 165.2912332912103 42
1738724981041 180.98595095294723 43
1738724981045 171.2448111532129 44
