1738724538019 173.66533576898462 0
1738724538055 153.40898608620859 1
1738724538090 163.37401840426645 2
1738724538128 178.05783136660975 3
1738724538164 156.51860793039026 4
1738724538201 177.55750046404034 5
1738724538236 165.80180907025948 6
1738724538271 173.65218417052583 7
1738724538306 167.96374427623167 8
1738724538341 157.3613142779183 9
1738724538376 171.8507773701914 10
1738724538412 171.75056076552102 11
1738724538447 172.78371817691237 12
1738724538483 171.6229395892573 13
1738724538519 167.20087573025066 14
1738724538554 154.70794696629338 15
1738724538589 159.9429602036883 16
1738724538624 166.1327032562876 17
1738724538660 173.6076644363749 18
1738724538695 173.20969632417453 19
1738724538731 166.56729141938388 20
1738724538767 173.18925595823416 21
1738724538803 151.34048415603036 22
1738724538840 171.60489867931167 23
1738724538876 179.13204070763484 24
1738724538913 155.67944551817612 25
1738724538948 181.51003326897734 26
1738724538983 168.8729044818457 27
1738724539019 190.159435351873 28
1738724539054 166.79192351120756 29
1738724539090 157.06791564321765 30
1738724539125 160.1845096337568 31
1738724539160 159.9182473989492 32
1738724539196 172.2809016510193 33
1738724539231 157.08171636432414 34
1738724539267 164.39856936672996 35
1738724539302 172.5719287837817 36
1738724539338 177.29434913107258 37
1738724539373 171.43673632252924 38
1738724539408 171.77972942548246 39
1738724539443 155.2176778146981 40
1738724539479 162.0876963304876 41
1738724539514 192.01322808911493 42
1738724539549 162.3332998253387 43
1738724539584 172.2956134784533 44
1738724539623 166.9645912397263 45
1738724539658 172.2734342284673 46
1738724539694 150.7594466462672 47
1738724539730 173.90407208202467 48
1738724539766 174.79290864260713 49
1738724539801 159.25394023674122 50
1738724539836 165.51420421323172 51
1738724539872 171.144353977491 52
1738724539907 165.28144373410163 53
1738724539942 167.49433041421418 54
1738724539977 165.12606968393436 55
1738724540012 150.72030236654916 56
1738724540047 175.4068221283851 57
1738724540082 157.00219343019782 58
1738724540117 164.26705690647123 59
1738724540152 150.71473344834723 60
1738724540188 170.66074799481146 61
1738724540223 176.97588994244614 62
1738724540258 146.73747580638488 63
1738724540293 152.6280936887077 64
1738724540329 165.29865194462107 65
1738724540364 173.1283162130131 66
1738724540399 174.38222978155045 67
1738724540435 204.82965527362572 68
1738724540471 158.01546185648365 69
1738724540507 144.6171215652099 70
1738724540547 166.86963626357752 71
1738724540582 161.60758337849236 72
1738724540617 162.19968299065965 73
1738724540652 161.46839925707056 74
1738724540687 173.6159972109039 75
1738724540722 166.75489223525028 76
1738724540757 166.07093132771615 77
1738724540792 168.30614616515078 78
1738724540827 166.50756373755777 79
1738724540863 166.45232801288765 80
1738724540898 175.39659268280906 81
1738724540933 173.2733370409696 82
1738724540968 179.6543854553358 83
1738724541003 164.6607629726557 84
1738724541037 171.72850422804342 85
1738724541071 165.4399718990266 86
1738724541106 174.594781745072 87
1738724541141 156.41921038019046 88
1738724541176 162.83508277957276 89
1738724541210 173.97488640719664 90
1738724541244 166.0885039288849 91
1738724541277 170.42185806251658 92
1738724541311 171.86691670629344 93
1738724541344 179.5818932392276 94
1738724541378 179.12771507434957 95
1738724541411 174.22217898831744 96
1738724541445 161.68265857839458 97
1738724541479 163.5165939051818 98
1738724541513 173.29412311573046 99
1738724541547 174.44457939423364 100
1738724541580 165.7377134148142 101
1738724541613 176.979384349508 102
1738724541646 171.5601153844065 103
1738724541679 168.7310882627248 104
1738724541711 160.19252419701067 105
1738724541744 170.1704861566008 106
1738724541777 180.59068839082127 107
1738724541809 169.1654955393655 108
1738724541843 168.0039226934373 109
1738724541877 166.15668329439217 110
1738724541912 175.63346233793408 111
1738724541948 165.01687587642007 112
1738724541982 169.721451984942 113
1738724542017 160.2481351800397 114
1738724542052 158.1556218866867 115
1738724542087 169.77779115277562 116
1738724542122 186.70991143585795 117
1738724542157 179.788704171216 118
1738724542191 177.9209650134778 119
