1738721997657 168.48849661145613 0
1738721997659 168.37452128279625 1
1738721997661 168.705258284278 2
1738721997663 168.7266609071648 3
1738721997665 168.62674375667552 4
1738721997667 169.9499719466557 5
1738721997669 168.8146356060887 6
1738721997670 168.57515379962567 7
1738721997672 169.73360292454075 8
1738721997674 166.07109628961334 9
1738721997676 169.14966850875555 10
1738721997677 169.0377553725113 11
1738721997679 166.2931926299025 12
1738721997681 167.2133577821073 13
1738721997683 167.90556782745935 14
1738721997685 168.22156082273082 15
1738721997686 171.64472176510554 16
1738721997688 168.88109102811217 17
1738721997689 167.13219835183034 18
1738721997692 169.45804906925494 19
1738721997694 165.85791022896638 20
1738721997695 167.6533857407071 21
1738721997698 166.8370451531464 22
1738721997700 172.00296371274857 23
1738721997702 166.32105069657598 24
1738721997703 169.258915976934 25
1738721997705 165.58225027237597 26
1738721997707 167.44562398753706 27
1738721997709 169.71469839972437 28
1738721997711 168.11829071119277 29
1738721997712 167.50757831164617 30
1738721997714 168.70308413073198 31
1738721997715 167.30778908041376 32
1738721997717 169.01714932021406 33
1738721997719 164.92031375625956 34
1738721997720 170.20453922912776 35
1738721997722 170.63536790618838 36
1738721997724 171.13129965683532 37
1738721997725 168.58547318847792 38
1738721997727 165.47031885990702 39
1738721997728 166.15563622888698 40
1738721997730 168.56579326518963 41
1738721997731 172.59617592369491 42
1738721997733 167.05131311228857 43
1738721997735 169.3071255159337 44
1738721997736 168.36263604912526 45
1738721997738 169.29904894001638 46
1738721997740 164.9939567716447 47
1738721997742 170.2618795541468 48
1738721997744 169.27343385044273 49
1738721997745 168.9426468097659 50
1738721997747 168.20856965784128 51
1738721997749 170.39003432447635 52
1738721997750 167.45177037475142 53
