1738722113879 167.27994200863043 0
1738722113881 167.1005574464198 1
1738722113883 169.82015315237527 2
1738722113884 168.24612270494072 3
1738722113886 170.6208011165424 4
1738722113888 167.21853016200137 5
1738722113889 167.82935636270034 6
1738722113891 170.5123798842696 7
1738722113893 168.30582960626086 8
1738722113895 169.31992444021483 9
1738722113896 170.72832930910343 10
1738722113898 169.55517741436202 11
1738722113900 169.54339374109148 12
1738722113901 166.98063375683498 13
1738722113903 170.1752933400502 14
1738722113905 168.23036434441616 15
1738722113907 168.72557631425482 16
1738722113908 167.99234717327414 17
1738722113910 168.8041709480573 18
1738722113912 166.27656585999947 19
1738722113913 168.8437729500625 20
1738722113915 170.09151003999708 21
1738722113917 168.39634150000643 22
1738722113918 168.89847900145483 23
1738722113920 169.51722407386976 24
1738722113922 168.43928777652312 25
1738722113924 168.88099510567784 26
1738722113925 169.56834680013117 27
1738722113927 169.64225819285713 28
1738722113929 167.74807586962078 29
1738722113931 167.002029148528 30
1738722113932 165.85318612251254 31
1738722113934 169.1877176957499 32
1738722113936 168.9689818519276 33
1738722113938 166.59747080510914 34
1738722113940 168.36584312778717 35
1738722113941 170.0278635083653 36
1738722113943 170.18586333035776 37
1738722113945 170.74253799414163 38
1738722113947 167.48931435843724 39
1738722113949 170.42128927849026 40
1738722113951 170.64883172471065 41
1738722113953 169.95693992490828 42
1738722113955 168.6159394587765 43
1738722113958 167.97734385424488 44
1738722113961 169.78540506322548 45
1738722113962 169.37192825787716 46
1738722113966 165.42669511111723 47
1738722113968 167.3015337545998 48
1738722113971 168.9667707154767 49
1738722113973 166.69715213152415 50
1738722113975 168.13738481365925 51
1738722113977 167.71420153978488 52
1738722113979 167.17031963494563 53
1738722113981 169.25406939500084 54
1738722113982 167.3595078985453 55
1738722113984 168.53869340074115 56
1738722113986 171.33306749353358 57
1738722113988 169.09743121015643 58
1738722113990 168.93782459480192 59
1738722113991 168.78922388095896 60
1738722113993 172.80324639659713 61
1738722113995 169.49219549266462 62
1738722113997 170.0784663881129 63
1738722113998 167.49068638836147 64
1738722114000 165.00810155326204 65
1738722114002 169.6387031757935 66
1738722114004 167.673291103494 67
1738722114006 167.83574790871458 68
1738722114008 167.3815401275879 69
1738722114010 170.40869599513871 70
1738722114012 168.00066676972585 71
1738722114014 168.0252490555278 72
1738722114015 169.86273789554986 73
1738722114017 168.04707462278733 74
1738722114019 167.87566223423138 75
1738722114021 169.24329369246345 76
1738722114022 167.64590792096803 77
1738722114024 169.13410331799665 78
1738722114026 167.6035356240658 79
1738722114028 168.5692641602938 80
1738722114030 170.13178259177366 81
1738722114031 168.6289621742011 82
1738722114033 169.17373992713746 83
1738722114035 170.97834066395183 84
1738722114037 167.93813992319988 85
1738722114039 170.31273064193581 86
1738722114040 170.68027401711444 87
1738722114042 168.673096993933 88
1738722114044 168.29306780595346 89
1738722114046 167.40675933601528 90
1738722114047 167.6675798531005 91
1738722114049 169.1796994902768 92
1738722114051 169.38618935494927 93
1738722114053 169.09891678924913 94
1738722114054 168.46260352725034 95
1738722114056 166.30243336345842 96
1738722114058 167.47780901792203 97
1738722114060 170.70505818849455 98
1738722114062 169.12273735761335 99
1738722114063 169.54104248557508 100
1738722114065 168.86356781875247 101
1738722114067 168.09967496879057 102
1738722114069 167.4985149906045 103
1738722114070 167.77657891233167 104
1738722114072 168.5018861362116 105
1738722114074 169.83195680755523 106
1738722114076 168.99363216668527 107
1738722114078 170.03376692097982 108
1738722114080 169.1560626890946 109
1738722114081 169.1341109379475 110
1738722114083 167.61794382802086 111
1738722114085 168.7144890569645 112
1738722114087 166.85706331731654 113
1738722114089 167.23912434386608 114
