1738724080314 160.40776118591992 0
1738724080348 177.7267200593477 1
1738724080381 169.06701704575462 2
1738724080415 195.22753700708498 3
1738724080448 169.6539765562032 4
1738724080482 174.00898797650714 5
1738724080516 170.23758190703413 6
1738724080550 151.76670806488673 7
1738724080584 152.31771178942907 8
1738724080618 120.6701585331757 9
1738724080652 174.09814871962334 10
1738724080685 165.57380088951027 11
1738724080719 196.80454128825647 12
1738724080753 170.1542644332438 13
1738724080786 183.0226865468522 14
1738724080820 157.7433337806079 15
1738724080853 145.8109704849284 16
1738724080887 191.14412754607145 17
1738724080920 154.39885793351388 18
1738724080953 150.01559431534406 19
1738724080987 213.46695084109527 20
1738724081020 148.3994175861567 21
1738724081053 134.24785129577148 22
1738724081087 172.92899254982055 23
1738724081120 223.64249796415388 24
1738724081153 161.4968948699313 25
1738724081186 157.0862769744708 26
1738724081220 173.8939341267065 27
1738724081253 166.80568854507925 28
1738724081286 153.60405785505566 29
1738724081319 177.1441236351793 30
1738724081352 169.12840338028732 31
1738724081385 160.13098402808063 32
1738724081418 156.3342707214102 33
1738724081451 147.68561134644068 34
1738724081484 177.60183787214166 35
1738724081517 160.06690791672554 36
1738724081551 163.4412494824929 37
1738724081584 202.72921562397465 38
1738724081617 174.6762763131207 39
1738724081650 157.81442511162868 40
1738724081683 165.75084339764436 41
1738724081716 161.16370066541475 42
1738724081749 142.66250497030774 43
1738724081783 184.35522016714035 44
1738724081816 176.04905661673297 45
1738724081849 187.19373473095996 46
1738724081882 159.3835771682236 47
1738724081915 157.6252106687946 48
1738724081948 168.9496163731723 49
1738724081982 153.00650611890705 50
1738724082015 138.940945509634 51
1738724082048 163.8041977600792 52
1738724082081 182.1045317632379 53
1738724082114 171.34835751735108 54
1738724082147 166.00422461584543 55
1738724082181 156.78119764890363 56
1738724082214 171.1520637347288 57
1738724082247 158.46365689714528 58
1738724082280 179.98669812425737 59
1738724082326 174.45247857081057 60
1738724082367 178.32127059753574 61
1738724082401 175.48877406209206 62
1738724082434 201.88481917874327 63
1738724082468 178.6132300547768 64
1738724082501 177.28305138612214 65
1738724082535 173.00971973539055 66
1738724082568 149.8596867071677 67
1738724082602 168.43642746011872 68
1738724082636 183.6231532620887 69
1738724082669 195.36836165218276 70
1738724082703 165.68628532629003 71
1738724082737 160.9873143084208 72
1738724082770 169.0195480455938 73
1738724082803 165.26456425290948 74
1738724082837 193.1021915006072 75
1738724082870 189.82333186464103 76
1738724082904 170.2288695082963 77
1738724082939 170.56904407693887 78
1738724082973 194.29879794669844 79
1738724083009 175.76897954831395 80
1738724083044 163.39694664413796 81
1738724083078 149.20547481573135 82
1738724083112 193.05150383772616 83
1738724083148 145.79264299726276 84
1738724083182 179.18878216327735 85
1738724083216 169.93545889020444 86
1738724083249 159.99251559836847 87
1738724083283 90.0401716491036 88
1738724083317 173.53897249449 89
1738724083352 166.63413881052148 90
1738724083386 167.44923512272558 91
1738724083420 165.6699532206643 92
1738724083453 184.49944255762557 93
1738724083487 130.2632682874308 94
1738724083521 191.0032617237233 95
1738724083554 153.0358150767806 96
1738724083588 171.34719672193305 97
1738724083622 194.71503726344315 98
1738724083655 180.59650424150132 99
1738724083689 171.88059026537755 100
1738724083722 180.541868678452 101
1738724083756 155.67190954046637 102
1738724083789 175.70726298385054 103
1738724083823 170.6361357224626 104
1738724083856 155.96547783654464 105
1738724083890 183.65722130314253 106
1738724083923 172.23844124057663 107
1738724083957 182.93925287002858 108
1738724083990 191.98372546275084 109
1738724084024 208.1253035814391 110
1738724084057 130.21006163442186 111
1738724084091 174.70034222140228 112
1738724084124 191.26062763443448 113
1738724084158 176.418857770113 114
1738724084191 177.47680208499685 115
1738724084225 179.97002681075526 116
1738724084258 172.38046847976668 117
1738724084291 168.89532431253465 118
1738724084325 162.23978030733866 119
1738724084358 186.0677391141921 120
1738724084392 172.26675663516195 121
1738724084425 158.46727392592805 122
1738724084459 153.43829354381344 123
1738724084492 169.97489639999395 124
1738724084525 140.95261601664853 125
1738724084559 181.17459576579043 126
1738724084592 211.61404261398332 127
1738724084625 156.36476579814345 128
1738724084658 178.655471084054 129
1738724084692 169.54919943327553 130
1738724084726 164.88581515202483 131
1738724084759 169.54328156363954 132
1738724084792 173.48514496739287 133
1738724084825 169.8128321896094 134
1738724084858 165.1949770806098 135
1738724084891 160.05414766860486 136
1738724084924 180.090014577781 137
1738724084958 155.11127775097975 138
1738724084991 172.13115008304234 139
1738724085024 175.77236172955998 140
1738724085057 182.64076692774427 141
1738724085090 166.03864173576704 142
1738724085124 157.71207330138705 143
1738724085157 177.82597928850737 144
1738724085190 164.62752221402 145
1738724085223 151.2066067843645 146
1738724085256 174.32979505811264 147
1738724085289 135.01925304587306 148
1738724085322 164.54582468267927 149
1738724085356 147.35076022771665 150
1738724085389 173.86128920091778 151
1738724085422 201.76994701779566 152
1738724085455 207.41513481917124 153
1738724085488 162.1658202341481 154
1738724085522 167.6511414798895 155
1738724085555 177.39286457287977 156
1738724085588 194.8532141166324 157
1738724085621 179.61262494089246 158
1738724085654 163.07105397301342 159
1738724085688 165.96480126490127 160
1738724085721 202.98631516162195 161
1738724085754 169.2247557069656 162
1738724085787 190.62743344851293 163
1738724085820 165.36985231287937 164
1738724085853 152.97438402642254 165
1738724085886 115.1972320068784 166
1738724085920 194.67918680429153 167
1738724085953 151.39783547092856 168
1738724085986 152.70393271411524 169
1738724086019 169.7880030158337 170
1738724086052 158.24188368995192 171
1738724086085 161.50014308724226 172
1738724086118 159.90740580503572 173
1738724086152 175.98850125399517 174
1738724086185 171.95806478316146 175
1738724086218 183.83141688611755 176
1738724086251 183.5310432972972 177
1738724086284 177.55352236541432 178
1738724086317 138.92568978449 179
1738724086350 203.65310141267972 180
1738724086384 164.87689933274092 181
1738724086417 153.13782545871226 182
1738724086450 170.54684070426836 183
1738724086483 186.5434098222578 184
1738724086516 163.95952672179249 185
1738724086549 168.9118766108621 186
1738724086582 184.24651790105872 187
1738724086615 175.28497264435111 188
1738724086648 173.21128968608588 189
1738724086681 171.94773471916432 190
1738724086714 196.01321454464778 191
1738724086749 144.62922671442104 192
1738724086784 187.14606990263414 193
1738724086817 192.1760946378709 194
1738724086851 187.96518746152273 195
1738724086885 178.63636772494803 196
1738724086919 147.50061855151253 197
1738724086953 160.85629621245948 198
1738724086988 177.7530391926525 199
1738724087021 187.76636315090292 200
1738724087055 219.07794330927447 201
1738724087089 163.190602047435 202
1738724087123 171.4056643565917 203
1738724087156 167.3333270631913 204
1738724087190 177.96341923903583 205
1738724087224 177.17475096246878 206
1738724087257 178.5508140037727 207
1738724087291 157.4736705476965 208
1738724087325 162.1891550428112 209
1738724087358 161.2419635465591 210
1738724087392 162.95631150360623 211
1738724087426 175.19016257235555 212
1738724087459 137.7858897874674 213
1738724087493 180.1154957411578 214
1738724087527 163.96922504724557 215
1738724087560 171.27554455292804 216
1738724087594 170.70048847645515 217
1738724087628 182.83086074173144 218
1738724087662 163.15987665372057 219
1738724087696 189.66849245872714 220
1738724087730 173.00061930080892 221
1738724087764 154.2727047292289 222
1738724087797 153.98396638044485 223
1738724087831 155.93718340183895 224
1738724087865 174.3203901783007 225
1738724087898 174.4764200832109 226
1738724087932 160.25044408894703 227
1738724087966 160.50124395793415 228
1738724087999 150.54441572343717 229
1738724088033 188.34455764519507 230
1738724088066 134.31965202991825 231
1738724088100 163.90800754581 232
1738724088133 193.20886087891475 233
1738724088167 155.89227732379922 234
1738724088200 174.40572600976472 235
1738724088234 157.75896646040277 236
1738724088267 183.7284753926142 237
1738724088301 166.97304743534022 238
1738724088335 181.7330898043633 239
1738724088368 167.15153958634866 240
1738724088403 138.4558217501968 241
1738724088437 201.48818038485123 242
1738724088471 242.10714445150603 243
1738724088505 170.64126286123022 244
1738724088539 179.20780218748962 245
1738724088573 199.1382647505838 246
1738724088607 164.53657936255993 247
1738724088641 167.6399782180901 248
1738724088675 170.78646951212636 249
1738724088709 176.33614572798348 250
1738724088742 213.49204130119054 251
1738724088776 174.75508746019682 252
1738724088811 172.22843362629817 253
1738724088844 172.01557259780378 254
1738724088878 175.46637284712935 255
1738724088911 179.10030926527565 256
1738724088945 156.35192639405992 257
1738724088978 169.57032989362725 258
1738724089012 172.92086790908536 259
1738724089045 190.55284166252417 260
1738724089078 163.1590470279839 261
1738724089112 148.84840409211427 262
1738724089145 217.4647951885455 263
1738724089178 146.8004477961977 264
1738724089212 165.46517676023072 265
1738724089245 172.93886664000752 266
1738724089278 146.0405571219159 267
1738724089312 184.95472570939745 268
1738724089345 177.51734777989265 269
1738724089379 175.28601330205828 270
1738724089412 176.42731181292393 271
1738724089445 167.44764511394607 272
1738724089478 159.479800392733 273
1738724089512 171.06082607022972 274
1738724089545 174.8921722034018 275
1738724089578 194.728616037952 276
1738724089612 185.35422503519217 277
1738724089645 150.92964049126215 278
1738724089678 186.6433881622489 279
1738724089711 155.67807926013668 280
1738724089745 147.77421388889152 281
1738724089778 161.00382639910256 282
1738724089811 178.4508936808304 283
1738724089845 162.8426849130359 284
1738724089878 147.0111946339331 285
1738724089911 196.225044875316 286
1738724089944 172.0484722340216 287
1738724089977 145.74873651204882 288
1738724090011 169.00865567374856 289
1738724090044 163.14907522686983 290
1738724090077 167.49361709010935 291
1738724090110 152.9200427395423 292
1738724090144 185.17067345631628 293
1738724090177 174.95714738103823 294
1738724090210 164.28185703294724 295
1738724090244 171.4051824759789 296
1738724090277 188.81590978891379 297
1738724090312 160.90511312871575 298
1738724090347 169.4445965372803 299
1738724090382 181.3816647172401 300
1738724090416 185.84673673342365 301
1738724090451 155.13052992441075 302
1738724090485 171.7353111567374 303
1738724090519 177.2283713209352 304
1738724090553 175.1923606206635 305
1738724090587 160.9354912329885 306
1738724090621 175.9665679897973 307
1738724090655 147.50047909209357 308
1738724090689 172.84951186839723 309
1738724090723 132.79055394155708 310
1738724090757 177.56236167522061 311
1738724090791 182.24881715277468 312
1738724090825 174.5555105091036 313
1738724090859 151.10428064398508 314
1738724090893 194.20674602200822 315
1738724090927 162.4933547414703 316
1738724090961 189.59118921689364 317
1738724090994 171.73413831739163 318
1738724091028 166.5293510838905 319
1738724091062 176.7402752470799 320
1738724091096 172.77195873546754 321
1738724091129 167.49333316875476 322
1738724091163 175.73781682751354 323
1738724091197 163.15546566095273 324
1738724091231 181.73894606631055 325
1738724091264 162.71397827852078 326
1738724091298 197.51858370804945 327
1738724091332 176.02242457334958 328
1738724091366 165.35913770509228 329
1738724091399 183.1770183027847 330
1738724091433 173.50720916621898 331
1738724091467 165.6454893641017 332
1738724091500 164.6059086402652 333
1738724091534 169.07836573789143 334
1738724091567 166.65342619998796 335
1738724091601 176.56452298442557 336
1738724091634 187.43091021879644 337
1738724091667 183.22016848758088 338
1738724091701 151.75311876753327 339
1738724091737 198.20883141716783 340
1738724091770 168.1272771961552 341
1738724091804 179.3859105530441 342
1738724091837 158.95167614706403 343
1738724091871 175.1962717109623 344
1738724091904 168.3301156293169 345
1738724091937 152.8284463812083 346
1738724091971 162.3376436143391 347
1738724092004 162.41469361831201 348
1738724092038 158.85613219665987 349
1738724092071 162.64544174461093 350
1738724092104 181.65935159680092 351
1738724092138 181.51327694574425 352
1738724092171 171.92671753069456 353
1738724092204 176.8520727014945 354
1738724092237 165.59346217519075 355
1738724092270 187.3037144421575 356
1738724092303 187.8753926916822 357
1738724092337 161.76328920699788 358
1738724092370 183.073021671594 359
1738724092403 158.86566181099474 360
1738724092436 182.90214646677586 361
1738724092471 179.39971013348276 362
1738724092504 165.99272501240003 363
1738724092538 155.90694691661562 364
1738724092572 208.8546288700664 365
1738724092605 167.96025895132072 366
1738724092639 197.56150356193575 367
1738724092673 146.9822815485195 368
1738724092706 168.65413436786272 369
1738724092740 233.77462037515158 370
1738724092773 162.44004803701537 371
1738724092806 177.99529273400918 372
1738724092840 149.07017539663335 373
1738724092874 156.99859852279297 374
1738724092907 117.83061302089463 375
1738724092941 199.24987707047083 376
1738724092974 178.94643779628439 377
1738724093007 155.87699140974703 378
1738724093041 162.3201848163526 379
1738724093074 138.09333758601082 380
1738724093107 169.28780162258724 381
1738724093140 156.01383991024247 382
1738724093174 163.36292980145288 383
1738724093207 162.7197395839971 384
1738724093240 173.76493405613058 385
1738724093273 168.03198963281062 386
1738724093306 192.3588377435529 387
1738724093339 169.98014945441366 388
1738724093372 181.51101379366665 389
1738724093406 161.72262723380257 390
1738724093439 169.73068259734035 391
1738724093473 158.66767919704284 392
1738724093507 162.80667347350783 393
1738724093540 139.7574519505267 394
1738724093574 169.1810321817969 395
1738724093607 160.48501723053272 396
1738724093641 157.61135722353777 397
1738724093675 181.33667780533804 398
1738724093708 168.00047827301458 399
1738724093741 124.71227306355132 400
1738724093775 158.64888436903706 401
1738724093808 174.3197627074244 402
1738724093841 203.4191239483279 403
1738724093875 164.8935225334509 404
1738724093908 164.19497936894257 405
1738724093941 170.10001959579267 406
1738724093974 189.5261785487136 407
1738724094007 156.75728359490842 408
1738724094040 183.29281538404888 409
1738724094074 139.06197119080056 410
1738724094107 182.3241448377739 411
1738724094140 164.87908010677572 412
1738724094173 183.67548788944657 413
1738724094206 143.1733676127846 414
1738724094239 133.89163699003834 415
1738724094272 173.34692962334123 416
1738724094305 172.911755860226 417
1738724094339 151.10255171268173 418
1738724094373 180.4504659938144 419
1738724094407 172.75752206690967 420
1738724094441 195.96387803904616 421
1738724094475 132.71576558651137 422
1738724094508 177.91866229537823 423
1738724094542 168.21194206134948 424
1738724094575 179.9417621377844 425
1738724094609 131.5784957840392 426
1738724094642 162.1259585834846 427
1738724094676 172.93405439602063 428
1738724094709 166.716708439649 429
1738724094742 180.67649754171626 430
1738724094775 209.7392419883611 431
1738724094809 167.5268570671454 432
1738724094842 143.8362685683896 433
1738724094875 169.53519370003136 434
1738724094909 170.6596870477464 435
1738724094943 165.02177646872548 436
1738724094976 162.6875060120122 437
1738724095009 168.91876523802296 438
1738724095042 167.12397227108198 439
1738724095075 164.00265566274498 440
1738724095108 146.15383518894203 441
1738724095141 173.42739342620385 442
1738724095174 153.32814902621828 443
1738724095207 189.65524254396323 444
1738724095240 149.8003736987835 445
1738724095273 152.75041802693846 446
1738724095306 163.42192168243105 447
1738724095339 153.90603672380612 448
1738724095372 162.6164783443359 449
1738724095405 167.07310309174082 450
1738724095438 159.40062190016303 451
1738724095471 149.08597557650947 452
1738724095504 161.29800069782945 453
1738724095537 179.67614942537315 454
1738724095570 190.13208081977126 455
1738724095603 157.98918882508184 456
1738724095636 177.85803041903586 457
1738724095669 155.8742689217984 458
1738724095702 186.06437877229644 459
1738724095734 147.4546577288653 460
1738724095767 167.92503029917557 461
1738724095800 164.18828254493434 462
1738724095833 171.37299325564337 463
1738724095866 163.75462995504293 464
1738724095899 180.70875367707796 465
1738724095932 172.93757761943414 466
1738724095965 192.1786292355464 467
1738724095997 163.55357870593238 468
1738724096030 176.1012267088625 469
1738724096063 157.68604787974903 470
1738724096096 162.32802447240724 471
1738724096129 179.5548761268623 472
1738724096162 176.85571107734606 473
1738724096195 146.38596127067308 474
1738724096228 151.0586987341253 475
1738724096260 179.3417696015233 476
1738724096293 172.2792335312671 477
1738724096326 143.69163383506424 478
1738724096359 154.9338685268851 479
1738724096392 164.95498755627725 480
1738724096425 170.16616144404298 481
1738724096458 161.68792918383974 482
1738724096490 187.2858015237759 483
1738724096523 202.32027211777944 484
1738724096556 150.07600571057537 485
1738724096588 191.15203919500823 486
1738724096621 142.59486029847847 487
1738724096654 166.3826055684841 488
1738724096686 185.1054742464478 489
1738724096719 163.5887743082234 490
1738724096752 194.5424058847344 491
1738724096785 182.11595292372982 492
1738724096817 182.78722649277444 493
1738724096850 161.3082864263964 494
1738724096883 149.76747071257367 495
1738724096916 153.99113234265877 496
1738724096949 166.1026037427472 497
1738724096982 168.29879069087147 498
1738724097015 163.91801113276313 499
