1738722855132 175.43453856472843 0
1738722855135 172.68153001648207 1
1738722855137 175.96714215944132 2
1738722855139 171.2752395685739 3
1738722855141 165.2813065503128 4
1738722855144 161.517655942118 5
1738722855146 173.68322976884033 6
1738722855148 174.15169554082513 7
1738722855150 166.74652567627496 8
1738722855153 169.84732090090657 9
1738722855155 171.54097654000137 10
1738722855157 173.66863703168056 11
1738722855159 162.76998725617605 12
1738722855161 167.7418410767894 13
1738722855164 164.8099452671674 14
1738722855167 172.42593578888605 15
1738722855169 168.0840974506812 16
1738722855172 163.646587560655 17
1738722855174 167.8894122164703 18
1738722855176 162.57482639505878 19
