1738722565240 168.80763045312398 0
1738722565242 166.6931402919053 1
1738722565244 170.284827055182 2
1738722565246 170.42051961331518 3
1738722565248 169.17992953346888 4
1738722565250 170.14994037350533 5
1738722565252 172.2725276715819 6
1738722565254 167.60052407187004 7
1738722565256 167.3940064680589 8
1738722565258 169.3691280127088 9
1738722565260 167.78023579298556 10
1738722565262 167.8440976802624 11
1738722565265 167.44247782315117 12
1738722565267 169.74916843152647 13
1738722565269 169.7838358951271 14
1738722565271 167.97978605916768 15
1738722565273 167.48222366135857 16
1738722565275 169.00535729365177 17
1738722565277 168.166172407008 18
1738722565279 168.13060951889778 19
1738722565281 168.63947508441953 20
1738722565284 174.278104045973 21
1738722565286 166.5431260048038 22
1738722565288 169.32435287493388 23
1738722565290 170.03614311998643 24
1738722565292 168.9144337465765 25
1738722565294 170.8784106628568 26
1738722565296 166.48563216929833 27
1738722565298 166.99663348514687 28
1738722565301 169.64697313506963 29
1738722565303 165.9907672664575 30
1738722565305 168.06675246417973 31
1738722565307 170.30169749010847 32
1738722565309 169.2020380712199 33
1738722565311 167.86906441235502 34
1738722565313 169.75981838236618 35
1738722565316 168.84519917396275 36
1738722565318 168.67578683296168 37
1738722565320 169.31163762236733 38
1738722565322 167.32068587709585 39
1738722565324 168.61059260799905 40
1738722565326 168.0742693920089 41
1738722565329 168.8469011054603 42
1738722565331 169.36083845061174 43
1738722565333 169.6324707025179 44
1738722565335 166.52233672192494 45
1738722565337 168.5135311425797 46
1738722565339 168.38423184336094 47
1738722565341 168.47135816106103 48
1738722565343 167.87605488642697 49
1738722565345 167.36116910980465 50
1738722565348 170.6052928937566 51
1738722565350 168.48274715137046 52
1738722565352 169.1721626707467 53
1738722565354 168.88027376902542 54
1738722565356 168.92462472417503 55
1738722565358 168.55106996935527 56
1738722565361 166.5092152274486 57
1738722565363 165.68847688797277 58
1738722565365 169.8928013138967 59
1738722565367 167.76970203170103 60
1738722565369 169.63471727439241 61
1738722565371 169.17334233115284 62
1738722565373 168.5239456801442 63
1738722565375 170.21266311947016 64
1738722565378 170.41970724954714 65
1738722565380 167.46439999643104 66
1738722565382 168.90424042431232 67
1738722565384 168.801471820651 68
1738722565386 167.2820249953671 69
1738722565388 167.1962693085759 70
1738722565390 168.16600531909145 71
1738722565392 166.64731256170506 72
1738722565394 167.81353828925336 73
1738722565396 171.37403890425963 74
1738722565399 170.05137617591208 75
1738722565401 169.42324236708322 76
1738722565403 168.59821402447912 77
1738722565405 171.30972836448575 78
1738722565407 168.6958224232176 79
1738722565409 169.41172707304253 80
1738722565411 168.54560166500283 81
1738722565413 168.92114059077448 82
1738722565415 167.99664616294197 83
1738722565417 166.06601342235797 84
1738722565419 169.83118344445197 85
1738722565421 169.52335329666843 86
1738722565423 170.55459731085207 87
1738722565425 168.84933911340426 88
1738722565427 166.20598906092349 89
1738722565429 166.11466529701133 90
1738722565431 168.13866076546194 91
1738722565433 168.89057704857836 92
1738722565435 168.81800270877196 93
1738722565437 170.5435218672991 94
1738722565440 170.29341318232724 95
1738722565442 170.72856964007335 96
1738722565444 167.8750289530252 97
1738722565446 167.26732798813907 98
1738722565448 167.18896804333278 99
1738722565450 169.5515910140987 100
1738722565452 167.2097834451943 101
1738722565454 168.46040645018277 102
1738722565456 167.23120700505467 103
1738722565458 170.76722555924877 104
1738722565460 169.7601201564896 105
1738722565462 168.829411325136 106
1738722565464 165.4991279025723 107
1738722565467 169.49760772170958 108
