1738722551795 177.8906434508069 0
1738722551828 154.73660493301986 1
1738722551861 158.78794653852708 2
1738722551894 165.4022277497376 3
1738722551927 188.13331410942658 4
1738722551960 181.5071992232265 5
1738722551994 173.5649423030653 6
1738722552027 178.37834406871573 7
1738722552060 166.44540711409016 8
1738722552093 167.5135602081748 9
1738722552126 181.45259551557604 10
1738722552159 169.28670264579674 11
1738722552192 159.6144543603834 12
1738722552224 164.03065379485872 13
1738722552257 178.5526094998563 14
1738722552290 178.2659827905961 15
1738722552322 163.08972195545005 16
1738722552355 173.2437476021867 17
1738722552388 184.20258395425103 18
1738722552420 158.85798952458282 19
1738722552469 152.05037775481736 20
1738722552508 166.25904780511587 21
1738722552542 167.00256438425328 22
1738722552575 168.6126556403411 23
1738722552608 175.96725370882 24
1738722552641 175.3501607789992 25
1738722552674 167.05497857579516 26
1738722552707 173.14563566741603 27
1738722552741 164.6398213889145 28
1738722552775 170.03801146019475 29
1738722552808 168.87299377741232 30
1738722552841 167.99965568549595 31
1738722552874 161.901722164777 32
1738722552907 165.10903264787711 33
1738722552940 167.6527477730312 34
1738722552974 172.70760854456393 35
1738722553007 183.89900596434723 36
1738722553040 185.69529512846756 37
1738722553073 173.23821188360637 38
1738722553107 174.91998249397665 39
1738722553141 168.06913620516053 40
1738722553174 169.14129560975317 41
1738722553207 173.71646906827957 42
1738722553240 176.62562900594318 43
1738722553274 168.54237115267242 44
1738722553307 163.33118054980454 45
1738722553340 178.10387603122268 46
1738722553373 164.22488106407593 47
1738722553407 170.25728610280814 48
1738722553440 182.20997441948015 49
1738722553473 168.5001956929192 50
1738722553506 173.66592775363097 51
1738722553539 160.97955917785157 52
1738722553572 161.5580668281819 53
1738722553605 173.256202237992 54
1738722553637 170.98266009275713 55
1738722553670 172.66558615069405 56
1738722553703 167.6392545636952 57
