1738726599613 174.46038806407105 0
1738726599652 159.3811295992211 1
1738726599691 177.27361836416443 2
1738726599730 186.56076762456664 3
1738726599769 163.49183670139334 4
1738726599807 166.09373711612665 5
1738726599845 146.5029176239311 6
1738726599883 177.33962186655185 7
1738726599921 171.94942116532786 8
1738726599958 175.76331153807837 9
1738726599996 168.06952860253293 10
1738726600034 148.29676815872307 11
1738726600071 176.8164245657325 12
1738726600109 179.5482311883245 13
1738726600147 179.14104538592701 14
1738726600184 173.04452576363212 15
1738726600221 177.75569327625868 16
1738726600259 173.47615796276008 17
