1738723690975 170.21583844807844 0
1738723690977 166.95825427207114 1
1738723690980 166.8471071248455 2
1738723690982 168.85857965431077 3
1738723690985 167.06297458612414 4
1738723690988 168.05693358704747 5
1738723690990 167.8370178816927 6
1738723690993 167.71051051117024 7
1738723690996 168.15329503673755 8
1738723690998 170.74367403060955 9
1738723691001 170.05263301861032 10
1738723691003 170.41689127676625 11
1738723691005 167.3379104942256 12
1738723691008 168.418050616896 13
1738723691010 168.58734505909166 14
1738723691013 168.65035485124153 15
1738723691015 170.18522378241715 16
1738723691018 171.3961806378391 17
1738723691021 168.69326599239375 18
1738723691023 169.07914781083656 19
1738723691026 165.59199789441217 20
1738723691028 168.15598006824914 21
1738723691031 168.24095401936793 22
1738723691034 169.6329287246466 23
1738723691037 169.22830865226393 24
1738723691040 168.72466564491071 25
1738723691043 169.43101235390674 26
1738723691045 166.99328060659218 27
1738723691048 169.78246351087984 28
1738723691050 170.66118886811614 29
1738723691054 168.9609420880116 30
1738723691057 167.78777943656033 31
1738723691059 167.58026687743651 32
1738723691062 167.442501391052 33
1738723691064 170.53391485923413 34
1738723691067 167.72206929020768 35
1738723691069 169.22870696862105 36
1738723691072 169.83076666971158 37
1738723691074 169.65550047379116 38
1738723691077 168.28987577217097 39
1738723691079 168.08319730804595 40
1738723691081 168.6397780034506 41
1738723691084 168.76806779195456 42
1738723691086 169.62105526627988 43
1738723691089 168.76011414208548 44
1738723691091 168.50274111836288 45
1738723691094 169.96466047266068 46
1738723691096 168.81431906772224 47
1738723691098 167.2503328833415 48
1738723691101 168.90071664592625 49
1738723691104 167.64781767443796 50
1738723691106 168.05844639833123 51
1738723691109 167.69070966074122 52
1738723691112 169.0789617746794 53
1738723691114 169.3656910109198 54
1738723691117 166.9261844458395 55
1738723691119 169.2343253563228 56
1738723691122 168.3772174592758 57
1738723691125 165.77685384138837 58
1738723691127 166.8100471652741 59
1738723691130 169.92020253058593 60
1738723691132 167.95245515025871 61
1738723691135 167.04917305489627 62
1738723691137 166.26203583695923 63
1738723691140 166.26412209729014 64
1738723691142 168.94077644037196 65
1738723691145 170.12775743217009 66
1738723691147 169.34203167262964 67
1738723691149 171.7124161502564 68
1738723691152 167.67896449529084 69
1738723691154 170.35944093613455 70
1738723691157 167.9668438078254 71
1738723691159 168.841861674063 72
1738723691162 169.26235285259432 73
1738723691164 168.86416985785561 74
1738723691167 169.86218852570894 75
1738723691169 169.5367938226751 76
1738723691172 168.30578386138603 77
1738723691174 170.6947122712188 78
1738723691177 166.51742955979572 79
1738723691179 171.2652067773863 80
1738723691182 169.31026563698364 81
1738723691184 168.69125083501777 82
1738723691187 168.16109600833087 83
1738723691189 169.4478962720346 84
1738723691192 169.6874407739656 85
1738723691195 171.8294005057442 86
1738723691197 168.55129386723905 87
1738723691200 169.9498465161303 88
1738723691202 170.22144877519585 89
1738723691205 169.06250101854502 90
1738723691207 169.08713038189174 91
