1738724145470 169.88364471068593 0
1738724145474 167.0308840990107 1
1738724145476 168.08425571003033 2
1738724145479 168.50889615463043 3
1738724145482 168.25994315263432 4
1738724145485 171.35687679931837 5
1738724145488 167.07575517551305 6
1738724145491 170.97610699003286 7
1738724145494 169.19310156368152 8
1738724145497 168.19810745120014 9
1738724145499 167.7757728870073 10
1738724145502 167.08729648663058 11
1738724145505 169.1580216966419 12
1738724145508 167.25294195913241 13
1738724145510 168.48690472905378 14
1738724145513 169.3385130551721 15
1738724145516 168.22863542676296 16
1738724145519 169.29878037313037 17
1738724145522 166.08950841920708 18
1738724145524 168.7659714023442 19
1738724145527 170.04613931838975 20
1738724145530 167.60175791241403 21
1738724145533 167.10573355183539 22
1738724145535 169.76588986271022 23
1738724145538 171.79569805785152 24
1738724145541 167.25886534179926 25
1738724145544 165.8235810924837 26
1738724145547 169.1134937320717 27
1738724145550 168.08553235502256 28
1738724145553 169.10432743332024 29
1738724145556 168.5345153967866 30
1738724145559 168.01136390472874 31
1738724145562 167.85073835340964 32
1738724145565 168.53640188469197 33
1738724145568 168.57064798630608 34
1738724145571 168.49804827962768 35
1738724145574 165.50395319566258 36
1738724145577 167.51162731950708 37
1738724145579 168.12580078336873 38
1738724145582 170.53578441865525 39
1738724145585 169.50966574213743 40
1738724145597 169.85983464911607 41
1738724145601 167.0690711011572 42
1738724145604 167.34331952419092 43
1738724145606 167.1058177078106 44
1738724145609 168.10399981904567 45
1738724145612 168.41267007450645 46
1738724145615 168.8335527470483 47
1738724145618 168.96235815357522 48
1738724145620 166.4496595777703 49
