1738723711458 195.73322181765283 0
1738723711494 188.95960387019053 1
1738723711530 155.15468344072798 2
1738723711566 159.26498897486303 3
1738723711603 147.4952492560975 4
1738723711639 174.42900889735012 5
1738723711677 156.7305725468736 6
1738723711714 167.81586060921668 7
1738723711751 165.64069737095306 8
1738723711788 132.02360077526492 9
1738723711825 181.5313607629387 10
1738723711862 170.34208182475243 11
1738723711898 172.51024842572608 12
1738723711935 171.94924847645092 13
1738723711971 164.24175106778975 14
1738723712008 127.97900129182497 15
1738723712045 194.55111938102502 16
1738723712082 127.01974791684694 17
1738723712118 166.9622046544151 18
1738723712154 180.95185907352675 19
1738723712191 168.01922909814758 20
1738723712227 182.1068311627401 21
1738723712264 160.80908469086503 22
1738723712300 150.7561038962727 23
1738723712336 178.90275599048084 24
1738723712373 171.88682957744078 25
1738723712409 166.64152668024104 26
1738723712447 166.81662309057603 27
1738723712485 153.2015451291796 28
1738723712524 175.59737161031424 29
1738723712562 159.62904479047234 30
1738723712600 138.75945707084114 31
1738723712637 165.7241947925263 32
1738723712676 187.46423189683895 33
1738723712715 173.23031585590707 34
1738723712752 181.53034917453476 35
1738723712790 166.7732669150716 36
1738723712827 171.36680958291348 37
1738723712864 179.20424088237283 38
1738723712901 183.96420914199084 39
1738723712939 178.2871010600241 40
1738723712976 148.5114052357818 41
1738723713014 193.01356128742376 42
1738723713051 139.7431659445203 43
1738723713088 166.3640598874261 44
1738723713125 141.9504040397118 45
1738723713162 143.698900352538 46
1738723713199 189.00696665872886 47
1738723713237 150.63869012272042 48
1738723713274 179.1198124425348 49
1738723713312 220.20175529176282 50
1738723713349 163.3489736354215 51
1738723713386 182.95369641404898 52
1738723713424 170.87466404032867 53
1738723713462 159.65420030544547 54
1738723713500 134.7924842613113 55
1738723713537 174.18870056845088 56
1738723713575 138.59098600328014 57
1738723713612 159.47714260657506 58
1738723713649 179.98352572361364 59
1738723713686 173.03974659959619 60
1738723713723 169.8798130631051 61
1738723713760 131.2021682564225 62
1738723713798 170.4530548715309 63
1738723713835 168.88283259576278 64
1738723713872 158.42355082445994 65
1738723713909 176.7032257996951 66
1738723713946 171.93292557584581 67
1738723713983 171.61187287995705 68
1738723714020 153.67702007927997 69
1738723714057 272.7901515181968 70
1738723714094 177.6988090588028 71
1738723714131 160.70840169808972 72
1738723714169 157.32806424431251 73
1738723714206 174.0056551599599 74
1738723714243 179.52497959321025 75
1738723714280 183.4252532055473 76
1738723714318 157.15559591375964 77
1738723714355 155.6224593932641 78
1738723714392 185.05736950673025 79
1738723714429 172.89373148484714 80
1738723714466 190.2719819732927 81
1738723714503 158.3224732240441 82
1738723714540 190.38229941247283 83
1738723714577 144.56459900525707 84
1738723714614 158.8734352006783 85
1738723714651 157.29346493477485 86
1738723714688 185.75021824603493 87
1738723714725 181.07014723573974 88
1738723714762 179.88225191935388 89
1738723714799 176.27703518389552 90
1738723714835 172.29966474625587 91
1738723714872 154.78720359125006 92
1738723714908 166.96312812137182 93
1738723714945 186.85571823377646 94
1738723714981 200.57636702835168 95
1738723715018 169.31257495580635 96
1738723715054 181.483841610667 97
1738723715091 150.00743506901932 98
1738723715127 159.65899378816556 99
1738723715163 153.20113246685733 100
1738723715200 140.8920511606449 101
1738723715236 153.52900784169964 102
1738723715272 128.71759971463277 103
1738723715308 162.45738298295348 104
1738723715344 166.2523209097612 105
1738723715381 195.89322339751584 106
1738723715417 134.8252593369352 107
1738723715454 167.70746095819894 108
1738723715490 154.99608527740978 109
1738723715526 156.49284131809853 110
1738723715562 174.89329515040598 111
1738723715598 195.19354929041333 112
1738723715634 184.84839134806785 113
1738723715670 139.71663889712028 114
1738723715707 140.8227373072676 115
1738723715743 202.77080822103716 116
1738723715779 160.60341140729622 117
1738723715815 202.63736506839706 118
1738723715851 173.77907054723454 119
1738723715887 190.24079568806894 120
1738723715923 149.28868245870845 121
1738723715958 176.38603989191773 122
1738723715994 166.55610138249318 123
1738723716030 156.05605615287104 124
1738723716067 160.71367643130478 125
1738723716104 186.3961643488353 126
1738723716142 218.30959989713276 127
1738723716179 177.17701090010593 128
1738723716216 191.85463491307476 129
1738723716253 181.30410788234744 130
1738723716290 164.80008126409447 131
1738723716356 160.9811753913342 132
1738723716393 185.58561564954266 133
1738723716430 181.95312950827852 134
1738723716466 174.28826531804643 135
1738723716503 156.66903192078433 136
1738723716540 183.43225060991372 137
1738723716578 168.59879707814872 138
1738723716615 163.59893747668204 139
1738723716651 136.02773958871146 140
1738723716688 127.08531240669824 141
1738723716725 164.3263479566806 142
1738723716761 173.0040150504065 143
1738723716798 166.89518033542822 144
1738723716834 188.46759505831915 145
1738723716871 169.76936767518 146
1738723716907 174.1102434608147 147
1738723716944 169.2688870016813 148
1738723716980 203.85700255533484 149
1738723717016 171.00566664217047 150
1738723717053 186.7129687116619 151
1738723717089 171.1943827713128 152
1738723717126 180.42826333204533 153
1738723717163 143.0273864428356 154
1738723717200 160.76193343911027 155
1738723717237 175.16982930438192 156
1738723717274 212.4272353887283 157
1738723717311 165.50104860234416 158
1738723717347 153.16275541849882 159
1738723717384 205.88040564316478 160
1738723717421 158.80161919359497 161
1738723717457 179.94044376558736 162
1738723717494 175.74723558971422 163
1738723717530 164.4760675512724 164
1738723717567 177.8583990011215 165
1738723717604 169.28244795007743 166
1738723717640 170.14710207357749 167
1738723717677 167.24341255034142 168
1738723717713 136.25237464380402 169
1738723717750 165.65671700941746 170
1738723717786 197.78891264118363 171
1738723717823 169.79962707219374 172
1738723717861 147.2975598401931 173
1738723717898 191.8874280992457 174
1738723717934 142.82453196912462 175
1738723717971 146.03455536867108 176
1738723718008 136.06147678716607 177
1738723718044 160.3512829027529 178
1738723718081 153.03638690112183 179
1738723718118 131.97902340002958 180
1738723718155 191.42217942007977 181
1738723718192 191.15764185159608 182
1738723718228 187.83205972335534 183
1738723718265 192.52458297656267 184
1738723718301 148.27608718643026 185
1738723718338 171.8945222166011 186
1738723718374 165.82487306082692 187
1738723718411 199.00255678433413 188
1738723718447 153.9993580496303 189
1738723718484 179.6104955389041 190
1738723718520 163.18824063508637 191
1738723718556 111.37099585938178 192
1738723718594 160.41503133589305 193
1738723718631 159.07236364931967 194
1738723718669 142.5945043349986 195
1738723718707 168.50313144560596 196
1738723718744 150.00878637883844 197
1738723718782 181.97933600589332 198
1738723718819 182.70174787523374 199
1738723718856 158.83591477216677 200
1738723718893 212.8110467813275 201
1738723718930 169.05102945611188 202
1738723718967 174.58460364645958 203
1738723719004 171.3977053683245 204
1738723719041 156.23253485974956 205
1738723719078 140.14055339701716 206
1738723719114 169.20931601822244 207
1738723719152 187.14023340673 208
1738723719188 244.4110257342934 209
1738723719226 181.6901050511186 210
1738723719263 173.3364069806302 211
1738723719302 155.7106641667618 212
1738723719340 145.40171946606873 213
1738723719378 187.26132450233814 214
1738723719416 138.58859866868752 215
1738723719453 180.9444377947391 216
1738723719490 184.82432996402764 217
1738723719527 158.85077373538985 218
1738723719564 180.06738353481467 219
1738723719601 140.3449819865274 220
1738723719638 162.66730130815824 221
1738723719675 188.35280081162352 222
1738723719712 172.9778036521769 223
1738723719749 155.12849475006573 224
1738723719786 115.36151290274411 225
1738723719823 195.857217058703 226
1738723719860 167.46225227133417 227
1738723719897 200.76593836945509 228
1738723719934 184.02419682838843 229
1738723719970 143.81937520183462 230
1738723720007 151.30798410033026 231
1738723720044 149.3355969105088 232
1738723720080 157.03235828709592 233
1738723720117 181.7587244170282 234
1738723720154 174.76468587616648 235
1738723720191 162.0742278780238 236
1738723720228 157.90127765836024 237
1738723720264 212.74989502868425 238
1738723720301 164.70243232872295 239
1738723720337 175.5286061041835 240
1738723720374 178.49906520979684 241
1738723720412 173.30378334761494 242
1738723720451 188.276200362909 243
1738723720488 171.76729298178407 244
1738723720525 166.9205347428058 245
1738723720561 187.4508201698074 246
1738723720601 193.9227781695223 247
1738723720638 160.5435565362272 248
1738723720675 139.2296447173594 249
1738723720712 169.102577522119 250
1738723720749 176.80584866026865 251
1738723720785 180.69730565624857 252
1738723720822 152.4744694669131 253
1738723720859 164.9675977417914 254
1738723720895 164.33796058059008 255
1738723720932 154.03476172284337 256
1738723720968 177.60754700088634 257
1738723721005 175.9051572740428 258
1738723721041 195.76461846109348 259
1738723721077 153.1253022696874 260
1738723721114 142.15585965257657 261
1738723721150 168.5028721697613 262
1738723721187 146.47244529911873 263
1738723721223 173.7533877037251 264
1738723721260 177.66210737605485 265
1738723721297 184.11101060743573 266
1738723721336 151.615791858111 267
1738723721373 186.01861551646752 268
1738723721410 148.04339528879422 269
1738723721447 149.20303810207147 270
1738723721484 269.70428203654956 271
1738723721520 174.70944661673195 272
1738723721557 155.2313240709477 273
1738723721593 158.26313894418502 274
1738723721630 167.03148277389334 275
1738723721667 189.70749726996672 276
1738723721703 166.73548388789888 277
1738723721740 183.34834779390724 278
1738723721776 147.82194845532368 279
1738723721813 167.9202966393594 280
1738723721849 175.58580830808646 281
1738723721886 165.7775705934971 282
1738723721922 119.24054365535996 283
1738723721959 174.74957570876438 284
1738723721995 174.89932698969326 285
1738723722032 156.54597768152985 286
1738723722068 163.6315971855555 287
1738723722105 179.51288386947954 288
1738723722142 163.0225684167844 289
1738723722178 172.69920819295743 290
1738723722215 183.70806438801816 291
1738723722252 154.8430126464564 292
1738723722288 166.93989976101807 293
1738723722325 170.77485492661836 294
1738723722362 162.89524597411517 295
1738723722399 138.97279659704088 296
1738723722435 207.9137612483876 297
1738723722472 184.06883651690458 298
1738723722508 148.3538617331069 299
1738723722545 223.28160771299156 300
1738723722582 164.7509786727226 301
1738723722619 166.98822404707144 302
1738723722655 144.4995907516654 303
1738723722692 172.25062147929555 304
1738723722729 163.84559875872674 305
1738723722765 158.6608776916477 306
1738723722802 177.60514117948668 307
1738723722839 169.43434908978364 308
1738723722875 168.7307983295421 309
1738723722911 225.6506560772051 310
1738723722948 151.88588958009757 311
1738723722985 162.793901260599 312
1738723723022 177.98884916988771 313
1738723723059 197.27262032981525 314
1738723723096 171.8465093631216 315
1738723723133 172.4014444748157 316
1738723723170 181.04473778653028 317
1738723723207 140.58144228944406 318
1738723723244 144.71100407316143 319
1738723723280 171.80233199586047 320
1738723723319 174.7598121564539 321
1738723723357 170.27656867750665 322
1738723723394 175.38613304487987 323
1738723723431 159.28853021026325 324
1738723723467 165.35263551064088 325
1738723723504 156.9935842457947 326
1738723723541 178.52761724961016 327
1738723723577 175.84788994570238 328
1738723723614 166.07983534214364 329
1738723723651 185.59768946917032 330
1738723723688 211.58322745816986 331
1738723723725 156.7833824003712 332
1738723723761 163.56963750437978 333
1738723723798 169.4882817716855 334
1738723723835 141.1048075873735 335
1738723723871 165.3391818578345 336
1738723723908 144.84573565735923 337
1738723723944 194.52995184972517 338
1738723723980 176.0785083775323 339
1738723724017 183.60269002048219 340
1738723724053 132.7363887852319 341
1738723724090 196.88359293892415 342
1738723724126 130.4915481119014 343
1738723724163 174.1068017315147 344
1738723724199 156.4076623437137 345
1738723724236 186.84180969208882 346
1738723724273 176.86302723401272 347
1738723724309 180.36167528171725 348
1738723724346 181.86145067147734 349
1738723724382 146.10837198710047 350
1738723724418 173.56382007282815 351
1738723724456 215.95133630787294 352
1738723724493 162.06586584076206 353
1738723724529 147.82521367671745 354
1738723724566 161.18604078350606 355
1738723724603 150.89918564478927 356
1738723724640 190.87092133244073 357
1738723724677 173.51852843999404 358
1738723724713 197.01259152188038 359
1738723724750 106.55008432242951 360
1738723724786 181.83993974549335 361
1738723724823 151.54528298735664 362
1738723724860 178.92930464139056 363
1738723724896 155.47033359069525 364
1738723724933 132.18961027156797 365
1738723724969 135.79807608794144 366
1738723725006 160.40111774902485 367
1738723725042 161.46297461985966 368
1738723725079 173.49037619696344 369
1738723725116 172.22945406193713 370
1738723725153 131.98542346926516 371
1738723725190 166.1713498329255 372
1738723725226 127.64366963959894 373
1738723725263 174.78945527496285 374
1738723725300 164.48405417271596 375
1738723725338 160.7644219924657 376
1738723725376 153.1499889903379 377
1738723725413 174.68559881841477 378
1738723725451 147.4544234607755 379
1738723725488 149.3117002380587 380
1738723725526 161.5160572238076 381
1738723725563 160.82166280613225 382
1738723725600 170.93493404296242 383
1738723725637 180.98409076227432 384
1738723725674 147.29786944393777 385
1738723725711 157.2811931802296 386
1738723725748 173.4794415440537 387
1738723725785 180.80718719210213 388
1738723725822 163.79821302728016 389
1738723725859 159.82993783845092 390
1738723725896 169.05828087062068 391
1738723725933 167.26892148652652 392
1738723725969 156.96711859010728 393
1738723726006 165.347525069347 394
1738723726043 187.80968941881517 395
1738723726080 141.13389854252262 396
1738723726117 151.1199792672663 397
1738723726155 176.92031944953337 398
1738723726191 177.12183463192827 399
1738723726228 181.8958253212839 400
1738723726265 229.3986989186942 401
1738723726303 132.02389183026347 402
1738723726340 118.05110156571375 403
1738723726378 150.6292759868477 404
1738723726415 166.10641934211094 405
1738723726452 125.88551978510667 406
1738723726489 140.13363987029905 407
1738723726526 187.6066429937123 408
1738723726562 190.7645047658422 409
1738723726599 178.49035660933032 410
1738723726636 163.80313762411532 411
1738723726673 147.00174630407233 412
1738723726710 172.67101094514373 413
1738723726746 159.11395777432628 414
1738723726783 218.4096221961435 415
1738723726820 183.30985691967106 416
1738723726856 179.64493741312887 417
1738723726893 177.42030897995045 418
1738723726929 141.37208980789643 419
1738723726966 132.53266083536187 420
1738723727002 173.41869643368824 421
1738723727039 191.23832044420763 422
1738723727075 148.24740454824726 423
1738723727112 166.09389336300887 424
1738723727150 169.71587914648634 425
1738723727188 161.82461759453398 426
1738723727225 138.03097614387093 427
1738723727262 187.7004878188248 428
1738723727299 190.54829962340378 429
1738723727338 159.35745356474675 430
1738723727375 152.28231123544492 431
1738723727413 164.3138472097387 432
1738723727450 151.00765705849244 433
1738723727488 168.7079587756471 434
1738723727525 180.35618583707407 435
1738723727562 175.23897271664956 436
1738723727599 195.28992113541463 437
1738723727636 175.0621562418818 438
1738723727673 185.78268917958144 439
1738723727710 169.68670149901266 440
1738723727747 186.25698299113782 441
1738723727784 173.0315239590672 442
1738723727821 150.13106532751604 443
1738723727859 173.59661361678067 444
1738723727897 156.30104372653813 445
1738723727935 163.20894486428807 446
1738723727973 189.92884369685325 447
1738723728011 194.46963108434653 448
1738723728049 185.78873591794527 449
1738723728087 155.34345457407008 450
1738723728125 177.85091502280883 451
1738723728162 166.36889246654783 452
1738723728200 176.6260715864345 453
1738723728237 145.22870270801224 454
1738723728274 170.8891345222361 455
1738723728312 169.14440233604333 456
1738723728351 170.2609217367975 457
1738723728389 152.69672583005976 458
1738723728426 168.79974402660162 459
1738723728463 190.8526068200652 460
1738723728500 165.2903428701389 461
1738723728537 151.30776377215267 462
1738723728574 130.9661214217449 463
1738723728611 162.10743536253116 464
1738723728648 170.69727355916655 465
1738723728685 152.21650656903128 466
1738723728723 180.2675193659154 467
1738723728761 159.45101387401286 468
1738723728800 155.91031858247663 469
1738723728838 150.31660556964547 470
1738723728875 171.1629458045457 471
1738723728912 164.7486987026986 472
1738723728950 168.97086415825268 473
1738723728988 177.18103065588858 474
1738723729025 160.70041677118698 475
1738723729062 168.68644602164676 476
1738723729099 188.8128005919718 477
1738723729135 156.87441607784248 478
1738723729172 169.92865940790554 479
1738723729209 159.4364647922374 480
1738723729246 176.34513067291294 481
1738723729282 150.42557431091504 482
1738723729319 176.12047718802557 483
1738723729355 180.7559445223505 484
1738723729392 159.71790452060333 485
1738723729428 157.2165977818172 486
1738723729464 182.77982203202345 487
1738723729501 148.33465517935483 488
1738723729537 177.45278346522753 489
1738723729574 95.19600870025174 490
1738723729610 156.37818785631003 491
1738723729646 155.93045903867124 492
1738723729684 161.52244630270462 493
1738723729721 135.84304199828176 494
1738723729758 206.35767503653358 495
1738723729795 155.27792154739635 496
1738723729833 158.14884373700883 497
1738723729869 157.37506389591272 498
1738723729906 174.8820645992956 499
