1738724128400 175.69735245821568 0
1738724128434 177.98553186145804 1
1738724128468 166.54607686769202 2
1738724128502 173.18136192383753 3
1738724128536 157.59974335793135 4
1738724128570 172.89941635542957 5
1738724128604 169.57401954738629 6
1738724128638 144.7487088463588 7
1738724128672 177.30522133654995 8
1738724128705 160.43729643715113 9
1738724128739 164.76209309445747 10
1738724128773 164.37379033379065 11
1738724128807 184.1172667293713 12
1738724128840 176.2307285012206 13
1738724128874 172.51516139512847 14
1738724128907 173.5705641113746 15
1738724128941 169.3267639592635 16
1738724128975 149.29629415408664 17
1738724129008 185.84209476194818 18
1738724129042 180.06289031475745 19
1738724129075 150.01486924788142 20
1738724129109 164.7616103503491 21
1738724129142 174.93264925753687 22
1738724129175 175.05761420108786 23
1738724129209 173.6869655099619 24
1738724129242 166.6114944857096 25
1738724129275 152.91247595605827 26
1738724129309 153.7286722362723 27
1738724129342 171.37565439960554 28
1738724129376 168.46778098051564 29
1738724129409 143.9554083352498 30
1738724129442 178.6528369451945 31
1738724129476 169.89823170455068 32
1738724129509 178.53201809057452 33
1738724129542 175.27612705809614 34
