1738724434896 168.58981863275778 0
1738724434900 166.84555048460635 1
1738724434903 170.0318880162509 2
1738724434906 167.34144233688212 3
1738724434909 168.5422763209491 4
1738724434912 168.98086398875733 5
1738724434915 169.70185784189056 6
1738724434918 169.48503986895923 7
1738724434921 171.1410772053694 8
1738724434924 168.59677224783337 9
1738724434927 169.29204661416213 10
1738724434930 166.0799082195826 11
1738724434933 170.9325761869324 12
1738724434936 167.48220632856285 13
1738724434939 168.63955735127914 14
1738724434942 169.3144413440624 15
1738724434945 166.86542092672107 16
1738724434948 168.62949161686157 17
1738724434951 169.28668141232407 18
1738724434954 169.6543355478803 19
1738724434957 167.65059374797468 20
1738724434960 169.79364673648215 21
1738724434963 169.75421202529284 22
1738724434966 168.69409173173298 23
1738724434969 168.01553327176748 24
1738724434972 170.667037248982 25
1738724434975 169.92027341042393 26
1738724434978 170.63593420839103 27
1738724434981 169.80904114911803 28
1738724434984 168.84050718935694 29
1738724434987 165.62324450938507 30
1738724434990 169.63689757146741 31
