1738726714490 172.1139939070528 0
1738726714494 168.59501800604755 1
1738726714499 168.03414239074752 2
1738726714503 168.8055627220647 3
1738726714508 167.361102872444 4
1738726714513 170.32156142907323 5
1738726714518 168.97906202382785 6
1738726714523 166.8810352927689 7
1738726714527 166.80357183086005 8
1738726714532 168.57772599933966 9
1738726714536 168.28925044770895 10
1738726714541 168.77330566409512 11
1738726714545 169.88921342741702 12
1738726714549 170.97451096064458 13
1738726714554 166.71052301334606 14
1738726714559 167.72114690753637 15
1738726714564 167.63574167947155 16
1738726714568 169.25841193868933 17
1738726714573 169.19242799703719 18
1738726714577 168.95037716410104 19
1738726714581 168.72012651418066 20
1738726714585 167.0579372688332 21
1738726714589 168.15803396978765 22
1738726714593 169.26629411739833 23
1738726714597 168.12391414276067 24
1738726714601 165.65323397463976 25
1738726714606 168.87829430450944 26
1738726714610 166.89521543802593 27
1738726714614 169.37021663772742 28
1738726714618 168.475075734153 29
1738726714622 168.57284064910044 30
