1738722112314 170.64232554498045 0
1738722112316 169.47171861386738 1
1738722112319 166.13917919349416 2
1738722112321 170.93081887991795 3
1738722112322 168.9258948665353 4
1738722112324 166.08364965505416 5
1738722112326 167.34002535783748 6
1738722112328 171.34335915818343 7
1738722112330 170.60616037080254 8
1738722112332 168.44736854359027 9
1738722112334 168.49724603217123 10
1738722112335 169.83097041453726 11
1738722112337 168.00855642518118 12
1738722112339 168.7244147749437 13
1738722112341 169.79339003020672 14
1738722112343 169.22342309676228 15
1738722112345 169.08525116737084 16
1738722112347 168.41733175104235 17
1738722112348 169.8841688487228 18
1738722112350 165.10979141120436 19
1738722112353 170.34934811262093 20
1738722112355 168.8387020108178 21
1738722112356 168.7017177693579 22
1738722112358 168.9671917776403 23
1738722112360 170.96810919603183 24
1738722112362 167.9451813634355 25
1738722112365 169.54162179291586 26
1738722112367 166.33632360593177 27
1738722112370 170.998256559225 28
1738722112371 169.26174539011714 29
1738722112374 168.87186748588314 30
1738722112376 168.66093520594248 31
1738722112378 168.34165986423545 32
1738722112380 169.20928210826412 33
1738722112382 168.93472197779042 34
1738722112384 167.7347291317197 35
1738722112386 167.86069110088488 36
1738722112389 168.11217122419166 37
1738722112391 168.5226752015716 38
1738722112393 167.85545873725232 39
1738722112395 168.26480373615556 40
1738722112397 169.39060906542102 41
1738722112399 168.53928613980523 42
1738722112401 167.0735234504061 43
1738722112403 167.62514775026133 44
1738722112405 169.54987498056036 45
1738722112407 168.6909410253872 46
1738722112409 167.23516230066727 47
1738722112411 168.45553377464432 48
1738722112414 166.81647009730852 49
1738722112416 168.92621086052029 50
1738722112418 170.2937807922373 51
1738722112420 166.2557662460254 52
1738722112423 168.42718307851777 53
1738722112425 170.4094934843896 54
1738722112427 170.2605477192545 55
1738722112429 165.9317464125575 56
1738722112431 167.17968249320316 57
1738722112434 168.58062132653134 58
1738722112436 169.29060672627062 59
1738722112437 170.69079339156204 60
1738722112439 169.91413814114756 61
1738722112442 170.1695459002258 62
1738722112444 168.58311409158486 63
1738722112446 166.87748307591278 64
1738722112449 169.61236801081554 65
1738722112452 167.75051610197207 66
1738722112454 169.90873011199182 67
1738722112457 168.94833949900854 68
1738722112460 169.74234273835364 69
1738722112462 167.2269391753378 70
1738722112464 168.0500263016346 71
1738722112467 169.08366328861382 72
1738722112469 166.7600515622609 73
1738722112471 169.20102407166098 74
1738722112473 168.0162198805522 75
1738722112476 169.29178303072007 76
1738722112478 168.91417897667714 77
1738722112480 169.78819960016423 78
1738722112483 168.45680563048714 79
1738722112485 169.3942269518892 80
1738722112487 168.14101389683384 81
1738722112489 166.58859876737745 82
1738722112492 167.8261792676625 83
1738722112494 169.46388149139983 84
1738722112496 168.1633904102487 85
1738722112499 165.8833458947658 86
1738722112501 168.48608880688474 87
1738722112503 168.86671549035177 88
1738722112505 167.96546127681552 89
1738722112508 166.7714068670969 90
1738722112511 168.9568301624777 91
1738722112514 171.04168608738215 92
1738722112517 167.74053086010753 93
1738722112519 169.01906165042968 94
1738722112521 169.50925703415632 95
1738722112523 171.5880839102103 96
1738722112526 168.6127986545457 97
1738722112528 170.26672966885482 98
1738722112530 169.3306594861615 99
1738722112533 168.04942173766906 100
1738722112535 167.5376417570425 101
1738722112537 166.94698574313912 102
1738722112539 168.21429967669096 103
1738722112542 169.0371560049853 104
1738722112544 167.6999101882705 105
1738722112546 167.19884540792015 106
1738722112548 169.2765376488263 107
1738722112551 167.60504843587017 108
1738722112553 168.30531209839242 109
1738722112555 171.13645839825125 110
1738722112557 170.9963895347021 111
1738722112559 169.1632444025944 112
1738722112561 167.31312874479755 113
1738722112563 167.30512050731156 114
1738722112565 167.294766346791 115
1738722112568 168.03946051003535 116
1738722112570 169.4797620567016 117
1738722112573 168.0438411821508 118
1738722112576 169.46871621481256 119
1738722112578 168.96682075978418 120
1738722112580 168.48688777518345 121
1738722112582 168.50359589870015 122
1738722112585 166.76712842573892 123
1738722112587 170.14998046606408 124
1738722112589 169.51484312725563 125
1738722112591 167.6695644879456 126
1738722112593 167.94790362025222 127
1738722112595 168.3544831100788 128
1738722112598 168.50295355246777 129
1738722112600 168.18097535631696 130
1738722112602 170.4672437899003 131
1738722112604 169.62771752606096 132
1738722112605 168.6378008709857 133
1738722112607 171.07237822976427 134
1738722112609 170.33711955921189 135
1738722112611 169.40662660855443 136
1738722112613 170.35964899415833 137
1738722112615 168.69132804837156 138
1738722112617 172.3450874148671 139
1738722112619 168.21474025141728 140
1738722112621 167.71187007648018 141
1738722112623 166.54244196440283 142
1738722112625 170.53263305701577 143
1738722112627 168.91882310409295 144
1738722112629 168.6887007317258 145
1738722112631 169.1339796945726 146
1738722112633 168.1516761461588 147
1738722112634 168.42343974223164 148
1738722112636 167.1802188351157 149
1738722112638 169.65415251990532 150
1738722112640 169.91176407662476 151
1738722112642 170.4471524576472 152
1738722112644 168.08915104971575 153
1738722112646 170.59519143995925 154
1738722112648 167.23370944718292 155
1738722112651 171.16419486975403 156
1738722112653 169.88678414776047 157
1738722112655 168.89786069802977 158
1738722112656 170.4006834742631 159
1738722112659 168.4675803268237 160
1738722112660 167.10770726489545 161
1738722112662 169.08067140394303 162
1738722112664 168.620003685417 163
1738722112666 167.9829014619723 164
1738722112668 169.98627405049712 165
1738722112670 169.3047306976494 166
1738722112672 168.09632172137938 167
1738722112673 168.1413682439422 168
1738722112675 169.26046981410207 169
1738722112677 166.61515887573736 170
1738722112679 170.9813590320623 171
1738722112681 168.71449440209892 172
1738722112683 169.59450136880795 173
1738722112684 169.1832374253239 174
1738722112686 166.79238406858332 175
1738722112688 166.2467869904152 176
1738722112690 167.48369751225823 177
1738722112692 169.17790192256922 178
1738722112693 166.9778448236378 179
1738722112695 168.65228319351456 180
1738722112697 169.24981276195248 181
1738722112699 169.68201046528884 182
1738722112701 168.04350825528138 183
1738722112703 167.68124006168716 184
1738722112705 169.26840173292427 185
1738722112707 168.13026882903506 186
1738722112709 170.44493249181536 187
1738722112712 167.50217714255632 188
1738722112715 168.1696788490672 189
1738722112718 169.83107836183484 190
1738722112720 168.216575821046 191
1738722112722 168.47622067710103 192
1738722112726 168.4886130278884 193
1738722112728 167.0171523495078 194
1738722112731 166.67345783994693 195
1738722112733 168.72183558035167 196
1738722112736 167.20285697533666 197
1738722112738 167.7738813392288 198
1738722112740 169.20519278711907 199
1738722112743 167.84785510186427 200
1738722112745 169.52146883024787 201
1738722112748 168.53127510404695 202
1738722112751 169.51701164868956 203
1738722112753 170.61304877387707 204
1738722112755 170.73442328513747 205
1738722112757 168.86342529116914 206
1738722112759 169.98120162747006 207
1738722112761 167.02185266981311 208
1738722112763 168.0474345115461 209
1738722112766 168.89780434526784 210
1738722112772 166.14647047352688 211
1738722112776 168.4929402445409 212
1738722112780 166.3429094115909 213
1738722112783 167.64181708925022 214
1738722112785 167.8911190295544 215
1738722112787 166.89693896766656 216
1738722112790 167.19559603492783 217
1738722112793 167.97585099858222 218
1738722112795 169.25848260679268 219
1738722112797 168.7233976532654 220
1738722112800 168.23662004563818 221
1738722112802 169.316445456157 222
1738722112804 170.7871254405843 223
1738722112806 167.78340779273714 224
1738722112808 168.33486142814752 225
1738722112810 168.45074976146853 226
1738722112813 170.49349227679778 227
1738722112815 168.5636434765761 228
1738722112818 167.02462657509088 229
1738722112820 168.89921694101164 230
1738722112821 168.09271321772349 231
1738722112824 170.49681779323092 232
1738722112826 168.51024709380945 233
1738722112828 167.81550389678023 234
1738722112831 171.2048914318341 235
