1738724122168 173.11450963243044 0
1738724122170 166.11890822511393 1
1738724122173 171.0133540261872 2
1738724122176 169.84022216745873 3
1738724122179 166.92232409799527 4
1738724122181 169.4621653149892 5
1738724122184 170.364022624144 6
1738724122187 169.57963131980716 7
1738724122190 164.47947857655856 8
1738724122193 171.42803199377872 9
1738724122196 165.65219171844353 10
1738724122199 166.3610759451085 11
1738724122201 172.14968580054256 12
1738724122205 168.0643364687508 13
1738724122208 172.57311818653787 14
1738724122211 166.3085496881061 15
1738724122213 166.02386864609207 16
1738724122216 170.44207331471495 17
1738724122219 169.33380962337856 18
1738724122222 165.65020833618044 19
1738724122224 170.12295367375918 20
1738724122227 172.45924813330492 21
1738724122230 171.2899237178625 22
1738724122233 164.9877633873259 23
1738724122235 169.98628020815644 24
1738724122238 165.83774378576513 25
1738724122240 173.3572850508537 26
1738724122243 170.01000640517995 27
1738724122246 166.83807831015667 28
1738724122249 172.5077735978812 29
1738724122251 166.24472889830142 30
1738724122254 165.94610944671234 31
1738724122257 169.5572420380633 32
1738724122259 170.61274285314963 33
1738724122262 165.08591940759644 34
1738724122265 169.69425801131771 35
1738724122267 171.021953229482 36
1738724122270 170.12127516944744 37
1738724122273 165.00590238858328 38
1738724122275 168.63369981444407 39
1738724122278 169.63193057675178 40
1738724122281 170.7588279716795 41
1738724122283 167.7325365852576 42
1738724122286 171.83658133248252 43
1738724122289 170.5254897019845 44
1738724122291 168.1109693627985 45
1738724122294 168.88163955587814 46
1738724122297 169.74297140340812 47
1738724122299 166.44256404622266 48
1738724122308 170.062951345617 49
1738724122317 167.55041407901098 50
1738724122320 168.02360673148965 51
1738724122323 168.71103712263388 52
1738724122326 168.40975428805896 53
1738724122329 169.5386843487804 54
1738724122332 165.0049066845452 55
1738724122335 170.12356336727842 56
1738724122337 168.720688747342 57
1738724122340 173.62359623482638 58
1738724122343 168.83410344543574 59
1738724122346 172.81163185281048 60
1738724122348 167.32612476347006 61
1738724122351 167.31173456489674 62
1738724122354 170.66890931197412 63
1738724122357 168.46250908776497 64
1738724122359 170.9731916518392 65
1738724122362 171.78023287938885 66
1738724122366 166.66627904084854 67
1738724122369 170.83637543062449 68
1738724122373 167.93128194778862 69
