1738724791456 164.96878657748843 0
1738724791489 170.80416647961448 1
1738724791522 171.8457524948252 2
1738724791554 181.5698057342666 3
1738724791586 171.09767507456044 4
1738724791619 162.86731494992497 5
1738724791652 171.8717634008548 6
1738724791685 169.0106603943517 7
1738724791717 168.8088737141311 8
1738724791750 171.5313560788982 9
1738724791782 168.89300152057015 10
1738724791815 178.2160707205899 11
1738724791847 172.7391755019369 12
1738724791879 173.32007342057312 13
1738724791911 168.0109074510816 14
1738724791943 193.09803299149763 15
1738724791975 162.34995130663458 16
1738724792008 165.95365956639276 17
1738724792040 162.75469050185725 18
1738724792072 154.60328630475726 19
1738724792104 184.89996493288695 20
1738724792136 161.25168041250194 21
1738724792168 181.50965479020866 22
1738724792200 171.34076757158581 23
1738724792232 172.49851487685817 24
1738724792264 179.6973227893612 25
1738724792296 163.60579904565756 26
1738724792328 188.2852109516383 27
1738724792360 159.4971091913204 28
1738724792395 184.67850974550038 29
1738724792427 181.45622116126643 30
1738724792459 151.86959641172592 31
1738724792491 160.22998817480013 32
1738724792523 193.02865985668876 33
1738724792555 157.38386870512892 34
1738724792587 162.24031231672149 35
1738724792619 158.8502215882594 36
1738724792651 153.89353101198793 37
1738724792683 171.35167716832683 38
1738724792715 174.12631573045527 39
1738724792747 172.55157464468599 40
1738724792779 173.23592486911758 41
1738724792811 166.01291999548317 42
1738724792843 154.46091901291007 43
1738724792875 160.03160253420432 44
1738724792907 156.14751678193662 45
1738724792938 183.03165370599984 46
1738724792970 182.18264810469935 47
1738724793002 170.61772807412635 48
1738724793035 170.7428004156524 49
1738724793067 184.56594093332689 50
1738724793099 177.31230285851134 51
1738724793130 154.02625354103108 52
