1738723864748 123.90126532830686 0
1738723864782 167.73713799660197 1
1738723864816 423.99708836302165 2
1738723864851 202.4029188011401 3
1738723864885 245.25440634992822 4
1738723864920 175.38184383654047 5
1738723864955 226.79862809360924 6
1738723864989 378.2611465600361 7
1738723865023 173.8527607149557 8
1738723865057 196.4839416449333 9
1738723865091 180.5095285725901 10
1738723865125 153.2486772967213 11
1738723865160 185.1646984080874 12
1738723865194 122.23909616817072 13
1738723865228 175.5344133408738 14
1738723865262 208.53403178928778 15
1738723865296 144.47424449203152 16
1738723865330 102.91746094059957 17
1738723865363 159.5570066097321 18
1738723865397 97.28504543256601 19
1738723865430 239.66693056521893 20
1738723865463 135.78739776490085 21
1738723865497 125.89958632265392 22
1738723865530 73.60404497987292 23
1738723865563 176.63676715912965 24
1738723865597 98.32382219279893 25
1738723865631 141.9641256351701 26
1738723865664 156.6969876557094 27
1738723865703 350.9102008167515 28
1738723865738 210.466015037887 29
1738723865773 131.50578710730906 30
1738723865807 341.3055243701564 31
1738723865842 263.03732502352347 32
1738723865876 138.6818065373306 33
1738723865910 177.26895710427823 34
1738723865944 139.14279551818052 35
1738723865977 103.77993734545008 36
1738723866011 173.85768471795672 37
1738723866045 216.80017032624207 38
1738723866078 90.02372441248491 39
1738723866112 219.25186704654067 40
1738723866146 215.66680806731313 41
1738723866180 173.8977643712919 42
1738723866213 161.14928628980198 43
1738723866248 160.78524366214538 44
1738723866282 174.9749590515466 45
1738723866320 147.50469400953875 46
1738723866356 191.79416053594727 47
1738723866391 241.05034228117344 48
1738723866426 192.53304220996196 49
1738723866460 169.67712319933835 50
1738723866495 179.42908573862357 51
1738723866529 214.3780615604638 52
1738723866563 231.8499870699153 53
1738723866597 167.5813415569773 54
1738723866631 160.44300991426067 55
1738723866666 204.82520601487855 56
1738723866701 140.7584569265126 57
1738723866735 124.80374288874039 58
1738723866770 103.90680956150878 59
1738723866804 168.28148503238558 60
1738723866839 254.35705594235165 61
1738723866873 169.59958405118 62
1738723866907 202.07852920956563 63
1738723866940 135.64312091549914 64
1738723866974 204.0793125584668 65
1738723867007 141.26554092984054 66
1738723867041 179.91189712348788 67
1738723867074 144.5853375702536 68
1738723867107 204.0564570063232 69
1738723867141 208.33544825923633 70
1738723867174 88.31284824554388 71
1738723867207 114.60970219089738 72
1738723867241 157.54387018059822 73
1738723867274 177.63562104147047 74
1738723867307 350.3789378141196 75
1738723867342 169.00907458762435 76
1738723867375 234.893937248387 77
1738723867408 209.78272916783214 78
1738723867442 224.07099270692345 79
1738723867475 138.2038800428125 80
1738723867508 239.93057539755262 81
1738723867542 161.33243591665715 82
1738723867575 207.35732753536678 83
1738723867608 222.1117121615068 84
1738723867641 130.54205356754844 85
1738723867675 133.2215428124706 86
1738723867708 128.78353265407074 87
1738723867741 172.26975793475702 88
1738723867774 142.22073511265572 89
1738723867807 194.80520819679933 90
1738723867840 156.05347586240367 91
1738723867873 176.73711451165246 92
1738723867906 122.97169028880289 93
1738723867938 116.7115720386495 94
1738723867971 160.61012310221173 95
1738723868004 163.83267693347634 96
1738723868037 143.2124343869567 97
1738723868070 221.35235178775065 98
1738723868104 177.43988664507867 99
1738723868137 117.44560037364874 100
1738723868170 167.884533829426 101
1738723868203 146.50814808592142 102
1738723868235 115.44640146602715 103
1738723868268 152.6630229972886 104
1738723868301 161.37992984266307 105
1738723868335 169.41721022784415 106
1738723868370 220.63161438666725 107
1738723868404 135.59969809191077 108
1738723868438 166.36793010388706 109
1738723868472 206.53404569264484 110
1738723868506 203.9296708526012 111
1738723868540 191.52722079392493 112
1738723868573 80.2681047025748 113
1738723868606 258.47067723827746 114
1738723868639 6.72653617976315 115
1738723868672 143.57707877875546 116
1738723868705 140.58503032490108 117
1738723868738 224.50297761202654 118
1738723868771 165.22523897360819 119
1738723868805 197.2746545831849 120
1738723868838 246.4697528056576 121
1738723868870 210.06355373558452 122
1738723868903 140.37606744143892 123
1738723868936 245.5648226310912 124
1738723868969 212.3366341201374 125
1738723869002 184.42038114695998 126
1738723869035 169.9616608405006 127
1738723869068 105.17388983127762 128
1738723869101 216.9446709462601 129
1738723869134 249.22174820659095 130
1738723869167 171.23680304959998 131
1738723869199 185.5086146179156 132
1738723869232 80.11695727261996 133
1738723869265 177.61206554724774 134
1738723869298 152.15774026103773 135
1738723869330 99.21314151859596 136
1738723869363 266.3590727534607 137
1738723869396 129.23723312787925 138
1738723869429 207.43741136446002 139
1738723869461 249.56445120961797 140
1738723869494 206.59020456549538 141
1738723869526 86.55207369910268 142
1738723869559 141.18351810335386 143
1738723869592 174.22089930007556 144
1738723869624 45.239019581977566 145
1738723869657 172.4701797393705 146
1738723869691 208.94516235711907 147
1738723869725 136.19948746344892 148
1738723869759 129.63514795411456 149
1738723869793 131.6541161869374 150
1738723869827 185.1171052140771 151
1738723869860 168.42011816462826 152
1738723869894 184.79726405933653 153
1738723869928 156.43881195516113 154
1738723869962 145.0878336448597 155
1738723869995 176.90539598876785 156
1738723870029 214.78752465989092 157
1738723870062 166.75128671189492 158
1738723870095 137.6708224653171 159
1738723870129 147.95344961993368 160
1738723870162 102.17089312598613 161
1738723870196 150.86407606343775 162
1738723870230 187.1178715146375 163
1738723870263 174.61994649144393 164
1738723870297 221.69768630280032 165
1738723870330 174.06568821866932 166
1738723870363 178.96273847721469 167
1738723870397 173.1929330024324 168
1738723870430 154.8007444801901 169
1738723870464 164.67327510443334 170
1738723870498 193.54563044189487 171
1738723870532 96.70541457246871 172
1738723870565 233.2429198574756 173
1738723870599 153.75903429171524 174
1738723870633 164.15223884460244 175
1738723870675 116.02374314434182 176
1738723870709 128.4208228636279 177
1738723870743 179.00109075243816 178
1738723870781 192.63059967714105 179
1738723870815 106.07542392977813 180
1738723870849 133.30704280872635 181
1738723870883 137.6285494252024 182
1738723870917 161.48485532076523 183
1738723870951 127.39399934455683 184
1738723870985 185.61615595325145 185
1738723871019 196.14016307864787 186
1738723871053 147.1844047021211 187
1738723871087 137.2448496049336 188
1738723871121 154.61632657146478 189
1738723871154 105.94463354150078 190
1738723871188 184.1712851097394 191
1738723871222 168.83519106222468 192
1738723871256 249.7334649662545 193
1738723871290 221.21020615073755 194
1738723871324 125.5357417210718 195
1738723871359 274.3455001482177 196
1738723871395 147.39525931185275 197
1738723871429 152.18289365706454 198
1738723871463 179.0868779340964 199
1738723871497 99.802769631953 200
1738723871531 94.30201723404795 201
1738723871564 33.20878835352426 202
1738723871598 172.03481119414639 203
1738723871631 145.4931252890632 204
1738723871665 241.22266122114303 205
1738723871698 411.7454240233672 206
1738723871732 230.69784882386307 207
1738723871766 87.43127345835072 208
1738723871799 223.04399632551707 209
1738723871833 127.45662736065937 210
1738723871866 163.37074832302486 211
1738723871899 254.04237642022738 212
1738723871933 147.57539994808434 213
1738723871966 200.40893906765038 214
1738723871999 155.46121031604528 215
1738723872032 224.25412379528828 216
1738723872066 156.45853902444378 217
1738723872099 97.38460441688089 218
1738723872132 131.37687493443403 219
1738723872165 120.17799988277763 220
1738723872198 170.8142558089862 221
1738723872231 159.44111102276074 222
1738723872264 114.35435211481051 223
1738723872299 177.81512873260115 224
1738723872332 145.4120622829441 225
1738723872365 175.01576553523805 226
1738723872399 182.30287014672348 227
1738723872432 119.88948255243852 228
1738723872465 171.3210702787066 229
1738723872498 139.88459169329957 230
1738723872531 156.18453769175406 231
1738723872564 94.11609602434274 232
1738723872597 127.29918069505382 233
1738723872630 120.36094491430974 234
1738723872663 110.63051047455147 235
1738723872696 177.58594973649355 236
1738723872728 98.95516513251846 237
1738723872761 167.24238255134657 238
1738723872794 215.9354110822636 239
1738723872827 240.3732543435304 240
1738723872860 184.15435561292267 241
1738723872893 140.83904053021817 242
1738723872926 108.92416374337884 243
1738723872959 173.7172435997187 244
1738723872991 202.34862875235723 245
1738723873024 106.61082679366189 246
1738723873057 169.3788324793873 247
1738723873090 102.92057092907926 248
1738723873123 76.12540940875554 249
1738723873156 191.33329268889497 250
1738723873189 73.89642287315257 251
1738723873222 290.48237172633543 252
1738723873255 176.95924373490874 253
1738723873287 86.9717166494869 254
1738723873320 160.71058928128093 255
1738723873353 185.31777616789233 256
1738723873386 261.936949751444 257
1738723873418 169.49621740699678 258
1738723873451 163.20833146211956 259
1738723873484 209.4685664154393 260
1738723873516 243.92083993315805 261
1738723873549 181.88218488670904 262
1738723873581 210.21432438821776 263
1738723873614 280.1772973608336 264
1738723873647 193.24833315334146 265
1738723873679 173.36609876829857 266
1738723873712 170.77430135497735 267
1738723873745 123.93387065829072 268
1738723873777 140.97776488169998 269
1738723873810 87.55721665599418 270
1738723873843 26.950889818735295 271
1738723873876 168.08619451905798 272
1738723873908 88.17612692136423 273
1738723873941 212.8591190900631 274
1738723873974 242.98661655312213 275
1738723874006 198.3790235867195 276
1738723874039 123.0822779906094 277
1738723874071 167.7215075005087 278
1738723874104 196.3285911476846 279
1738723874136 221.9752529561994 280
1738723874170 248.35570849141004 281
1738723874204 160.8380939783379 282
1738723874238 128.9802719337552 283
1738723874271 166.28847260100582 284
1738723874305 126.17489472986867 285
1738723874340 126.29424300767091 286
1738723874373 144.1449850733029 287
1738723874407 214.18595486276215 288
1738723874440 250.46773106745155 289
1738723874473 201.2219324816673 290
1738723874506 94.28955989984473 291
1738723874539 165.10900283297394 292
1738723874573 137.01332380227979 293
1738723874606 185.72377316699573 294
1738723874639 187.4815514437388 295
1738723874672 122.17282029121597 296
1738723874705 230.59664821029384 297
1738723874738 146.22317962390477 298
1738723874771 169.81192554701875 299
1738723874804 87.64733776387364 300
1738723874837 128.2118715488857 301
1738723874870 170.99099159889786 302
1738723874903 180.12021213939144 303
1738723874936 162.31544344752382 304
1738723874969 322.5678807413433 305
1738723875002 162.46101616942474 306
1738723875035 278.98229522749097 307
1738723875068 258.7504854674373 308
1738723875101 126.96032442192565 309
1738723875134 162.63074781317167 310
1738723875168 188.40623510253232 311
1738723875201 140.22570867261322 312
1738723875235 224.293961570412 313
1738723875268 145.25193587376233 314
1738723875301 179.4675809832428 315
1738723875334 225.3387254673699 316
1738723875367 257.4134173266186 317
1738723875400 116.3436314827279 318
1738723875433 220.39386056378336 319
1738723875466 152.70854858347556 320
1738723875499 114.70113171131266 321
1738723875532 163.5950602428311 322
1738723875565 193.1047950914194 323
1738723875598 60.94317875714625 324
1738723875632 128.51973076540742 325
1738723875665 117.16979361601783 326
1738723875698 97.19240293921149 327
1738723875731 130.86806910328448 328
1738723875764 180.8523906269214 329
1738723875797 162.57648466973848 330
1738723875830 122.02608454334603 331
1738723875863 207.79392510560447 332
1738723875896 136.36604924195439 333
1738723875929 180.74846768795626 334
1738723875963 216.11789298771276 335
1738723875996 135.76609244820594 336
1738723876029 118.7591937506192 337
1738723876063 230.01819848274457 338
1738723876096 186.17200334979606 339
1738723876129 110.67967346259454 340
1738723876162 183.41025060907737 341
1738723876195 159.1124746350422 342
1738723876228 124.33789265616775 343
1738723876261 168.84757167269686 344
1738723876294 134.58016720209224 345
1738723876327 148.15093769110106 346
1738723876360 218.75132523537238 347
1738723876393 181.86531371214087 348
1738723876426 180.93777606452846 349
1738723876459 138.8205560522335 350
1738723876492 134.6233217805657 351
1738723876525 145.07310077579365 352
1738723876557 224.2493604673523 353
1738723876590 61.14455956413901 354
1738723876623 37.161003902717106 355
1738723876656 216.63703175064802 356
1738723876689 176.27174581042948 357
1738723876721 253.16184898957394 358
1738723876754 105.94413288973726 359
1738723876787 174.40161998773195 360
1738723876819 137.9519404116365 361
1738723876852 210.0962488615449 362
1738723876885 186.37842313844402 363
1738723876918 175.04019526916056 364
1738723876950 143.25590796159952 365
1738723876983 210.24442729457263 366
1738723877016 201.91609938304777 367
1738723877048 154.26911529533405 368
1738723877081 191.44511672371877 369
1738723877114 189.33688273663964 370
1738723877147 77.4257885268216 371
1738723877179 166.0329272047303 372
1738723877212 255.26241776455984 373
1738723877245 178.25657312202674 374
1738723877278 59.853360741374026 375
1738723877311 164.16285436476034 376
1738723877344 152.67677028951306 377
1738723877378 579.2336182225828 378
1738723877411 215.06877266938412 379
1738723877444 186.59976069403893 380
1738723877477 222.1424294418643 381
1738723877510 98.31689278676687 382
1738723877543 134.62515710445763 383
1738723877576 44.607094218740734 384
1738723877609 135.36747464069015 385
1738723877642 223.17417962061486 386
1738723877676 177.15824503412347 387
1738723877708 263.3336246772271 388
1738723877742 111.76923693861985 389
1738723877775 376.6411083985393 390
1738723877807 115.62587358651321 391
1738723877840 181.18532556042086 392
1738723877874 140.32412808610863 393
1738723877907 190.89665545967858 394
1738723877940 175.14196696354176 395
1738723877973 132.27470715855497 396
1738723878006 148.5911670824987 397
1738723878039 156.0414288538889 398
1738723878072 97.66722895059193 399
1738723878105 216.0461532708435 400
1738723878138 188.36081236021474 401
1738723878171 139.5367669071689 402
1738723878204 176.22085344528838 403
1738723878236 138.52964258733564 404
1738723878269 90.00317352159267 405
1738723878302 231.609951914499 406
1738723878336 213.36682661439363 407
1738723878371 146.72107033706473 408
1738723878406 339.58480752989857 409
1738723878441 429.3980734643677 410
1738723878475 73.06089240049634 411
1738723878510 145.6642669028875 412
1738723878544 152.65907382984165 413
1738723878578 101.61384987506084 414
1738723878611 281.02281376778126 415
1738723878645 163.08640760589282 416
1738723878678 130.92749154484858 417
1738723878712 269.9269237873864 418
1738723878746 261.9748387784033 419
1738723878781 166.8122594654722 420
1738723878821 178.6972571330393 421
1738723878855 54.368759539420076 422
1738723878888 257.95518298003947 423
1738723878922 240.34028210478724 424
1738723878955 178.86875214235047 425
1738723878989 181.77337430359268 426
1738723879023 174.27832843771736 427
1738723879056 115.9999952570896 428
1738723879089 179.42461736495216 429
1738723879123 213.49689720516233 430
1738723879156 229.04814233254893 431
1738723879189 191.2066672102697 432
1738723879222 41.28528462108069 433
1738723879256 154.0264541430477 434
1738723879289 139.5147581498757 435
1738723879322 99.68593836469319 436
1738723879355 141.019345241011 437
1738723879388 72.98602372239134 438
1738723879421 209.441211336088 439
1738723879454 91.95894646300945 440
1738723879487 188.34497486546846 441
1738723879520 194.7799543424747 442
1738723879553 127.70470355138002 443
1738723879586 269.84217763965955 444
1738723879619 144.96969326417107 445
1738723879651 162.0997894340348 446
1738723879684 264.12477746622284 447
1738723879717 199.07047083131468 448
1738723879750 147.6390833104763 449
1738723879783 192.39364543912484 450
1738723879816 160.87607320371978 451
1738723879849 195.71231947405747 452
1738723879882 264.93383046485746 453
1738723879915 177.1032451995027 454
1738723879948 195.61478235988798 455
1738723879982 198.48647597767473 456
1738723880015 215.28840785257276 457
1738723880047 193.47180920777598 458
1738723880081 207.22845227694447 459
1738723880113 258.7733423244163 460
1738723880146 163.02712879477048 461
1738723880179 190.0730532464959 462
1738723880212 178.7992151739579 463
1738723880245 191.8223042060805 464
1738723880277 204.99648898013157 465
1738723880310 156.34534741083107 466
1738723880343 161.3019752324451 467
1738723880375 150.905392424363 468
1738723880408 69.02183208690496 469
1738723880441 149.32094813502198 470
1738723880473 380.6576750403727 471
1738723880506 230.53246849875498 472
1738723880543 172.00967348022454 473
1738723880575 151.33383955411824 474
1738723880608 222.60497611614144 475
1738723880640 207.82002686270604 476
1738723880673 155.53292544001079 477
1738723880706 355.67624722473744 478
1738723880738 191.13597282253184 479
1738723880771 152.71186912269087 480
1738723880804 127.75646750394199 481
1738723880836 163.14046590006535 482
1738723880869 172.4956138359652 483
1738723880901 233.6716748567657 484
1738723880934 238.5768200038793 485
1738723880967 181.26861208068328 486
1738723880999 190.00455187791337 487
1738723881032 134.7338388977963 488
1738723881065 89.89256277610437 489
1738723881097 167.26028358743403 490
1738723881130 165.1956471979478 491
1738723881162 153.05632606914958 492
1738723881195 50.77387694683994 493
1738723881227 204.12043632541724 494
1738723881260 162.46365569467045 495
1738723881292 137.90293945555376 496
1738723881324 169.25423587888997 497
1738723881357 152.04685743060492 498
1738723881389 301.48910769326847 499
