1738724194639 197.10507832924793 0
1738724194675 178.60956467936956 1
1738724194712 152.9791867006357 2
1738724194748 159.83765009020618 3
1738724194784 153.5338003512139 4
1738724194822 92.47254931356143 5
1738724194858 156.45134148872316 6
1738724194894 181.6939736156664 7
1738724194929 171.2817977428296 8
1738724194966 144.91924257052258 9
1738724195002 171.65846098912508 10
1738724195039 156.00619334915825 11
1738724195075 177.95393203554997 12
1738724195111 157.7882525315775 13
1738724195147 157.14922561135162 14
1738724195183 158.38127516587056 15
1738724195219 161.65865831116912 16
1738724195255 172.2786952713527 17
1738724195292 165.23597072870183 18
1738724195327 138.65173678587252 19
1738724195363 199.4298967932992 20
1738724195417 197.65486093831834 21
1738724195453 144.49969004285376 22
1738724195489 185.9731115014951 23
1738724195525 169.51221789311634 24
1738724195561 200.19650209212872 25
1738724195597 189.86303548243623 26
1738724195633 176.05654145940696 27
1738724195668 150.1756203127046 28
1738724195703 173.5666278483624 29
1738724195737 172.4353881129016 30
1738724195772 142.78905614657336 31
1738724195807 173.1116211675706 32
1738724195842 158.03927876056227 33
1738724195877 158.4503279284269 34
1738724195912 192.80002164041963 35
1738724195947 179.00619062494596 36
1738724195982 168.11766969684976 37
1738724196016 159.08186956723097 38
1738724196051 166.10825661808477 39
1738724196086 189.3180419436816 40
1738724196121 182.4211458158035 41
1738724196156 199.1151830269357 42
1738724196192 171.98398005671368 43
1738724196228 154.06585382815874 44
1738724196263 149.08984666569745 45
1738724196301 209.8994165288301 46
1738724196361 177.369004357694 47
1738724196397 144.45203102802077 48
1738724196432 171.50224397094823 49
1738724196468 180.1809984851331 50
1738724196503 149.6768722076994 51
1738724196538 183.74424472919048 52
1738724196573 150.08075697511518 53
1738724196608 200.29651408153237 54
1738724196643 205.62472302796033 55
1738724196678 156.453172547432 56
1738724196713 132.15824937230403 57
1738724196748 177.07422263946762 58
1738724196783 153.9194950464823 59
1738724196817 235.49355490719688 60
1738724196852 179.4917741997065 61
1738724196887 171.9552622333447 62
1738724196922 165.12071534998398 63
1738724196956 189.9304712980167 64
1738724196991 160.6038451761551 65
1738724197026 167.30080526053126 66
1738724197061 146.0968642187249 67
1738724197095 162.6577700519196 68
1738724197130 147.32478571994693 69
1738724197164 158.55487063069327 70
1738724197199 153.02878303328328 71
1738724197234 163.12315903939032 72
1738724197268 138.9609572872414 73
1738724197303 170.5826894627023 74
1738724197339 161.24829016845248 75
1738724197375 149.70162514440835 76
1738724197409 162.47306969064428 77
1738724197444 184.76804799726 78
1738724197478 177.00974273531884 79
1738724197513 181.93798935435228 80
1738724197547 184.18160306986175 81
1738724197581 189.2824876854587 82
1738724197616 171.7565042677012 83
1738724197650 163.06114438088122 84
1738724197684 141.09020584897868 85
1738724197720 168.7818020717629 86
1738724197755 152.7714853169314 87
1738724197791 168.0307279160876 88
1738724197826 172.509085606146 89
1738724197861 177.99891146118205 90
1738724197896 236.99530141024243 91
1738724197932 131.66252585497597 92
1738724197967 186.11061597536127 93
1738724198001 180.8224219903301 94
1738724198036 164.13947834595027 95
1738724198071 173.24772389048118 96
1738724198106 155.55264308514697 97
1738724198140 165.80429505080684 98
1738724198175 167.94379804955838 99
1738724198209 172.16521608606996 100
1738724198244 168.22821121433327 101
1738724198279 185.23123582429983 102
1738724198313 132.8047890967424 103
1738724198348 178.8390207986239 104
1738724198383 161.3661619416864 105
1738724198417 159.1820414426071 106
1738724198452 152.4935723726495 107
1738724198486 157.95112575376805 108
1738724198521 141.3641590802687 109
1738724198556 184.50924154332995 110
1738724198590 160.4901695369061 111
1738724198625 122.61749621718872 112
1738724198659 163.51669990812042 113
1738724198694 159.4861929637972 114
1738724198728 156.1537887253446 115
1738724198763 169.63633567245247 116
1738724198798 177.37743325283424 117
1738724198832 216.1787296934979 118
1738724198867 139.46985468595113 119
1738724198901 161.93683339729157 120
1738724198936 220.48091400926617 121
1738724198970 157.13778625914833 122
1738724199005 172.05732623086408 123
1738724199039 189.32795908945738 124
1738724199074 198.31718869520867 125
1738724199108 163.52853648210103 126
1738724199143 157.8142228322645 127
1738724199177 159.84258997187482 128
1738724199211 181.86869330362617 129
1738724199246 162.80062080174994 130
1738724199280 177.35759973606127 131
1738724199315 130.1402609902502 132
1738724199350 171.78008945580697 133
1738724199420 151.30343488171548 134
1738724199457 150.95461219431874 135
1738724199493 153.93542584773442 136
1738724199529 157.30798111437966 137
1738724199564 161.52766956495188 138
1738724199599 164.3566970137601 139
1738724199634 166.0199947196531 140
1738724199670 181.79595253049382 141
1738724199706 178.9480235706345 142
1738724199741 172.6353921501383 143
1738724199776 160.09208331547399 144
1738724199811 154.64293144808013 145
1738724199846 150.26507074125269 146
1738724199881 182.53839742854393 147
1738724199916 147.756498978764 148
1738724199951 162.54636755397203 149
1738724199986 164.64987533812914 150
1738724200021 165.6711963083277 151
1738724200056 184.67931537830097 152
1738724200091 169.35247828602954 153
1738724200126 182.25393562008892 154
1738724200160 174.33064372855347 155
1738724200195 163.23654264464747 156
1738724200230 163.05900944359703 157
1738724200265 166.81234052081143 158
1738724200300 173.07012544458044 159
1738724200335 205.84897380180715 160
1738724200370 166.388604748125 161
1738724200405 181.2721923908084 162
1738724200439 175.9859037449257 163
1738724200474 176.8758321648197 164
1738724200509 183.4546576324744 165
1738724200544 152.22428737430576 166
1738724200578 156.1253804634044 167
1738724200613 181.1871554079536 168
1738724200648 169.52370742503032 169
1738724200683 172.2879705209399 170
1738724200717 167.9482102577746 171
1738724200752 169.1982040796566 172
1738724200787 185.3292801089041 173
1738724200822 190.74338909809646 174
1738724200856 150.0105314564657 175
1738724200891 166.20600639292323 176
1738724200926 172.63647585868011 177
1738724200960 171.19503529719444 178
1738724200995 213.4311661074096 179
1738724201029 192.77696483474512 180
1738724201064 158.70364933651047 181
1738724201099 167.67922855051467 182
1738724201133 196.55701919276197 183
1738724201168 190.68942668804672 184
1738724201203 144.6780115843535 185
1738724201237 147.69022648143098 186
1738724201272 183.02700835792552 187
1738724201307 148.6264580348344 188
1738724201341 173.0626186478841 189
1738724201376 140.6625297856628 190
1738724201411 233.28641984423643 191
1738724201446 209.824332300311 192
1738724201480 158.00777219040432 193
1738724201515 201.5583180487655 194
1738724201549 178.27281188925676 195
1738724201584 144.13043825882525 196
1738724201618 181.41079725370636 197
1738724201653 181.35352866098685 198
1738724201687 159.12625549560707 199
1738724201722 171.44288441133048 200
1738724201756 175.4138347599451 201
1738724201790 163.62312288752275 202
1738724201825 142.53856952957423 203
1738724201859 175.2725669396916 204
1738724201894 159.07647522087197 205
1738724201928 153.02971424410643 206
1738724201963 162.257639683261 207
1738724201997 162.72699366566692 208
1738724202031 193.57397406466956 209
1738724202066 168.40482989489684 210
1738724202100 216.93213605224898 211
1738724202135 183.5280225133335 212
1738724202169 162.84869128132283 213
1738724202203 188.31305592866892 214
1738724202238 184.868508366256 215
