1738722411323 166.56622566185007 0
1738722411360 176.64825733886764 1
1738722411397 166.7064344040464 2
1738722411434 151.37191380930867 3
1738722411471 160.22869447611504 4
1738722411508 167.99342412934013 5
1738722411545 163.08821164976857 6
1738722411583 186.1065676461078 7
1738722411620 154.31601267480136 8
1738722411658 171.31512028440474 9
1738722411695 170.87528893698783 10
1738722411732 174.01705316015207 11
1738722411769 168.46089548466284 12
1738722411806 171.75478645834173 13
1738722411843 173.11463843091425 14
1738722411880 185.84688848907217 15
1738722411918 169.49329916386944 16
1738722411954 161.25244456774072 17
1738722411991 169.41360724528974 18
1738722412026 180.07335051135465 19
1738722412063 164.90619704823527 20
1738722412100 157.87171641623374 21
1738722412137 164.6026860857037 22
1738722412174 176.96427269256762 23
1738722412210 166.8426514499481 24
1738722412247 172.11708164881935 25
1738722412283 156.10529664977653 26
1738722412320 148.75367973729266 27
1738722412357 186.1065186263282 28
1738722412394 159.34449520550206 29
1738722412431 172.9710020750878 30
1738722412469 180.33123912437574 31
1738722412506 185.37020217227825 32
1738722412544 165.1255046251427 33
1738722412582 176.06116716590128 34
1738722412620 171.79206206620134 35
1738722412658 163.01041570072275 36
1738722412695 153.06556519304465 37
1738722412733 179.3815697532406 38
1738722412771 168.6351626978796 39
1738722412808 167.58528204753804 40
1738722412846 178.9315465543439 41
1738722412884 141.27563834533223 42
1738722412922 178.1766703178593 43
1738722412960 150.87514491606504 44
1738722412998 181.68032194527603 45
1738722413036 175.1170139956127 46
1738722413074 168.65664170597054 47
1738722413115 172.98541518093185 48
1738722413153 160.38032018969446 49
1738722413191 167.8754695387714 50
1738722413230 165.4160330330937 51
1738722413268 173.0239547924062 52
1738722413306 175.0735514443608 53
1738722413344 175.87375529862177 54
1738722413382 173.56151643470207 55
1738722413420 163.8678856141226 56
1738722413458 158.09326187592683 57
1738722413496 170.5891862866297 58
1738722413534 163.48067374077226 59
1738722413572 185.64702782731598 60
1738722413610 172.17767564484538 61
1738722413668 200.05618469868432 62
1738722413711 169.30363879710075 63
1738722413749 175.48805920449544 64
1738722413786 176.87635396015807 65
1738722413824 166.0534300123887 66
1738722413861 150.99314067583515 67
1738722413897 155.86148113161582 68
1738722413934 179.75473267771193 69
