1738723999998 170.40890530438838 0
1738724000000 170.40225296503664 1
1738724000002 170.39562596988833 2
1738724000003 170.38902421582597 3
1738724000005 170.38244760017417 4
1738724000007 170.37589602069752 5
1738724000009 170.36936937559886 6
1738724000011 170.3628675635171 7
1738724000013 170.35639048352562 8
1738724000015 170.3499380351299 9
1738724000016 170.343510118266 10
1738724000018 170.3371066332985 11
1738724000020 170.33072748101856 12
1738724000022 170.3243725626421 13
1738724000024 170.31804177980794 14
1738724000026 170.31173503457583 15
1738724000028 170.30545222942462 16
1738724000030 170.2991932672506 17
1738724000032 170.29295805136528 18
1738724000034 170.28674648549392 19
1738724000036 170.28055847377348 20
1738724000037 170.27439392075084 21
1738724000039 170.268252731381 22
1738724000041 170.26213481102542 23
1738724000043 170.25604006544992 24
1738724000046 170.2499684008231 25
1738724000048 170.24391972371458 26
1738724000059 170.23789394109312 27
1738724000076 170.23189096032493 28
1738724000080 170.2259106891719 29
1738724000087 170.21995303578976 30
1738724000090 170.21401790872653 31
1738724000092 170.2081052169206 32
1738724000095 170.20221486969905 33
1738724000097 170.19634677677607 34
1738724000098 170.19050084825105 35
1738724000100 170.1846769946071 36
1738724000102 170.178875126709 37
1738724000104 170.173095155802 38
1738724000106 170.16733699350974 39
1738724000108 170.16160055183272 40
1738724000110 170.15588574314668 41
1738724000112 170.15019248020099 42
1738724000114 170.14452067611668 43
1738724000116 170.13887024438526 44
1738724000118 170.1332410988668 45
1738724000120 170.12763315378828 46
1738724000122 170.12204632374207 47
1738724000124 170.11648052368446 48
1738724000126 170.11093566893373 49
1738724000128 170.10541167516874 50
1738724000129 170.09990845842736 51
1738724000131 170.0944259351049 52
1738724000133 170.08896402195236 53
1738724000135 170.08352263607506 54
1738724000137 170.07810169493098 55
1738724000139 170.07270111632928 56
1738724000141 170.06732081842856 57
1738724000142 170.06196071973554 58
1738724000144 170.05662073910352 59
1738724000146 170.05130079573064 60
1738724000148 170.04600080915864 61
1738724000150 170.040720699271 62
1738724000152 170.03546038629185 63
1738724000154 170.03021979078412 64
1738724000155 170.02499883364823 65
1738724000157 170.01979743612057 66
1738724000159 170.01461551977195 67
1738724000161 170.00945300650628 68
1738724000163 170.0043098185589 69
1738724000165 169.99918587849533 70
1738724000167 169.99426000313994 71
1738724000168 169.98935183959716 72
1738724000170 169.98446131931917 73
1738724000172 169.9795883740417 74
