1738726713663 169.73543026819232 0
1738726713666 169.69357995043597 1
1738726713670 169.65332677391723 2
1738726713673 169.6146062295945 3
1738726713676 169.5773565366748 4
1738726713680 169.54151852275106 5
1738726713683 169.50703550937186 6
1738726713687 169.47385320279056 7
1738726713690 169.44191958965348 8
1738726713694 169.41118483739896 9
1738726713697 169.3816011991479 10
1738726713701 169.35312292287935 11
1738726713704 169.3257061646918 12
1738726713707 169.29930890596268 13
1738726713710 169.27389087422486 14
1738726713714 169.24941346759059 15
1738726713717 169.22583968255782 16
1738726713720 169.20313404504438 17
1738726713723 169.18126254450164 18
1738726713727 169.16019257096573 19
1738726713730 169.13989285491226 20
1738726713733 169.12033340978573 21
1738726713736 169.10148547708155 22
1738726713740 169.08332147386366 23
