1738722112969 168.56441877441807 0
1738722112971 167.1573840170449 1
1738722112973 168.17701392661326 2
1738722112975 168.9989614458203 3
1738722112977 167.75271017327782 4
1738722112979 167.49267149549758 5
1738722112980 167.16168448161721 6
1738722112982 167.61938974790436 7
1738722112984 165.6848365552091 8
1738722112986 170.85115450384654 9
1738722112988 170.8710261270382 10
1738722112990 170.4540377122334 11
1738722112992 170.0123307521198 12
1738722112994 169.82706332071484 13
1738722112995 170.99819754453773 14
1738722112997 168.73699693566974 15
1738722112999 166.23618339782902 16
1738722113001 169.51536011574197 17
1738722113003 170.38221591420486 18
1738722113005 168.3960951340391 19
1738722113007 169.5278943245729 20
1738722113009 168.64667783551278 21
1738722113010 168.14110580014082 22
1738722113012 169.4490053267083 23
1738722113014 166.34281587154544 24
1738722113016 168.22450153717196 25
1738722113018 170.05739113798558 26
1738722113020 167.6643568844044 27
1738722113021 170.10384406140474 28
1738722113023 168.6050259447478 29
1738722113025 168.44920104562414 30
1738722113027 168.84370389946957 31
1738722113029 171.6254079756878 32
1738722113030 166.87305013429003 33
1738722113032 169.45194437992888 34
1738722113034 169.9292173870909 35
1738722113036 168.19767719013527 36
1738722113038 169.42672014726153 37
1738722113040 168.1623260397577 38
1738722113042 165.1735605979426 39
1738722113044 169.5013337448882 40
1738722113046 168.44449880951774 41
1738722113048 170.6272909572288 42
1738722113050 169.59122577879904 43
1738722113052 168.1047752939152 44
1738722113054 166.12740696481708 45
1738722113056 171.10133980109458 46
1738722113058 170.69565435394338 47
1738722113060 169.167885164078 48
1738722113062 169.59900284589594 49
1738722113063 169.53033858601611 50
1738722113065 168.4572181885255 51
1738722113067 166.71570660603263 52
