1738724650730 245.63817715445342 0
1738724650759 145.05239098688068 1
1738724650787 126.50825289018512 2
1738724650816 131.08337193982234 3
1738724650845 152.1034630271037 4
1738724650874 166.66229998880928 5
1738724650903 161.10568788813487 6
1738724650932 270.09248035239267 7
1738724650961 136.311196423463 8
1738724650990 201.63831289381423 9
1738724651019 164.65720513375132 10
1738724651048 208.2757657565522 11
1738724651076 167.94784940725307 12
1738724651105 316.48950478932505 13
1738724651134 136.84681252175852 14
1738724651163 130.10177176840295 15
1738724651192 153.9573335832384 16
1738724651221 106.68611660868586 17
1738724651249 157.94884076631897 18
1738724651278 147.34722605252924 19
1738724651307 168.01696001097443 20
1738724651336 143.07312537688614 21
1738724651365 181.3395518919743 22
1738724651394 166.2269479782337 23
1738724651422 156.16090687028307 24
1738724651451 160.6539849050736 25
1738724651480 191.07371579363982 26
1738724651509 229.81547185583204 27
1738724651538 59.99813328395547 28
1738724651567 163.8797283278917 29
1738724651595 124.16439909337828 30
1738724651624 280.52889766013357 31
1738724651653 167.50723653052978 32
1738724651682 142.73488357451515 33
1738724651711 228.58380578672063 34
1738724651740 175.74329777665758 35
1738724651768 157.68938033880767 36
1738724651797 196.7234176674428 37
1738724651826 95.74256099225641 38
1738724651855 168.0169106371688 39
1738724651884 150.23075135934002 40
1738724651913 158.41247125413918 41
1738724651941 130.49178573161498 42
1738724651970 114.63127838653985 43
1738724652000 190.44288447127914 44
1738724652029 187.1855757197942 45
1738724652058 251.80705506024213 46
1738724652087 223.95066631767688 47
1738724652115 136.06177406768828 48
1738724652144 179.2652286201594 49
1738724652173 129.7089418908648 50
1738724652202 162.8676786388837 51
1738724652232 222.45739649061898 52
1738724652261 76.38915128495387 53
1738724652291 167.09246931027403 54
1738724652320 151.56484378008923 55
1738724652350 190.34806113041483 56
1738724652379 164.34649766587822 57
1738724652409 251.94614283388728 58
1738724652438 142.7553855492971 59
1738724652467 151.37680545168578 60
1738724652497 171.29449095460575 61
1738724652526 152.50642619129854 62
1738724652555 141.45131066207847 63
1738724652585 85.71699323923812 64
1738724652614 114.22139056363527 65
1738724652643 143.67506479129315 66
1738724652673 210.8549958687262 67
1738724652702 178.56026139831636 68
1738724652731 133.95592657785969 69
1738724652761 126.93588154640533 70
1738724652790 166.1183487964095 71
1738724652819 218.12570321350924 72
1738724652849 349.7382201017301 73
1738724652878 184.29172617100915 74
1738724652907 134.99556813931176 75
1738724652937 151.34685725998867 76
1738724652966 103.63644588388816 77
1738724652995 203.95508636882118 78
1738724653024 154.8568497352924 79
1738724653053 420.1286870404455 80
1738724653083 220.09245624058727 81
1738724653112 117.05719983904561 82
1738724653141 187.22627672480112 83
1738724653170 114.74260231522841 84
1738724653199 180.5369828515407 85
1738724653228 210.76724391803742 86
1738724653258 145.4334163626567 87
1738724653287 169.631560732112 88
1738724653316 182.55431962992702 89
1738724653345 126.51163396358608 90
1738724653374 173.65655031406334 91
1738724653403 113.92328115486488 92
1738724653432 35.9126186042893 93
1738724653461 210.85774554796345 94
1738724653491 184.1320858722888 95
1738724653520 140.54383152478385 96
1738724653549 173.8474268433513 97
1738724653578 269.924155966152 98
1738724653607 241.81748637656287 99
1738724653636 157.80031360671154 100
1738724653665 120.70035641411988 101
1738724653694 81.5772379961502 102
1738724653723 214.82252048155343 103
1738724653752 126.05852027921871 104
1738724653781 172.78631902988977 105
1738724653810 78.21171511924673 106
1738724653839 225.35028480234942 107
1738724653868 135.20354966939556 108
1738724653897 136.64953177661832 109
1738724653926 169.8124728413788 110
1738724653955 203.97609875789445 111
1738724653984 130.2810839696833 112
1738724654014 183.04555786308848 113
1738724654043 173.09333241802392 114
1738724654073 116.08700404357741 115
1738724654102 169.84662485155903 116
1738724654131 285.9489415053282 117
1738724654160 171.62216478153553 118
1738724654189 216.63491643697233 119
1738724654218 183.72093461526413 120
1738724654247 204.72927337369714 121
1738724654276 109.10812826203339 122
1738724654305 219.05467438159013 123
1738724654337 234.99346836804028 124
1738724654367 147.2875083211454 125
1738724654396 157.48624681921527 126
1738724654425 159.20767528562746 127
1738724654454 263.69250036800923 128
1738724654483 171.64966416962724 129
1738724654513 109.9123236624369 130
1738724654542 139.55371955907316 131
1738724654571 150.924892845146 132
1738724654600 170.45774239620042 133
1738724654629 293.76443829739037 134
1738724654658 167.30638263456524 135
1738724654687 241.09498172131322 136
1738724654716 211.00351917836545 137
1738724654745 139.5323970430844 138
1738724654775 258.63938755845754 139
1738724654805 151.84616864582395 140
1738724654835 125.07293385252379 141
1738724654864 191.2581560553404 142
1738724654894 137.08604337114267 143
1738724654924 174.9341623285541 144
1738724654953 213.42691011409224 145
1738724654983 210.0245619936281 146
1738724655013 109.0679227018146 147
1738724655042 234.56667103657972 148
1738724655071 199.99559306840123 149
1738724655101 125.4241290828802 150
1738724655130 125.49935736735148 151
1738724655160 184.38151871926203 152
1738724655189 154.8399230752225 153
1738724655219 226.94142240790643 154
1738724655248 306.28819323799604 155
1738724655278 153.618353025752 156
1738724655307 191.62463136163038 157
1738724655336 176.3683273150545 158
1738724655366 239.5890741547325 159
1738724655395 176.80592560935543 160
1738724655424 112.45043895963407 161
1738724655454 274.4833290736208 162
1738724655483 183.19124542678324 163
1738724655513 113.48282459903244 164
1738724655542 186.15233386689823 165
1738724655571 204.36153350200553 166
1738724655600 158.89871704602612 167
1738724655629 263.7632577280893 168
1738724655659 55.81663771120555 169
1738724655688 226.32358334075937 170
1738724655717 307.8859165756116 171
1738724655746 211.42572710140504 172
1738724655775 192.51847206756932 173
1738724655804 86.36179776511493 174
1738724655834 99.69066423732271 175
1738724655863 142.0068727593997 176
1738724655892 145.89274195713026 177
1738724655921 264.23813423355125 178
1738724655950 194.0734491901056 179
1738724655979 158.42552118784695 180
1738724656008 183.87347951324398 181
1738724656037 199.72731199005165 182
1738724656066 160.5198389943037 183
1738724656096 154.81046813365873 184
1738724656125 150.7164729477273 185
1738724656154 157.89807556513918 186
1738724656183 141.18888430734827 187
1738724656212 225.22252946802658 188
1738724656242 436.20911775960394 189
1738724656272 230.7770084260049 190
1738724656301 118.71609854925319 191
1738724656330 270.8207717403714 192
1738724656360 141.71374959685903 193
1738724656389 167.75512568170757 194
1738724656418 108.12432193256979 195
1738724656447 77.8097785643507 196
1738724656476 139.52236021595292 197
1738724656505 85.48911474491234 198
1738724656534 91.1608898075309 199
1738724656564 35.523307995429555 200
1738724656593 170.8151775537637 201
1738724656622 97.38004180759617 202
1738724656651 126.87524099242054 203
1738724656680 48.71871675858875 204
1738724656710 87.10830248550242 205
1738724656739 198.7426605060396 206
1738724656768 143.60551820918295 207
1738724656797 238.84703452458606 208
1738724656826 150.043648926479 209
1738724656856 201.21956530907116 210
1738724656885 159.8862798239366 211
1738724656914 161.2335852337614 212
1738724656943 204.36826684723653 213
1738724656972 157.75539471704695 214
1738724657001 147.33356456931463 215
1738724657030 202.84380756755527 216
1738724657059 222.2089222056065 217
1738724657088 216.49545089528755 218
1738724657118 187.46430278042706 219
1738724657147 171.92462929845263 220
1738724657176 121.84832264695345 221
1738724657205 278.4399624544355 222
1738724657234 154.18756180368896 223
1738724657263 35.2688155260137 224
1738724657292 207.11742240901907 225
1738724657321 115.8643301892547 226
1738724657350 176.91505475010044 227
1738724657380 145.73774019467092 228
1738724657409 443.56493334423806 229
1738724657438 100.36378734505264 230
1738724657467 136.90488388195874 231
1738724657496 126.1028314962761 232
1738724657525 303.3239953372139 233
1738724657554 144.76588121822428 234
1738724657583 100.52365833821244 235
1738724657612 167.16212024430615 236
1738724657641 210.12594924303596 237
1738724657670 201.33820680664235 238
1738724657699 186.64555313626715 239
1738724657728 167.25431229073774 240
1738724657757 217.72564540863056 241
1738724657786 166.43180917023466 242
1738724657815 226.95309628131866 243
1738724657844 188.55825439707473 244
1738724657873 127.26896467358134 245
1738724657902 144.11991869715112 246
1738724657931 225.2727457941692 247
1738724657960 212.6248938273996 248
1738724657989 85.02500833899882 249
1738724658018 151.5880913962178 250
1738724658047 182.0113897687693 251
1738724658076 204.43002669263075 252
1738724658105 109.5814568865579 253
1738724658135 138.04062002481103 254
1738724658164 166.2099413377126 255
1738724658202 137.37558490471383 256
1738724658232 202.45206344713398 257
1738724658261 131.9777385045856 258
1738724658290 99.85726686394462 259
1738724658320 167.64091380127593 260
1738724658349 164.09165218328667 261
1738724658378 60.5347286136627 262
1738724658407 104.97595094574957 263
1738724658436 146.04868670010612 264
1738724658465 153.27365090474575 265
1738724658495 276.1875001181687 266
1738724658524 161.16359269866152 267
1738724658553 100.83217458148185 268
1738724658582 143.81119933681305 269
1738724658611 66.41276080039383 270
1738724658640 90.84796566225157 271
1738724658669 178.0953022799399 272
1738724658698 211.76566845069257 273
1738724658727 118.7899676492849 274
1738724658756 194.64692187133332 275
1738724658785 169.44589159344255 276
1738724658814 138.55929114455995 277
1738724658843 77.82238557224447 278
1738724658872 167.68746449027822 279
1738724658901 155.7221181834747 280
1738724658930 40.7560719901898 281
1738724658959 211.11796290961178 282
1738724658988 196.00086461351736 283
1738724659017 142.80083015031525 284
1738724659046 150.9353825898746 285
1738724659075 190.8331985256363 286
1738724659104 118.05590718142018 287
1738724659133 125.37199055590747 288
1738724659162 126.41015512311279 289
1738724659190 131.57023372295043 290
1738724659219 190.3036933124758 291
1738724659248 85.6251132923046 292
1738724659277 127.30087474245852 293
1738724659306 251.05672787794563 294
1738724659335 333.9617501815588 295
1738724659364 307.05408211640906 296
1738724659392 190.78970077361598 297
1738724659421 168.84608579405025 298
1738724659450 210.0745914768296 299
1738724659479 222.2352203650873 300
1738724659508 113.93591652378367 301
1738724659537 179.95868058983496 302
1738724659565 198.038735921587 303
1738724659594 86.24072855681409 304
1738724659623 207.39106682493437 305
1738724659652 207.15553838483888 306
1738724659681 154.28097367660308 307
1738724659710 136.29284575149552 308
1738724659738 94.63698784329222 309
1738724659767 130.40849950647396 310
1738724659796 194.16817003911285 311
1738724659825 157.86984790252544 312
1738724659854 147.79405922863768 313
1738724659883 225.2297208044309 314
1738724659911 149.36596178477942 315
1738724659940 88.34341513230473 316
1738724659969 199.9712171285939 317
1738724659998 144.241482757403 318
1738724660027 178.462993983392 319
1738724660056 194.2868771229455 320
1738724660085 94.02318355743915 321
1738724660114 108.83119608888492 322
1738724660143 232.8676639919314 323
1738724660172 276.27010458271866 324
1738724660202 175.76188323662726 325
1738724660232 193.1449437986661 326
1738724660261 117.39381572196025 327
1738724660290 143.26881112160427 328
1738724660320 222.04598705674843 329
1738724660349 203.78570545459857 330
1738724660378 267.03667637740597 331
1738724660408 180.52609193238825 332
1738724660437 178.15823917762077 333
1738724660466 145.11461074486343 334
1738724660496 185.74123508205088 335
1738724660525 143.16555698436485 336
1738724660554 195.49744993764688 337
1738724660584 153.1108436044737 338
1738724660613 207.8871879822335 339
1738724660642 142.1884472873799 340
1738724660672 140.14878799569286 341
1738724660701 260.94058604602435 342
1738724660730 100.07651301098535 343
1738724660759 205.196405443994 344
1738724660789 114.76534013031215 345
1738724660818 165.52090868792982 346
1738724660847 174.4874582017742 347
1738724660876 230.7723465392502 348
1738724660905 108.48577788230708 349
1738724660935 265.3742158511142 350
1738724660964 409.5620679110558 351
1738724660993 172.10744113742345 352
1738724661022 69.18358057720617 353
1738724661051 242.84844474991075 354
1738724661081 168.68978080926865 355
1738724661110 389.0308296769244 356
1738724661139 113.74304745303232 357
1738724661168 153.855173123792 358
1738724661197 35.82661335824547 359
1738724661226 130.03060320315998 360
1738724661255 156.55081831078274 361
1738724661284 347.4138147091325 362
1738724661313 69.71827224004923 363
1738724661342 178.25453058245475 364
1738724661371 154.80815119463819 365
1738724661400 257.59451572961666 366
1738724661429 190.1211958936321 367
1738724661458 111.81702678938206 368
1738724661486 181.82206052252252 369
1738724661515 142.95445309975705 370
1738724661544 234.20503596081457 371
1738724661573 156.91509284060638 372
1738724661602 128.343716700459 373
1738724661631 157.113823255972 374
1738724661659 167.97523249725495 375
1738724661688 180.058129580168 376
1738724661717 157.7067369627913 377
1738724661746 85.47701088152417 378
1738724661774 108.00475576251411 379
1738724661803 286.72857136854543 380
1738724661832 139.47964592052608 381
1738724661860 130.09770629483637 382
1738724661889 188.4612020231769 383
1738724661918 318.4047918939258 384
1738724661947 143.7728288879146 385
1738724661975 188.98629955551942 386
1738724662004 125.26494647749116 387
1738724662033 196.9966585403263 388
1738724662061 215.70818867060487 389
1738724662090 170.0914819934238 390
1738724662119 237.73170256325113 391
1738724662147 251.6023016906743 392
1738724662176 91.2428231838987 393
1738724662205 114.8310162465414 394
1738724662234 58.10463142388374 395
1738724662263 253.2850392104187 396
1738724662292 113.69693650695363 397
1738724662330 204.58298912838183 398
1738724662360 148.34969679926587 399
1738724662391 304.1538090894041 400
1738724662421 272.40856783374596 401
1738724662452 131.41788989818292 402
1738724662481 170.3358164325616 403
1738724662510 144.4492475577239 404
1738724662539 212.48212582413453 405
1738724662568 161.51903067841613 406
1738724662597 196.72283255648452 407
1738724662626 295.7382195314396 408
1738724662655 160.94655378599649 409
1738724662683 327.95585204996297 410
1738724662712 143.20185362256785 411
1738724662741 178.5594780895126 412
1738724662770 105.19943743946918 413
1738724662798 117.70039928283046 414
1738724662827 60.79032740446327 415
1738724662856 179.8251651901854 416
1738724662885 191.05734582200296 417
1738724662913 166.48158676662024 418
1738724662942 178.26951183312232 419
1738724662971 292.8649416573112 420
1738724662999 155.9025547185182 421
1738724663028 165.05032983444775 422
1738724663057 173.17454834160324 423
1738724663085 143.66054245378973 424
1738724663114 115.05317719018672 425
1738724663143 155.5588818626042 426
1738724663171 248.6439400835569 427
1738724663200 162.47474582358544 428
1738724663229 145.3050532721471 429
1738724663257 151.57562050890232 430
1738724663286 151.70719437557295 431
1738724663314 52.89472230540968 432
1738724663343 189.95173934123127 433
1738724663372 165.64372238137526 434
1738724663400 215.18559761854175 435
1738724663429 142.75533400911274 436
1738724663458 155.44815296856453 437
1738724663486 154.21519552700414 438
1738724663515 62.33287695395459 439
1738724663544 183.40348278504925 440
1738724663572 232.30428181228558 441
1738724663601 210.61955048167692 442
1738724663630 159.01107012103245 443
1738724663658 224.16110224296207 444
1738724663688 202.8825794716988 445
1738724663718 163.63686312468724 446
1738724663747 30.351671187765 447
1738724663776 203.66533744377918 448
1738724663806 90.94761445119848 449
1738724663835 156.72959624527599 450
1738724663865 209.60097051078802 451
1738724663894 172.8237905904205 452
1738724663923 345.69308344869995 453
1738724663952 161.12442324174634 454
1738724663981 305.71398479546525 455
1738724664011 296.71733547025923 456
1738724664040 88.42138592322223 457
1738724664069 143.16624000969793 458
1738724664098 87.49212228303337 459
1738724664127 154.8728460637848 460
1738724664156 50.12220415878397 461
1738724664185 110.16388033875809 462
1738724664215 87.3744547986376 463
1738724664244 57.84849470588405 464
1738724664273 145.24541492445005 465
1738724664302 312.6925485423787 466
1738724664332 147.1455600921224 467
1738724664361 238.0865194521377 468
1738724664390 122.89621275345982 469
1738724664419 417.6990696680525 470
1738724664448 183.04714621997397 471
1738724664477 194.37419305638213 472
1738724664506 175.5408360707334 473
1738724664535 185.66492113887514 474
1738724664564 127.49986940459357 475
1738724664593 196.2438751325861 476
1738724664622 103.56599254494124 477
1738724664651 184.31718027054802 478
1738724664680 142.827461851538 479
1738724664709 214.9773676851024 480
1738724664738 104.9704939233828 481
1738724664767 199.41218185777723 482
1738724664795 161.49025780501546 483
1738724664824 163.8797441751319 484
1738724664853 149.62229999332993 485
1738724664882 198.12855515816076 486
1738724664911 175.15508283138743 487
1738724664940 133.6203222808819 488
1738724664968 160.3421941112184 489
1738724664997 282.12078053946294 490
1738724665027 135.25762781269694 491
1738724665056 103.91745927533661 492
1738724665085 43.061889786542196 493
1738724665114 111.77529251332028 494
1738724665142 129.84753996598772 495
1738724665171 160.52113597482466 496
1738724665199 140.16654902385466 497
1738724665228 141.59330652134147 498
1738724665259 133.7616938273988 499
