1738724558948 170.31960934689852 0
1738724558951 169.8904097960287 1
1738724558954 168.65070677256816 2
1738724558957 169.95407695712467 3
1738724558960 168.41328511181084 4
1738724558963 168.2497168478954 5
1738724558966 168.39704956807222 6
1738724558969 167.7259615674727 7
1738724558972 169.09665804215638 8
1738724558975 168.50393938549988 9
1738724558979 167.47073894132478 10
1738724558982 166.96702271875307 11
1738724558985 168.53585184386358 12
1738724558988 169.60971407924984 13
1738724558991 167.17188947570344 14
1738724558994 172.0170387615052 15
1738724558997 167.2329087630573 16
1738724559000 168.02188998320688 17
1738724559003 169.6482896811328 18
1738724559006 167.0215417031137 19
1738724559009 167.43597015820885 20
1738724559012 168.64096069863552 21
1738724559015 169.40692017251598 22
1738724559018 169.27929196987427 23
1738724559021 169.16993856491993 24
1738724559024 168.66755536495268 25
1738724559027 169.32843565665235 26
1738724559030 167.78088671395278 27
1738724559033 172.35119958446563 28
1738724559036 168.12128752491245 29
1738724559039 168.33981131912222 30
1738724559042 168.1570410138428 31
1738724559045 167.44609725046996 32
1738724559048 168.09197516328013 33
1738724559051 170.37064742812248 34
1738724559054 171.32234250103065 35
1738724559057 166.44410974511285 36
1738724559061 169.09227219723 37
