1738726281725 153.5225321589117 0
1738726281763 170.31822205833504 1
1738726281802 141.15668396318168 2
1738726281841 181.2969395696544 3
1738726281880 184.52624852080564 4
1738726281918 158.42174053002512 5
1738726281957 168.6774116580268 6
1738726281995 157.41199134745597 7
1738726282033 197.99853870025092 8
1738726282071 135.41766072869052 9
1738726282108 154.56916410442707 10
1738726282146 165.6639373811608 11
1738726282184 189.1251162588668 12
1738726282223 147.0865767037704 13
1738726282261 189.4302189524246 14
1738726282299 156.2048060248621 15
1738726282337 185.56297560132336 16
1738726282375 163.30857191627967 17
1738726282413 146.7505751924385 18
1738726282450 145.59020163293536 19
1738726282488 185.96296568041348 20
1738726282526 165.6862120389733 21
1738726282564 196.3557831638792 22
1738726282601 167.3072959311813 23
1738726282639 183.27800748820727 24
1738726282676 170.97322669205172 25
1738726282714 179.28499996249525 26
1738726282751 130.29613637609947 27
1738726282789 115.518043314104 28
1738726282826 167.5449577206104 29
1738726282864 164.34488093634877 30
1738726282901 164.46058385236464 31
1738726282943 206.95921625462844 32
1738726282981 177.34678208711208 33
1738726283019 145.48840293517117 34
1738726283057 147.94871778344 35
1738726283094 171.67003456374817 36
1738726283132 174.93173859113867 37
1738726283169 153.52310103190936 38
1738726283209 216.0802755524777 39
1738726283248 179.94884408572423 40
1738726283286 182.51385127416762 41
1738726283324 114.02756085396511 42
1738726283362 173.38077663746392 43
1738726283399 179.39461318514222 44
1738726283437 162.04423487351045 45
1738726283476 168.3415680405809 46
1738726283514 165.96077375686795 47
1738726283552 181.61999725118372 48
1738726283590 171.49277761268016 49
1738726283628 190.2690721506799 50
1738726283666 159.24845277749694 51
1738726283704 171.17173317297883 52
1738726283742 150.99595530763753 53
1738726283780 166.65588386685704 54
1738726283817 210.38676645795493 55
1738726283855 181.20862454606146 56
1738726283893 137.64124236620364 57
1738726283930 163.6084066676021 58
1738726283968 185.2053133545478 59
1738726284006 167.0568252236266 60
1738726284044 173.40664424550616 61
1738726284082 185.6261160296683 62
1738726284120 160.54317086118056 63
1738726284159 192.77045805055923 64
1738726284196 138.80804507604094 65
1738726284234 215.45901762295657 66
1738726284272 176.18622815488402 67
1738726284310 172.25641807239194 68
1738726284349 159.8846665884151 69
1738726284388 178.70848499225184 70
1738726284427 164.26905734457 71
1738726284466 141.2173650058788 72
1738726284505 163.1301155937771 73
1738726284544 185.4513597825236 74
1738726284584 154.2231170298168 75
1738726284623 191.9857054398593 76
1738726284662 162.2005415976797 77
1738726284702 134.37407256207376 78
1738726284741 217.62500906280596 79
1738726284780 173.12652763493855 80
1738726284819 150.16074846268512 81
1738726284858 176.32685933711718 82
1738726284898 183.95604791581414 83
1738726284937 142.9958761437192 84
1738726284977 165.67449845784034 85
1738726285016 167.29247292128565 86
1738726285054 179.28996147608694 87
1738726285092 184.09821401229266 88
1738726285130 187.51081832219296 89
1738726285168 154.51876105726973 90
1738726285207 184.13394051228744 91
1738726285245 167.52258292607536 92
1738726285283 164.60252830643347 93
1738726285320 161.62383071720942 94
1738726285359 146.70278295181834 95
1738726285397 137.2613581505176 96
1738726285434 174.64739538897575 97
1738726285472 184.88567993346297 98
1738726285511 168.99789065116408 99
1738726285548 173.60167145853717 100
1738726285586 210.2057024821622 101
1738726285624 182.41385404402956 102
1738726285661 160.28174458783118 103
1738726285699 164.89883465562835 104
1738726285737 150.9593803471523 105
1738726285775 178.86804391498626 106
1738726285812 271.3814932488943 107
1738726285851 147.83258937501665 108
1738726285890 164.59764947579174 109
1738726285930 198.02251917970486 110
1738726285969 175.57709524693115 111
1738726286009 161.01898604880074 112
1738726286048 150.80009468867536 113
1738726286087 142.97736125515692 114
1738726286127 132.98308750874602 115
1738726286169 156.17667310934542 116
1738726286208 176.8794993689 117
1738726286248 168.18382937985896 118
1738726286289 182.88064102526369 119
1738726286328 189.98295229840625 120
1738726286369 160.1074983199441 121
1738726286412 193.41972860928536 122
1738726286455 166.56078522807428 123
1738726286520 165.55667495845088 124
1738726286568 154.72486455279204 125
1738726286608 163.93034721124246 126
1738726286648 184.85921347842864 127
1738726286688 169.40621994060206 128
1738726286742 165.80665326703652 129
1738726286810 178.56434482596325 130
1738726286884 161.2990568831591 131
1738726286936 133.46881153992007 132
1738726286978 178.28377095668395 133
1738726287019 150.77624733862802 134
1738726287062 150.07218635652288 135
1738726287102 160.69317512781134 136
1738726287142 167.7944668233299 137
1738726287183 175.42028638173846 138
1738726287225 168.25458052971857 139
1738726287298 168.4794689837924 140
1738726287338 155.0508895457969 141
1738726287380 154.2166239563869 142
1738726287421 179.61976522225396 143
1738726287462 173.18254053902876 144
1738726287503 156.8125463471297 145
1738726287542 164.1339067575112 146
1738726287581 161.41326836789275 147
1738726287621 165.29119546325956 148
1738726287660 178.30336268053756 149
1738726287700 198.66299667909115 150
1738726287741 147.87707035735488 151
1738726287781 188.31635006809535 152
1738726287821 133.14755148944545 153
1738726287861 165.36850616066167 154
1738726287901 188.5169443219299 155
1738726287940 163.58696140916578 156
1738726287981 165.41777128654212 157
1738726288021 177.5677883483517 158
1738726288061 178.26245274577246 159
1738726288101 168.4277713949237 160
1738726288141 176.56004536334038 161
1738726288180 181.6005905225066 162
1738726288220 135.68114862193192 163
1738726288260 174.6525157926144 164
1738726288300 157.07908599144108 165
1738726288339 166.2585410491422 166
1738726288379 175.21619778032917 167
1738726288419 169.42528226759325 168
1738726288461 140.98760189710057 169
1738726288501 157.36298105821936 170
1738726288542 191.2278052998537 171
1738726288582 177.21598669257972 172
1738726288622 157.07187142014445 173
1738726288662 172.80544870139963 174
1738726288702 187.2050925031591 175
1738726288742 159.5584250594263 176
1738726288781 173.27191272619928 177
1738726288820 166.42678774344034 178
1738726288860 161.60570796284688 179
1738726288899 164.97777652103875 180
1738726288939 182.35813694828508 181
1738726288978 181.01281160697985 182
1738726289017 158.06513193437235 183
1738726289057 149.7995615072051 184
1738726289098 163.89613548800398 185
1738726289138 159.96240477558845 186
1738726289178 171.82411723266634 187
1738726289219 175.38005921269962 188
1738726289264 171.22585311148197 189
1738726289329 180.60745039389266 190
1738726289369 176.21355230204065 191
1738726289408 174.74561191822474 192
1738726289448 146.36863805673627 193
1738726289487 150.44881007588833 194
1738726289527 153.91678270039148 195
1738726289568 278.99287823781276 196
1738726289608 175.38805954705157 197
1738726289648 158.22046442400202 198
1738726289689 170.72191171864088 199
1738726289728 183.20961128713168 200
1738726289768 159.33254854673385 201
1738726289808 158.1990450348549 202
1738726289848 168.7545050987806 203
1738726289888 166.81021312459237 204
1738726289929 188.26627569912796 205
1738726289970 178.95941029233197 206
1738726290009 163.14725166137606 207
1738726290048 150.5324049241545 208
1738726290088 179.73838840591515 209
1738726290128 141.05298028851357 210
1738726290168 189.40081387817827 211
1738726290208 154.4345000546075 212
1738726290251 152.27426468158808 213
1738726290289 175.15024729784358 214
1738726290327 181.74142571052997 215
1738726290367 187.97542370596173 216
1738726290405 153.19961343719152 217
1738726290443 161.4100280027059 218
1738726290481 166.02672746841031 219
1738726290519 163.3658746899702 220
1738726290557 172.55542301308725 221
1738726290594 203.12669837660437 222
1738726290632 182.25967646935055 223
1738726290670 181.35553782350522 224
1738726290708 185.06383904210114 225
1738726290746 156.26785015431352 226
1738726290784 176.65680409985464 227
1738726290821 146.91693326060803 228
1738726290859 204.28039761927832 229
1738726290897 196.57070764856988 230
1738726290935 179.0242306254 231
1738726290974 157.1008326772888 232
1738726291012 175.16714445896713 233
1738726291050 164.42882945315668 234
1738726291089 189.51713799988252 235
1738726291128 179.4751214572696 236
1738726291167 176.05343653282046 237
1738726291205 154.25045961965566 238
1738726291242 167.28716847711945 239
1738726291280 135.3289942470648 240
1738726291317 188.25440770244884 241
1738726291355 169.89467879008342 242
1738726291392 164.84852553071647 243
1738726291429 167.90857523061425 244
1738726291466 175.4933847955471 245
1738726291503 164.2393899677628 246
1738726291540 196.85822791040079 247
1738726291577 193.00036403540048 248
1738726291614 164.42704721861563 249
1738726291651 163.0258420495275 250
1738726291690 138.15921757933904 251
1738726291727 145.71128559274004 252
1738726291765 181.4174920350666 253
1738726291802 178.2492744460081 254
1738726291840 177.56502733766254 255
1738726291878 176.92545896976586 256
1738726291916 164.4048363767012 257
1738726291954 169.42176753908092 258
1738726291991 176.45627869163343 259
1738726292029 177.40373950154927 260
1738726292067 178.6976761684128 261
1738726292105 150.01188783891166 262
1738726292144 164.1506476403714 263
1738726292183 168.45901145565378 264
1738726292221 171.244368656513 265
1738726292259 161.28613816521593 266
1738726292297 174.78552863832638 267
1738726292335 154.413880138273 268
1738726292373 170.81499222737554 269
1738726292411 154.37349228681984 270
1738726292449 159.96461811543963 271
1738726292487 139.23758410304822 272
1738726292524 162.7962048930903 273
1738726292561 172.27413218198296 274
1738726292599 148.42469899157237 275
1738726292637 174.293846304819 276
1738726292677 164.10837481339166 277
1738726292716 169.46355753985736 278
1738726292756 164.97536699218304 279
1738726292796 157.7261176006325 280
1738726292836 166.6745714120248 281
1738726292875 131.77250326501726 282
1738726292913 163.42587412543043 283
1738726292952 158.57999665454815 284
1738726292990 142.69654665913652 285
1738726293028 174.8734006370603 286
1738726293065 158.0917820752632 287
1738726293103 168.80688320983722 288
1738726293141 141.79941544353423 289
1738726293178 164.16206938377712 290
1738726293216 168.3623439650596 291
1738726293253 192.4633576623166 292
1738726293291 167.03476978700328 293
1738726293330 124.69292008798008 294
1738726293370 168.50672502867658 295
1738726293411 191.80621593656642 296
1738726293454 150.6307715094843 297
1738726293494 151.222946325472 298
1738726293534 170.308555916861 299
1738726293574 189.59977449975847 300
1738726293614 154.49838738999864 301
1738726293652 189.89116323824513 302
1738726293692 185.27365768890922 303
1738726293731 134.07772715072633 304
1738726293770 176.47271910804662 305
1738726293808 171.90867151330002 306
1738726293848 163.23281592399485 307
1738726293888 182.959613768742 308
1738726293927 172.71193645195805 309
1738726293967 153.50105399495789 310
1738726294006 149.24479310448166 311
1738726294044 152.41057820108125 312
1738726294082 139.86334454686593 313
1738726294119 165.1257375668212 314
1738726294158 163.7556590225135 315
1738726294198 141.3295837871755 316
1738726294238 146.8323830579678 317
1738726294278 169.6618247245864 318
1738726294317 262.74983053207995 319
1738726294358 175.3654332679509 320
1738726294399 168.85572286718275 321
1738726294438 165.3019585851758 322
1738726294479 167.44807032614744 323
1738726294519 191.98108689836857 324
1738726294560 146.55027776558953 325
1738726294600 157.10183373417215 326
1738726294640 187.2145140273885 327
1738726294681 150.19158376109758 328
1738726294720 170.01083235897616 329
1738726294759 159.69658190939668 330
1738726294797 181.5630916498826 331
1738726294835 204.05520272242154 332
1738726294873 156.88565880777082 333
1738726294912 193.73455302908786 334
1738726294951 166.4247124674598 335
1738726294991 154.52027839018967 336
1738726295030 148.16856337485046 337
1738726295069 155.87761372570628 338
1738726295109 212.23523238946476 339
1738726295149 202.96539847489868 340
1738726295189 153.99790723086576 341
1738726295229 172.99231703398493 342
1738726295270 157.32547786685416 343
1738726295311 181.61407674539424 344
1738726295353 229.97363242428852 345
1738726295393 162.76072549254417 346
1738726295435 135.61153844974518 347
1738726295477 167.62853305422777 348
1738726295518 165.15403610506507 349
1738726295558 170.47363280664732 350
1738726295598 142.0172536043019 351
1738726295637 160.02079951382632 352
1738726295677 183.09301539130274 353
1738726295718 146.4513899358571 354
1738726295758 184.0183797489966 355
1738726295798 151.28684723639833 356
1738726295836 164.20718584064932 357
1738726295873 151.3896204732208 358
1738726295910 151.40665869405643 359
1738726295948 205.57888543477864 360
1738726295986 182.61058506270118 361
1738726296026 151.57222778897022 362
1738726296065 179.36998220350353 363
1738726296102 177.27125547867087 364
1738726296140 149.58149556444675 365
1738726296178 151.457927840483 366
1738726296215 160.87729357412212 367
1738726296253 147.202113048434 368
1738726296291 182.878978459963 369
1738726296328 212.43523906442485 370
1738726296367 151.78700813976275 371
1738726296408 159.7024495970177 372
1738726296447 178.0770767716605 373
1738726296488 218.00570114027298 374
1738726296528 171.22070997292144 375
1738726296569 167.1569255786353 376
1738726296609 165.7556153121886 377
1738726296648 171.8848573131853 378
1738726296689 161.5563827140181 379
1738726296729 180.36203907939665 380
1738726296772 171.20930756431193 381
1738726296812 168.2073897625883 382
1738726296853 186.3907154325502 383
1738726296932 124.8641171039571 384
1738726296977 176.60486341337264 385
1738726297019 162.3645916553223 386
1738726297060 172.91718914274736 387
1738726297100 162.50903704859383 388
1738726297141 172.7641157663927 389
1738726297182 186.98642810804535 390
1738726297222 166.59035733407273 391
1738726297261 191.85680255757973 392
1738726297300 168.79602995230272 393
1738726297339 132.54703591865845 394
1738726297378 160.35533164670622 395
1738726297418 153.68358848272155 396
1738726297457 167.16686017163553 397
1738726297497 155.59940917239308 398
1738726297537 159.14000467468455 399
1738726297576 158.44199869534876 400
1738726297614 175.66657879314423 401
1738726297652 179.82053405615017 402
1738726297689 179.95782709280022 403
1738726297728 182.4854183526041 404
1738726297766 161.97208354086686 405
1738726297806 183.994314250458 406
1738726297845 161.9231777444877 407
1738726297885 170.6600105056397 408
1738726297990 200.1329468574807 409
1738726298040 175.4275212793455 410
1738726298079 172.90328398940926 411
1738726298118 186.79217162526484 412
1738726298156 163.53281673077626 413
1738726298195 168.3214719549775 414
1738726298234 175.76719821859228 415
1738726298273 155.83456949723606 416
1738726298313 155.1244464813915 417
1738726298354 167.00231747747202 418
1738726298394 185.24461680519443 419
1738726298434 159.48300266003255 420
1738726298474 175.79873967006432 421
1738726298514 181.72902739989763 422
1738726298553 159.13629426682243 423
1738726298594 177.0890437590307 424
1738726298634 158.58381022146426 425
1738726298673 175.26860602542283 426
1738726298712 167.17527422640563 427
1738726298752 159.84089760345813 428
1738726298792 177.41227141860162 429
1738726298832 179.84194163712368 430
1738726298871 200.76381263211874 431
1738726298910 165.90949014661956 432
1738726298948 195.2531120909266 433
1738726298986 166.06850768027667 434
1738726299025 156.018897589825 435
1738726299064 199.1310172217028 436
1738726299103 165.7023624095912 437
1738726299141 169.00500091046726 438
1738726299180 178.5077401443849 439
1738726299218 188.7476644499961 440
1738726299257 172.53715032125893 441
1738726299295 158.15727566497873 442
1738726299332 171.48659394843648 443
1738726299371 211.75128726143916 444
1738726299409 186.53596392966955 445
1738726299447 170.18674547238055 446
1738726299485 134.94284312066262 447
1738726299522 127.41394241494494 448
1738726299560 140.41135132199497 449
1738726299598 197.48338505538584 450
1738726299635 162.43560156875483 451
1738726299673 146.98868605435084 452
1738726299711 179.8048507988615 453
1738726299748 189.8140746309155 454
1738726299787 112.4317326701899 455
1738726299827 170.18735704155526 456
1738726299866 170.46347026968564 457
1738726299904 163.4398882967506 458
1738726299944 164.90061923356146 459
1738726299984 169.73021852174693 460
1738726300023 168.77279624003964 461
1738726300064 170.65059408136054 462
1738726300103 151.7047374357135 463
1738726300143 165.36724011786947 464
1738726300182 140.394004134462 465
1738726300221 161.60907466471633 466
1738726300260 190.93436982335726 467
1738726300300 178.2112869443598 468
1738726300339 193.93461927618185 469
1738726300378 166.80230289848473 470
1738726300417 173.5784112158625 471
1738726300455 137.95717740182783 472
1738726300494 163.87478506688015 473
1738726300532 181.97445645753794 474
1738726300570 169.98322801342908 475
1738726300609 147.68905197511526 476
1738726300648 169.40142072145335 477
1738726300687 163.0932879205664 478
1738726300725 178.47193547912062 479
1738726300763 169.8474786073124 480
1738726300802 145.55266807830756 481
1738726300840 176.63509944866846 482
1738726300878 176.05722800839393 483
1738726300916 176.22171689046408 484
1738726300954 159.1140145065841 485
1738726300992 205.38054645635458 486
1738726301030 172.92827570174128 487
1738726301068 163.61175834083437 488
1738726301106 175.56894840381625 489
1738726301143 151.22052378247616 490
1738726301182 170.93719072384818 491
1738726301221 257.62028296377684 492
1738726301260 148.68077336447303 493
1738726301300 174.12876804825308 494
1738726301340 174.70354060091967 495
1738726301380 167.42114435963163 496
1738726301420 168.98941059519996 497
1738726301459 168.26865071840746 498
1738726301498 155.73761841924687 499
