1738724542241 167.11146561722077 0
1738724542276 161.98105484127237 1
1738724542325 175.88074457508884 2
1738724542360 173.9442814888603 3
1738724542407 170.02103844670913 4
1738724542443 168.55740103494824 5
1738724542477 168.6256977421606 6
1738724542511 166.3036568168091 7
1738724542545 158.94210186227772 8
1738724542579 166.69375134451454 9
1738724542614 179.72812303652304 10
1738724542648 174.1858637335015 11
1738724542683 168.24525403521844 12
1738724542717 173.98956358275885 13
1738724542750 177.20902067042422 14
1738724542783 168.155678139509 15
1738724542816 182.15041191209878 16
1738724542850 173.20380845463472 17
1738724542884 169.35555283815 18
1738724542919 181.16541921409 19
1738724542954 170.48456464912178 20
1738724542988 168.17022044241753 21
1738724543021 172.37091109437102 22
1738724543054 173.87700104446228 23
1738724543087 176.66910191431379 24
1738724543120 166.3676025347893 25
1738724543153 164.39161777610363 26
1738724543187 159.91699204138686 27
1738724543221 168.2010258860667 28
1738724543254 168.97489243470395 29
1738724543288 173.0526448601545 30
