1738723689960 169.8966129124345 0
1738723689963 164.6512285187752 1
1738723689965 167.61024152494315 2
1738723689968 166.75855090262982 3
1738723689970 168.50410534065063 4
1738723689973 170.20654660840677 5
1738723689975 167.6778258099985 6
1738723689978 169.55779141643418 7
1738723689981 171.76041817070043 8
1738723689983 170.36267260683056 9
1738723689986 166.57737964816909 10
1738723689988 170.35097663662387 11
1738723689991 171.04932366185022 12
1738723689993 166.86542920254598 13
1738723689996 167.74021312577452 14
1738723689998 169.97610393703974 15
1738723690001 168.55663094404932 16
1738723690003 169.21141299549163 17
1738723690006 166.87017659591095 18
1738723690008 170.29837336414673 19
1738723690011 168.4568899758016 20
