1738724408297 155.89402388114516 0
1738724408330 229.17918435069328 1
1738724408363 162.94151603976366 2
1738724408396 126.15749882805505 3
1738724408429 171.0909719912108 4
1738724408462 168.76416083842884 5
1738724408495 215.5509113169951 6
1738724408528 179.2122745389587 7
1738724408560 111.67522930159056 8
1738724408593 149.52777867453062 9
1738724408626 129.91212620786928 10
1738724408659 269.8328104563003 11
1738724408691 100.95998213142488 12
1738724408723 162.085491845109 13
1738724408756 123.5399415747424 14
1738724408788 173.69562054602346 15
1738724408821 173.52398855499337 16
1738724408853 215.10691462252097 17
1738724408885 98.79791444854698 18
1738724408918 182.65860776029743 19
1738724408951 178.0422075274543 20
1738724408984 104.61138428456927 21
1738724409016 154.2762876100215 22
1738724409048 161.92098258738784 23
1738724409080 127.59669929134176 24
1738724409112 96.67730900475996 25
1738724409144 173.94201415862884 26
1738724409177 162.96885231501318 27
1738724409209 143.34860405619614 28
1738724409241 159.14679266383706 29
1738724409273 176.2661201754473 30
1738724409305 216.16975852272202 31
1738724409337 193.57564301006497 32
1738724409369 305.22418133267126 33
1738724409400 160.89546651499094 34
1738724409433 183.30767397938752 35
1738724409465 101.05069860551703 36
1738724409496 167.17587150688777 37
1738724409528 120.21226668506304 38
1738724409560 147.70268946125876 39
1738724409592 98.53215860602879 40
1738724409624 156.01281703411235 41
1738724409656 197.78536416639 42
1738724409688 246.96349267246939 43
1738724409720 160.15271810285213 44
1738724409752 202.51444586802938 45
1738724409784 168.7529854115456 46
1738724409816 204.74149815096843 47
1738724409847 197.54726092611884 48
1738724409879 206.15939603509696 49
1738724409911 195.2210138736164 50
1738724409943 128.14512274811057 51
1738724409975 207.8481171644795 52
1738724410007 223.37681346624404 53
1738724410038 216.74091560402525 54
1738724410070 211.1405635846666 55
1738724410102 182.30443491535442 56
1738724410134 127.96666715985815 57
1738724410166 193.07361929839712 58
1738724410197 108.71462322144266 59
1738724410229 174.71400925946307 60
1738724410261 131.44079983083762 61
1738724410293 136.84572024205764 62
1738724410325 163.52233685712378 63
1738724410357 153.695398517159 64
1738724410389 172.53021841425127 65
1738724410421 189.36927314258435 66
1738724410453 300.330438937791 67
1738724410485 146.56626034816446 68
1738724410516 141.4377670965752 69
1738724410548 143.61897337737753 70
1738724410580 218.03474868796823 71
1738724410612 159.8837431015385 72
1738724410643 197.50187712935738 73
1738724410675 191.70537278213007 74
1738724410707 264.23094637475896 75
1738724410738 170.9047319075745 76
1738724410770 224.6788606061673 77
1738724410802 161.5937356605385 78
1738724410834 171.94087727807897 79
1738724410866 158.24576411914254 80
1738724410897 158.66265167922253 81
1738724410929 177.09091985750248 82
1738724410961 165.7175182561853 83
1738724410993 182.6222711534572 84
1738724411025 286.3779844618312 85
1738724411056 173.18098205203617 86
1738724411088 157.4027553597304 87
1738724411120 246.2640805171251 88
1738724411152 36.265025041874566 89
1738724411183 175.8195371094095 90
1738724411215 122.54780993827713 91
1738724411247 225.66667390359848 92
1738724411279 211.8355114961492 93
1738724411310 127.87310374579694 94
1738724411342 160.23915442406914 95
1738724411374 134.8024597199073 96
1738724411406 179.0375067130912 97
1738724411437 147.66238724896832 98
1738724411469 129.08353295300597 99
1738724411501 111.75358368408568 100
1738724411532 184.75086208754115 101
1738724411564 239.55482409064183 102
1738724411596 69.94563602618416 103
1738724411628 188.1069326135005 104
1738724411659 75.98189311714188 105
1738724411691 189.579800337058 106
1738724411725 317.86293346730935 107
1738724411773 206.18305015806308 108
1738724411811 189.6351824099972 109
1738724411854 162.9443269175741 110
1738724411889 303.61001711290345 111
1738724411924 145.85846580569506 112
1738724411960 146.5377639424404 113
1738724411995 173.3820617348548 114
1738724412029 226.08961029609014 115
1738724412064 214.56407670253128 116
1738724412098 210.4541412775066 117
1738724412132 135.78518235716203 118
1738724412166 175.2193522464693 119
1738724412202 154.51860104347512 120
1738724412235 159.2589006852141 121
1738724412269 201.5675013884326 122
1738724412303 195.6730726912705 123
1738724412338 116.36373807637851 124
1738724412371 142.232045779481 125
1738724412405 253.5893910903948 126
1738724412438 139.7942698136388 127
1738724412471 204.60200338424733 128
1738724412503 154.24500233637713 129
1738724412537 168.42600563024615 130
1738724412570 114.70434747007413 131
1738724412603 70.32109793425023 132
1738724412637 136.87552609730363 133
1738724412670 276.6602427848062 134
1738724412710 160.96765222793022 135
1738724412746 190.9084103558436 136
1738724412781 191.20802023261206 137
1738724412816 161.8674081520691 138
1738724412850 195.0322025314793 139
1738724412885 101.37848398966293 140
1738724412919 161.48811943107103 141
1738724412956 167.29394566538457 142
1738724412990 161.80843853695634 143
1738724413024 151.0707213678829 144
1738724413058 144.2357728123662 145
1738724413091 52.38850378345601 146
1738724413125 117.775605092875 147
1738724413158 175.67079886263357 148
1738724413191 252.27128410362926 149
1738724413225 139.13205610157254 150
1738724413258 196.86201230963874 151
1738724413291 266.45575295220664 152
1738724413324 181.82073146522356 153
1738724413358 179.69204532431968 154
1738724413392 73.03856741454192 155
1738724413428 203.45470967262904 156
1738724413491 141.84575633780992 157
1738724413550 59.20749714091335 158
1738724413584 258.9102036626682 159
1738724413618 171.16184006684347 160
1738724413652 166.55611669956943 161
1738724413686 198.0327000521906 162
1738724413720 182.01700638292132 163
1738724413754 194.46716530548173 164
1738724413787 183.4766947070518 165
1738724413820 174.962284435495 166
1738724413853 243.45738681452153 167
1738724413886 200.61539170883952 168
1738724413919 367.46180160548613 169
1738724413951 175.0456324300287 170
1738724413984 90.03601217597092 171
1738724414017 193.33991338076305 172
1738724414049 261.7533156388813 173
1738724414082 158.6498177632934 174
1738724414115 139.44752151538037 175
1738724414148 155.06249643949695 176
1738724414180 159.88187902159999 177
1738724414213 109.10550493756014 178
1738724414246 221.54024115385786 179
1738724414278 142.85099687394188 180
1738724414311 253.98219184312873 181
1738724414343 226.36490220527483 182
1738724414376 227.76543858116025 183
1738724414409 129.80688435329725 184
1738724414443 159.69958126791903 185
1738724414476 169.60914021671817 186
1738724414509 176.42495621058404 187
1738724414543 215.17166836855182 188
1738724414576 137.26762328722901 189
1738724414609 150.37579364210967 190
1738724414643 182.2475634420432 191
1738724414676 122.84428293928043 192
1738724414709 137.09043612587885 193
1738724414741 85.04718881879695 194
1738724414774 220.16437278634857 195
1738724414807 209.23737821829027 196
1738724414841 173.47230762729112 197
1738724414874 213.32231018686304 198
1738724414908 516.0733253591036 199
1738724414941 162.27185725628266 200
1738724414975 210.38661988677976 201
1738724415009 137.4337035969262 202
1738724415043 336.3869656764976 203
1738724415076 146.32199238469792 204
1738724415109 145.26812108738838 205
1738724415142 168.85386729865857 206
1738724415176 114.0878505957841 207
1738724415210 116.16072802536867 208
1738724415244 264.98682642050073 209
1738724415278 209.5755445133204 210
1738724415311 293.5682639135408 211
1738724415345 182.1662447498155 212
1738724415380 149.3858660367882 213
1738724415415 173.7773014692817 214
1738724415449 133.20837750711536 215
1738724415483 273.6705516142697 216
1738724415516 144.53910237736235 217
1738724415550 145.27424539902876 218
1738724415584 247.85190544366233 219
1738724415618 44.612686828806616 220
1738724415652 218.42942144262094 221
1738724415685 196.24628644349696 222
1738724415718 197.1473668336809 223
1738724415752 238.3736986489976 224
1738724415785 144.5131407585729 225
1738724415818 39.170604944082974 226
1738724415852 191.4119241050574 227
1738724415886 242.78209563171396 228
1738724415920 191.7883907504698 229
1738724415953 158.93815861459203 230
1738724415987 217.26346856290888 231
1738724416020 179.4542428115098 232
1738724416053 117.76734761401728 233
1738724416086 204.18204570779156 234
1738724416120 18.901727688476996 235
1738724416153 161.88883304849503 236
1738724416186 220.10278032236292 237
1738724416220 138.39345474543563 238
1738724416254 203.14620207391224 239
1738724416305 274.3259914521361 240
