1738722855777 166.32071718418703 0
1738722855779 167.93772798022786 1
1738722855781 169.7090168015579 2
1738722855783 167.4717134937248 3
1738722855786 168.39942321463064 4
1738722855788 167.38919878603932 5
1738722855790 169.8189905473935 6
1738722855792 168.75481419034153 7
1738722855794 168.9670779427009 8
1738722855796 168.9579003535063 9
1738722855799 168.5654289457919 10
1738722855801 166.20024385218272 11
1738722855803 170.06564630384997 12
1738722855805 169.6564179032934 13
1738722855807 169.47880596841392 14
1738722855810 168.95849279987178 15
1738722855812 171.78813946191246 16
1738722855814 169.941300398752 17
1738722855816 168.90685120915202 18
1738722855818 170.20856126137596 19
1738722855820 169.91481248612476 20
1738722855822 168.73632738898493 21
1738722855825 169.45877871701717 22
1738722855827 170.6733425825396 23
1738722855829 169.23972777134796 24
1738722855831 170.47727972935638 25
