1738726169433 154.23751763362372 0
1738726169472 171.74777846158102 1
1738726169512 180.38552978658382 2
1738726169552 171.8759943782001 3
1738726169591 158.06331167489904 4
1738726169631 142.8186129771552 5
1738726169670 166.2050816146524 6
1738726169708 184.6493156723455 7
1738726169746 167.47453284352315 8
1738726169784 167.00904165969754 9
1738726169822 152.19770400433603 10
1738726169861 115.5846527938939 11
1738726169899 181.71428189307903 12
1738726169936 157.38550583974128 13
1738726169975 182.4832420505034 14
1738726170012 134.49364646127498 15
1738726170049 159.90696889618982 16
1738726170087 189.2646925964656 17
1738726170125 151.15761794550588 18
