1738724553929 169.16719517633706 0
1738724553932 169.1504241884533 1
1738724553935 169.13439085124162 2
1738724553938 169.11906198395226 3
1738724553941 169.10440590837138 4
1738724553944 169.09039238060433 5
1738724553946 169.07699252595975 6
1738724553949 169.06417877679374 7
1738724553951 169.05192481317954 8
1738724553954 169.04020550627428 9
1738724553956 169.02899686425968 10
1738724553959 169.01827598073996 11
1738724553962 169.0080209854852 12
1738724553964 168.99821099741334 13
1738724553967 168.98882607970867 14
1738724553970 168.97984719698042 15
1738724553972 168.97125617436774 16
1738724553975 168.9630356585034 17
1738724553977 168.95516908025093 18
1738724553980 168.94764061913494 19
1738724553983 168.94043516938765 20
1738724553986 168.9335383075379 21
1738724553988 168.92693626147243 22
1738724553991 168.9206158809032 23
1738724553994 168.91456460917556 24
1738724553997 168.90877045635742 25
1738724554000 168.90322197355076 26
1738724554002 168.8979082283695 27
1738724554005 168.8928187815316 28
1738724554007 168.88794366451367 29
1738724554012 168.8832733582208 30
1738724554014 168.87879877262455 31
1738724554017 168.87451122732585 32
1738724554019 168.87040243300015 33
1738724554022 168.866464473685 34
1738724554025 168.86268978987206 35
1738724554027 168.85907116236618 36
1738724554029 168.85560169687744 37
1738724554032 168.8522748093126 38
1738724554034 168.84908421173375 39
1738724554037 168.84602389895483 40
1738724554041 168.84308813574566 41
1738724554044 168.8402714446174 42
1738724554046 168.83756859416144 43
1738724554049 168.83497458791803 44
1738724554051 168.8324846537496 45
1738724554054 168.830094233696 46
1738724554056 168.82779897429046 47
1738724554059 168.82559471731415 48
1738724554062 168.82347749097042 49
1738724554064 168.82144350145944 50
1738724554067 168.81948912493428 51
1738724554069 168.81761089982243 52
1738724554072 168.81580551949517 53
1738724554074 168.81406982526903 54
1738724554077 168.81240079972488 55
1738724554080 168.81079556032972 56
1738724554083 168.8092513533475 57
1738724554085 168.80776554802577 58
1738724554089 168.80633563104618 59
1738724554091 168.80495920122596 60
1738724554094 168.80363396445964 61
1738724554096 168.80235772889014 62
1738724554099 168.80112840029815 63
1738724554102 168.7999439777006 64
1738724554105 168.79880254914863 65
1738724554107 168.79770228771537 66
1738724554110 168.79664144766582 67
1738724554113 168.79561836079984 68
1738724554115 168.79463143296093 69
1738724554118 168.79367914070284 70
1738724554121 168.79276002810707 71
1738724554124 168.7918727037443 72
1738724554126 168.79101583777376 73
1738724554129 168.79018815917297 74
1738724554132 168.78938845309384 75
1738724554134 168.78861555833734 76
1738724554137 168.78786836494297 77
1738724554140 168.78714581188726 78
1738724554142 168.78644688488592 79
1738724554145 168.78577061429564 80
1738724554148 168.78511607311066 81
1738724554150 168.78448237504978 82
1738724554153 168.78386867273008 83
1738724554155 168.78327415592264 84
1738724554158 168.78269804988764 85
