1738724435432 180.8174770773522 0
1738724435469 166.65625069026777 1
1738724435507 171.4317169212561 2
1738724435544 180.42865683342066 3
1738724435581 148.51046094171122 4
1738724435617 157.89849823641524 5
1738724435654 172.51911864969784 6
1738724435690 172.2363445034553 7
1738724435726 177.75344464018931 8
1738724435763 173.12331326585866 9
1738724435799 161.70592642283484 10
1738724435875 150.57882765355924 11
1738724435920 168.70765273747597 12
1738724435956 174.57144021789463 13
1738724435993 176.25236682727802 14
1738724436030 178.26716370905731 15
1738724436067 155.95352839313085 16
1738724436104 170.2335612651464 17
1738724436141 170.98958528975467 18
1738724436178 169.22573745450333 19
1738724436215 174.99738802277824 20
1738724436251 171.43654629486767 21
1738724436288 181.41104792013036 22
1738724436325 176.79746968556321 23
1738724436363 173.6509685131203 24
1738724436401 178.1587634330157 25
1738724436438 172.3443169983648 26
1738724436475 172.95912398256237 27
1738724436513 176.64801172294543 28
1738724436550 158.80292515853426 29
1738724436586 151.86193731063767 30
1738724436623 171.60375988314527 31
1738724436660 167.1216251774812 32
1738724436696 166.39508321497567 33
1738724436732 177.67891802520938 34
1738724436771 170.95078387250012 35
1738724436809 152.4836270367366 36
1738724436847 162.46030254382913 37
1738724436885 157.80891790397555 38
1738724436926 173.84775671835152 39
1738724436963 180.97549471705346 40
1738724437001 165.8342600910472 41
1738724437039 162.7513110323546 42
1738724437076 173.61308753707715 43
1738724437113 187.86954936336858 44
1738724437149 174.73094840425554 45
1738724437186 157.26146759546336 46
1738724437222 178.92835743797792 47
1738724437259 164.0672252346187 48
1738724437295 155.80858631216904 49
1738724437333 166.52650406455768 50
1738724437371 170.20703821991506 51
1738724437410 169.98536258119032 52
1738724437447 159.49230796021297 53
1738724437484 161.0868780315896 54
1738724437520 156.0226440047477 55
1738724437556 165.67070772496956 56
1738724437592 158.78005020201928 57
1738724437628 155.06100997349623 58
1738724437664 170.49422178450007 59
1738724437700 160.63231647835818 60
1738724437736 177.98416282116776 61
1738724437772 162.0167009522783 62
1738724437808 167.92248269302695 63
1738724437843 181.17844957390588 64
1738724437879 179.82653894326796 65
1738724437915 166.60824535426286 66
1738724437952 172.2966215516974 67
1738724437989 167.14187720139105 68
1738724438025 175.67929054229205 69
1738724438062 169.18692728295585 70
1738724438098 161.12333936015082 71
1738724438135 186.1605058217261 72
1738724438171 180.75176623329082 73
1738724438207 175.84172871120956 74
1738724438243 152.92545525605126 75
1738724438280 187.66221884985646 76
1738724438316 173.15786414801505 77
1738724438352 167.90523812272724 78
1738724438388 164.22856076315873 79
1738724438424 175.04608734801434 80
1738724438460 181.37830368359974 81
1738724438496 175.5273730367701 82
1738724438532 180.8521301890002 83
1738724438568 179.4207020087827 84
1738724438603 167.88136891260007 85
