1738726280032 168.6525567393154 0
1738726280036 168.29911829857124 1
1738726280039 170.3138574414737 2
1738726280043 170.37059371225297 3
1738726280047 167.93434197218045 4
1738726280050 169.9745101714955 5
1738726280054 168.40987547042027 6
1738726280057 170.6628167213286 7
1738726280061 167.7964777653819 8
1738726280064 174.81222446026976 9
1738726280068 168.8575572533862 10
1738726280072 167.19403755215134 11
1738726280075 167.8434392272172 12
1738726280079 169.74930947927942 13
1738726280083 169.48339171091283 14
1738726280086 169.00074707558588 15
1738726280090 169.44307304941336 16
1738726280094 169.0376951356758 17
1738726280097 168.7154666969716 18
1738726280101 168.68008464770446 19
1738726280104 169.4566064935146 20
1738726280108 167.87901090604882 21
1738726280111 168.8775139093262 22
1738726280115 169.76239773624286 23
1738726280118 169.8463271748762 24
1738726280122 170.44957290122653 25
1738726280125 169.39308291099906 26
1738726280129 168.10943987866253 27
1738726280132 172.69776341618297 28
1738726280136 170.88343313059272 29
1738726280140 170.7936988265888 30
1738726280143 167.399284356662 31
1738726280147 172.05173841708927 32
1738726280150 167.48310140739534 33
1738726280154 165.5898623057631 34
1738726280157 168.2655720104461 35
1738726280161 171.4754836309886 36
1738726280164 169.3019340221709 37
1738726280168 167.41166539047964 38
1738726280171 169.04332608187505 39
1738726280175 167.9680606627581 40
1738726280179 170.05342621420849 41
1738726280182 167.20353928954853 42
1738726280186 171.2789753660546 43
1738726280189 170.58585276296378 44
1738726280193 168.03571236006636 45
1738726280196 167.57598514564168 46
1738726280200 170.13612979209626 47
1738726280203 168.9108895966904 48
1738726280207 169.1705176401359 49
1738726280211 169.261588236935 50
1738726280214 169.37085403920085 51
1738726280218 170.49789442084023 52
1738726280221 169.69552452362535 53
1738726280225 169.94702612639347 54
1738726280228 166.97338533946973 55
1738726280233 168.93310070514224 56
1738726280236 170.18730442755088 57
1738726280240 170.1223517327269 58
1738726280244 170.54587459288177 59
1738726280247 167.26508159428613 60
1738726280251 168.8373157424346 61
1738726280254 167.94018569915013 62
1738726280258 166.47710659419292 63
1738726280262 169.28712452682015 64
1738726280265 168.80564134446286 65
1738726280269 169.51835709363158 66
1738726280272 169.4540218731483 67
1738726280276 169.02606433540356 68
1738726280279 169.4177537585792 69
1738726280283 169.09650449922202 70
1738726280287 169.21006822857362 71
1738726280290 168.84775815136462 72
1738726280294 169.3250852988859 73
1738726280297 167.84078511875632 74
1738726280313 167.2849360026012 75
1738726280319 169.59626735615862 76
1738726280322 166.68159068938138 77
1738726280326 168.80743346061624 78
1738726280330 168.98039567090507 79
1738726280333 170.3317718794716 80
1738726280337 169.54659079828372 81
1738726280340 168.67505436945248 82
1738726280344 170.4138860541315 83
1738726280348 170.58887894738103 84
1738726280351 168.89812057740372 85
1738726280355 169.3966452015054 86
1738726280359 168.04387962232835 87
1738726280362 168.6630608175888 88
1738726280366 168.0697078000671 89
1738726280369 169.36832794484042 90
1738726280373 170.1169960480148 91
1738726280377 170.05728567427744 92
1738726280380 172.09484833819016 93
1738726280384 169.02275490371082 94
1738726280388 169.78659228524708 95
1738726280391 171.08310456685126 96
1738726280395 168.71541593434847 97
1738726280398 171.52270720202785 98
1738726280402 170.33085658467647 99
1738726280406 167.38328421249457 100
1738726280410 168.15684750427232 101
1738726280413 168.52548804456745 102
1738726280417 169.76243937171125 103
1738726280421 168.19632348999951 104
1738726280425 170.01983187749676 105
1738726280428 171.03463590895873 106
1738726280432 166.5549139228378 107
1738726280436 166.27270943284293 108
1738726280440 167.9455577152584 109
1738726280444 169.39996753634313 110
1738726280447 170.5671769387848 111
1738726280451 171.10918157538228 112
1738726280455 167.5191893689087 113
1738726280459 169.83485143854367 114
1738726280462 166.480463595965 115
1738726280466 169.25252268482953 116
1738726280470 169.57383631430426 117
1738726280474 166.4963567275537 118
1738726280477 170.59339541519793 119
1738726280481 166.67649850743967 120
1738726280485 170.26276260381246 121
1738726280488 167.42413514301967 122
1738726280492 170.95410246059606 123
1738726280496 170.30985352002892 124
1738726280500 169.53865194414738 125
1738726280504 170.6647544931506 126
1738726280507 167.2822184238601 127
1738726280511 167.947373080793 128
1738726280515 168.92774576023626 129
1738726280518 169.39153658871575 130
1738726280522 168.86780196200036 131
1738726280526 171.00574083281086 132
1738726280529 166.38674859050764 133
1738726280533 168.55153233262382 134
1738726280537 167.6952380169732 135
1738726280540 170.23127254185394 136
1738726280544 170.15072076342568 137
1738726280547 167.4184153939532 138
1738726280551 168.48962981624655 139
1738726280555 168.3607840218734 140
1738726280558 171.1462344800069 141
