1738722111948 168.13180965333092 0
1738722111951 167.88290301973691 1
1738722111953 167.37600214760812 2
1738722111955 170.35841780540952 3
1738722111960 166.3866226987215 4
1738722111963 169.3094535898371 5
1738722111967 168.14648616423418 6
1738722111977 170.5708255973027 7
1738722111984 169.2895524151606 8
1738722111988 167.8738803431014 9
1738722111994 166.88216139284322 10
1738722112001 167.27591779543502 11
1738722112004 168.1581295457766 12
1738722112007 167.9895218074531 13
1738722112011 168.4246008024741 14
1738722112014 168.46553621427034 15
1738722112018 167.9060329339412 16
1738722112021 169.09381096326754 17
1738722112024 168.9694377617505 18
1738722112029 168.69370725645118 19
1738722112032 167.65851789291662 20
1738722112038 168.75897476684676 21
1738722112041 169.10647721244433 22
1738722112044 168.0858077919371 23
1738722112046 167.9593382120563 24
1738722112048 168.707357745073 25
1738722112052 166.49261784811898 26
