1738726698319 172.01218814280313 0
1738726698323 170.02061889103928 1
1738726698327 167.311808292814 2
1738726698331 168.67221616462894 3
1738726698335 169.01762912121345 4
1738726698338 173.247393495794 5
1738726698342 180.297599013455 6
1738726698346 166.75343797086268 7
1738726698350 168.65684787476854 8
1738726698354 169.90764360301213 9
1738726698358 171.42525041351485 10
1738726698361 167.86398439674235 11
1738726698365 169.252605614146 12
1738726698369 168.89601970292642 13
1738726698373 165.685045999738 14
1738726698377 166.51315698355558 15
1738726698381 168.07672673019115 16
1738726698384 167.4299134001091 17
1738726698388 172.86411468453832 18
1738726698392 164.37482048907202 19
1738726698396 170.51253312331585 20
1738726698399 167.31061198349965 21
1738726698403 171.84166744303909 22
1738726698407 164.4422110798758 23
1738726698411 169.2348821440074 24
1738726698415 174.7256190441 25
1738726698419 169.6215977515304 26
1738726698423 167.35503146063712 27
1738726698427 166.07938363678704 28
1738726698430 168.89705762764177 29
1738726698434 168.40272104028094 30
1738726698438 166.2253206900162 31
1738726698442 167.91210367980437 32
1738726698446 166.68975393035268 33
1738726698450 171.7810613033294 34
1738726698453 167.06634879395295 35
1738726698457 169.43981338520516 36
1738726698461 171.00358975273326 37
1738726698465 168.56941393429983 38
1738726698469 172.81460035546425 39
1738726698473 169.32363180560495 40
1738726698476 171.17442209404174 41
1738726698480 167.86280131870825 42
1738726698484 167.62038511311889 43
1738726698488 169.68606295262896 44
1738726698492 169.17480203619348 45
1738726698495 166.08266708371215 46
1738726698499 168.81138579089173 47
1738726698503 170.25665316155556 48
1738726698507 166.95988934986315 49
1738726698511 168.01935358606235 50
1738726698515 168.83940987405288 51
1738726698519 167.6252048993694 52
1738726698523 166.63448208696897 53
1738726698528 167.1031726763477 54
1738726698532 169.36927715863072 55
1738726698537 169.9369305690001 56
1738726698541 170.35396481135163 57
1738726698545 165.82322168299552 58
1738726698550 166.67015524193582 59
1738726698554 168.3687168553874 60
1738726698559 167.24436483186292 61
1738726698563 171.01590705169662 62
1738726698567 168.51357054113288 63
1738726698571 171.2568536103927 64
1738726698575 167.99677933552735 65
1738726698579 165.93365600160928 66
1738726698583 168.616547167002 67
1738726698587 170.36582778038166 68
1738726698591 169.47075743620283 69
1738726698594 170.21928995328437 70
1738726698598 168.4386840646718 71
1738726698602 165.15083380416993 72
1738726698607 167.84974666468958 73
1738726698611 166.78388060048124 74
1738726698616 167.07302716678527 75
1738726698620 168.76949262292254 76
1738726698624 170.2333306534394 77
1738726698628 168.54175182878555 78
1738726698633 167.50414468613923 79
1738726698638 167.88060720682412 80
1738726698643 168.34148146532596 81
1738726698647 170.9319681611222 82
1738726698651 167.4116312398743 83
1738726698655 168.6888891990181 84
1738726698659 168.94441359934558 85
1738726698663 166.87551276413572 86
