1738722174607 144.02251259487176 0
1738722174643 180.8903736007247 1
1738722174679 180.33061255338367 2
1738722174715 153.84234823530986 3
1738722174751 170.67361641448719 4
1738722174788 171.7186565686903 5
1738722174824 163.30435224121945 6
1738722174861 152.96958273344435 7
1738722174898 164.03080172934992 8
1738722174934 161.82532560921834 9
1738722174971 169.2243545461586 10
1738722175008 183.12504811124955 11
1738722175045 167.57902517143296 12
1738722175081 172.03769578993845 13
1738722175118 172.46398820975824 14
1738722175154 146.50963850646147 15
1738722175191 173.28188910148037 16
1738722175228 157.78849205453406 17
1738722175264 179.98281303303278 18
1738722175301 171.15380868234837 19
1738722175338 177.37951558557467 20
1738722175374 165.7217767707812 21
1738722175411 110.90222441762054 22
1738722175447 170.3088277629542 23
1738722175484 186.08953711876086 24
1738722175520 165.99971593005492 25
1738722175556 144.46734088561607 26
1738722175593 142.51677078778877 27
1738722175630 174.9521719703836 28
1738722175667 162.00377830049877 29
1738722175704 181.74580471611037 30
1738722175741 181.30095852683792 31
1738722175778 166.07575231755686 32
1738722175815 182.98006193538097 33
1738722175852 163.6658754479604 34
1738722175889 175.61356247278917 35
1738722175925 170.83620226490177 36
1738722175961 167.60068257312878 37
1738722175997 178.65962047788764 38
1738722176033 163.66318590264365 39
1738722176069 179.9619895378022 40
1738722176106 213.0882226703456 41
1738722176143 172.10217707166788 42
1738722176180 140.4852958810262 43
1738722176217 171.50299974646728 44
1738722176254 167.63331185305063 45
1738722176291 163.5989117190935 46
1738722176328 151.55581842985097 47
1738722176364 170.36403795355807 48
1738722176401 175.25044858990924 49
1738722176437 181.26495122654174 50
1738722176474 194.9954723621408 51
1738722176510 110.12182551499261 52
1738722176547 180.1658740856075 53
1738722176583 142.6076774235928 54
1738722176620 189.90466047420404 55
1738722176656 161.15675846804365 56
1738722176692 165.83922761311547 57
1738722176728 174.45020386805706 58
1738722176765 165.11878723604792 59
1738722176801 164.84797153775216 60
1738722176837 167.59408581966665 61
1738722176873 157.19330309132215 62
1738722176909 150.37031626164634 63
1738722176945 167.89606817279682 64
1738722176981 192.76495219532003 65
1738722177017 178.50629517461005 66
1738722177052 191.00838016988334 67
1738722177088 189.42008922552537 68
1738722177124 136.2691062747109 69
1738722177160 166.19474244820339 70
1738722177196 182.46942099920844 71
1738722177232 155.98084011398745 72
1738722177268 184.14332885203086 73
1738722177304 179.46038653670823 74
1738722177340 162.90599712764848 75
1738722177377 149.91039987765072 76
1738722177413 142.2278160379467 77
1738722177449 209.5719600528904 78
1738722177485 235.95042440881411 79
1738722177521 170.34856973355042 80
1738722177557 180.18346563824812 81
1738722177593 174.39537394876797 82
1738722177630 163.11723224758668 83
1738722177666 155.65134216286535 84
1738722177702 169.41870209463588 85
1738722177742 214.565605699747 86
1738722177780 155.52850555463525 87
1738722177816 191.69809596096172 88
1738722177872 172.47546942218762 89
1738722177909 187.29622754700088 90
1738722177945 168.31062156128613 91
1738722177982 150.34718271975274 92
1738722178018 176.00594981768901 93
1738722178054 173.04074108232075 94
1738722178090 184.8186983329597 95
1738722178126 153.54079794215826 96
1738722178162 136.22067821110153 97
1738722178197 155.06306729109218 98
1738722178233 170.98243803133423 99
1738722178268 153.96485169928792 100
1738722178305 187.33634321571532 101
1738722178341 152.42133648212624 102
1738722178377 173.4577465606512 103
1738722178414 179.96773099560735 104
1738722178451 179.8900852035114 105
1738722178487 163.53057154648798 106
1738722178524 172.0357327349105 107
1738722178561 122.90480438023177 108
1738722178597 167.34828631838153 109
1738722178633 181.78042361641647 110
1738722178668 179.83800571010053 111
1738722178704 139.79298032481574 112
1738722178741 144.2689730019645 113
1738722178778 182.2370804270863 114
1738722178816 165.06607229720785 115
1738722178852 172.85140536615566 116
1738722178890 160.5223372895502 117
1738722178927 203.51718197896287 118
1738722178964 188.38348791331313 119
1738722179001 133.16406816527353 120
1738722179038 217.3671273244813 121
1738722179075 106.63692268576506 122
1738722179111 168.42707704685037 123
1738722179148 156.94204941439693 124
1738722179186 138.79931623735848 125
1738722179223 159.75857087159702 126
1738722179260 173.58533823551687 127
1738722179296 156.16312708487644 128
1738722179334 201.84370146075685 129
1738722179371 168.90293615585466 130
1738722179409 175.27599696541634 131
1738722179446 171.8652896664597 132
1738722179483 163.5971102233898 133
1738722179521 178.2223676758925 134
1738722179558 166.33916901822414 135
1738722179596 171.0252026480786 136
1738722179633 165.01153005709048 137
1738722179670 218.52825794075684 138
1738722179708 152.8159792810776 139
1738722179745 152.9678584265453 140
1738722179783 205.08976837410097 141
1738722179821 169.7352265453409 142
1738722179858 149.85886958958454 143
1738722179895 169.1453455475307 144
1738722179933 166.1780725594144 145
1738722179970 180.26383860875927 146
1738722180008 163.82550390225327 147
1738722180045 151.60949873327985 148
1738722180083 184.5499936699015 149
1738722180121 173.65492379172824 150
1738722180159 181.72312125618083 151
1738722180196 172.06201401547537 152
1738722180234 168.49960290523956 153
1738722180271 156.99965404218472 154
1738722180309 174.69506458894438 155
1738722180346 155.99150239720646 156
1738722180383 177.09705685375098 157
1738722180420 171.20781423891927 158
1738722180457 161.43480683282817 159
1738722180493 113.24361205169171 160
1738722180530 170.9897894033128 161
1738722180567 169.5962792091609 162
1738722180603 163.7481023727678 163
1738722180640 133.8055667420201 164
1738722180677 158.03742583485825 165
1738722180714 163.78888156617484 166
1738722180751 163.1376078476569 167
1738722180787 133.53245665444922 168
1738722180823 165.23493131954856 169
1738722180860 182.9602854344026 170
1738722180896 188.60913552725006 171
1738722180932 167.14360517370503 172
1738722180968 152.33260216199935 173
1738722181004 169.49816669893843 174
1738722181040 160.37418095063873 175
1738722181076 160.6830718390209 176
1738722181113 166.69604170598447 177
1738722181150 153.8549207864086 178
1738722181187 169.05012912864652 179
1738722181224 153.67326102685408 180
1738722181260 134.3667144121953 181
1738722181297 182.3851084709833 182
1738722181333 180.04176107369565 183
1738722181369 181.81919763894106 184
1738722181406 155.80614144240064 185
1738722181444 178.1777330431856 186
1738722181480 175.54682877710817 187
1738722181517 158.95363838142637 188
1738722181554 193.4395757444699 189
1738722181590 158.811650786084 190
1738722181628 175.31842906668118 191
1738722181665 183.41590736507976 192
1738722181701 157.13486135875135 193
1738722181739 160.7289173433142 194
1738722181776 155.22223054799258 195
1738722181813 182.2015023684449 196
1738722181850 193.12267112504256 197
1738722181887 173.8384061591523 198
1738722181923 170.2710762466157 199
1738722181959 174.04130933649802 200
1738722181996 172.84703941886315 201
1738722182032 182.9889448037819 202
1738722182068 143.0193543413108 203
1738722182104 182.0808626610163 204
1738722182141 174.34439845721263 205
1738722182177 137.59237676388557 206
1738722182213 171.96668004462202 207
1738722182250 166.69519866482005 208
1738722182287 189.3187736575832 209
1738722182325 184.0636353162837 210
1738722182362 148.65719118228137 211
1738722182400 121.39478131568391 212
1738722182437 179.33377123499653 213
1738722182482 195.5696954902477 214
1738722182519 183.34556001741666 215
1738722182557 173.48671864021986 216
1738722182594 171.8692330547503 217
1738722182631 173.83271786716415 218
1738722182668 181.59515119980463 219
1738722182705 191.83360806194327 220
1738722182742 166.80027054486857 221
1738722182779 151.97891543463092 222
1738722182816 146.70445310706737 223
1738722182853 156.83192163267435 224
1738722182889 126.14180713467054 225
1738722182926 195.52470334580005 226
1738722182963 156.2083309125217 227
1738722183000 153.1677427528328 228
1738722183037 166.74797407875704 229
1738722183074 142.63168645093157 230
1738722183110 186.3141207181341 231
1738722183147 165.16147051931077 232
1738722183183 197.20196925018732 233
1738722183219 183.50406325287756 234
1738722183255 166.74185622351425 235
1738722183291 172.43881819857202 236
1738722183327 163.3058926853152 237
1738722183364 166.36672973152693 238
1738722183401 177.3401264433723 239
1738722183438 217.60872872487005 240
1738722183475 153.32872549168988 241
1738722183513 145.58375774332265 242
1738722183550 157.79040824442296 243
1738722183588 156.9152666949124 244
1738722183625 163.4925923594884 245
1738722183662 150.8641581479585 246
1738722183699 181.1646781344074 247
1738722183737 151.05754677152717 248
1738722183775 197.1923718404098 249
1738722183813 153.1853142314222 250
1738722183850 159.89746792819426 251
1738722183887 172.78546324013192 252
1738722183924 213.07334575277233 253
1738722183961 161.19358117802358 254
1738722183998 147.21331567164145 255
1738722184035 181.34101974764715 256
1738722184072 180.0820230368152 257
1738722184109 179.3262217906759 258
1738722184147 157.8356287192434 259
1738722184183 119.52587025387096 260
1738722184221 155.84679641267124 261
1738722184258 169.633406422359 262
1738722184299 145.93648477757873 263
1738722184337 186.72933842808544 264
1738722184375 162.54275547726274 265
1738722184413 199.35318709005517 266
1738722184451 171.3394216328161 267
1738722184489 158.478205743325 268
1738722184526 136.44646560469357 269
1738722184564 166.21501654541882 270
1738722184601 187.10736623358417 271
1738722184639 161.0577031178875 272
1738722184676 174.74307338618055 273
1738722184714 173.09666273487647 274
1738722184752 162.74857825412442 275
1738722184790 165.62052958110766 276
1738722184828 137.43997175776235 277
1738722184865 171.64725909165173 278
1738722184903 168.6367601444666 279
1738722184941 152.9207939138403 280
1738722184979 157.4748174465431 281
1738722185016 148.29863143858734 282
1738722185053 157.639677776056 283
1738722185090 177.23603331734137 284
1738722185127 169.61787837743455 285
1738722185164 168.0233524216138 286
1738722185200 103.78381496230561 287
1738722185238 170.5318619773312 288
1738722185276 149.54541667804935 289
1738722185313 160.7073418666887 290
1738722185351 152.53648519794098 291
1738722185389 183.8994797360817 292
1738722185427 218.2159775403231 293
1738722185465 180.42875845871382 294
1738722185502 154.65291258238383 295
1738722185540 169.6577039084061 296
1738722185578 174.0295336779205 297
1738722185616 158.72161999664533 298
1738722185654 217.61719210274555 299
