1738726472335 131.669324991431 0
1738726472371 116.21422645742358 1
1738726472407 162.38043478372802 2
1738726472446 112.16233535193513 3
1738726472482 155.03317746029245 4
1738726472518 112.37494952192735 5
1738726472553 197.22910914971592 6
1738726472589 246.235854035152 7
1738726472623 126.16695965363854 8
1738726472658 169.94504563625415 9
1738726472693 104.12273362157958 10
1738726472728 158.91558907824142 11
1738726472762 232.3680806712148 12
1738726472797 143.79719479530314 13
1738726472832 124.82423928416172 14
1738726472868 148.87157640285002 15
1738726472903 179.17770676580855 16
1738726472939 247.8555084119795 17
1738726472975 126.32809464202725 18
1738726473011 159.037056822092 19
1738726473047 117.52801511166787 20
1738726473083 138.41938689051617 21
1738726473119 162.65781964214614 22
1738726473154 159.7029184045711 23
1738726473189 70.05708294964961 24
1738726473224 156.88343082650607 25
1738726473261 212.26897422764202 26
1738726473297 362.4737439569395 27
1738726473332 190.11757198832012 28
1738726473369 177.9263905388077 29
1738726473405 151.10724303723015 30
1738726473441 147.27950759928063 31
1738726473477 163.60399539318817 32
1738726473513 179.6153718022959 33
1738726473549 122.91725438267595 34
1738726473585 168.60364558694607 35
1738726473622 125.15571784840935 36
1738726473659 198.5606593743205 37
1738726473694 167.04293613169133 38
1738726473729 95.65370934062736 39
1738726473764 171.28928566323017 40
1738726473799 196.0037670105631 41
1738726473834 175.74866133622672 42
1738726473869 151.93012085525226 43
1738726473904 138.59015442358455 44
1738726473939 310.7985433092279 45
1738726473974 95.85282991772169 46
1738726474009 256.27958663207977 47
1738726474044 169.66933428828534 48
1738726474079 157.03809147586733 49
1738726474114 85.57645737690777 50
1738726474149 183.4934043112354 51
1738726474184 183.1230926113067 52
1738726474219 152.88647448619156 53
1738726474253 400.7908125378765 54
1738726474288 173.46841058946887 55
1738726474323 253.42495570591163 56
1738726474358 258.99385383678015 57
1738726474392 127.33847461371927 58
1738726474427 197.5547432482171 59
1738726474462 226.520348691215 60
1738726474497 177.57736536375216 61
1738726474531 130.52521197959175 62
1738726474566 160.74650079524247 63
1738726474600 211.0630712746943 64
1738726474635 144.30148752885594 65
1738726474669 112.0940461096854 66
1738726474704 146.52379850554627 67
1738726474738 184.48899737758197 68
1738726474773 194.2693257086227 69
1738726474807 181.04257300584038 70
1738726474841 142.93548154510094 71
1738726474876 164.09193837367286 72
1738726474910 165.43212496997387 73
1738726474944 345.922121290337 74
1738726474979 203.31227532362277 75
1738726475013 160.20401064867227 76
1738726475047 182.8104086741393 77
1738726475082 216.80089658804732 78
1738726475116 152.2721283680164 79
1738726475151 124.49937339052342 80
1738726475185 315.72022375531475 81
1738726475219 120.61547627635234 82
1738726475253 156.70084885552907 83
1738726475287 170.71255786030514 84
1738726475322 204.87363483843723 85
1738726475356 141.67630283816774 86
1738726475390 333.43560270339503 87
1738726475425 158.65290999818887 88
1738726475459 163.30238822034713 89
1738726475493 128.96644923709542 90
1738726475527 303.9889269211455 91
1738726475561 105.10560478137748 92
1738726475595 171.02860092829502 93
1738726475629 144.3625752642954 94
1738726475665 129.38405200627003 95
1738726475700 304.4892049524193 96
1738726475735 205.03030727800785 97
1738726475769 191.75382873266528 98
1738726475804 188.59514397879516 99
1738726475838 130.50513795826038 100
1738726475873 98.5847772358117 101
1738726475907 154.71912895805195 102
1738726475942 139.93645026791802 103
1738726475977 153.24629289635484 104
1738726476011 175.30890099303062 105
1738726476046 83.16707048658745 106
1738726476080 138.50800283032854 107
1738726476114 168.2951667103433 108
1738726476149 133.28550468461626 109
1738726476183 293.52412445313973 110
1738726476217 200.59190490814038 111
1738726476251 229.48830064546274 112
1738726476285 158.66635216041416 113
1738726476342 205.9010646806136 114
1738726476378 116.04194547863925 115
1738726476412 172.4754700715738 116
1738726476447 202.61537638670112 117
1738726476481 290.47285512488577 118
1738726476516 250.77614125541785 119
1738726476550 138.02144835199928 120
1738726476585 195.38606120448833 121
1738726476619 176.58680525605445 122
1738726476653 208.3220990046298 123
1738726476688 132.91176475125584 124
1738726476722 166.97231455412248 125
1738726476757 71.72820784531767 126
1738726476791 288.55804984056596 127
1738726476825 103.44128278353075 128
1738726476860 121.4590792741511 129
1738726476894 185.1102502388897 130
1738726476928 151.1564725360442 131
1738726476963 143.28998231657027 132
1738726476997 216.911894549284 133
1738726477031 158.67142676943766 134
1738726477065 174.64434906474568 135
1738726477099 95.39354992020391 136
1738726477134 115.94599864710403 137
1738726477168 255.79355479490903 138
1738726477202 216.1800838325646 139
1738726477236 156.97536098868085 140
1738726477270 242.6268011596063 141
1738726477304 233.56817950946552 142
1738726477338 112.14131894822735 143
1738726477373 145.78108843910334 144
1738726477408 177.48177811933627 145
1738726477442 163.1212019582001 146
1738726477476 156.86176098527727 147
1738726477511 166.94412614122774 148
1738726477545 165.6055393769063 149
1738726477579 152.017837572971 150
1738726477613 208.67968117975047 151
1738726477647 186.5314591064059 152
1738726477681 225.19522341907532 153
1738726477715 160.21670818124082 154
1738726477749 171.62770782238155 155
1738726477784 163.32387125865628 156
1738726477818 216.97625823695384 157
1738726477852 141.56027548768446 158
1738726477886 139.82848249861883 159
1738726477920 124.42339768418788 160
1738726477954 238.47544009215096 161
1738726477988 150.7760077258848 162
1738726478022 361.18261627726434 163
1738726478056 34.91449274591094 164
1738726478090 175.02316722886292 165
1738726478123 181.63937795133438 166
1738726478158 120.92930326636075 167
1738726478192 146.64684524208764 168
1738726478226 161.55041429552762 169
1738726478259 234.87144349172954 170
1738726478293 168.2928748666605 171
1738726478327 158.8153908711299 172
1738726478385 154.46047602627397 173
1738726478421 203.77992251650485 174
1738726478455 197.88144057138712 175
1738726478490 182.06102741766585 176
1738726478526 109.80512015718598 177
1738726478561 206.00042590561048 178
1738726478595 133.7342470437125 179
1738726478629 139.4254425875356 180
1738726478664 201.65571560138378 181
1738726478698 121.51558146538234 182
1738726478732 141.57255254863793 183
1738726478766 58.94958899013573 184
1738726478801 43.42348001131325 185
1738726478835 193.44309733986952 186
1738726478869 240.735237039904 187
1738726478903 180.83183633969568 188
1738726478937 151.7106189930859 189
1738726478971 208.35084080803279 190
1738726479006 111.38975734299284 191
1738726479040 121.9818216076222 192
1738726479074 115.38871175414562 193
1738726479108 179.73848631371635 194
1738726479142 218.14169526097902 195
1738726479176 214.98305308600104 196
1738726479210 115.55811584289899 197
1738726479245 56.547875516479344 198
1738726479279 162.35296814689175 199
1738726479313 200.3901275396568 200
1738726479347 154.75654368335236 201
1738726479381 149.85562814558833 202
1738726479415 291.8130216203696 203
1738726479449 96.10699323947989 204
1738726479483 99.84049753766908 205
1738726479520 113.01999692369003 206
1738726479555 203.16033038521928 207
1738726479590 142.8929548290682 208
1738726479624 161.40639455482773 209
1738726479658 169.3522609110997 210
1738726479692 193.09650312201614 211
1738726479726 175.66035020953285 212
1738726479760 79.82217774852077 213
1738726479793 207.00142830130844 214
1738726479827 186.0808207190632 215
1738726479861 212.60911573676955 216
1738726479895 234.46462809904142 217
1738726479929 210.4398013430667 218
1738726479962 195.98809485528346 219
1738726479996 164.71494337645063 220
1738726480030 182.81104551647564 221
1738726480064 191.57903231677355 222
1738726480097 220.36330130527278 223
1738726480131 281.7248306871815 224
1738726480165 199.757935325526 225
1738726480199 79.92563820062607 226
1738726480233 109.48928583883486 227
1738726480268 104.96044306073108 228
1738726480302 196.816367749464 229
1738726480337 186.1503568373848 230
1738726480371 180.21772170529232 231
1738726480405 96.12852711650957 232
1738726480439 54.06339877317138 233
1738726480473 192.57153653545217 234
1738726480507 278.1580776498673 235
1738726480540 195.34560950989783 236
1738726480574 119.96115773754745 237
1738726480608 357.30213607415635 238
1738726480642 507.135108846346 239
1738726480676 74.29242014077379 240
1738726480710 145.68616585864044 241
1738726480744 172.42365409631782 242
1738726480778 150.32388240530878 243
1738726480812 157.69959482165808 244
1738726480846 164.524363241058 245
1738726480880 190.45830670302664 246
1738726480914 121.07408393336762 247
1738726480949 186.82534389496385 248
1738726480983 114.24630272745824 249
1738726481017 182.8549899876177 250
1738726481051 160.29906138790633 251
1738726481086 169.74969700722065 252
1738726481120 92.374219789386 253
1738726481154 292.1641694886942 254
1738726481188 182.67791349612926 255
1738726481222 217.28146899223867 256
1738726481256 142.83439165408026 257
1738726481290 175.79581394176006 258
1738726481324 216.19799719665366 259
1738726481358 176.56568645442294 260
1738726481392 176.4092171387985 261
1738726481426 161.84332351174245 262
1738726481460 187.4335983461615 263
1738726481494 85.64820841158154 264
1738726481528 214.95870127224867 265
1738726481562 191.63403761094807 266
1738726481596 76.04761982799549 267
1738726481630 208.3961761643339 268
1738726481664 112.28411751060553 269
1738726481698 131.919378300504 270
1738726481732 235.38501596167038 271
1738726481766 140.14898855525414 272
1738726481800 138.54764505433647 273
1738726481833 199.20823330467198 274
1738726481867 163.40925281411643 275
1738726481901 143.65759789779617 276
1738726481935 149.87745963013026 277
1738726481969 185.32835266061505 278
1738726482003 203.18312208900684 279
1738726482037 152.88365023100786 280
1738726482070 137.15018721904937 281
1738726482104 209.41935930060154 282
1738726482138 208.2427290096788 283
1738726482172 149.76814683678137 284
1738726482205 88.57683420407005 285
1738726482239 182.52177079725394 286
1738726482274 176.31087424898516 287
1738726482309 256.57002355284885 288
1738726482343 202.1812711309119 289
1738726482378 108.16200485473614 290
1738726482413 169.50844238013084 291
1738726482447 154.73675089515964 292
1738726482482 168.15305702111417 293
1738726482516 120.05393649249433 294
1738726482550 150.2839969076639 295
1738726482585 182.41852828896893 296
1738726482619 144.94929491085938 297
1738726482653 183.76915355085296 298
1738726482687 189.56153149950723 299
1738726482722 180.5193329185174 300
1738726482756 210.22590299721196 301
1738726482790 136.87189766200072 302
1738726482824 176.80068728244876 303
1738726482859 143.42538310209235 304
1738726482893 139.37341820459827 305
1738726482927 168.14124221408832 306
1738726482961 242.14126826756433 307
1738726482995 185.9075497883254 308
1738726483029 123.40619153733569 309
1738726483063 52.9395541470158 310
1738726483097 198.3832307505841 311
1738726483132 147.26579352282062 312
1738726483167 279.1495635524757 313
1738726483202 236.2255463323814 314
1738726483237 189.77297518116993 315
1738726483271 118.74490544600084 316
1738726483306 230.99097532251668 317
1738726483340 115.47810897448143 318
1738726483375 115.77715828099183 319
1738726483410 239.78847538725574 320
1738726483444 195.55295253122048 321
1738726483478 163.85905354220876 322
1738726483512 174.68177865654397 323
1738726483546 78.85002617485094 324
1738726483580 188.28765178923274 325
1738726483615 200.78148178115333 326
1738726483649 276.7712078352736 327
1738726483685 213.04971988278245 328
1738726483719 157.78977064868374 329
1738726483754 149.4761716609643 330
1738726483788 71.26029335707304 331
1738726483822 150.80512674949898 332
1738726483856 136.14479783283787 333
1738726483890 126.50528839733137 334
1738726483924 170.2142147393486 335
1738726483960 55.846001367174836 336
1738726483993 117.30900111361902 337
1738726484027 144.56889325780023 338
1738726484061 150.14705107366868 339
1738726484095 162.96508422712643 340
1738726484130 92.368300502049 341
1738726484164 170.8063638292383 342
1738726484198 131.7350399425895 343
1738726484233 124.54032199607668 344
1738726484266 182.99884546317875 345
1738726484301 129.843854159176 346
1738726484335 199.02798548681938 347
1738726484369 239.69398216645274 348
1738726484403 148.2237301542669 349
1738726484437 148.54691216084586 350
1738726484471 135.4588600514056 351
1738726484505 194.28112616222518 352
1738726484539 206.7872325910178 353
1738726484573 205.31087623643475 354
1738726484607 247.79538389394196 355
1738726484641 205.87656348161872 356
1738726484674 142.5430855919985 357
1738726484708 169.60388782097291 358
1738726484742 171.9206230001857 359
1738726484776 186.36116753612524 360
1738726484809 161.88261554513684 361
1738726484843 168.79755594422113 362
1738726484877 156.1792451923751 363
1738726484911 170.15681184189526 364
1738726484945 253.75408630492495 365
1738726484978 106.4369884040247 366
1738726485012 121.48527433016334 367
1738726485046 196.8835217326339 368
1738726485081 108.34302082925761 369
1738726485116 186.19804883236247 370
1738726485150 121.90800464910708 371
1738726485184 336.464352351495 372
1738726485219 79.78162527559104 373
1738726485253 168.1303209637181 374
1738726485287 175.05623628266414 375
1738726485321 152.70719179107272 376
1738726485356 138.13238070373632 377
1738726485391 220.35558361158448 378
1738726485425 148.9944088150494 379
1738726485459 205.60090554588086 380
1738726485494 204.90167389822525 381
1738726485528 118.7326306287431 382
1738726485563 44.01096253028971 383
1738726485597 206.30480986392712 384
1738726485631 205.5287512108221 385
1738726485665 172.36108775711276 386
1738726485700 178.9617483593874 387
1738726485735 155.84075559418616 388
1738726485769 279.60093718453936 389
1738726485804 222.2105358962046 390
1738726485838 168.4749233414059 391
1738726485873 139.78620160949282 392
1738726485907 296.52226002208397 393
1738726485941 200.51013167883008 394
1738726485976 172.9958035333348 395
1738726486010 130.7166749572811 396
1738726486044 205.8585801106073 397
1738726486079 167.60476504570372 398
1738726486113 167.11518958032934 399
1738726486147 152.69418493871478 400
1738726486181 200.168682630369 401
1738726486215 252.425200755767 402
1738726486249 120.75385229186075 403
1738726486284 129.1460223158218 404
1738726486318 156.05833127514316 405
1738726486352 101.07269917564638 406
1738726486387 203.55320787476202 407
1738726486421 136.50798474921336 408
1738726486455 202.01456294804046 409
1738726486489 188.00095101386592 410
1738726486523 82.79768911694445 411
1738726486557 195.67928832696325 412
1738726486591 156.65700531056925 413
1738726486646 321.4575585167693 414
1738726486682 159.95618752327675 415
1738726486717 131.13457249494567 416
1738726486752 189.77195135384875 417
1738726486786 150.70803956790616 418
1738726486821 99.52588824945673 419
1738726486855 155.35338557831093 420
1738726486889 97.31300364863905 421
1738726486924 92.8250211113912 422
1738726486958 157.1636812297844 423
1738726486993 92.93595902066956 424
1738726487028 147.35592630082022 425
1738726487062 166.25861235661938 426
1738726487096 151.88271035202314 427
1738726487130 139.20807432275186 428
1738726487164 154.94377097627338 429
1738726487198 163.2738845799974 430
1738726487233 156.69104752486157 431
1738726487267 140.2917712600314 432
1738726487300 126.36013108141941 433
1738726487335 192.89574929857838 434
1738726487369 110.04460671573437 435
1738726487404 132.10494071065872 436
1738726487440 178.36463556426708 437
1738726487478 87.23247571835074 438
1738726487514 191.3098107985602 439
1738726487550 215.6397657734464 440
1738726487587 119.27408925631909 441
1738726487624 143.1457583749729 442
1738726487660 180.5282707234304 443
1738726487696 246.89862847414395 444
1738726487732 145.69611364564784 445
1738726487767 164.4262243445644 446
1738726487803 148.46867811673982 447
1738726487838 152.06664201675267 448
1738726487874 172.16596666358922 449
1738726487910 174.9805860965856 450
1738726487945 124.62033327782014 451
1738726487980 209.7357383753458 452
1738726488015 149.41951052736243 453
1738726488051 188.60639681087548 454
1738726488088 164.5240803405524 455
1738726488124 265.5551531181681 456
1738726488160 167.41841008664994 457
1738726488196 72.98308393912772 458
1738726488232 126.55555365917382 459
1738726488268 121.56727189327876 460
1738726488303 176.96616162400213 461
1738726488339 140.50279031247982 462
1738726488375 259.0238580072799 463
1738726488411 226.9205033920823 464
1738726488447 231.3253221863446 465
1738726488483 121.14895608449764 466
1738726488534 135.30471651105532 467
1738726488572 205.2718988670408 468
1738726488607 280.50452311691276 469
1738726488642 141.87440738499112 470
1738726488677 202.28606135120043 471
1738726488715 166.3859948545985 472
1738726488751 156.44568164709628 473
1738726488787 191.6936008679641 474
1738726488823 172.14293998200662 475
1738726488858 191.5035455036918 476
1738726488894 195.96135187002656 477
1738726488929 154.81478125960507 478
1738726488964 199.65896317827264 479
1738726488999 125.6688047379064 480
1738726489034 164.1239318991147 481
1738726489069 219.16581021190964 482
1738726489104 188.0916986366448 483
1738726489139 176.27317188295677 484
1738726489174 197.89766091126546 485
1738726489209 120.18479136454847 486
1738726489244 278.44339111019633 487
1738726489279 285.81384200681504 488
1738726489313 219.12387467885972 489
1738726489349 101.36594625798416 490
1738726489386 149.06689644495887 491
1738726489422 111.6773111429631 492
1738726489458 96.2772151242425 493
1738726489494 384.542883012713 494
1738726489529 220.00350280945463 495
1738726489565 170.07036508493104 496
1738726489600 166.95945369999342 497
1738726489635 226.84826704424626 498
1738726489670 167.10917442500738 499
