1738722111425 169.24352203158307 0
1738722111427 169.24732516515738 1
1738722111428 169.24566846021924 2
1738722111429 169.24412996801018 3
1738722111430 169.24259510764162 4
1738722111433 169.24106617895455 5
1738722111434 169.23954311013617 6
1738722111436 169.2380258778309 7
1738722111437 169.2365144577974 8
1738722111438 169.23500882591944 9
1738722111439 169.2335089581845 10
1738722111440 169.23201483068397 11
1738722111441 169.2305264196124 12
1738722111443 169.2290437012672 13
1738722111444 169.2275666520482 14
1738722111445 169.22609524845726 15
1738722111446 169.22462946709757 16
1738722111447 169.2231692846735 17
1738722111448 169.22171467798995 18
1738722111449 169.22026562395195 19
1738722111451 169.21882209956433 20
1738722111452 169.21738408193107 21
1738722111453 169.21595154825516 22
1738722111454 169.21452447583783 23
1738722111455 169.21310284207829 24
1738722111457 169.2116866244734 25
1738722111458 169.210275800617 26
1738722111459 169.20887034819975 27
1738722111460 169.20747024500832 28
1738722111461 169.20607546892546 29
1738722111462 169.20468599792918 30
1738722111463 169.20330181009254 31
1738722111464 169.20192288358308 32
1738722111466 169.20054919666254 33
1738722111467 169.19918072768644 34
1738722111468 169.19781745510357 35
1738722111469 169.19645935745555 36
1738722111470 169.19510641337666 37
1738722111472 169.19375860159315 38
1738722111473 169.19241590092304 39
1738722111474 169.19107829027553 40
1738722111475 169.18974574865078 41
1738722111476 169.1884182551394 42
1738722111477 169.18709578892208 43
1738722111478 169.18577832926923 44
1738722111480 169.18446585554048 45
1738722111481 169.18315834718445 46
1738722111482 169.18185578373814 47
1738722111483 169.1805581448267 48
1738722111484 169.17926541016317 49
1738722111486 169.17797755954774 50
1738722111487 169.17669457286758 51
1738722111488 169.17541643009648 52
1738722111489 169.17414311129443 53
1738722111490 169.17287459660724 54
1738722111491 169.17161086626606 55
1738722111492 169.17035190058718 56
1738722111493 169.16909767997154 57
1738722111494 169.1678481849045 58
1738722111496 169.16660339595518 59
1738722111497 169.16536329377638 60
1738722111498 169.16412785910413 61
1738722111499 169.16289707275715 62
1738722111500 169.16167091563685 63
1738722111501 169.16044936872652 64
1738722111502 169.15923241309142 65
