1738726434573 220.261469023695 0
1738726434607 171.19686843312488 1
1738726434641 142.64864589997336 2
1738726434676 166.23264721716407 3
1738726434710 251.21150255648908 4
1738726434745 148.03684908637553 5
1738726434780 288.3941756533318 6
1738726434815 174.18183586406718 7
1738726434849 163.3547669535692 8
1738726434885 152.53628578490182 9
1738726434920 150.22124125774164 10
1738726434956 107.14972154952356 11
1738726434991 132.97649129158637 12
1738726435025 264.54378056517794 13
1738726435061 187.5991932347049 14
1738726435096 204.19926791370628 15
1738726435131 192.7058264146472 16
1738726435166 243.74615644451455 17
1738726435201 56.461586025360695 18
1738726435236 137.83400571256576 19
1738726435271 197.03328064156676 20
1738726435305 181.43399428965205 21
1738726435340 192.54493000191457 22
1738726435375 194.94897039062158 23
1738726435409 202.94295826849577 24
1738726435444 139.93001523071484 25
1738726435478 193.5964298324549 26
1738726435512 248.72408264159256 27
1738726435547 156.66410294815478 28
1738726435581 75.72506616537639 29
1738726435615 143.3444474221344 30
1738726435650 140.75761209306927 31
1738726435684 166.70730645944653 32
1738726435718 153.1820957496324 33
1738726435753 157.6571320656218 34
1738726435787 94.163616377046 35
1738726435821 171.353791610759 36
1738726435856 138.5040429430897 37
1738726435890 120.51668531928455 38
1738726435924 220.1788286030356 39
1738726435958 158.85193772860862 40
1738726435992 186.80067720196504 41
1738726436026 101.74988998748535 42
1738726436061 204.4931554601631 43
1738726436096 126.33858146307507 44
1738726436130 201.59603582995362 45
1738726436164 127.18227287884862 46
1738726436198 189.1421136942547 47
1738726436232 167.20048634693296 48
1738726436267 105.42849762065636 49
1738726436301 183.82758112995904 50
1738726436335 173.35899520705257 51
1738726436369 168.48622269190352 52
1738726436403 195.99785488011162 53
1738726436437 204.4059253950766 54
1738726436471 188.46838068623342 55
1738726436505 134.43824446980196 56
1738726436539 79.23930963250181 57
1738726436573 137.29100482664373 58
1738726436607 209.56376031489376 59
1738726436641 88.401960889493 60
1738726436675 199.4676589810591 61
1738726436709 108.46209444747161 62
1738726436743 142.48611801112477 63
1738726436777 166.6914027167403 64
1738726436811 196.9741653337293 65
1738726436845 215.11912223357695 66
1738726436879 332.17641730609665 67
1738726436914 132.32882964806853 68
1738726436949 128.83224710288118 69
1738726436984 197.84007132022842 70
1738726437018 169.3099461174893 71
1738726437053 157.48259418524643 72
1738726437088 191.1867071952645 73
1738726437122 76.50998356827232 74
1738726437156 235.4252912195892 75
1738726437191 154.6431014399345 76
1738726437227 180.19655402309266 77
1738726437264 200.65393494706984 78
1738726437300 194.76742251028602 79
1738726437336 176.7381233651769 80
1738726437376 183.83203220409624 81
1738726437416 185.92533523300648 82
1738726437460 104.53711683925387 83
1738726437497 159.12280888401094 84
1738726437534 153.80204282564233 85
1738726437572 204.78955803718674 86
1738726437616 178.52097969555308 87
1738726437654 156.02228416313767 88
1738726437690 149.5273193954078 89
1738726437728 34.877756700319864 90
1738726437765 221.29774217198525 91
1738726437801 209.8202241708992 92
1738726437837 149.35689267758605 93
1738726437873 383.4305243449711 94
1738726437908 126.71626290969104 95
1738726437944 213.86817307208653 96
1738726437980 186.02693399518162 97
1738726438016 211.87493966209277 98
1738726438052 133.008675090416 99
1738726438087 180.6609047008381 100
1738726438122 159.59249409471178 101
1738726438157 153.4455450087103 102
1738726438193 168.25544922084032 103
1738726438229 170.05876785927174 104
1738726438265 168.18112781488384 105
1738726438301 111.64774506452267 106
1738726438336 215.24348054488593 107
1738726438373 423.8972348482809 108
1738726438409 193.37791536133756 109
1738726438445 143.60165505461708 110
1738726438480 145.8445501394086 111
1738726438515 75.4019267924097 112
1738726438550 206.1712742473913 113
1738726438585 88.2821899139477 114
1738726438620 224.76397506573383 115
1738726438654 135.7382611537115 116
1738726438689 139.64721022909148 117
1738726438724 167.31603182281452 118
1738726438758 108.21985892522838 119
1738726438793 129.45528548166152 120
1738726438828 163.62549276279617 121
1738726438863 120.51404439699284 122
1738726438897 88.55378135292347 123
1738726438932 62.8357408070568 124
1738726438966 266.38264403706086 125
1738726439001 222.48760561993694 126
1738726439036 251.33632835924882 127
1738726439070 66.4768530858257 128
1738726439104 163.60979916913615 129
1738726439139 144.37315977139036 130
1738726439173 122.80311347865799 131
1738726439207 263.80028612656287 132
1738726439242 138.19523725206815 133
1738726439276 162.0113846509369 134
1738726439311 210.54757833725495 135
1738726439345 99.71939939210247 136
1738726439379 142.3938841728658 137
1738726439413 240.27236870990762 138
1738726439447 80.70048283435308 139
1738726439482 202.09636154456138 140
1738726439516 182.66742548103582 141
1738726439550 74.2140854825192 142
1738726439585 169.49281954885393 143
1738726439622 143.40056849061511 144
1738726439657 165.49104366383355 145
1738726439692 135.31454589308518 146
1738726439728 80.02219727132206 147
1738726439763 108.6919970849456 148
1738726439798 137.7050626372254 149
1738726439833 213.01467719661343 150
1738726439868 149.03955847212555 151
1738726439903 163.91485364333914 152
1738726439938 175.66254464235718 153
1738726439973 188.24929783976697 154
1738726440008 140.8620592672184 155
1738726440044 54.00942412196202 156
1738726440079 152.20588355602 157
1738726440115 206.94094466442064 158
1738726440150 267.1145172574732 159
1738726440185 168.37027810112377 160
1738726440220 235.14906778045238 161
1738726440255 247.97046675310716 162
1738726440290 164.69683342374816 163
1738726440325 198.64229758028003 164
1738726440359 241.00889746106924 165
1738726440394 52.50830062910002 166
1738726440429 163.96930174921624 167
1738726440464 145.49633553123596 168
1738726440503 161.22570040754087 169
1738726440541 214.1145971253608 170
1738726440579 102.21324762687337 171
1738726440615 92.6573839971641 172
1738726440652 201.71459422856432 173
1738726440688 142.64100835055305 174
1738726440724 190.7639543190294 175
1738726440759 286.42981875451187 176
1738726440795 213.7760512378685 177
1738726440831 148.55639814028217 178
1738726440867 236.67346607254382 179
1738726440903 149.41591367660664 180
1738726440939 120.2813052911164 181
1738726440974 86.94347610607696 182
1738726441010 186.06556831307458 183
1738726441045 88.09877001686012 184
1738726441081 140.1026923652882 185
1738726441116 210.7529217412498 186
1738726441152 204.68201038230808 187
1738726441187 106.23632419529456 188
1738726441223 199.53007415243306 189
1738726441259 176.3500054471527 190
1738726441294 219.87195425283934 191
1738726441330 168.6432194438651 192
1738726441365 219.4709347856129 193
1738726441401 132.1170126472027 194
1738726441438 171.62992789135407 195
1738726441473 147.17241101725546 196
1738726441509 183.1334264154245 197
1738726441545 258.245071847733 198
1738726441581 206.9399296949175 199
1738726441617 213.1724944676763 200
1738726441655 138.47295684044838 201
1738726441691 105.89289758444998 202
1738726441727 189.2508429221479 203
1738726441762 180.70925720459695 204
1738726441797 80.78328437874232 205
1738726441833 182.97284034595697 206
1738726441868 166.60509982026767 207
1738726441903 254.54555127493055 208
1738726441938 80.08535224204716 209
1738726441973 117.94080890069445 210
1738726442007 154.70712017319198 211
1738726442043 221.4443508208241 212
1738726442078 227.19603631181374 213
1738726442113 103.59493352776143 214
1738726442148 157.95272121314235 215
1738726442182 115.43938373893683 216
1738726442217 117.94644852131084 217
1738726442252 309.5588406177974 218
1738726442287 155.36347223434117 219
1738726442321 225.38364742833738 220
1738726442356 94.19805242314384 221
1738726442390 236.10757267654088 222
1738726442425 162.4309989111307 223
1738726442459 188.60704301737778 224
1738726442494 166.27353598036194 225
1738726442528 134.72156841253656 226
1738726442562 163.59851234186897 227
1738726442597 187.0397664829191 228
1738726442631 153.52045708681865 229
1738726442666 190.03753358446377 230
1738726442700 194.453406691546 231
1738726442735 224.30652960411217 232
1738726442769 168.13896012448205 233
1738726442803 134.25118553540202 234
1738726442838 72.71319259507945 235
1738726442873 323.99214384143187 236
1738726442909 171.92537543651272 237
1738726442944 147.88485407856152 238
1738726442979 122.60419822161319 239
1738726443013 187.10703473172399 240
1738726443048 206.55342835199605 241
1738726443082 129.19976064524343 242
1738726443117 236.46692461529912 243
1738726443151 108.97167904704916 244
1738726443186 133.9291397852494 245
1738726443220 208.19451412806532 246
1738726443255 172.91813147565892 247
1738726443290 143.7649477889912 248
1738726443326 211.34837150945307 249
1738726443362 128.1772521674921 250
1738726443398 200.2172361772378 251
1738726443433 177.2855111732625 252
1738726443469 166.97338706847097 253
1738726443504 139.97358012640302 254
1738726443539 105.96149950130035 255
1738726443574 92.49933600050446 256
1738726443609 131.73784524807093 257
1738726443644 157.9737146649824 258
1738726443679 156.55219392592872 259
1738726443714 124.0200482128073 260
1738726443749 172.85224230530386 261
1738726443785 217.85664653791042 262
1738726443820 154.9438499723526 263
1738726443855 190.3030359434673 264
1738726443890 111.1398254898919 265
1738726443924 165.05942482018312 266
1738726443959 178.24837316629504 267
1738726443994 156.87162975813297 268
1738726444028 172.59619256446445 269
1738726444063 173.5212719086497 270
1738726444098 44.3219663421143 271
1738726444133 173.00923387615936 272
1738726444168 214.75192572840598 273
1738726444202 137.12964129408638 274
1738726444238 168.63537192413145 275
1738726444280 188.77774999864266 276
1738726444317 95.47344845139071 277
1738726444382 334.7740339817682 278
1738726444417 219.03093670438432 279
1738726444453 114.92929923499672 280
1738726444489 137.43371527415664 281
1738726444525 196.22982013713417 282
1738726444562 219.19740206215315 283
1738726444597 104.6309283497786 284
1738726444632 134.92049204758163 285
1738726444666 154.73086394910788 286
1738726444701 86.35344556004554 287
1738726444736 196.08563893238968 288
1738726444771 133.8066745892809 289
1738726444806 360.94245198171814 290
1738726444840 163.71830341077458 291
1738726444875 145.85746406812805 292
1738726444910 191.85179154453215 293
1738726444944 146.96664828618304 294
1738726444979 148.9904168154707 295
1738726445014 127.04397923656897 296
1738726445049 172.3966500738059 297
1738726445084 141.22455420657153 298
1738726445119 263.6106557042274 299
1738726445155 166.80609835091275 300
1738726445191 198.91512135947772 301
1738726445227 163.3469080737085 302
1738726445264 140.12781791778787 303
1738726445299 232.4032693046661 304
1738726445335 184.28770098019845 305
1738726445371 275.62396895435245 306
1738726445407 193.92350341901522 307
1738726445444 89.92859001124391 308
1738726445480 211.24817443575742 309
1738726445517 181.6510612088318 310
1738726445552 131.29470912752186 311
1738726445589 249.46462465700094 312
1738726445625 157.03120299807594 313
1738726445661 195.7757470478637 314
1738726445697 218.7967836858538 315
1738726445733 171.11314460182774 316
1738726445769 139.73633080046864 317
1738726445805 209.53713522148885 318
1738726445841 88.8390330229059 319
1738726445878 242.40792060090425 320
1738726445914 194.92819648987552 321
1738726445950 259.65677652194745 322
1738726445986 71.14435547075456 323
1738726446022 132.4449674915515 324
1738726446058 197.9402515955485 325
1738726446094 120.7938819172377 326
1738726446131 214.47142814009771 327
1738726446166 154.74227765262387 328
1738726446202 107.43469057434234 329
1738726446238 177.8407725626615 330
1738726446273 153.74811901763655 331
1738726446308 127.18574258177019 332
1738726446344 137.3380038936431 333
1738726446379 221.63216367934044 334
1738726446414 170.53068051382257 335
1738726446448 156.36019191464467 336
1738726446483 138.35890332607488 337
1738726446518 131.60315854997435 338
1738726446553 126.58130569774528 339
1738726446588 152.9546100191877 340
1738726446623 172.9816990935268 341
1738726446659 107.60321104921749 342
1738726446695 209.47510446506863 343
1738726446731 167.42890545439457 344
1738726446767 153.39350730880324 345
1738726446804 210.9199672651802 346
1738726446840 123.11232555798014 347
1738726446876 238.0808166895774 348
1738726446912 169.97232599985415 349
1738726446948 137.68270742161053 350
1738726446984 214.5654298556943 351
1738726447020 307.8567436802925 352
1738726447056 220.06894442091667 353
1738726447092 254.75739192538398 354
1738726447129 156.77700047065443 355
1738726447165 183.86155788771396 356
1738726447201 179.54742870326456 357
1738726447237 229.62987591817418 358
1738726447272 461.4208515133439 359
1738726447308 193.848557388704 360
1738726447346 205.08468653493537 361
1738726447383 128.05809157992692 362
1738726447420 166.18611896031322 363
1738726447457 178.95031123139267 364
1738726447492 97.5931080275584 365
1738726447527 127.43924788201058 366
1738726447562 112.74036201573703 367
1738726447598 188.55520488433783 368
1738726447633 225.49386625207674 369
1738726447668 139.2686596521531 370
1738726447703 158.5808084257228 371
1738726447741 234.94704200167257 372
1738726447777 111.01422189739718 373
1738726447812 159.5860833598611 374
1738726447848 122.35910854587894 375
1738726447883 346.36852124529895 376
1738726447918 164.56897925568532 377
1738726447953 90.3579269015441 378
1738726447987 326.7314511519002 379
1738726448022 147.31858998148184 380
1738726448057 199.68998156263945 381
1738726448091 184.68753154403333 382
1738726448126 205.01651682950038 383
1738726448161 120.52930971759547 384
1738726448196 214.54659927875701 385
1738726448231 81.01589935813898 386
1738726448265 91.76605019604246 387
1738726448299 162.89258503519517 388
1738726448334 95.34494978494536 389
1738726448368 134.51160410244427 390
1738726448402 116.16282887804037 391
1738726448436 188.9265267458804 392
1738726448470 151.8585379658357 393
1738726448504 224.75188157631678 394
1738726448539 175.3214621604534 395
1738726448574 149.7236465834692 396
1738726448608 165.58423500270288 397
1738726448642 210.72845740417924 398
1738726448677 126.16983989457927 399
1738726448715 177.69600686627524 400
1738726448751 176.38971914299296 401
1738726448786 246.85085111978702 402
1738726448822 167.36874788777862 403
1738726448858 189.2036423584226 404
1738726448894 140.52544968218288 405
1738726448928 171.73946271997508 406
1738726448963 251.8638352573819 407
1738726448999 35.98014969445915 408
1738726449034 123.04080594364166 409
1738726449069 208.98598675725026 410
1738726449104 204.23148167040338 411
1738726449139 171.87601282876017 412
1738726449173 97.23123504831713 413
1738726449207 229.21773004907018 414
1738726449242 103.30858865466867 415
1738726449276 179.623254853513 416
1738726449311 168.13245947851328 417
1738726449345 160.29910595128146 418
1738726449380 172.1882073889558 419
1738726449414 230.45533561745302 420
1738726449449 221.72083561702266 421
1738726449483 207.5568715905001 422
1738726449518 137.31768648898944 423
1738726449552 128.92162790336164 424
1738726449587 212.4253979941436 425
1738726449621 157.45679486821692 426
1738726449655 190.31474290916054 427
1738726449690 182.3010471264282 428
1738726449724 187.78511258999583 429
1738726449758 169.50063655650663 430
1738726449793 136.35770489432147 431
1738726449827 173.88116177735697 432
1738726449861 176.59973290919905 433
1738726449895 146.84308941809377 434
1738726449930 207.73069167103043 435
1738726449966 237.78475353582104 436
1738726450001 186.2277499574401 437
1738726450036 154.9437063964613 438
1738726450070 161.84899162303518 439
1738726450105 142.7546884367189 440
1738726450140 185.3824597260376 441
1738726450175 172.40317664738805 442
1738726450209 195.80534627937686 443
1738726450244 114.13177864833594 444
1738726450278 285.5227653807773 445
1738726450313 91.36996645568674 446
1738726450348 76.63808492420857 447
1738726450383 225.67268961910796 448
1738726450418 173.05164991492614 449
1738726450453 156.7429318088738 450
1738726450488 353.1949544929103 451
1738726450524 138.2001142151721 452
1738726450561 253.00758349985927 453
1738726450597 122.36142935334252 454
1738726450633 204.30048824159445 455
1738726450669 192.07757008792603 456
1738726450705 133.1415318101228 457
1738726450741 141.0104194852901 458
1738726450776 147.35518464379967 459
1738726450812 118.33110644046072 460
1738726450847 168.9526237468373 461
1738726450882 117.14068967677876 462
1738726450918 130.8040859571558 463
1738726450954 162.8038375444449 464
1738726450989 97.5391815861067 465
1738726451024 115.6967065402089 466
1738726451059 136.31582881584237 467
1738726451094 50.23396422027665 468
1738726451129 159.3168818905696 469
1738726451163 205.48309162601268 470
1738726451197 212.44560113603623 471
1738726451232 174.93835079822722 472
1738726451266 148.15528528080912 473
1738726451301 113.94667029085065 474
1738726451335 209.42250525502985 475
1738726451370 163.66120793591836 476
1738726451404 175.44236562259175 477
1738726451438 106.83549650300358 478
1738726451473 95.5934461847747 479
1738726451508 142.71495621787557 480
1738726451544 89.19934371140545 481
1738726451579 180.97450782629295 482
1738726451613 100.21547936537627 483
1738726451648 194.4038393901274 484
1738726451683 180.9185654481232 485
1738726451717 174.27186020830106 486
1738726451752 166.0419840332546 487
1738726451788 158.76184023569405 488
1738726451823 232.435323880174 489
1738726451858 196.97835743501707 490
1738726451894 158.04441892610814 491
1738726451929 167.3124925331545 492
1738726451964 129.53638793492988 493
1738726451999 206.8229117933233 494
1738726452034 145.8870377904112 495
1738726452069 176.18294307405765 496
1738726452103 133.5195320196597 497
1738726452137 126.65318428799534 498
1738726452171 65.87945928534786 499
