1738724774999 169.26262417247537 0
1738724775002 169.26050274479329 1
1738724775004 169.25839078646288 2
1738724775007 169.2562882544037 3
1738724775010 169.2541951057325 4
1738724775012 169.2521112977623 5
1738724775015 169.2500367880014 6
1738724775018 169.2479715341527 7
1738724775020 169.24591549411247 8
1738724775023 169.2438686259699 9
1738724775026 169.2418308880057 10
1738724775028 169.23980223869174 11
1738724775031 169.2377826366898 12
1738724775034 169.23577204085078 13
1738724775036 169.23377041021405 14
1738724775039 169.23177770400628 15
1738724775041 169.22979388164077 16
1738724775044 169.22781890271648 17
1738724775047 169.22585272701733 18
1738724775049 169.2238953145112 19
1738724775052 169.2219466253491 20
1738724775054 169.2200066198645 21
1738724775057 169.2180752585723 22
1738724775060 169.21615250216797 23
1738724775062 169.21423831152703 24
1738724775065 169.21233264770385 25
1738724775068 169.21043547193102 26
1738724775070 169.20854674561852 27
1738724775073 169.20666643035293 28
1738724775075 169.2047944878965 29
1738724775078 169.20293088018647 30
1738724775081 169.20107556933425 31
1738724775083 169.19922851762453 32
1738724775086 169.1973896875146 33
1738724775089 169.19555904163343 34
1738724775091 169.19373654278107 35
1738724775094 169.19192215392766 36
1738724775096 169.19011583821285 37
1738724775099 169.18831755894473 38
1738724775102 169.18652727959943 39
1738724775104 169.18474496382012 40
1738724775107 169.1829705754162 41
1738724775110 169.1812040783627 42
1738724775112 169.17944543679943 43
1738724775115 169.17769461503025 44
1738724775118 169.17595157752228 45
1738724775120 169.1742162889052 46
1738724775123 169.17248871397047 47
1738724775125 169.1707688176706 48
1738724775128 169.16905656511838 49
1738724775131 169.1673519215863 50
1738724775133 169.1656548525055 51
1738724775136 169.1639653234654 52
1738724775139 169.16228330021272 53
1738724775141 169.1606087486509 54
1738724775144 169.1589416348393 55
1738724775147 169.1572819249925 56
1738724775149 169.15562958547966 57
1738724775152 169.15398458282368 58
1738724775155 169.15234688370066 59
1738724775157 169.15071645493902 60
1738724775160 169.14909326351892 61
1738724775163 169.14747727657152 62
1738724775166 169.14586846137837 63
1738724775169 169.1442667853705 64
1738724775171 169.142672216128 65
1738724775174 169.14108472137931 66
1738724775177 169.1395042690002 67
1738724775180 169.13793082701355 68
1738724775182 169.13636436358837 69
1738724775185 169.13480484703928 70
1738724775188 169.13325224582573 71
1738724775191 169.1317065285515 72
1738724775194 169.13016766396382 73
1738724775197 169.1286356209529 74
1738724775200 169.12711036855123 75
1738724775203 169.1255918759328 76
1738724775206 169.12408011241266 77
1738724775208 169.122575047446 78
1738724775211 169.12107665062794 79
1738724775214 169.1195848916923 80
1738724775217 169.11809974051155 81
1738724775220 169.1166211670958 82
1738724775223 169.1151491415922 83
1738724775226 169.1136836342846 84
1738724775228 169.11222461559245 85
1738724775231 169.11077205607066 86
1738724775234 169.10932592640864 87
1738724775237 169.1078861974298 88
1738724775239 169.106452840091 89
1738724775242 169.10502582548185 90
1738724775245 169.10360512482413 91
1738724775247 169.1021907094711 92
1738724775250 169.10078255090716 93
1738724775252 169.09938062074687 94
1738724775255 169.09798489073466 95
1738724775258 169.09659533274413 96
1738724775260 169.0952119187774 97
1738724775264 169.09383462096463 98
1738724775267 169.09246341156327 99
1738724775271 169.09109826295776 100
1738724775274 169.0897391476585 101
1738724775277 169.0883860383019 102
1738724775281 169.08703890764914 103
1738724775284 169.085697728586 104
1738724775286 169.08436247412232 105
1738724775289 169.0830331173911 106
1738724775292 169.0817096316482 107
1738724775294 169.08039199027183 108
1738724775297 169.0790801667617 109
1738724775299 169.0777741347388 110
1738724775302 169.07647386794457 111
1738724775305 169.07517934024048 112
1738724775307 169.07389052560754 113
1738724775310 169.0726073981455 114
1738724775312 169.07132993207262 115
1738724775315 169.07005810172492 116
1738724775318 169.0687918815558 117
1738724775321 169.06753124613522 118
1738724775323 169.06627617014956 119
1738724775326 169.06502662840072 120
1738724775328 169.06378259580578 121
1738724775331 169.0625440473965 122
1738724775334 169.0613109583187 123
1738724775336 169.06008330383173 124
1738724775339 169.05886105930801 125
1738724775341 169.05764420023255 126
1738724775344 169.05643270220233 127
1738724775347 169.0552265409258 128
1738724775349 169.05402569222247 129
1738724775352 169.05283013202225 130
1738724775354 169.05163983636513 131
1738724775357 169.05045478140048 132
1738724775360 169.0492749433867 133
1738724775362 169.04810029869057 134
1738724775365 169.046930823787 135
1738724775367 169.04576649525822 136
1738724775370 169.04460728979356 137
1738724775372 169.04345318418876 138
1738724775375 169.04230415534562 139
1738724775378 169.04116018027145 140
1738724775380 169.0400212360786 141
1738724775383 169.03888729998394 142
1738724775385 169.03775834930843 143
1738724775388 169.03663436147676 144
