1738722447657 173.88166509036205 0
1738722447689 169.55115200005403 1
1738722447722 198.41110057577268 2
1738722447754 180.20392039609166 3
1738722447787 163.37223140058794 4
1738722447820 154.6290573782588 5
1738722447853 169.0467073244056 6
1738722447887 168.18958747367202 7
1738722447920 181.28943493511002 8
1738722447954 144.64227239930113 9
1738722447987 145.211560546408 10
1738722448020 187.6573921752026 11
1738722448054 173.21574490081332 12
1738722448087 168.1402743850437 13
1738722448120 178.52372446817623 14
1738722448153 170.73534912998673 15
1738722448185 172.30560604801929 16
1738722448218 220.67045652788124 17
1738722448250 190.7987930361095 18
1738722448282 186.69354329305727 19
1738722448315 160.53196969368724 20
1738722448347 150.13465080668806 21
1738722448379 158.46726661171533 22
1738722448412 168.23688440994684 23
1738722448444 143.66805849342262 24
1738722448476 161.49469963397337 25
1738722448509 160.99100935435607 26
1738722448541 175.4349846775382 27
1738722448573 166.1464227315 28
1738722448606 195.56517933229586 29
1738722448638 182.07867588129878 30
1738722448671 167.26951512123605 31
1738722448703 169.10339262661697 32
1738722448735 168.60887729818646 33
1738722448768 191.3893789986733 34
1738722448800 157.0375272891758 35
1738722448832 155.9048450533666 36
1738722448864 151.97993398204977 37
1738722448897 169.36606660415939 38
1738722448929 142.9645623831022 39
1738722448961 164.96149721826416 40
1738722448994 200.26097989309895 41
1738722449026 161.5440047394929 42
1738722449058 148.89863073719522 43
1738722449091 185.53138840701965 44
1738722449123 155.1632538141346 45
1738722449155 166.87869901516862 46
1738722449187 141.09886772442547 47
1738722449220 171.42232699292006 48
1738722449252 175.26405003345738 49
1738722449284 147.34475712129887 50
1738722449338 154.2460853571674 51
1738722449373 176.95356204674584 52
1738722449406 155.32626834762587 53
1738722449439 172.8484452377554 54
1738722449472 178.76517560931043 55
1738722449504 169.35005850555714 56
1738722449537 175.93454796479327 57
1738722449569 178.69905763867686 58
1738722449602 190.76251619193104 59
1738722449634 132.78171279617047 60
1738722449667 165.83678846614697 61
1738722449699 192.96206924071814 62
1738722449732 177.81936844334825 63
1738722449764 191.87800734389015 64
1738722449797 167.4594335461337 65
1738722449829 197.3894363424649 66
1738722449861 179.46846918515513 67
1738722449894 173.41996930867498 68
1738722449926 167.76719282122343 69
1738722449958 175.49576098686657 70
1738722449991 158.02133891291425 71
1738722450023 168.3295826345239 72
1738722450056 163.77603746540734 73
1738722450088 161.5456143019181 74
1738722450121 189.87855800221263 75
1738722450154 163.43034383207217 76
1738722450186 184.10608177485483 77
1738722450218 197.78201964240532 78
1738722450251 170.96955693337077 79
1738722450284 178.60507464172963 80
1738722450317 181.15670490234018 81
1738722450349 201.01873688538487 82
1738722450382 178.21816250316817 83
1738722450414 148.21119100391516 84
1738722450446 182.16404328847042 85
1738722450479 136.94385946885504 86
1738722450511 156.50422599760103 87
1738722450543 180.06270043306097 88
1738722450576 151.9866668126169 89
1738722450608 160.948655358017 90
1738722450641 178.354338390696 91
1738722450673 180.6311751371875 92
1738722450705 158.40115135412023 93
1738722450738 172.00266070451292 94
1738722450770 154.64705277903664 95
1738722450803 173.70340128869287 96
1738722450835 156.52965589995705 97
1738722450867 215.58735122075203 98
1738722450900 179.16605855585516 99
1738722450932 188.07585153010774 100
1738722450964 175.00306376657267 101
1738722450996 182.29014900029514 102
1738722451029 181.93113745791592 103
1738722451061 168.82905032935014 104
1738722451094 169.97262491377825 105
1738722451126 182.25661395910592 106
1738722451158 173.09979744345284 107
1738722451190 149.33614815166456 108
1738722451223 159.57933481952608 109
1738722451255 176.33915796597006 110
1738722451287 163.26647820051667 111
1738722451319 168.38846193285892 112
1738722451352 156.62409417594532 113
1738722451384 193.75093008837257 114
1738722451416 178.3241337249816 115
1738722451448 162.62084124325867 116
1738722451480 174.5742575628366 117
1738722451513 172.76367057463122 118
1738722451545 162.64705690154574 119
1738722451577 181.98387607077916 120
1738722451609 167.86383808709292 121
1738722451641 144.0672164036215 122
1738722451673 171.55603240460292 123
1738722451705 179.75388156590375 124
1738722451738 163.05211783827798 125
1738722451770 169.66270495132105 126
1738722451802 153.71752273763457 127
1738722451834 168.06216111116808 128
1738722451866 162.54212345971857 129
1738722451898 168.31556769717213 130
1738722451930 152.8652561897301 131
1738722451962 165.2000059594356 132
1738722451994 167.23123185232646 133
1738722452026 186.23826266415765 134
1738722452058 158.39633462298534 135
1738722452090 170.8193305286592 136
1738722452122 161.20510690778133 137
1738722452155 156.7514113720312 138
1738722452189 168.1326420891131 139
1738722452221 161.3038129431473 140
1738722452254 189.42655548270508 141
1738722452287 157.20536313453505 142
1738722452320 195.08298440508463 143
1738722452353 158.559367464554 144
1738722452386 184.43656488462972 145
1738722452418 172.5915320508005 146
1738722452451 181.71081028317857 147
1738722452483 177.75897165678444 148
1738722452516 165.8590039820015 149
1738722452548 126.913330593991 150
1738722452581 151.2567492098794 151
1738722452613 162.75593472762714 152
1738722452646 215.5920196229028 153
1738722452679 172.87499248322172 154
1738722452711 177.36203379033807 155
1738722452744 180.03030984532893 156
1738722452776 169.2189122408628 157
1738722452809 243.86942754689719 158
1738722452841 174.5861458374604 159
1738722452874 164.69135084267788 160
1738722452906 168.1352062009959 161
1738722452939 213.59081464038198 162
1738722452971 160.6809841528363 163
1738722453004 153.9480945764349 164
1738722453036 167.4532870157295 165
1738722453069 177.5787629810414 166
1738722453101 155.1559738179158 167
1738722453134 195.20969206369372 168
1738722453166 205.76623220143776 169
1738722453199 158.7133566828305 170
1738722453231 164.77935948857947 171
1738722453263 113.67390067140546 172
1738722453296 181.3285267822797 173
1738722453328 156.77194948332948 174
1738722453361 167.9608823007246 175
1738722453393 140.76515918767112 176
1738722453426 179.0538328862995 177
1738722453458 168.28082036590743 178
1738722453491 136.63053151709815 179
1738722453523 135.32353232035678 180
1738722453556 151.73138160370004 181
1738722453588 181.61130058475743 182
1738722453620 154.13337250988994 183
1738722453653 170.0706643693253 184
1738722453685 146.93199565261463 185
1738722453718 177.24381739651778 186
1738722453750 154.6322116063344 187
1738722453782 158.6546748698656 188
1738722453815 141.96621431839614 189
1738722453847 162.30802181857814 190
1738722453880 176.7447245970845 191
1738722453912 178.57072461071692 192
1738722453944 170.74754789722004 193
1738722453977 177.80882692940736 194
1738722454009 187.52700126808412 195
1738722454041 148.2035323821568 196
1738722454073 167.6421992228488 197
1738722454105 162.23707903626791 198
1738722454138 158.26666444239333 199
1738722454170 146.90794931601081 200
1738722454203 215.18386584101782 201
1738722454236 179.0225957269559 202
1738722454269 189.95225036714808 203
1738722454302 164.361657839173 204
1738722454334 149.38278293816228 205
1738722454367 143.89606898098413 206
1738722454399 166.6428735233067 207
