1738726278520 168.4621295760536 0
1738726278524 167.21075105699336 1
1738726278528 167.73696646855868 2
1738726278532 168.01575659882778 3
1738726278536 168.02002842610676 4
1738726278540 168.24685279827756 5
1738726278544 168.22520508628884 6
1738726278548 166.82792202743607 7
1738726278552 170.46221391850034 8
1738726278556 168.74380421818174 9
1738726278560 170.33590441457912 10
1738726278563 170.0160740970587 11
1738726278567 169.37507231124076 12
1738726278571 168.823519348801 13
1738726278574 171.02728213029962 14
