1738724555094 171.51597350227553 0
1738724555097 169.12504761288403 1
1738724555100 166.38238336693576 2
1738724555103 167.25635784758376 3
1738724555107 168.10800248200778 4
1738724555110 168.11860048921528 5
1738724555113 167.9437164883655 6
1738724555116 165.99079883330714 7
1738724555119 168.05309634482052 8
1738724555123 168.5626901948059 9
1738724555126 168.74342645404482 10
1738724555129 167.16099931147215 11
1738724555132 168.111004515802 12
1738724555135 167.66944375770785 13
1738724555138 170.90093696697411 14
1738724555141 169.07158728905662 15
1738724555145 168.40309311981213 16
1738724555148 167.69872523862995 17
1738724555151 169.49935065532947 18
1738724555154 168.54038885264012 19
1738724555157 168.7464673735939 20
1738724555160 167.78227406271228 21
1738724555163 170.8564883828986 22
1738724555166 168.78789633360168 23
1738724555169 165.80633176968962 24
1738724555173 167.80678064701144 25
1738724555176 168.09433017233292 26
1738724555179 168.9033189261088 27
1738724555182 169.25357319995678 28
1738724555185 168.6368201570355 29
1738724555189 166.25100171623814 30
1738724555192 167.92514904141132 31
1738724555195 168.3206830245076 32
1738724555198 169.36774332540455 33
1738724555201 166.587709237774 34
1738724555204 168.78175294502853 35
1738724555207 169.25256400951866 36
1738724555210 163.5494573434986 37
1738724555213 169.5039450389673 38
1738724555217 166.21023694413367 39
1738724555220 167.64129980858343 40
1738724555223 168.43690328805073 41
1738724555226 166.7172749386397 42
1738724555229 168.82536155648916 43
1738724555232 166.49031904130067 44
1738724555235 169.2360698364247 45
1738724555238 171.67502860759356 46
1738724555241 167.56022151402544 47
1738724555244 169.91669670226372 48
1738724555248 166.26010254341415 49
1738724555251 168.34038710574083 50
1738724555254 166.8029275854761 51
1738724555257 170.07927416133012 52
1738724555260 167.03089438816247 53
1738724555263 167.0432405839788 54
1738724555266 168.58086795575912 55
1738724555269 168.15639329654994 56
1738724555272 167.76594444734164 57
1738724555275 170.02349820419852 58
1738724555278 172.4842571603203 59
1738724555281 168.14941472909914 60
1738724555284 167.02508765709217 61
1738724555287 168.69351960460773 62
1738724555290 167.48408684507618 63
1738724555294 168.83595644030032 64
1738724555297 168.81336255889036 65
1738724555300 167.83330902111473 66
1738724555303 169.47026036860004 67
1738724555306 168.1443207714314 68
1738724555309 167.48317012203205 69
1738724555312 166.61791454682313 70
1738724555315 169.25042655448917 71
1738724555318 168.6956698866019 72
1738724555321 168.89146271392758 73
1738724555324 169.0371959844125 74
1738724555327 166.19823412630274 75
1738724555331 167.54311262133487 76
1738724555334 167.6193350571549 77
1738724555337 168.0494253667449 78
1738724555340 167.02221890308869 79
1738724555343 170.404729344846 80
1738724555346 167.6983634315044 81
1738724555349 170.98868650212484 82
1738724555352 168.72864479442487 83
1738724555355 167.46898402704943 84
1738724555358 169.31039776095744 85
1738724555361 168.22784465122498 86
1738724555364 169.53952027877565 87
1738724555367 168.47785040122082 88
1738724555370 171.3622028227422 89
1738724555373 166.9374961662771 90
1738724555376 168.81841744697462 91
1738724555380 167.0283555446302 92
1738724555383 166.4213066798219 93
1738724555386 167.78883210642462 94
1738724555389 168.99364842148822 95
1738724555392 165.79092380418925 96
1738724555395 167.35984869155632 97
1738724555398 168.7881474612985 98
1738724555401 166.5683455591184 99
1738724555404 169.4812079370484 100
1738724555407 168.78508063105645 101
1738724555410 168.94732123463595 102
1738724555413 166.97603323301644 103
1738724555416 167.8038442016205 104
1738724555419 168.2379566411917 105
1738724555423 167.85632319015326 106
1738724555426 169.21872486785023 107
1738724555429 168.60043809772554 108
1738724555432 168.25926190532707 109
1738724555435 168.16329179842683 110
1738724555438 170.07840267510238 111
1738724555441 167.92193558576378 112
1738724555444 166.66657215015522 113
1738724555447 169.34668373895022 114
1738724555451 170.74198838242 115
1738724555454 166.28134077233037 116
1738724555457 168.8235827602583 117
1738724555460 168.74778732440313 118
1738724555463 167.33204806212441 119
1738724555466 168.69194377662222 120
1738724555469 167.72892054882516 121
1738724555472 167.08651635907339 122
1738724555475 167.85364253690682 123
1738724555478 170.74770254008433 124
1738724555481 167.59809693127949 125
1738724555484 166.76662066779397 126
1738724555487 169.59946017329798 127
1738724555490 168.58867970832756 128
1738724555493 169.43587310492356 129
1738724555496 168.3445557108115 130
1738724555499 169.70585184461308 131
1738724555502 169.34846179552764 132
1738724555505 166.4307030352796 133
