1738724991784 173.14334883403828 0
1738724991814 165.76848595269854 1
1738724991844 172.03122387657237 2
1738724991874 167.6003960427468 3
1738724991904 183.28871312367164 4
1738724991935 165.66378069244573 5
1738724991966 164.7730676615607 6
1738724991997 165.73663326123062 7
1738724992027 157.64200506821692 8
1738724992057 167.99423810138387 9
1738724992087 166.20693125617882 10
1738724992117 171.29300777451726 11
1738724992148 135.1882450271939 12
1738724992178 166.54041721162352 13
1738724992208 171.7673889717681 14
1738724992239 180.07265949351398 15
1738724992269 173.75549871904818 16
1738724992299 164.65193997670713 17
1738724992329 165.88253621972618 18
1738724992360 169.1914909588115 19
1738724992390 164.5719822683543 20
1738724992419 184.13340093833995 21
1738724992449 172.23820753194303 22
1738724992479 169.73628357020695 23
