1738724992557 159.24937212911047 0
1738724992610 173.37078240590444 1
1738724992640 171.0292728145986 2
1738724992670 170.34563570043517 3
1738724992700 175.80636700375996 4
1738724992730 163.1500436635946 5
1738724992760 170.70545530893054 6
1738724992789 168.50353254892534 7
1738724992819 183.47164231287707 8
1738724992849 160.27405780999342 9
1738724992879 170.06730668916614 10
1738724992909 170.18240198873232 11
1738724992942 178.87926043277577 12
1738724992972 168.3721049066325 13
1738724993002 155.2316263329788 14
1738724993031 174.91924714888 15
1738724993060 163.72217943369816 16
1738724993090 166.76225966598813 17
1738724993119 172.64683216443655 18
1738724993149 171.7504087210785 19
1738724993178 169.33315426873585 20
1738724993207 149.69464000901414 21
1738724993237 173.67988941092557 22
1738724993266 162.17846806785815 23
1738724993295 177.60649485947064 24
1738724993324 170.1932573400824 25
1738724993354 183.7650501132676 26
1738724993383 162.4947303296872 27
1738724993412 172.06555717808968 28
1738724993441 196.0102334043893 29
1738724993470 173.38634735408317 30
1738724993500 162.33050394955637 31
1738724993530 161.77733148138037 32
1738724993560 169.93264693081125 33
1738724993590 168.67294240454953 34
1738724993648 177.82143913996936 35
1738724993681 170.2496494306175 36
1738724993718 166.38518248003246 37
1738724993762 176.8014965854907 38
1738724993798 177.32825234899352 39
1738724993829 193.72531482916526 40
1738724993862 162.6397958807786 41
1738724993894 180.56929420322217 42
