1738724502324 168.43111726138858 0
1738724502358 188.13913927399415 1
1738724502390 134.74834291188344 2
1738724502423 184.89971044541272 3
1738724502456 173.11347749583663 4
1738724502490 146.35737656338742 5
1738724502524 170.39574951039447 6
1738724502557 189.1395074576844 7
1738724502590 165.69590989561203 8
1738724502622 155.6117163576796 9
1738724502655 185.409452478351 10
1738724502687 197.00873191967295 11
1738724502720 163.00405950047337 12
1738724502752 157.29078196983914 13
1738724502785 153.91636716748312 14
1738724502817 184.23440807516897 15
1738724502849 147.15501893061963 16
1738724502881 164.3819672347682 17
1738724502914 169.38288675842378 18
1738724502946 173.75827504043326 19
1738724502978 169.5331009313838 20
1738724503010 188.67880551366656 21
1738724503042 163.39068087032024 22
1738724503075 175.4154529430485 23
1738724503107 142.37175298340716 24
1738724503139 183.17171677046733 25
1738724503171 171.46579414427143 26
1738724503203 176.14246098929775 27
1738724503235 160.3883270365234 28
1738724503267 153.8494116920772 29
1738724503300 171.63197874764026 30
1738724503332 169.51809236488157 31
1738724503364 175.28298797317638 32
1738724503396 156.7377413972458 33
1738724503428 133.67082750851856 34
1738724503459 169.659637465501 35
1738724503491 138.68582074276233 36
1738724503523 149.3120031379182 37
1738724503555 177.77154796148054 38
1738724503587 176.4362908765221 39
1738724503619 156.2487416275216 40
1738724503651 168.9496384153821 41
1738724503683 194.47287491201016 42
1738724503715 159.92937183768348 43
1738724503747 157.56040983519918 44
1738724503779 161.2407873690757 45
1738724503811 162.06623262293874 46
1738724503843 158.06551320474793 47
1738724503875 164.48104238540805 48
1738724503907 141.43034679199016 49
1738724503939 189.7050539414119 50
1738724503971 178.13661324228883 51
1738724504002 164.74727335391117 52
1738724504034 163.68497609256585 53
1738724504066 146.78815626571762 54
1738724504098 171.88720610549535 55
1738724504130 179.65344094117106 56
1738724504162 163.59782602451307 57
1738724504194 170.2867368866758 58
1738724504225 165.8681689046686 59
1738724504257 167.7652726699502 60
1738724504289 134.19072000695024 61
1738724504321 168.96292915643443 62
1738724504353 151.59753920129467 63
1738724504385 165.94354620976245 64
1738724504416 168.08486470254917 65
1738724504448 165.64303837156993 66
1738724504480 168.3706971117157 67
1738724504512 181.25573352935393 68
1738724504544 174.20192569572507 69
1738724504576 143.9117732276071 70
1738724504608 164.35118295421714 71
1738724504639 161.81321930769641 72
1738724504673 142.93603179665675 73
1738724504707 181.68658312911649 74
1738724504740 141.5573346067564 75
1738724504772 150.7084563632386 76
1738724504805 168.85813475224245 77
1738724504837 201.37966412741656 78
1738724504869 170.53066015128076 79
1738724504901 185.7369794494004 80
1738724504933 177.8767997839189 81
1738724504965 154.0096811830259 82
1738724504997 186.7251592227573 83
1738724505031 145.62247915487123 84
1738724505064 183.45988281396862 85
1738724505096 199.59439463038782 86
1738724505129 183.12595279566276 87
1738724505161 150.22612189439113 88
1738724505193 143.6146618806389 89
1738724505225 155.64733819677346 90
1738724505257 183.6625717970617 91
1738724505289 165.46673762441785 92
1738724505322 157.51405949980693 93
1738724505354 157.18477436997046 94
1738724505386 207.08403462778372 95
1738724505418 179.74927115854075 96
1738724505450 169.93579905300254 97
1738724505482 165.4781210810127 98
1738724505514 168.96744853064922 99
1738724505547 142.9735454099459 100
1738724505579 155.3715127369337 101
1738724505611 171.55012169246805 102
1738724505643 165.6550885050071 103
1738724505675 170.8761248496491 104
1738724505708 187.30406797998793 105
1738724505741 167.34501235140303 106
1738724505774 179.64086832611585 107
1738724505807 165.9511383547842 108
1738724505840 161.5111542955818 109
1738724505873 188.7026763597704 110
1738724505906 170.4074852915419 111
1738724505939 181.796866852697 112
1738724505972 151.44976448581457 113
1738724506004 209.50838892633425 114
1738724506037 170.40781325036073 115
1738724506070 170.70861270493205 116
1738724506102 172.93074920233403 117
1738724506135 166.22096206909222 118
1738724506168 153.745546933569 119
