1738726593973 169.2631086956892 0
1738726593976 169.2614687507553 1
1738726593980 169.25983525049338 2
1738726593983 169.2582081675323 3
1738726593986 169.25658747462194 4
1738726593989 169.25497314463246 5
1738726593993 169.25336515055386 6
1738726593996 169.25176346549554 7
1738726594000 169.2501680626854 8
1738726594004 169.24857891546986 9
1738726594008 169.24699599731275 10
1738726594011 169.24541928179525 11
1738726594023 169.24384874261506 12
1738726594049 169.24228435358597 13
1738726594053 169.24072608863742 14
1738726594062 169.23917392181377 15
1738726594066 169.2376278272741 16
1738726594070 169.2360877792914 17
1738726594073 169.23455375225214 18
1738726594076 169.2330257206558 19
1738726594080 169.23150365911445 20
1738726594084 169.22998754235203 21
1738726594087 169.22847734520397 22
1738726594091 169.22697304261666 23
1738726594094 169.22547460964705 24
1738726594098 169.22398202146195 25
1738726594101 169.22249525333777 26
1738726594105 169.2210142806598 27
1738726594108 169.21953907892194 28
1738726594112 169.218069623726 29
1738726594115 169.21660589078127 30
1738726594119 169.21514785590423 31
1738726594122 169.21369549501787 32
1738726594126 169.21224878415123 33
1738726594129 169.21080769943893 34
1738726594133 169.2093722171207 35
1738726594136 169.207942313541 36
1738726594141 169.20651796514844 37
1738726594144 169.2050991484953 38
1738726594148 169.20368584023714 39
1738726594151 169.2022780171324 40
1738726594155 169.2008756560416 41
1738726594158 169.19947873392735 42
1738726594162 169.19808722785353 43
1738726594165 169.196701114985 44
1738726594169 169.19532037258716 45
1738726594172 169.19394497802534 46
1738726594175 169.19257490876453 47
1738726594178 169.1912101423689 48
1738726594181 169.18985065650128 49
1738726594184 169.1884964289226 50
1738726594187 169.18714743749192 51
1738726594190 169.18580366016533 52
1738726594193 169.18446507499613 53
1738726594196 169.18313166013388 54
1738726594199 169.1818033938244 55
1738726594202 169.18048025440902 56
1738726594206 169.1791622203243 57
1738726594209 169.17784927010158 58
1738726594212 169.17654138236654 59
1738726594215 169.17523853583882 60
1738726594218 169.17394070933153 61
1738726594221 169.17264788175075 62
1738726594224 169.17136003209546 63
1738726594227 169.1700771394567 64
1738726594230 169.16879918301734 65
1738726594233 169.16752614205186 66
1738726594236 169.16625799592546 67
1738726594239 169.16499472409416 68
1738726594243 169.1637363061041 69
1738726594246 169.16248272159118 70
1738726594249 169.16123395028077 71
1738726594252 169.15998997198713 72
1738726594255 169.15875076661308 73
1738726594259 169.15751631414977 74
1738726594262 169.156286594676 75
1738726594266 169.15506158835797 76
1738726594269 169.15384127544903 77
1738726594272 169.15262563628892 78
