1738722740754 113.99107131512463 0
1738722740785 137.12753219834818 1
1738722740816 162.56217335183524 2
1738722740847 142.4679211047397 3
1738722740879 114.47356968394215 4
1738722740910 168.90228408184177 5
1738722740942 240.21539941249728 6
1738722740974 215.80225422377208 7
1738722741006 248.7808631895782 8
1738722741037 262.47258142499027 9
1738722741069 118.24515269522848 10
1738722741101 220.58653414036897 11
1738722741132 196.61741537135285 12
1738722741163 282.5621667905419 13
1738722741195 205.2771591771511 14
1738722741226 202.4936264849865 15
1738722741257 177.85370609689468 16
1738722741289 174.2815802965786 17
1738722741320 176.00658657672417 18
1738722741351 199.28791775801204 19
1738722741382 136.13796947712476 20
1738722741414 252.77987063218063 21
1738722741445 204.56478582190266 22
1738722741476 188.50377972536054 23
1738722741507 163.76482421895778 24
1738722741539 272.25740824443 25
1738722741570 193.43383022946045 26
1738722741601 274.0092464380574 27
1738722741632 137.0536739674299 28
1738722741663 228.03223980744926 29
1738722741695 161.43276097815084 30
1738722741729 155.51004398226556 31
1738722741761 184.97379205967127 32
1738722741794 174.65133875864038 33
1738722741826 184.87572873506883 34
1738722741858 180.28974273634557 35
1738722741890 389.9808774198962 36
1738722741922 165.46679834282483 37
1738722741954 122.61145462173616 38
1738722741986 159.60989345129093 39
1738722742019 2.947848179811091 40
1738722742050 258.6573140298009 41
1738722742082 161.71923461102597 42
1738722742114 167.32254744490663 43
1738722742146 172.45812059462367 44
1738722742178 123.84272310244408 45
1738722742210 158.24275267336435 46
1738722742242 163.82435212775465 47
1738722742274 123.27223574312596 48
1738722742313 164.5606902230344 49
1738722742346 280.6403448140913 50
1738722742378 141.59456243204463 51
1738722742410 208.57499351568646 52
1738722742443 305.58629132478785 53
1738722742474 237.77009070874792 54
1738722742506 201.7063461594418 55
1738722742538 135.57272071147327 56
1738722742570 194.37248213430047 57
1738722742602 243.8212554955836 58
1738722742634 163.31162078858648 59
1738722742666 189.96924436672163 60
1738722742698 237.04157245147442 61
1738722742729 211.70560205257186 62
1738722742762 207.22745409881907 63
1738722742794 188.8995470605725 64
1738722742826 142.5668891190317 65
1738722742858 184.3928132064839 66
1738722742891 196.03755006142416 67
1738722742923 369.1539898915691 68
1738722742954 127.23079990766009 69
1738722742986 184.93376393556508 70
1738722743019 141.50612879604276 71
1738722743052 181.11691169630276 72
1738722743084 169.66036559340955 73
1738722743116 135.94032651711848 74
1738722743148 169.1715421439426 75
1738722743181 94.41874202840506 76
1738722743213 75.87769671964226 77
1738722743245 188.0256155414372 78
1738722743277 215.3488258595492 79
1738722743309 221.06552469247902 80
1738722743340 210.67117475331864 81
1738722743372 220.3518942260612 82
1738722743404 239.77467186444107 83
1738722743436 179.2462902694323 84
1738722743468 146.03422351771164 85
1738722743499 172.548133597513 86
1738722743531 183.71175243888155 87
1738722743563 115.07759669516402 88
1738722743595 186.42101226227553 89
1738722743627 191.05475791409555 90
1738722743659 198.5024804633813 91
1738722743691 110.84540162211569 92
1738722743722 157.92676711426498 93
1738722743754 164.41940915864623 94
1738722743786 321.49730487838224 95
1738722743817 233.8861345766703 96
1738722743849 154.50818880236434 97
1738722743880 178.8026894260123 98
1738722743912 232.9369516204504 99
1738722743944 136.23657021386484 100
1738722743975 172.13225898495867 101
1738722744007 170.37206914728023 102
1738722744038 104.92320535073827 103
1738722744070 217.61663277747738 104
1738722744101 109.92563189316142 105
1738722744133 117.23142671554133 106
1738722744164 177.1292910223364 107
1738722744196 172.88370390138522 108
1738722744227 176.87315476513973 109
1738722744259 160.28498832099328 110
1738722744290 171.61492634067986 111
1738722744321 149.3532440047595 112
1738722744353 154.12115901867688 113
1738722744384 84.36195450336139 114
1738722744415 167.04396193791897 115
1738722744447 275.2128435111603 116
1738722744478 21.99602974448055 117
1738722744510 116.36265219801888 118
1738722744541 55.80052792975951 119
1738722744572 134.77068597898202 120
1738722744604 118.0741251700077 121
1738722744635 140.47783633484963 122
1738722744666 176.39256246868013 123
1738722744697 208.02643747045596 124
1738722744728 217.54730420606035 125
1738722744760 157.54093797358408 126
1738722744791 92.12546405591954 127
1738722744822 206.84762433109756 128
1738722744853 132.01660397824367 129
1738722744884 147.46121538145053 130
1738722744915 150.80980082866617 131
1738722744947 210.96452447657347 132
1738722744978 157.0218008475302 133
1738722745009 160.1913871882248 134
1738722745041 138.0062161448546 135
1738722745073 214.18639242791545 136
1738722745104 267.0617325349377 137
1738722745135 408.0275594565877 138
1738722745166 330.4236228544651 139
1738722745198 131.21600568711705 140
1738722745229 131.27970123972239 141
1738722745260 171.63226730649103 142
1738722745291 163.61855070207216 143
1738722745322 201.41515688309738 144
1738722745354 188.73136317435535 145
1738722745385 22.484283195404213 146
1738722745416 188.3783518674097 147
1738722745447 108.92247922409338 148
1738722745479 155.33150981572473 149
1738722745510 235.31088805226514 150
1738722745543 145.74944926448146 151
1738722745577 145.29216968400206 152
1738722745610 165.30284265599505 153
1738722745644 236.34258199391988 154
1738722745677 192.60382777782846 155
1738722745710 126.99444019742195 156
1738722745743 212.00920145547678 157
1738722745777 296.09419005341556 158
1738722745810 102.37577839609212 159
1738722745842 140.5134543870899 160
1738722745874 242.20562164252757 161
1738722745906 176.01793628690368 162
1738722745940 67.25496331839712 163
1738722745973 154.02504120281256 164
1738722746006 64.79950594720867 165
1738722746039 96.03312363198656 166
1738722746071 213.41624650659952 167
1738722746104 173.39212275251558 168
1738722746137 181.3269582784515 169
1738722746169 185.45262325753768 170
1738722746203 227.92969840044523 171
1738722746236 155.26293657041012 172
1738722746268 205.3554817146808 173
1738722746301 213.50995755484414 174
1738722746334 152.4660615965861 175
1738722746366 123.41905000277845 176
1738722746399 133.2701165544477 177
1738722746431 110.12398768583489 178
1738722746464 195.8928278961278 179
1738722746496 75.26320152061923 180
1738722746529 125.87085012889774 181
1738722746562 290.80871647066346 182
1738722746595 134.1868036179231 183
1738722746628 166.0742507121396 184
1738722746661 181.1366734053095 185
1738722746694 182.3715518540531 186
1738722746726 74.28600572879047 187
1738722746759 124.74966327751365 188
1738722746792 163.50778446106648 189
1738722746826 157.27145571398333 190
1738722746858 131.46651745982552 191
1738722746891 154.20356910222307 192
1738722746924 216.78322102708893 193
1738722746956 145.070979390525 194
1738722746989 128.14839352240074 195
1738722747022 161.2488247940334 196
1738722747054 132.5920508740831 197
1738722747088 181.4226952202281 198
1738722747121 181.44064117927616 199
1738722747153 105.66213910626875 200
1738722747186 233.51269755115646 201
1738722747219 110.57541205211601 202
1738722747251 203.9645181138374 203
1738722747284 162.68548555780723 204
1738722747317 193.1473372002066 205
1738722747350 203.3406354600509 206
1738722747383 150.73940382189357 207
1738722747415 110.74390743812997 208
1738722747449 164.5488865613367 209
1738722747483 152.29253016832743 210
1738722747515 166.0907420554116 211
1738722747549 145.10518509524783 212
1738722747582 89.13364370106008 213
1738722747614 160.7059278447735 214
1738722747647 275.8400042840545 215
1738722747718 132.7390616105253 216
1738722747763 124.3026049636367 217
1738722747796 222.11352474571456 218
1738722747829 130.51506134671075 219
1738722747861 132.64929384953183 220
1738722747894 125.4506461658005 221
1738722747927 267.52802778787714 222
1738722747959 165.0172084325084 223
1738722747992 166.66587681232335 224
1738722748025 39.761855815700095 225
1738722748057 102.82759304788105 226
1738722748090 96.65570068769884 227
1738722748122 113.92576308229913 228
1738722748155 152.56949231401853 229
1738722748187 139.72815828845313 230
1738722748219 303.43219592875704 231
1738722748251 209.9097935523322 232
1738722748283 231.96059831168603 233
1738722748315 207.10301170605507 234
1738722748346 167.49122243492855 235
1738722748378 114.98233178105075 236
1738722748409 145.51250751531782 237
1738722748441 233.92588983502264 238
1738722748473 208.6851038636821 239
1738722748505 220.48278757651602 240
1738722748537 172.4197147834105 241
1738722748569 172.00076384699292 242
1738722748601 125.44825349498504 243
1738722748633 365.30818722624923 244
1738722748665 168.62075216337814 245
1738722748698 138.4480224880137 246
1738722748731 163.27288445585293 247
1738722748762 124.7360256194644 248
1738722748794 191.0066099782663 249
1738722748826 232.527829851382 250
1738722748858 138.63072826329437 251
1738722748889 161.56262705105092 252
1738722748921 208.57355559736465 253
1738722748953 236.3844042718264 254
1738722748985 184.79639772750645 255
1738722749018 179.63660135890757 256
1738722749050 151.80754524633537 257
1738722749082 159.54238141291663 258
1738722749115 196.02642270710163 259
1738722749149 157.9152531738497 260
1738722749181 141.32298299845766 261
1738722749213 187.82379812511013 262
1738722749245 124.45832504718 263
1738722749278 115.15276730940859 264
1738722749310 162.3946418653234 265
1738722749344 306.15956224775033 266
1738722749379 162.54279410219627 267
1738722749412 96.17900082614497 268
1738722749444 106.83246137969972 269
1738722749477 205.20882041533002 270
1738722749510 153.61907361093185 271
1738722749543 204.22173730333583 272
1738722749575 161.06958535862168 273
1738722749607 240.63120815806613 274
1738722749640 122.86154343625927 275
1738722749673 151.61155007476447 276
1738722749706 145.7343461164054 277
1738722749738 198.94459211578953 278
1738722749770 68.56956462642694 279
1738722749803 196.73532096562892 280
1738722749836 178.65783387473053 281
1738722749869 307.62519126358166 282
1738722749902 205.67721416313793 283
1738722749935 280.2864759953301 284
1738722749968 155.70988020175935 285
1738722750001 195.05333686886792 286
1738722750033 264.55103133553575 287
1738722750065 195.90026859293025 288
1738722750097 209.64723384134356 289
1738722750129 163.84279027980548 290
1738722750161 156.18241938858102 291
1738722750194 213.62653815379545 292
1738722750227 163.81655037118352 293
1738722750260 162.00501381922237 294
1738722750293 167.6395828190117 295
1738722750325 57.069470554405655 296
1738722750358 445.6037444678866 297
1738722750391 142.70209678207448 298
1738722750424 161.8933302516065 299
1738722750457 216.64553917326165 300
1738722750489 81.92203958773108 301
1738722750522 170.6598572196566 302
1738722750555 246.60467636743718 303
1738722750588 110.7051265694546 304
1738722750621 125.76838465554313 305
1738722750653 276.04263802090713 306
1738722750685 140.3187216318225 307
1738722750718 199.9398778494159 308
1738722750751 115.21509900800537 309
1738722750784 136.2902842801252 310
1738722750817 91.7213808170257 311
1738722750849 221.67315986065594 312
1738722750881 205.12685345193478 313
1738722750914 181.35385183913863 314
1738722750946 179.45440583284923 315
1738722750978 188.98873290814473 316
1738722751011 269.1993280296942 317
1738722751043 176.61595306532175 318
1738722751075 241.88582905325075 319
1738722751108 190.2985934291839 320
1738722751140 189.59886983507704 321
1738722751173 216.94026001492003 322
1738722751205 200.7527107967762 323
1738722751237 443.39420839629173 324
1738722751269 175.61899681281758 325
1738722751301 191.38849854559066 326
1738722751333 250.2325448043817 327
1738722751365 130.28333021961234 328
1738722751398 155.06693403093917 329
1738722751431 186.79873004852345 330
1738722751464 134.71067172417133 331
1738722751497 88.75726747660902 332
1738722751529 118.9503842658843 333
1738722751562 176.94363540538518 334
1738722751595 222.57596901237102 335
1738722751628 207.32580650835578 336
1738722751660 301.0258987276559 337
1738722751693 97.89859083797134 338
1738722751726 220.00226775378326 339
1738722751759 203.158939499121 340
1738722751791 116.81432471165411 341
1738722751823 216.6488574247152 342
1738722751855 136.6317890163038 343
1738722751887 139.7257106002612 344
1738722751920 158.3101984437454 345
1738722751952 115.21543889372104 346
1738722751984 150.85458778574377 347
1738722752017 166.05383071327466 348
1738722752050 156.83337763049633 349
1738722752083 160.83856827877213 350
1738722752115 162.54536612326447 351
1738722752147 138.56239768096123 352
1738722752179 146.117712777815 353
1738722752212 139.71924031857185 354
1738722752244 135.78988170629225 355
1738722752276 132.94162543200864 356
1738722752309 191.91452300110808 357
1738722752341 75.1797648921626 358
1738722752373 132.58299881028665 359
1738722752405 216.5255112851961 360
1738722752436 170.7277080988253 361
1738722752469 204.38566106102695 362
1738722752501 154.8129456794473 363
1738722752533 146.72900645041705 364
1738722752565 155.1866421328298 365
1738722752598 131.574890093071 366
1738722752631 228.81127243342104 367
1738722752664 194.63103278987947 368
1738722752696 252.4395453251208 369
1738722752728 130.45152219280425 370
1738722752760 199.14166206153328 371
1738722752793 181.1241889358161 372
1738722752826 198.96551109557632 373
1738722752859 204.04030632242748 374
1738722752892 233.618200163263 375
1738722752925 188.80774078743448 376
1738722752957 199.88788937290704 377
1738722752990 164.4052420682389 378
1738722753023 239.3479716213879 379
1738722753056 199.7584850432157 380
1738722753089 172.96222961725513 381
1738722753122 180.90476516125057 382
1738722753155 99.02733465350649 383
1738722753188 98.1388053878283 384
1738722753220 194.0040205914431 385
1738722753252 170.99065769100315 386
1738722753285 100.09050489032369 387
1738722753317 172.21550009924172 388
1738722753350 137.97757619621478 389
1738722753382 179.484879141169 390
1738722753415 143.87467826044892 391
1738722753447 215.6170042314746 392
1738722753480 224.92087021662482 393
1738722753513 182.8306586113799 394
1738722753546 232.71552612804294 395
1738722753578 116.60656068552686 396
1738722753610 191.57997325615824 397
1738722753643 184.72044110889368 398
1738722753675 233.80806814094376 399
1738722753707 149.49860836488438 400
1738722753740 139.13840321230285 401
1738722753772 152.85185548167442 402
1738722753804 163.03504038373887 403
1738722753836 144.72675103734056 404
1738722753868 193.262501151797 405
1738722753901 201.81450676648396 406
1738722753933 139.05242111369287 407
1738722753966 186.20416906522644 408
1738722753997 201.9173888954305 409
1738722754029 287.9423716256244 410
1738722754061 196.59899870460242 411
1738722754093 170.6708721058263 412
1738722754125 192.31820095529 413
1738722754158 175.47416808525122 414
1738722754190 176.26598405034858 415
1738722754223 124.12941861960333 416
1738722754256 190.0751056921968 417
1738722754287 175.33731479848484 418
1738722754320 66.14497044640952 419
1738722754353 146.0007813153732 420
1738722754385 166.34350824037864 421
1738722754418 199.93961051318786 422
1738722754450 117.49327535525305 423
1738722754482 144.8802772624504 424
1738722754515 164.2311577721322 425
1738722754547 132.7337399736606 426
1738722754579 179.8471581218855 427
1738722754611 121.13614759017199 428
1738722754643 193.94746702208843 429
1738722754676 130.46620652608595 430
1738722754709 171.81469825619186 431
1738722754742 233.3704255446155 432
1738722754774 205.625109772408 433
1738722754806 170.1991326190122 434
1738722754838 134.6770040037901 435
1738722754870 228.16264994305374 436
1738722754903 220.1761995998675 437
1738722754935 144.32123380114365 438
1738722754968 131.29106618306787 439
1738722755001 251.32459379678608 440
1738722755034 226.18026035995925 441
1738722755066 156.82586541527547 442
1738722755099 160.28563865626512 443
1738722755132 109.23014450300914 444
1738722755164 154.96174127908571 445
1738722755196 325.88892703679204 446
1738722755228 146.36244131195784 447
1738722755261 296.88836621482847 448
1738722755293 123.07223508365715 449
1738722755326 204.61072591812857 450
1738722755359 130.89655196070396 451
1738722755392 159.89140414528657 452
1738722755424 143.56051220385385 453
1738722755457 166.8019132072814 454
1738722755489 151.77826844974865 455
1738722755522 191.95711439723522 456
1738722755557 188.94414164441238 457
1738722755590 165.97911467767142 458
1738722755623 140.22616339585966 459
1738722755656 150.9975514867689 460
1738722755689 216.24318594672 461
1738722755721 145.45918042512594 462
1738722755755 210.7478653130662 463
1738722755788 164.56115711268725 464
1738722755821 123.77767274822119 465
1738722755854 163.31130711650619 466
1738722755888 77.80863397361205 467
1738722755921 207.8340834025958 468
1738722755953 157.80514896447534 469
1738722755985 121.45684106973144 470
1738722756018 181.75866847070833 471
1738722756050 80.62366565177113 472
1738722756083 340.0099899426284 473
1738722756115 120.82020968793209 474
1738722756148 174.04527720892187 475
1738722756181 166.93644549817995 476
1738722756213 182.76179016241596 477
1738722756246 142.84561091810707 478
1738722756279 165.16432150154571 479
1738722756314 139.09731902541077 480
1738722756347 216.7452317404131 481
1738722756379 124.6716447072811 482
1738722756412 181.66502416337704 483
1738722756444 253.18879294233045 484
1738722756478 180.977144609395 485
1738722756511 196.14226107028384 486
1738722756544 169.40202604375494 487
1738722756577 201.86097519240383 488
1738722756609 144.9304098564887 489
1738722756642 168.52551291916848 490
1738722756674 91.63110701185576 491
1738722756707 60.918092003635415 492
1738722756739 193.96946674295208 493
1738722756772 157.80632670534905 494
1738722756804 157.18147897623427 495
1738722756836 211.1900697457732 496
1738722756869 131.34323204495746 497
1738722756902 191.63534639960326 498
1738722756935 347.1298093309852 499
