1738722243663 115.16877642166618 0
1738722243697 82.177857285362 1
1738722243730 210.51339201285526 2
1738722243763 180.475813398357 3
1738722243797 204.73866331963072 4
1738722243831 201.1312672673723 5
1738722243866 150.72995942497118 6
1738722243900 95.63372959062372 7
1738722243935 170.3326764062574 8
1738722243969 196.61545987685383 9
1738722244004 224.4931577954792 10
1738722244039 111.25406216797144 11
1738722244074 125.01137124656903 12
1738722244109 113.5981729824448 13
1738722244144 250.44402689675567 14
1738722244178 296.4758662399703 15
1738722244212 145.06592476474583 16
1738722244245 142.9118320738164 17
1738722244279 161.43994875055319 18
1738722244312 265.35157160328674 19
1738722244348 170.71683581617998 20
1738722244382 157.5168937953001 21
1738722244416 222.85257095039017 22
1738722244451 178.86105723794336 23
1738722244485 139.22591680447104 24
1738722244519 139.01270779167487 25
1738722244553 165.69371993914032 26
1738722244587 170.23909338953888 27
1738722244623 165.66448910736446 28
1738722244659 197.84738138995937 29
1738722244692 120.5162808255072 30
1738722244725 194.02373649854397 31
1738722244759 111.41757168900632 32
1738722244794 216.86758946949163 33
1738722244828 189.63046485033755 34
1738722244863 167.5022961674475 35
1738722244897 165.94921865905212 36
1738722244932 204.92709376126288 37
1738722244967 139.41874072580143 38
1738722245001 177.5910200098631 39
1738722245036 148.85068924814396 40
1738722245069 161.50341169808758 41
1738722245103 127.00354086170609 42
1738722245136 224.06973767164254 43
1738722245169 216.1811187958781 44
1738722245202 196.67953929330213 45
1738722245235 572.2958517497276 46
1738722245270 121.72967871516175 47
1738722245303 192.25816539594453 48
1738722245337 158.75795398433652 49
1738722245370 240.58765685867112 50
1738722245404 160.9447750690145 51
1738722245438 160.40485271200237 52
1738722245473 186.82002260209802 53
1738722245507 222.42072858602376 54
1738722245541 88.64033694826252 55
1738722245576 169.427459404143 56
1738722245610 261.8175912046548 57
1738722245644 413.43317855869924 58
1738722245678 117.15640251665398 59
1738722245712 148.99074177499506 60
1738722245745 127.26133842638707 61
1738722245778 184.04234318483336 62
1738722245811 211.82689161799146 63
1738722245844 123.39242157808617 64
1738722245877 160.2769101514401 65
1738722245910 216.39225149801257 66
1738722245943 175.96944701812959 67
1738722245976 138.12255846513887 68
1738722246009 219.58960033091282 69
1738722246042 133.2189743405487 70
1738722246075 120.92974204289632 71
1738722246107 293.7718406894748 72
1738722246141 189.3633641405136 73
1738722246175 68.26610604948047 74
1738722246209 178.30090576692552 75
1738722246244 183.22545514598804 76
1738722246279 247.7621300236947 77
1738722246313 251.16030903512004 78
1738722246348 67.83387138402118 79
1738722246383 369.5341101112649 80
1738722246417 155.88580916265386 81
1738722246452 28.574818127398167 82
1738722246486 132.23490477019425 83
1738722246520 227.38742652205548 84
1738722246553 177.8070315319736 85
1738722246585 81.16987361202136 86
1738722246618 176.12754378570355 87
1738722246651 162.33974563570231 88
1738722246683 158.94828595460191 89
1738722246716 224.34970242828413 90
1738722246748 207.71122167994483 91
1738722246781 246.05663342926593 92
1738722246813 310.0442178176788 93
1738722246846 241.100562118615 94
1738722246878 157.3240158523901 95
1738722246910 68.55232905781052 96
1738722246942 260.0420700181784 97
1738722246975 155.69162838644058 98
1738722247007 117.80701366046206 99
1738722247040 243.6165018444875 100
1738722247075 125.27098916581825 101
1738722247108 230.78302355252575 102
1738722247142 195.16239156974493 103
1738722247176 184.83613000358304 104
1738722247209 167.96921431947638 105
1738722247242 162.08836376656663 106
1738722247276 102.12686193395515 107
1738722247310 294.8669962081112 108
1738722247344 137.98944316149192 109
1738722247378 190.41404078311103 110
1738722247412 94.31327811828157 111
1738722247446 132.30792152464068 112
1738722247479 167.7678988061335 113
1738722247512 182.47469840119356 114
1738722247545 94.95786161096345 115
1738722247577 108.45403590076464 116
1738722247610 151.3581503019775 117
1738722247642 170.83628088693598 118
1738722247675 175.64423127607887 119
1738722247707 191.72544754102395 120
1738722247740 84.7982476280485 121
1738722247772 108.80132747941573 122
1738722247806 137.6631597819798 123
1738722247840 170.79792268775742 124
1738722247873 202.042960959742 125
1738722247905 114.40586926377821 126
1738722247938 163.99827657849912 127
1738722247972 207.18965339865608 128
1738722248005 241.83553651450362 129
1738722248039 173.36253538279817 130
1738722248073 103.83684291507832 131
1738722248106 228.71030935953306 132
1738722248139 146.662024692127 133
1738722248173 136.3724356653302 134
1738722248207 167.13635612891568 135
1738722248240 223.53870115559596 136
1738722248274 153.23903124880817 137
1738722248308 119.07851959289438 138
1738722248341 128.69861722155702 139
1738722248375 129.26856601739715 140
1738722248408 193.78117160086566 141
1738722248441 227.60658440621583 142
1738722248474 165.4332569944941 143
1738722248507 255.90360576967964 144
1738722248541 27.509316765210045 145
1738722248574 155.14903580920048 146
1738722248607 94.93874031986091 147
1738722248639 196.36731996308689 148
1738722248672 208.21694826215185 149
1738722248705 131.91584810288333 150
1738722248737 146.46115494682377 151
1738722248770 175.6334247576368 152
1738722248803 171.93464869870255 153
1738722248835 210.69622900036327 154
1738722248868 152.69264579565947 155
1738722248900 202.61471526697372 156
1738722248932 153.2720795120842 157
1738722248965 113.81637751959205 158
1738722248997 98.63630135966478 159
1738722249029 166.19296901949386 160
1738722249062 170.40597444310043 161
1738722249095 120.97671868226308 162
1738722249129 198.60804486451926 163
1738722249163 160.51035972607508 164
1738722249197 185.34855367618528 165
1738722249230 147.42283042395195 166
1738722249263 172.41316175638744 167
1738722249296 199.42536497662473 168
1738722249330 150.24086434084035 169
1738722249363 143.52753679916452 170
1738722249396 192.22433766788646 171
1738722249429 247.4443356538383 172
1738722249462 160.43155282222824 173
1738722249496 361.82926543569033 174
1738722249529 180.85076585587774 175
1738722249562 166.5447100092289 176
1738722249595 113.30288348715854 177
1738722249628 137.5588177455054 178
1738722249661 117.35947398779183 179
1738722249694 104.02472141446196 180
1738722249726 249.94275436124127 181
1738722249760 210.5741511888543 182
1738722249793 128.69026240787804 183
1738722249826 222.398322801379 184
1738722249860 149.84914213249465 185
1738722249893 137.76708185368634 186
1738722249926 191.04264653756942 187
1738722249959 127.43035309986121 188
1738722249993 114.92583858321757 189
1738722250026 92.49612422082578 190
1738722250059 120.33983069775914 191
1738722250093 227.99522136537578 192
1738722250126 266.7049295049724 193
1738722250159 171.1420500626469 194
1738722250191 169.94191824339748 195
1738722250224 146.64200932110697 196
1738722250258 140.58570600512607 197
1738722250290 114.54465367247914 198
1738722250323 128.73552663097834 199
1738722250356 123.28537440337725 200
1738722250390 146.7936918104567 201
1738722250425 185.6804330296524 202
1738722250459 193.06809488953584 203
1738722250494 163.68641197232168 204
1738722250528 154.0159612291483 205
1738722250563 192.8550892116823 206
1738722250597 232.95570845725445 207
1738722250631 148.1801593197773 208
1738722250666 170.0771115524163 209
1738722250700 252.7151271761521 210
1738722250734 187.9855250565315 211
1738722250769 136.5945407946528 212
1738722250804 80.28660115382547 213
1738722250839 196.72876356763783 214
1738722250875 57.978447600800685 215
1738722250909 163.05922016867692 216
1738722250944 189.82137240228056 217
1738722250978 237.90587759943955 218
1738722251012 255.21853924001357 219
1738722251046 149.71120379231667 220
1738722251080 130.37769502771337 221
1738722251113 160.79559116040457 222
1738722251147 92.04560553550944 223
1738722251180 113.56447480660854 224
1738722251213 162.50927654798605 225
1738722251246 181.38177614429054 226
1738722251279 339.33451624078475 227
1738722251313 138.9278980427779 228
1738722251347 230.2602512979186 229
1738722251381 284.9008352403332 230
1738722251415 174.27184488512125 231
1738722251450 82.02458185977837 232
1738722251484 248.3532484767255 233
1738722251517 296.6475618011028 234
1738722251550 152.58675805689384 235
1738722251583 106.64845115053144 236
1738722251616 331.7495585828465 237
1738722251650 315.9765030672444 238
1738722251683 211.92294869091864 239
1738722251716 195.84248203518106 240
1738722251749 123.46107670934899 241
1738722251783 167.14797127779576 242
1738722251839 195.60633694826683 243
1738722251877 303.63022692608035 244
1738722251912 189.49796089740823 245
1738722251946 174.66223171476477 246
1738722251981 164.32983203410225 247
1738722252014 179.06817471714592 248
1738722252047 208.9414010363797 249
1738722252081 158.6831420922258 250
1738722252114 267.601178267044 251
1738722252147 244.6663378227842 252
1738722252180 117.37011153986708 253
1738722252213 209.24742402655272 254
1738722252246 153.79773247313457 255
1738722252279 219.20949762018728 256
1738722252313 133.07144719985223 257
1738722252347 229.24145416576744 258
1738722252382 207.48239296659793 259
1738722252416 124.80015075827795 260
1738722252451 134.33646199987803 261
1738722252485 109.3712701750839 262
1738722252520 171.64775875623192 263
1738722252555 202.86543306303147 264
1738722252589 174.57836759129938 265
1738722252624 246.90902339999545 266
1738722252659 195.09834929001696 267
1738722252693 178.83745501856117 268
1738722252728 110.83312208080763 269
1738722252762 174.11096853748276 270
1738722252797 97.58193714008304 271
1738722252832 226.45588645905045 272
1738722252867 183.52465616783596 273
1738722252900 577.2355137649693 274
1738722252934 231.57451551175268 275
1738722252969 188.42263442723106 276
1738722253003 170.71727697754787 277
1738722253038 269.81921447571574 278
1738722253073 157.5846195767337 279
1738722253107 163.6866441150061 280
1738722253143 250.4929578611866 281
1738722253177 170.6448286765332 282
1738722253212 175.96590244195497 283
1738722253247 285.0725212109089 284
1738722253282 168.62044205946142 285
1738722253316 185.76205425597718 286
1738722253351 212.83334362994424 287
1738722253386 171.9136032162879 288
1738722253421 101.22984836809312 289
1738722253456 143.3960334881587 290
1738722253491 92.48838905705591 291
1738722253525 183.3455292644002 292
1738722253559 26.28316335394663 293
1738722253593 207.39251783016766 294
1738722253626 250.04316243618703 295
1738722253660 143.90515292561687 296
1738722253693 189.48087150886403 297
1738722253727 194.56686803855146 298
1738722253761 202.80033006443475 299
1738722253794 182.70309925579483 300
1738722253828 335.4973864205625 301
1738722253861 135.07850144959244 302
1738722253894 132.676963763067 303
1738722253928 116.97166126927085 304
1738722253961 230.819414596206 305
1738722253994 244.3805857848733 306
1738722254028 115.04599373007225 307
1738722254061 163.02824960058896 308
1738722254094 186.92006112497083 309
1738722254129 210.63691174604034 310
1738722254162 231.09494141406947 311
1738722254195 186.70728026975846 312
1738722254228 225.57017896755244 313
1738722254261 244.58610149580542 314
1738722254294 176.63318071628774 315
1738722254327 136.1160944254411 316
1738722254361 242.13898678187996 317
1738722254396 100.58103501830995 318
1738722254430 605.042811802407 319
1738722254463 76.1934146568463 320
1738722254497 106.5767955564102 321
1738722254531 122.29057350416282 322
1738722254566 213.00120523295655 323
1738722254601 90.76923214554964 324
1738722254635 164.991500674389 325
1738722254670 173.82364654184164 326
1738722254704 261.3950798094812 327
1738722254759 86.58632000451524 328
1738722254797 227.66374739164476 329
1738722254831 110.34052497165617 330
1738722254865 199.80678309354033 331
1738722254898 164.0655920743647 332
1738722254931 154.05991726280087 333
1738722254963 283.05198677652777 334
1738722254996 139.6990272135138 335
1738722255029 214.64739069296806 336
1738722255062 149.0189969404285 337
1738722255094 178.3812080944168 338
1738722255127 189.700557186265 339
1738722255161 112.20741103193167 340
1738722255195 65.39340719650447 341
1738722255228 240.8891505288898 342
1738722255262 115.43699517405084 343
1738722255296 156.90174009121222 344
1738722255330 196.14325691999036 345
1738722255365 216.38487685947246 346
1738722255399 167.43131206367514 347
1738722255434 163.86827765520798 348
1738722255468 124.73329948104573 349
1738722255504 237.83503123875596 350
1738722255539 147.02459026036502 351
1738722255573 269.5703179459867 352
1738722255606 91.29989917322708 353
1738722255640 153.9721179427272 354
1738722255674 192.19899170378832 355
1738722255708 187.2422628427872 356
1738722255743 116.74706423273999 357
1738722255777 146.63322036428642 358
1738722255811 228.54614788841354 359
1738722255845 180.2732691320487 360
1738722255878 115.43050521925454 361
1738722255911 204.38659483502082 362
1738722255945 138.53332997214565 363
1738722255978 197.84259981126812 364
1738722256010 232.1514506283377 365
1738722256043 161.82063289012277 366
1738722256076 163.27958404041976 367
1738722256109 169.37751642611556 368
1738722256142 133.51907533185926 369
1738722256175 199.96475197740733 370
1738722256207 184.27273871301338 371
1738722256240 168.3044397578975 372
1738722256273 177.06897679842464 373
1738722256306 199.7763475114902 374
1738722256339 226.30552775064996 375
1738722256373 105.43644185426719 376
1738722256407 145.60310008009208 377
1738722256442 85.43725618339053 378
1738722256476 208.15685618106156 379
1738722256510 150.65744476705115 380
1738722256545 130.5238978552624 381
1738722256579 174.56433555836543 382
1738722256614 152.35163835557586 383
1738722256649 165.4343225444106 384
1738722256684 187.40287944477106 385
1738722256719 206.1474712546648 386
1738722256753 198.26086256173468 387
1738722256787 145.89635313637444 388
1738722256821 214.79191271158516 389
1738722256855 225.8201512920303 390
1738722256890 100.1018457314588 391
1738722256925 218.0449933316413 392
1738722256960 264.11389884097645 393
1738722256994 202.38846889111394 394
1738722257029 170.4750027753571 395
1738722257064 137.54373552160405 396
1738722257099 187.78453598406676 397
1738722257134 183.03882217534243 398
1738722257169 183.78702039182156 399
1738722257205 156.43348436375916 400
1738722257240 150.8410024460014 401
1738722257275 179.5716711548822 402
1738722257332 196.46478255310905 403
1738722257375 175.95052128265982 404
1738722257410 92.67587683060864 405
1738722257445 128.59446139752944 406
1738722257479 147.39483085960185 407
1738722257514 292.0475044134061 408
1738722257550 148.6804732024415 409
1738722257586 475.5409410820728 410
1738722257621 233.94709234468266 411
1738722257656 184.18660692302194 412
1738722257691 178.71529142357352 413
1738722257726 201.26890402598352 414
1738722257761 165.7415889744105 415
1738722257795 167.45881711068012 416
1738722257829 151.06273240079327 417
1738722257864 90.77102790880964 418
1738722257899 197.7268709363343 419
1738722257934 154.7102060873449 420
1738722257968 147.08354227707974 421
1738722258002 191.71951559597744 422
1738722258036 236.73915712429405 423
1738722258069 162.78625111776887 424
1738722258102 99.25373308100609 425
1738722258137 129.9945258176896 426
1738722258171 70.80137619331728 427
1738722258205 131.58918396163972 428
1738722258240 159.7942852840827 429
1738722258275 169.36923810753456 430
1738722258309 178.8293042161681 431
1738722258344 453.52603490896064 432
1738722258378 92.66694875804136 433
1738722258412 208.17249003440676 434
1738722258447 173.45731881380388 435
1738722258483 149.79755344197676 436
1738722258517 115.98570715708328 437
1738722258551 85.14837831260006 438
1738722258588 179.98031982207405 439
1738722258623 160.78802408801232 440
1738722258661 126.24313662995014 441
1738722258699 161.11489055424605 442
1738722258741 108.5556834575746 443
1738722258777 291.7323385665764 444
1738722258812 158.171380026204 445
1738722258848 203.26222817924375 446
1738722258884 126.45010395679107 447
1738722258920 184.24440343139412 448
1738722258956 155.4005040607302 449
1738722258990 270.66796462745214 450
1738722259026 230.2016748761231 451
1738722259060 202.71435094250813 452
1738722259094 160.41864603634414 453
1738722259128 120.47150188225706 454
1738722259163 183.24990617310146 455
1738722259197 166.8096964065349 456
1738722259232 167.23203633625815 457
1738722259267 197.96622459653676 458
1738722259302 201.9180115991479 459
1738722259335 133.3604915697042 460
1738722259369 68.30023446128838 461
1738722259402 238.49812943609896 462
1738722259436 122.55557782176312 463
1738722259469 125.644631101407 464
1738722259504 197.1176658147595 465
1738722259538 117.29948973045005 466
1738722259572 97.14516361247854 467
1738722259608 99.10305505183632 468
1738722259642 171.35930951359597 469
1738722259677 208.85152170798878 470
1738722259711 236.71188125927384 471
1738722259745 73.53050618131701 472
1738722259779 162.1792654158007 473
1738722259812 194.84726360995103 474
1738722259845 222.760531344226 475
1738722259878 116.48453832053995 476
1738722259912 106.82427463737417 477
1738722259945 241.92744055490206 478
1738722259978 250.99327403959614 479
1738722260011 202.04764787694072 480
1738722260045 187.8060517768831 481
1738722260078 163.7620020737296 482
1738722260111 173.57559382781167 483
1738722260144 230.02415768721346 484
1738722260177 162.47942639591597 485
1738722260209 100.86959923601628 486
1738722260242 99.63873781201912 487
1738722260275 279.3691773306551 488
1738722260308 150.32918459964273 489
1738722260342 119.67274355446726 490
1738722260375 143.42154034928058 491
1738722260408 216.09144960657858 492
1738722260440 200.95119658003173 493
1738722260473 115.55877690074149 494
1738722260506 157.3155659980721 495
1738722260543 129.88835074793028 496
1738722260576 73.85291458036858 497
1738722260609 173.16522766709542 498
1738722260642 259.6780915139169 499
