1738721997430 167.1623507808263 0
1738721997432 165.45625265389444 1
1738721997434 169.43053389158288 2
1738721997436 169.05593859728808 3
1738721997437 168.90030839191658 4
1738721997439 170.0937281294963 5
1738721997441 168.88969832658665 6
1738721997442 169.39882115922993 7
1738721997444 168.39099389987325 8
1738721997445 169.79493830851848 9
1738721997447 169.6736619816636 10
1738721997449 168.30902201772773 11
1738721997451 170.14458816172083 12
1738721997453 169.64985661598035 13
1738721997454 169.7411657657643 14
1738721997456 169.63095415544197 15
1738721997458 167.08736320282154 16
1738721997460 167.13206344403156 17
1738721997462 172.0180232615409 18
1738721997463 169.9754093485362 19
1738721997466 171.44032062203848 20
1738721997468 167.95950767571694 21
1738721997470 168.83692906447564 22
1738721997471 168.6783360551687 23
1738721997473 167.565200072834 24
1738721997476 169.25470279705274 25
1738721997477 168.57323792700765 26
1738721997479 169.36449940485835 27
1738721997480 169.0972045372583 28
1738721997482 167.9083574214556 29
1738721997484 168.93407991207238 30
1738721997486 166.0551086790126 31
1738721997487 170.847996612757 32
1738721997489 168.25779793790232 33
1738721997491 170.50236014569316 34
1738721997493 168.97700034949722 35
1738721997494 170.12832222518944 36
1738721997496 169.52539933219984 37
1738721997499 167.70437661958508 38
1738721997501 169.57870658460317 39
1738721997502 170.6783418590681 40
1738721997504 171.15233351044262 41
1738721997506 170.30701148156072 42
1738721997508 173.4521952667015 43
1738721997510 169.79490020631403 44
1738721997512 170.19460005152607 45
1738721997514 166.71290272089402 46
1738721997516 171.60347085167228 47
1738721997518 166.67042614348216 48
1738721997520 171.77271690542622 49
1738721997521 168.4458254672363 50
1738721997523 166.15425618599625 51
1738721997525 170.77856758122297 52
1738721997527 167.19153280429006 53
1738721997528 170.54907360520522 54
1738721997530 169.70329407595673 55
1738721997532 169.07809915738704 56
1738721997534 167.28416271047536 57
1738721997536 168.52730176316686 58
1738721997537 168.86038048223242 59
1738721997539 168.081392827829 60
1738721997541 169.0533175510948 61
1738721997543 172.09698436120715 62
1738721997545 167.6129840904372 63
1738721997549 168.2224062538431 64
1738721997551 167.7717254990444 65
1738721997553 169.7505878626004 66
1738721997555 171.56655564348978 67
1738721997557 171.08859773169266 68
1738721997559 168.43398960266194 69
1738721997561 168.99209676538598 70
1738721997563 170.0062065628684 71
1738721997566 169.3820068974113 72
1738721997568 170.76452967388337 73
1738721997569 167.45108536948322 74
1738721997571 170.26998502278173 75
1738721997573 167.39422130768293 76
1738721997575 168.2506704356961 77
1738721997577 170.49903621669955 78
1738721997579 167.9556547525516 79
1738721997582 166.62923567577536 80
1738721997584 170.15105465651934 81
1738721997585 170.34510443103736 82
1738721997587 168.98789356273866 83
1738721997589 169.23971218404716 84
1738721997591 165.6467401168294 85
1738721997593 169.197918998094 86
1738721997594 170.8457878096579 87
1738721997596 169.5648581150326 88
1738721997600 168.0884214982778 89
1738721997602 170.00559593769148 90
1738721997604 167.25218039539894 91
1738721997606 168.2848187353412 92
1738721997608 170.79261354643594 93
1738721997611 166.2458121434001 94
1738721997613 168.90733482096215 95
1738721997614 169.60298495374215 96
1738721997616 166.39315526458344 97
1738721997619 169.75193128329266 98
1738721997620 170.03888247398436 99
1738721997622 169.3942316998963 100
1738721997624 170.3649404511624 101
1738721997626 169.07342538667618 102
1738721997628 169.04837933212553 103
1738721997629 171.33257055401702 104
1738721997631 169.98271910212534 105
1738721997634 167.89840908141062 106
1738721997636 167.3301929110568 107
1738721997638 169.70611924381564 108
1738721997639 168.0210491995477 109
1738721997641 167.83383187694827 110
1738721997643 169.92031561140323 111
1738721997645 170.3020824752247 112
1738721997646 168.00951904426947 113
