1738724438654 174.23428900184703 0
1738724438690 183.16795502315284 1
1738724438726 174.87556788012736 2
1738724438762 181.99381585696355 3
1738724438799 171.57343736195935 4
1738724438838 174.5906095560436 5
1738724438877 169.1077292234317 6
1738724438915 166.15635470432846 7
1738724438952 162.83608625403363 8
1738724438989 166.5057042277127 9
1738724439026 159.47293241381027 10
1738724439063 164.45493407542554 11
1738724439100 180.16400243572028 12
1738724439135 174.5668939836982 13
1738724439171 143.94731005415593 14
1738724439206 164.64206896316213 15
1738724439241 172.53527777106916 16
1738724439277 163.72649375093968 17
1738724439312 159.9523424963452 18
1738724439347 166.5179038604637 19
1738724439383 167.96948173443718 20
1738724439418 169.28493764879974 21
1738724439453 172.8787121341934 22
1738724439489 172.3624850331479 23
1738724439524 165.50090437606116 24
