1738724177074 115.41234880854003 0
1738724177109 156.12140662997638 1
1738724177144 174.39088025561364 2
1738724177179 274.8588534747714 3
1738724177214 172.507577201383 4
1738724177250 137.43233545915533 5
1738724177286 149.39332469326155 6
1738724177321 194.45032554678326 7
1738724177356 177.8347705497328 8
1738724177391 176.69920689581707 9
1738724177426 219.1539671387429 10
1738724177461 190.4276247944188 11
1738724177495 184.03992832865382 12
1738724177530 175.082076329675 13
1738724177565 172.90735913620145 14
1738724177600 144.0517958307363 15
1738724177634 168.54767645593589 16
1738724177669 181.73069891476015 17
1738724177704 185.42423942789196 18
1738724177739 192.3277017782704 19
1738724177773 178.5929301635977 20
1738724177808 166.2893089843648 21
1738724177843 168.193481822295 22
1738724177877 176.96924954412214 23
1738724177912 188.18199080488037 24
1738724177947 185.08368492689712 25
1738724177981 171.00185954909128 26
1738724178016 206.84172303838673 27
1738724178051 178.1415390769953 28
1738724178085 201.79908044619665 29
1738724178120 200.41598358716232 30
1738724178154 131.59153818570763 31
1738724178189 184.13971059617026 32
1738724178223 164.71448578086807 33
1738724178258 182.06403418612973 34
1738724178292 189.8853838686097 35
1738724178327 156.24336735143729 36
1738724178362 158.7845662365385 37
1738724178396 174.90730108333986 38
1738724178431 161.01000572952304 39
1738724178465 180.24498209996574 40
1738724178500 153.44078410555463 41
1738724178537 159.1284469968935 42
1738724178572 157.71551123775674 43
1738724178606 189.04135181915015 44
1738724178641 152.2426418721218 45
1738724178675 195.23495655961452 46
1738724178709 159.13923624600622 47
1738724178744 163.9122104344281 48
1738724178778 201.32994585658187 49
1738724178813 155.01984247839184 50
1738724178848 179.5469091550436 51
1738724178883 181.30303592245068 52
1738724178919 197.21478901749464 53
1738724178954 175.62002619009792 54
1738724178989 172.66247451751562 55
1738724179024 166.79324626138086 56
1738724179059 177.4284065887639 57
1738724179094 183.20840494729174 58
1738724179129 180.44210243890367 59
1738724179164 161.6061449185134 60
1738724179199 169.37930331307152 61
1738724179234 169.11079508118718 62
1738724179269 191.86832273350677 63
1738724179304 175.93520790840833 64
1738724179339 166.4639788833128 65
1738724179374 120.5791646763372 66
1738724179409 195.5155648375127 67
1738724179444 198.38247290420188 68
1738724179479 158.42628009646367 69
1738724179514 139.51672236771424 70
1738724179549 183.9565906173255 71
1738724179584 176.36097595270425 72
1738724179619 154.63144602965414 73
1738724179654 153.20659527217737 74
1738724179689 183.31089385730428 75
1738724179723 150.09254828741706 76
1738724179758 173.34167785528632 77
1738724179793 189.80406045938358 78
1738724179828 166.3564519658437 79
1738724179863 151.49388032472382 80
1738724179898 188.0431843956752 81
1738724179932 184.1644472528591 82
1738724179967 134.50553091155356 83
1738724180002 157.2543358275755 84
1738724180037 163.5270305730831 85
1738724180072 160.99694457605273 86
1738724180107 168.4994991635544 87
1738724180141 145.240437805107 88
1738724180176 153.58547447455223 89
1738724180211 184.26889801257892 90
1738724180246 181.13796556541274 91
1738724180280 174.14920611353108 92
1738724180315 171.59073061318878 93
1738724180350 170.8154048239615 94
1738724180385 189.8456890532765 95
1738724180419 175.2889644850103 96
1738724180454 185.76011065974228 97
1738724180493 193.8821781866866 98
1738724180528 161.74759276258885 99
1738724180562 160.77454937734166 100
1738724180597 164.26948562051518 101
1738724180632 173.4120979228344 102
1738724180667 181.75165994952297 103
1738724180701 178.2445699377591 104
1738724180736 222.44343542847162 105
1738724180771 155.9279640260175 106
1738724180805 177.73670157947225 107
1738724180840 172.39711712279058 108
1738724180875 179.06919973358586 109
1738724180910 146.94969231638353 110
1738724180945 181.43426557884692 111
1738724180980 137.75280468045537 112
1738724181014 177.8196811632447 113
1738724181049 156.0593656591544 114
1738724181084 214.06807383136632 115
1738724181118 182.1015313526781 116
1738724181153 176.45751075534352 117
1738724181187 155.43411525072304 118
1738724181222 161.5600880820163 119
1738724181256 162.30876075641626 120
1738724181291 189.275206845792 121
1738724181327 222.18914956816397 122
1738724181363 169.06883195608802 123
1738724181398 161.68538465966628 124
1738724181434 167.97401726299512 125
1738724181470 165.5637971939415 126
1738724181505 174.11696616561542 127
1738724181541 150.9865845091034 128
1738724181577 168.7270003598973 129
1738724181612 172.7857333106954 130
1738724181648 177.05589580420673 131
1738724181684 190.37946237704227 132
1738724181719 185.55559501758577 133
1738724181755 144.65043257407032 134
1738724181790 174.40254363746908 135
1738724181826 145.41913034372166 136
1738724181863 172.7818823623899 137
1738724181899 178.6355961454443 138
1738724181934 168.86523238232334 139
1738724181969 182.93421055165396 140
1738724182004 191.64740313499888 141
1738724182039 172.66970441427617 142
1738724182074 154.9083549442736 143
1738724182109 146.16257422914668 144
1738724182144 165.22629879692462 145
1738724182179 168.39058743638236 146
1738724182214 211.19947554724462 147
1738724182249 167.15244557589958 148
1738724182284 189.07294402046298 149
1738724182328 186.7744697852303 150
1738724182366 175.647229038463 151
1738724182402 155.86054384940275 152
1738724182439 187.03733432435044 153
1738724182475 164.6098656046981 154
1738724182512 163.59991914938846 155
1738724182549 167.2618970758194 156
1738724182585 189.57355436091217 157
1738724182621 135.3861681848894 158
1738724182657 136.26882693645038 159
1738724182693 164.45714852246832 160
1738724182728 186.85109759188816 161
1738724182764 175.85516850043618 162
1738724182799 188.07153095172782 163
1738724182834 219.35243060954727 164
1738724182869 164.4806717258184 165
1738724182905 218.0294934611918 166
1738724182940 173.95168006333398 167
1738724182976 166.73004408800645 168
1738724183011 188.95626461643366 169
1738724183046 201.64567422974713 170
1738724183082 174.79367154466536 171
1738724183117 167.15337485307072 172
1738724183152 158.08088098060983 173
1738724183187 153.2426422250429 174
1738724183222 157.14073991545516 175
1738724183258 204.83161992680033 176
1738724183293 167.09407818015367 177
1738724183328 162.9862428964292 178
1738724183363 170.2344718281311 179
1738724183398 176.79513629918384 180
1738724183433 187.18147291291143 181
1738724183468 153.34695083706987 182
1738724183503 147.93151951108237 183
1738724183538 148.4816161435992 184
1738724183573 152.26243176424106 185
1738724183608 160.05916520042067 186
1738724183642 151.1402671777114 187
1738724183678 182.6193726466531 188
1738724183714 182.3339809147803 189
1738724183750 174.38159339751257 190
1738724183786 170.19735051223898 191
1738724183821 169.28596732381524 192
1738724183857 203.80805296514458 193
1738724183892 173.48579477087554 194
1738724183928 148.78985788977644 195
1738724183963 169.83905199044213 196
1738724183999 170.15840174344797 197
1738724184034 175.36322543667856 198
1738724184070 151.54533684594193 199
1738724184105 173.71445819757201 200
1738724184141 164.17226620632525 201
1738724184176 157.9892230351481 202
1738724184212 154.8557066515753 203
1738724184247 181.85025421247647 204
1738724184282 160.0342916249412 205
1738724184318 165.97042124664867 206
1738724184353 208.68026132912016 207
1738724184388 193.7425956539239 208
1738724184424 160.02450163092118 209
1738724184459 169.36856221699807 210
1738724184494 170.88427928995554 211
1738724184529 169.4928739189399 212
1738724184565 176.9741208338575 213
1738724184600 169.55600275900898 214
1738724184635 195.23239660375432 215
1738724184670 213.73674216857432 216
1738724184705 178.64266864155888 217
1738724184741 216.90237293765782 218
1738724184776 190.46448138672338 219
1738724184811 184.96668397943435 220
1738724184846 178.3173552143327 221
1738724184881 190.2699983401809 222
1738724184916 154.72909889597312 223
1738724184951 175.6025299042858 224
1738724184986 154.65966735317338 225
1738724185022 168.12599846091874 226
1738724185057 170.9180828456403 227
1738724185093 157.1521833728892 228
1738724185128 206.94932458024292 229
1738724185162 156.77098421765263 230
1738724185197 197.56489164749522 231
1738724185232 161.25235064375087 232
1738724185267 172.36389963300405 233
1738724185302 184.53081843374454 234
1738724185336 155.7503872917391 235
1738724185371 170.4539988043623 236
1738724185406 130.36163260536264 237
1738724185440 176.54039604219852 238
1738724185475 157.47008571479074 239
1738724185509 200.93956351310422 240
1738724185544 185.6553206905091 241
1738724185579 129.60522724473847 242
1738724185614 142.15043563216202 243
1738724185649 166.78503169050563 244
1738724185683 167.9326031407777 245
1738724185723 164.1877232509256 246
1738724185758 182.945063157614 247
1738724185793 163.76908777512259 248
1738724185828 174.4901905105095 249
1738724185863 189.12514505754575 250
1738724185898 160.82509788433623 251
1738724185934 147.02230985329382 252
1738724185969 148.46080822903596 253
1738724186004 165.08063510012894 254
1738724186039 153.90476850724468 255
1738724186074 184.77824702353422 256
1738724186109 153.5639770304127 257
1738724186144 132.86849325648842 258
1738724186179 153.4419979501824 259
1738724186216 204.49126579381883 260
1738724186267 192.18005142676677 261
1738724186303 156.6960819502303 262
1738724186339 154.3042931756302 263
1738724186374 131.30376645757318 264
1738724186409 188.63223245881073 265
1738724186444 166.78534862741822 266
1738724186479 173.87933055261442 267
1738724186514 183.81865300117153 268
1738724186549 162.6217814914751 269
1738724186584 173.2985655471236 270
1738724186620 184.08538675255068 271
1738724186655 153.65067152870432 272
1738724186690 155.69161648112035 273
1738724186725 161.59604180379023 274
1738724186760 168.2140583325365 275
1738724186795 171.79998639511552 276
1738724186830 189.50999865456765 277
1738724186865 188.75723280952442 278
1738724186900 156.5378688300588 279
1738724186935 167.70005759301853 280
1738724186970 188.38065533803427 281
1738724187005 172.0917003751445 282
1738724187040 171.62578984658222 283
1738724187075 167.94459659892252 284
1738724187110 183.30660772218965 285
1738724187145 197.01249636367461 286
1738724187180 171.6504519229469 287
1738724187215 161.85480542622298 288
1738724187250 151.32928787308492 289
1738724187285 181.56012621708052 290
1738724187319 169.9631440456181 291
1738724187354 163.2226649804211 292
1738724187389 160.0825421654362 293
1738724187424 202.72659386463812 294
1738724187459 170.69197773088732 295
1738724187494 181.9551593785236 296
1738724187528 159.53814801507852 297
1738724187563 193.96068822866422 298
1738724187598 214.09211199253744 299
1738724187632 129.4851214228203 300
1738724187667 140.04848903201724 301
1738724187702 171.03249034343438 302
1738724187738 183.4426700016978 303
1738724187774 182.5982967246808 304
1738724187810 178.7458724331981 305
1738724187846 184.73805617506653 306
1738724187882 217.17827327271462 307
1738724187918 176.5358463394072 308
1738724187953 178.7601060866103 309
1738724187989 172.57558034609264 310
1738724188025 171.59723464447072 311
1738724188060 178.37690821536606 312
1738724188096 174.6697631127009 313
1738724188132 172.60076128220365 314
1738724188167 151.42399425687717 315
1738724188203 186.19729190430849 316
1738724188238 159.05794618459527 317
1738724188273 182.86843279080063 318
1738724188308 177.0189909284706 319
1738724188344 189.17840897226614 320
1738724188379 151.7224525093261 321
1738724188414 161.6230217612421 322
1738724188449 183.23749581996387 323
1738724188485 162.88201085723716 324
1738724188520 145.96666020490892 325
1738724188555 170.7122035686178 326
1738724188591 161.32917990364516 327
1738724188626 157.70606067787202 328
1738724188661 169.54677694010206 329
1738724188697 153.22317634042338 330
1738724188732 163.42925529265779 331
1738724188767 170.27799147658973 332
1738724188802 174.35467884394546 333
1738724188837 162.20678992266875 334
1738724188871 180.99022267319208 335
1738724188906 183.11993062547222 336
1738724188941 137.59071364495475 337
1738724188976 184.9932303751515 338
1738724189011 177.40161911770784 339
1738724189046 179.4276783735379 340
1738724189081 146.17454422201362 341
1738724189116 147.66986351510081 342
1738724189151 173.99808322262135 343
1738724189186 182.12985098035654 344
1738724189221 171.3108130012037 345
1738724189256 170.8972757157237 346
1738724189291 154.77690610783364 347
1738724189326 159.3927056896212 348
1738724189361 207.2457093297767 349
1738724189397 182.53050652137657 350
1738724189432 151.4048733553971 351
1738724189467 174.56754533720576 352
1738724189502 161.6775134926835 353
1738724189537 170.16474098915265 354
1738724189572 164.89614483438146 355
1738724189607 164.6259899996718 356
1738724189642 186.07002483746814 357
1738724189676 264.65104760147545 358
1738724189712 178.3571695838254 359
1738724189747 184.72174980316137 360
1738724189782 189.7295227300496 361
1738724189817 183.9848064745856 362
1738724189853 158.31070986099175 363
1738724189888 159.5114980467825 364
1738724189923 164.17747442920788 365
1738724189958 199.29125744571613 366
1738724189993 189.12636638934208 367
1738724190028 234.38735663204366 368
1738724190063 178.83134809321794 369
1738724190097 164.33276348125426 370
1738724190132 167.00762845422588 371
1738724190167 160.41224217342668 372
1738724190202 187.29733107425537 373
1738724190237 166.2122356480185 374
1738724190272 161.03571334738666 375
1738724190307 157.7775909429533 376
1738724190341 183.37219125373787 377
1738724190376 171.60419355418045 378
1738724190411 157.3277823183127 379
1738724190446 167.8216816971167 380
1738724190481 174.4563014586312 381
1738724190516 182.15725539047477 382
1738724190550 196.65907369188508 383
1738724190585 154.8160286623098 384
1738724190620 172.81879307388127 385
1738724190655 191.88562963377433 386
1738724190690 157.39738739222898 387
1738724190724 199.99840245528634 388
1738724190759 186.234411271622 389
1738724190794 186.84500821387346 390
1738724190829 199.4295023768627 391
1738724190864 167.60481644629624 392
1738724190899 164.14436036627583 393
1738724190934 110.01963396193085 394
1738724190968 169.2430380415099 395
1738724191003 191.57863275133604 396
1738724191038 166.0026154581787 397
1738724191073 169.10707270274196 398
1738724191108 166.2411096263517 399
1738724191143 176.3366650083505 400
1738724191178 163.40364531007842 401
1738724191213 159.1001602475373 402
1738724191248 171.56040668761057 403
1738724191283 169.8535788701139 404
1738724191318 190.76375802772648 405
1738724191352 156.04497823826233 406
1738724191387 169.90689346105725 407
1738724191422 179.4188749313578 408
1738724191457 160.95811447669854 409
1738724191492 163.86064836181515 410
1738724191526 188.33813627720218 411
1738724191561 166.24679395743505 412
1738724191596 189.32103900222924 413
1738724191631 131.59666493295623 414
1738724191665 160.96125265308598 415
1738724191700 126.25104048776679 416
1738724191735 204.8448262973342 417
1738724191770 214.3072211584315 418
1738724191804 182.88907953174981 419
1738724191839 145.571120887496 420
1738724191874 172.4756859023099 421
1738724191909 185.17384883743253 422
1738724191944 148.0352155013701 423
1738724191978 182.64797145834865 424
1738724192013 163.8240243648182 425
1738724192048 158.56676064007874 426
1738724192083 153.90205554274976 427
1738724192118 157.0511668153799 428
1738724192152 191.76287192568148 429
1738724192187 145.5626975875799 430
1738724192222 163.98821399292774 431
1738724192256 185.46723914333325 432
1738724192291 209.80860352014412 433
1738724192326 160.59369744799764 434
1738724192361 174.17471574982082 435
1738724192395 146.42034982341622 436
1738724192430 171.4274276869114 437
1738724192465 189.75119340388719 438
1738724192500 167.9589890687868 439
1738724192534 158.33483302129565 440
1738724192569 169.99563759073564 441
1738724192603 178.42932206100602 442
1738724192638 205.85202358931141 443
1738724192672 185.91568670119955 444
1738724192707 198.83745947443813 445
1738724192742 166.49581096718904 446
1738724192776 172.77145476837416 447
1738724192811 168.30845423661088 448
1738724192846 102.5521463883303 449
1738724192880 176.70369337102056 450
1738724192915 193.10717474209176 451
1738724192950 180.3718460108636 452
1738724192984 161.593742483757 453
1738724193019 155.2394494771336 454
1738724193053 169.5313616909955 455
1738724193088 189.4947612590345 456
1738724193123 151.65726447028678 457
1738724193157 192.04761879019625 458
1738724193192 205.5528777358723 459
1738724193227 167.20924275014355 460
1738724193262 247.76617884983978 461
1738724193297 172.67630706369394 462
1738724193331 143.41506950339198 463
1738724193366 160.13974961276784 464
1738724193400 207.75480286014778 465
1738724193435 168.26871546876063 466
1738724193469 176.97942763267804 467
1738724193504 157.5121891951 468
1738724193538 162.91524959036204 469
1738724193573 164.81540172182324 470
1738724193607 151.41820234664075 471
1738724193642 170.00581222727232 472
1738724193676 174.44738239825585 473
1738724193711 178.26399627103905 474
1738724193745 182.9862606228423 475
1738724193780 187.74502454761608 476
1738724193815 163.35424450743645 477
1738724193849 163.516895068628 478
1738724193884 171.28790363316935 479
1738724193918 165.4435436091958 480
1738724193953 170.11027909041124 481
1738724193988 156.4094458363791 482
1738724194022 183.12812134678927 483
1738724194057 156.80323833622762 484
1738724194091 180.7166881019484 485
1738724194126 172.0828788546597 486
1738724194160 168.6542665203603 487
1738724194195 189.2072174101192 488
1738724194230 184.48494819527372 489
1738724194264 141.83108827666223 490
1738724194300 171.05726130598592 491
1738724194337 156.36867901711355 492
1738724194372 154.17351686994513 493
1738724194410 193.48642681945898 494
1738724194446 146.58998906901434 495
1738724194482 166.68237514255412 496
1738724194519 168.73802125046203 497
1738724194555 150.0159865849736 498
1738724194590 215.21442577897557 499
