1738724620612 143.83971492941052 0
1738724620645 172.22055774933935 1
1738724620677 177.31212010203868 2
1738724620709 158.9895233931249 3
1738724620741 172.88928703181165 4
1738724620773 180.2253729448781 5
1738724620806 164.48355104433458 6
1738724620838 207.52255536323446 7
1738724620870 160.853543250126 8
1738724620902 156.69961393310277 9
1738724620934 165.5892083789601 10
1738724620966 171.30228767189308 11
1738724620998 185.80998756296046 12
1738724621030 177.9490100292846 13
1738724621062 158.60337033190882 14
1738724621094 166.1050407415274 15
1738724621126 161.95425934887726 16
1738724621158 172.16190830010717 17
1738724621190 167.6549987673257 18
1738724621222 172.9941952282148 19
1738724621254 191.04355419040456 20
1738724621286 153.65128313192005 21
1738724621318 189.76359117818242 22
1738724621350 153.5741944182933 23
1738724621382 181.5277309212135 24
1738724621413 152.62839892570943 25
1738724621445 151.49432734872465 26
1738724621477 164.2075651637215 27
1738724621509 174.47421164761903 28
1738724621541 170.42095031755994 29
1738724621572 202.7713008213987 30
1738724621604 189.79191193894084 31
1738724621636 155.868033441634 32
1738724621668 159.54930160843315 33
1738724621700 121.15272776826174 34
1738724621732 188.98259764795287 35
1738724621764 179.7024057256966 36
1738724621796 183.6637059075298 37
1738724621828 159.44891538940618 38
1738724621860 157.38227918889794 39
1738724621891 174.15970266460604 40
1738724621923 154.88149026693569 41
1738724621955 161.90441357263288 42
1738724621987 232.5181715546122 43
1738724622019 173.16698669858854 44
1738724622051 205.9822141083078 45
1738724622082 153.53976312337957 46
1738724622114 179.31394762172107 47
1738724622146 173.94540111200712 48
1738724622178 167.76862173079166 49
1738724622210 196.12234757238912 50
1738724622242 165.63634336864524 51
1738724622273 158.6217381831842 52
1738724622305 174.49005278311898 53
1738724622340 168.92825638219765 54
1738724622372 144.45629620456774 55
1738724622404 171.13293238812295 56
1738724622436 161.37963762958628 57
1738724622468 167.26477991797304 58
1738724622500 146.27932111752955 59
1738724622531 182.31029403086484 60
1738724622563 215.45183998560847 61
1738724622595 182.7522901032803 62
1738724622627 170.57839670357447 63
1738724622659 175.49398613485985 64
1738724622691 202.5705170211892 65
1738724622723 184.28557351721983 66
1738724622755 170.5750522419567 67
1738724622786 190.64851177691705 68
1738724622818 162.62393779565426 69
1738724622850 201.6300409933921 70
1738724622881 170.91795014483836 71
1738724622913 159.99224745158915 72
1738724622945 171.6437248402143 73
1738724622976 219.59726467647425 74
1738724623008 165.90047997867637 75
1738724623040 124.5746043962587 76
1738724623072 161.65171725238395 77
1738724623103 158.3329891733459 78
1738724623135 184.48398200293545 79
1738724623167 157.3154592936178 80
1738724623198 197.6279652671977 81
1738724623230 178.39093371450863 82
1738724623261 174.900584099947 83
1738724623293 184.24755448541794 84
1738724623325 195.54381102169788 85
1738724623357 173.1751635647331 86
1738724623388 165.24800075461658 87
1738724623420 187.44666433380002 88
1738724623451 166.5124362262235 89
1738724623483 158.3335150561436 90
1738724623514 160.03479988052217 91
1738724623546 184.94102320922775 92
1738724623578 149.022525151464 93
1738724623609 172.8673287298376 94
1738724623641 142.54367069540544 95
1738724623672 160.6690348140688 96
1738724623704 180.69599523162148 97
1738724623736 141.9908411244127 98
1738724623767 153.24020926706837 99
1738724623801 132.81884774630595 100
1738724623833 174.69009719209274 101
1738724623865 182.68686950849178 102
1738724623896 172.85565117869098 103
1738724623928 180.5460485918244 104
1738724623960 172.73705301208696 105
1738724623991 192.65646080513596 106
1738724624023 168.56073648516562 107
1738724624054 161.47105235192313 108
1738724624086 174.4142396686335 109
1738724624118 132.15532397678157 110
1738724624149 162.8376987244939 111
1738724624181 149.86090820367357 112
1738724624213 160.86219119277285 113
1738724624244 165.0772399405839 114
1738724624276 158.62043012906472 115
1738724624307 138.0524710107817 116
1738724624339 170.6677788661815 117
1738724624371 169.70880941566122 118
1738724624402 156.32910559127805 119
1738724624434 173.18004093088854 120
1738724624465 193.42505563557927 121
1738724624497 197.59880853523677 122
1738724624529 163.86838526665935 123
1738724624560 190.58192674950857 124
1738724624592 172.4732564990779 125
1738724624623 142.90079927584907 126
1738724624655 147.3078918265054 127
1738724624686 146.87767204817123 128
1738724624718 186.65363121199508 129
1738724624749 142.18591211359177 130
1738724624781 147.16385280292266 131
1738724624812 187.51725248061814 132
1738724624844 177.92217956394177 133
1738724624875 109.08855323161335 134
1738724624907 204.94886433004035 135
1738724624938 177.6573134951314 136
1738724624970 178.36031204989874 137
1738724625002 160.69421870765854 138
1738724625033 169.56380052160762 139
1738724625065 155.43270551791593 140
1738724625096 161.6478474474105 141
1738724625127 210.93912064040387 142
1738724625159 167.94615640880883 143
1738724625190 166.20637708075265 144
1738724625221 166.59281055786738 145
1738724625252 151.04700327358503 146
1738724625284 182.82709017377553 147
1738724625315 182.8907451669084 148
1738724625347 173.07713330935655 149
1738724625379 167.38548866636168 150
1738724625411 185.8290823111477 151
1738724625442 144.88653095691944 152
1738724625473 189.64112857071552 153
1738724625505 154.6894160400589 154
1738724625536 182.33951827406239 155
1738724625567 137.80152180259068 156
1738724625599 171.57196540949596 157
1738724625630 166.9888526494158 158
1738724625662 119.21780569748684 159
1738724625693 202.79321302400538 160
1738724625725 153.01828175433883 161
1738724625756 162.340410637339 162
1738724625787 185.55611778601335 163
1738724625818 203.7045219021205 164
1738724625850 162.41593951456062 165
1738724625881 173.58627789261905 166
1738724625912 181.1779911289421 167
1738724625944 208.71231310521898 168
1738724625975 166.35863777101116 169
1738724626006 180.27525002057126 170
1738724626038 146.99066284580718 171
1738724626069 165.82794691303195 172
1738724626100 157.5480592884878 173
1738724626132 188.89574146560926 174
1738724626163 166.2300785341546 175
1738724626194 173.0143111611162 176
1738724626226 150.5935280157155 177
1738724626257 137.83787425566004 178
1738724626288 151.31094689330467 179
1738724626319 175.53140946829458 180
1738724626351 162.38884331290063 181
1738724626382 142.39073181088986 182
1738724626414 167.84815903955513 183
1738724626445 166.2900626046692 184
1738724626476 162.30606604917682 185
1738724626508 157.0238033606464 186
1738724626539 152.2794941974285 187
1738724626570 162.05294340147304 188
1738724626602 184.05095714167695 189
1738724626633 183.85259644571968 190
1738724626664 161.64715264236693 191
1738724626696 183.77287658475112 192
1738724626727 151.98605069329278 193
1738724626758 182.7032867259788 194
1738724626790 163.59304703109612 195
1738724626821 176.08333938387122 196
1738724626852 112.06539100969376 197
1738724626884 231.19737119238988 198
1738724626915 187.355180369214 199
1738724626946 156.76529184409176 200
1738724626978 164.95904658504676 201
1738724627009 159.48344245043333 202
1738724627040 174.2197892061848 203
1738724627072 151.55684165403457 204
1738724627103 169.43912924409614 205
1738724627134 181.06940313100117 206
1738724627166 183.75757002271715 207
1738724627197 170.44401969342684 208
1738724627228 178.53183061666505 209
1738724627259 157.5739254486152 210
1738724627291 151.0695764371941 211
1738724627322 172.71593438884716 212
1738724627353 152.50720718962313 213
1738724627384 154.80016029761384 214
1738724627416 159.72425454289927 215
1738724627448 148.5541460905665 216
1738724627479 165.24573757193127 217
1738724627510 144.70662889881226 218
1738724627541 187.74966221639627 219
1738724627573 179.37805296928204 220
1738724627604 154.99502587698842 221
1738724627635 166.31500441840026 222
1738724627666 163.2409560422164 223
1738724627698 167.12056855484738 224
1738724627729 181.33696604648154 225
1738724627760 155.92967499705287 226
1738724627791 144.738434746175 227
1738724627822 151.49574023076016 228
1738724627854 161.56458523746022 229
1738724627885 163.20919179701815 230
1738724627916 194.90224353644416 231
1738724627947 164.62260318984605 232
1738724627979 154.5635500122703 233
1738724628010 164.24111922172187 234
1738724628041 149.26167730177303 235
1738724628072 184.52302295956656 236
1738724628104 166.01128857077907 237
1738724628135 153.30675278085968 238
1738724628167 182.86787001709916 239
1738724628198 133.98899475202774 240
1738724628229 196.9390446889974 241
1738724628260 134.7087136975755 242
1738724628292 194.47691802680663 243
1738724628325 173.50509158622665 244
1738724628357 175.93468135390154 245
1738724628390 165.51937567325706 246
1738724628422 164.83640788833077 247
1738724628454 190.28936040560257 248
1738724628487 161.75029373854935 249
1738724628519 174.1550036007744 250
1738724628551 163.8990694679293 251
1738724628583 201.63479875997982 252
1738724628615 194.57623837456796 253
1738724628647 180.10503838378955 254
1738724628679 161.49021258745307 255
1738724628711 161.2017381704572 256
1738724628743 177.28099581873926 257
1738724628775 186.29173141374892 258
1738724628807 181.10441717058714 259
1738724628839 177.15765325798495 260
1738724628871 182.80937183355405 261
1738724628903 169.8141908330671 262
1738724628935 166.27217233865812 263
1738724628967 147.62809955893712 264
1738724628999 200.66299622101138 265
1738724629031 178.73702283222974 266
1738724629063 188.09453344113055 267
1738724629095 124.93433206584655 268
1738724629127 164.07390580608845 269
1738724629158 188.13083574039817 270
1738724629190 181.09713010173544 271
1738724629222 162.58097164084697 272
1738724629254 185.19617065546763 273
1738724629286 191.08373880866912 274
1738724629318 173.8149845858936 275
1738724629350 179.8047959732308 276
1738724629382 177.58766847868884 277
1738724629413 178.87987173753015 278
1738724629445 181.229425985135 279
1738724629477 184.26101314957967 280
1738724629509 160.74181475852367 281
1738724629541 170.60482110577743 282
1738724629573 167.87767611919443 283
1738724629604 186.20119996020594 284
1738724629636 183.3625501448347 285
1738724629668 154.62310160951972 286
1738724629700 167.07103086794413 287
1738724629732 124.10661395075006 288
1738724629764 178.07066683171513 289
1738724629795 176.20487896995084 290
1738724629827 132.2853880299855 291
1738724629858 154.61586709027748 292
1738724629890 253.7832939777691 293
1738724629922 163.33755784804853 294
1738724629954 176.2193907498934 295
1738724629985 166.62428143552913 296
1738724630017 204.14937278020463 297
1738724630048 172.9091948039334 298
1738724630080 153.48544745827513 299
1738724630112 138.030560918148 300
1738724630144 210.58013703441082 301
1738724630175 160.4699527900036 302
1738724630207 172.32552363217874 303
1738724630239 190.4549654735018 304
1738724630270 159.7589282602631 305
1738724630302 160.6114113726389 306
1738724630334 256.08734391830797 307
1738724630365 150.97942110942267 308
1738724630397 153.203999766865 309
1738724630428 169.94280074152067 310
1738724630460 144.16938888355793 311
1738724630491 167.5268935952557 312
1738724630523 172.23064220461825 313
1738724630554 185.87153211038088 314
1738724630585 161.12704281850355 315
1738724630617 160.7250066791342 316
1738724630648 139.90587732918954 317
1738724630680 158.43274532816935 318
1738724630712 170.69083197266445 319
1738724630743 128.76859954710437 320
1738724630775 163.04052252599084 321
1738724630806 160.95533909566774 322
1738724630838 173.0012450365253 323
1738724630869 172.328723116932 324
1738724630901 184.2316937085324 325
1738724630932 163.9928824511707 326
1738724630963 177.7805040757363 327
1738724630995 148.83686433683346 328
1738724631026 192.49060756593096 329
1738724631057 190.61213303162697 330
1738724631089 186.29380268300034 331
1738724631120 184.85317244331586 332
1738724631152 169.82092155507277 333
1738724631183 154.6663843991996 334
1738724631214 152.269767679995 335
1738724631246 159.48524729584014 336
1738724631277 172.78848456442267 337
1738724631308 189.08546195269616 338
1738724631341 155.33442539839805 339
1738724631372 164.68483571922823 340
1738724631405 151.3959347500935 341
1738724631436 198.29755229860635 342
1738724631468 191.96751117071105 343
1738724631500 189.57482787014487 344
1738724631532 162.92392149201484 345
1738724631564 174.81243389359668 346
1738724631596 187.82144224327064 347
1738724631627 173.61198909597007 348
1738724631659 196.28249642755694 349
1738724631691 168.75414061286406 350
1738724631722 167.36252819521087 351
1738724631754 170.57381879561095 352
1738724631785 185.08069282671764 353
1738724631817 179.11749703266298 354
1738724631848 172.0300724654518 355
1738724631880 181.05449141598314 356
1738724631912 176.8689202937288 357
1738724631943 190.73727879215141 358
1738724631974 210.56157751632577 359
1738724632006 158.86994215063717 360
1738724632037 169.92836419855576 361
1738724632069 167.241466080483 362
1738724632100 149.3778752679935 363
1738724632131 146.27677162598474 364
1738724632163 121.5513615668266 365
1738724632197 152.66970443686523 366
1738724632229 180.62880613032237 367
1738724632261 183.77289105586266 368
1738724632293 176.58042524938574 369
1738724632325 134.14395351358266 370
1738724632358 162.5496576218003 371
1738724632390 165.38958246071275 372
1738724632422 147.3321109116 373
1738724632454 147.48933554724863 374
1738724632486 169.27914469046996 375
1738724632518 168.81611329959557 376
1738724632550 144.03743900094886 377
1738724632582 195.76576258318346 378
1738724632614 153.30734224152258 379
1738724632646 162.92640427091774 380
1738724632678 167.58412172867935 381
1738724632709 151.76256285988174 382
1738724632742 211.45963837105944 383
1738724632773 160.35471657578495 384
1738724632805 166.69539003847686 385
1738724632837 168.8784365901051 386
1738724632869 161.0276165700971 387
1738724632900 157.76328413029017 388
1738724632932 169.8022707690861 389
1738724632964 241.18321131351715 390
1738724632996 152.14293872850044 391
1738724633028 166.10628536536143 392
1738724633060 165.5422011923002 393
1738724633091 168.02882990912437 394
1738724633123 150.9799326406933 395
1738724633155 151.96737387438938 396
1738724633186 189.46776508426817 397
1738724633218 160.0698123674735 398
1738724633250 180.30452981319974 399
1738724633281 175.90222169010423 400
1738724633313 177.59594655220513 401
1738724633344 146.07306965246693 402
1738724633376 137.11483087368856 403
1738724633407 107.65395902563822 404
1738724633439 165.0783155041467 405
1738724633470 153.13376548776384 406
1738724633502 145.1724270140032 407
1738724633533 153.85337777947444 408
1738724633565 157.51453043768817 409
1738724633597 183.59786901967277 410
1738724633629 186.99467294627317 411
1738724633660 154.61645324955452 412
1738724633691 178.18805560343404 413
1738724633723 160.29775937344218 414
1738724633755 152.28613121822923 415
1738724633786 150.5716003979177 416
1738724633817 163.66054663010888 417
1738724633849 158.35718887651143 418
1738724633880 172.36222504603217 419
1738724633911 174.93747681925083 420
1738724633943 190.3448996229679 421
1738724633974 154.32351088891252 422
1738724634005 127.3658897886378 423
1738724634036 139.5064043634082 424
1738724634068 174.45122664173834 425
1738724634099 128.0907387674114 426
1738724634130 173.93006456708656 427
1738724634162 152.98605937385247 428
1738724634193 146.64579312396378 429
1738724634225 172.97956460072226 430
1738724634256 156.72152280895918 431
1738724634288 153.53657029875941 432
1738724634319 148.43152629516885 433
1738724634350 168.2769633224004 434
1738724634382 132.85990059636117 435
1738724634413 188.21589657066622 436
1738724634445 153.54674139418503 437
1738724634476 218.4765469882813 438
1738724634507 165.40640070970662 439
1738724634538 153.6179262659608 440
1738724634570 170.90262399807727 441
1738724634601 200.8894900347157 442
1738724634632 180.51065048992157 443
1738724634664 161.25796135320252 444
1738724634695 197.63003912538642 445
1738724634726 152.97368562206583 446
1738724634758 186.3677518037713 447
1738724634789 144.40636855786377 448
1738724634820 163.11240589298671 449
1738724634852 177.18706980895934 450
1738724634883 131.26108005452713 451
1738724634914 164.46414997256443 452
1738724634946 163.08649511046931 453
1738724634977 163.02273400208674 454
1738724635008 168.37871291517973 455
1738724635040 183.5244862054571 456
1738724635071 182.18974095187602 457
1738724635102 197.4442344142174 458
1738724635134 145.71182659935272 459
1738724635165 166.85478883322554 460
1738724635197 150.84521672442955 461
1738724635228 139.36592578516021 462
1738724635260 174.04225718388602 463
1738724635291 179.72274655195918 464
1738724635322 153.8874833366139 465
1738724635353 209.33390886901068 466
1738724635385 190.26898549586002 467
1738724635416 168.16596719781182 468
1738724635447 147.9920344014381 469
1738724635479 188.59561179570264 470
1738724635510 173.00805119491653 471
1738724635541 160.29612551114445 472
1738724635573 194.93727517008088 473
1738724635605 154.23579227105952 474
1738724635637 139.64044257896003 475
1738724635668 149.78718125065288 476
1738724635699 163.72739608502445 477
1738724635730 178.42963075620733 478
1738724635762 168.82563214419255 479
1738724635793 180.72542319235822 480
1738724635824 178.00401909056797 481
1738724635856 145.17948736328782 482
1738724635887 182.50387269611895 483
1738724635918 180.307598578373 484
1738724635949 196.73182841415982 485
1738724635980 170.61173144202053 486
1738724636012 161.26022844080998 487
1738724636043 163.72105472062677 488
1738724636074 169.55490103710213 489
1738724636107 171.87224066968807 490
1738724636139 177.55888747571947 491
1738724636171 168.18104808998677 492
1738724636204 190.05640285692664 493
1738724636235 202.09473452628623 494
1738724636267 151.75720262972683 495
1738724636300 197.24855616638203 496
1738724636332 173.1746063605698 497
1738724636364 182.10402774273527 498
1738724636396 160.7951008821987 499
