1738722564323 168.11639388408759 0
1738722564326 169.74378552439308 1
1738722564328 171.6155034894984 2
1738722564330 168.0931992599871 3
1738722564332 172.38237360218358 4
1738722564334 169.37430730251145 5
1738722564336 164.68937248799728 6
1738722564338 166.66108237768378 7
1738722564340 168.0111827954569 8
1738722564342 166.529627307459 9
1738722564345 168.70524454681544 10
1738722564347 169.27329105581825 11
1738722564349 168.56716101044742 12
1738722564352 166.97770441793202 13
1738722564354 166.98960869148726 14
1738722564356 168.0573981375419 15
1738722564358 170.6084738917528 16
1738722564360 167.67219783651038 17
1738722564362 167.5102342451296 18
1738722564364 168.32334029474865 19
