1738724777824 167.0790966662009 0
1738724777828 167.20289709549255 1
1738724777831 168.77828160803273 2
1738724777834 168.551564991732 3
1738724777838 167.00061520752675 4
1738724777841 169.70100339197873 5
1738724777844 168.06803184529304 6
1738724777847 168.26482742682526 7
1738724777850 166.91894132496162 8
1738724777853 169.30984741241372 9
1738724777857 168.53605789472005 10
1738724777860 171.5149339330878 11
1738724777863 169.06857028125987 12
1738724777866 168.41721773227135 13
1738724777869 168.17689342244657 14
1738724777873 168.84571199335343 15
1738724777876 166.88178160920998 16
1738724777879 170.3092138767027 17
1738724777882 169.7946001247832 18
1738724777885 168.78248032727743 19
1738724777889 170.24657403269728 20
1738724777892 169.2128471907432 21
