1738722563946 169.1318806722875 0
1738722563948 169.114372869777 1
1738722563949 169.09744601285433 2
1738722563951 169.08107989937665 3
1738722563952 169.06525505426558 4
1738722563954 169.0499527024823 5
1738722563956 169.03515474304177 6
1738722563957 169.02084372402462 7
1738722563959 169.0070028185473 8
1738722563960 168.99361580165188 9
1738722563962 168.9806670280795 10
1738722563963 168.9681414108921 11
1738722563965 168.95602440090917 12
1738722563966 168.94430196692716 13
1738722563968 168.93296057669073 14
1738722563970 168.9219871785862 15
1738722563971 168.9113691840289 16
