1738722854304 169.2626247225723 0
1738722854306 169.2605043888129 1
1738722854307 169.25839393969142 2
1738722854309 169.25629332736693 3
1738722854310 169.25420250423397 4
1738722854312 169.2521214229211 5
1738722854313 169.25005003629005 6
1738722854315 169.24798829743426 7
1738722854317 169.24593615967788 8
1738722854318 169.24389357657472 9
1738722854320 169.24186050190693 10
1738722854322 169.23983688968397 11
1738722854323 169.23782269414147 12
1738722854325 169.23581786974006 13
1738722854327 169.2338223711644 14
1738722854328 169.2318361533218 15
1738722854330 169.22985917134145 16
1738722854332 169.22789138057306 17
1738722854333 169.22593273658578 18
1738722854335 169.22398319516742 19
1738722854336 169.22204271232292 20
1738722854338 169.2201112442736 21
1738722854339 169.21818874745594 22
1738722854341 169.21627517852056 23
1738722854343 169.21437049433118 24
1738722854344 169.21247465196345 25
1738722854346 169.21058760870412 26
1738722854347 169.20870932204974 27
1738722854349 169.2068397497058 28
1738722854350 169.20497884958561 29
1738722854352 169.20312657980926 30
1738722854353 169.20128289870277 31
1738722854355 169.19944776479673 32
1738722854356 169.19762113682566 33
1738722854358 169.19580297372667 34
1738722854360 169.19399323463875 35
1738722854361 169.19219187890158 36
1738722854363 169.19039886605452 37
1738722854364 169.1886141558358 38
1738722854366 169.18683770818137 39
1738722854367 169.1850694832239 40
1738722854369 169.1833094412921 41
1738722854370 169.18155754290922 42
1738722854372 169.1798137487926 43
1738722854373 169.1780780198525 44
1738722854375 169.17635031719107 45
1738722854376 169.1746306021015 46
1738722854378 169.17291883606705 47
1738722854379 169.17121498076014 48
1738722854381 169.16951899804135 49
1738722854382 169.16783084995845 50
1738722854384 169.16615049874574 51
1738722854385 169.1644779068227 52
1738722854387 169.16281303679347 53
1738722854388 169.16115585144567 54
1738722854390 169.15950631374966 55
1738722854391 169.15786438685745 56
1738722854393 169.15623003410204 57
1738722854394 169.15460321899633 58
1738722854396 169.1529839052323 59
1738722854397 169.15137205668017 60
1738722854399 169.14976763738738 61
1738722854400 169.14817061157788 62
1738722854402 169.14658094365114 63
1738722854403 169.14499859818127 64
1738722854405 169.1434235399163 65
1738722854406 169.14185573377716 66
1738722854408 169.14029514485688 67
1738722854409 169.13874173841975 68
1738722854411 169.1371954799005 69
1738722854413 169.13565633490342 70
1738722854414 169.13412426920138 71
1738722854416 169.13259924873535 72
1738722854417 169.13108123961322 73
1738722854419 169.1295702081092 74
1738722854420 169.1280661206627 75
1738722854422 169.12656894387806 76
1738722854423 169.12507864452306 77
1738722854425 169.12359518952863 78
1738722854426 169.12211854598777 79
1738722854428 169.12064868115488 80
1738722854429 169.11918556244493 81
1738722854431 169.1177291574326 82
1738722854432 169.1162794338515 83
1738722854434 169.11483635959357 84
1738722854435 169.11339990270798 85
1738722854437 169.1119700314006 86
1738722854438 169.1105467140332 87
1738722854440 169.1091299191225 88
1738722854443 169.10771961533962 89
1738722854445 169.10631577150917 90
1738722854446 169.1049183566086 91
1738722854448 169.10352733976728 92
1738722854449 169.10214269026596 93
1738722854451 169.10076437753594 94
1738722854452 169.09939237115816 95
1738722854454 169.09802664086274 96
1738722854456 169.09666715652799 97
1738722854457 169.09531388817985 98
1738722854459 169.0939668059911 99
1738722854460 169.09262588028065 100
1738722854462 169.09129108151274 101
1738722854463 169.08996238029636 102
1738722854465 169.08863974738435 103
1738722854467 169.08732315367288 104
1738722854469 169.08601257020064 105
1738722854471 169.08470796814808 106
1738722854472 169.08340931883689 107
1738722854474 169.08211659372915 108
1738722854475 169.08082976442657 109
1738722854477 169.07954880267008 110
1738722854478 169.07827368033878 111
1738722854480 169.07700436944964 112
1738722854481 169.07574084215642 113
1738722854483 169.0744830707494 114
1738722854484 169.07323102765432 115
1738722854486 169.071984685432 116
1738722854487 169.07074401677744 117
1738722854489 169.06950899451945 118
1738722854490 169.0682795916197 119
1738722854492 169.0670557811722 120
1738722854494 169.06583753640265 121
1738722854495 169.0646248306677 122
1738722854497 169.06341763745442 123
1738722854499 169.06221593037958 124
1738722854500 169.0610196831891 125
1738722854503 169.0598288697572 126
1738722854505 169.05864346408606 127
1738722854506 169.0574634403049 128
1738722854508 169.0562887726696 129
1738722854509 169.05511943556186 130
1738722854511 169.0539554034888 131
1738722854512 169.05279665108205 132
1738722854514 169.0516431530975 133
1738722854515 169.05049488441432 134
1738722854517 169.04935182003464 135
1738722854518 169.04821393508269 136
1738722854520 169.0470812048045 137
