1738724434567 168.1940870706891 0
1738724434570 167.71967109806366 1
1738724434573 169.978370036982 2
1738724434576 168.82732776740667 3
1738724434579 168.66656089216755 4
1738724434582 167.5039183552262 5
1738724434585 170.9449898335027 6
1738724434588 167.77707051841105 7
1738724434591 170.2323258041717 8
1738724434594 169.64671061880108 9
1738724434598 170.26628361979851 10
1738724434600 167.56212464547045 11
1738724434603 169.27146965845338 12
1738724434606 168.29759319758864 13
1738724434609 167.70538866739847 14
1738724434612 169.0275548506054 15
1738724434615 171.07410935671587 16
1738724434618 168.91870710551066 17
1738724434621 166.4020134320535 18
1738724434624 168.00417931179686 19
1738724434627 168.35263018763328 20
1738724434630 169.58964523887377 21
1738724434633 170.35486419301498 22
