1738723688381 169.16148552166555 0
1738723688383 169.1491538829734 1
1738723688385 169.13729079844833 2
1738723688387 169.125876826193 3
1738723688388 169.11489336837676 4
1738723688390 169.10432263373102 5
1738723688392 169.09414760173073 6
1738723688394 169.08435198838637 7
1738723688396 169.0749202135735 8
1738723688398 169.06583736982955 9
1738723688400 169.05708919255244 10
1738723688402 169.04866203153753 11
1738723688404 169.04054282379138 12
1738723688406 169.03271906756623 13
1738723688408 169.02517879755843 14
1738723688410 169.01791056121922 15
1738723688412 169.0109033961276 16
1738723688413 169.00414680837648 17
1738723688415 168.9976307519274 18
1738723688417 168.99134560888933 19
1738723688420 168.98528217068025 20
1738723688422 168.97943162003116 21
1738723688424 168.9737855137954 22
1738723688426 168.96833576652614 23
1738723688428 168.96307463478738 24
1738723688430 168.95799470216605 25
1738723688433 168.953088864953 26
1738723688435 168.94835031846324 27
1738723688437 168.9437725439657 28
1738723688439 168.93934929619627 29
1738723688441 168.9350745914268 30
1738723688443 168.93094269606593 31
1738723688445 168.9269481157669 32
1738723688447 168.9230855850201 33
1738723688449 168.91935005720853 34
1738723688451 168.91573669510515 35
1738723688453 168.91224086179238 36
1738723688455 168.90885811198453 37
1738723688457 168.90558418373553 38
1738723688458 168.90241499051396 39
1738723688461 168.89934661362992 40
1738723688463 168.89637529499652 41
1738723688466 168.89349743021245 42
1738723688470 168.89070956195 43
1738723688472 168.88800837363573 44
1738723688474 168.88539068341004 45
1738723688475 168.8828534383535 46
1738723688477 168.880393708968 47
1738723688479 168.87800868390076 48
1738723688481 168.87569566490134 49
1738723688483 168.8734520620001 50
1738723688485 168.87127538889908 51
1738723688488 168.86916325856524 52
1738723688490 168.8671133790174 53
1738723688492 168.86512354929786 54
1738723688494 168.8631916556209 55
1738723688496 168.86131566768952 56
1738723688498 168.8594936351742 57
1738723688500 168.85772368434465 58
1738723688502 168.8560040148496 59
1738723688504 168.85433289663675 60
1738723688506 168.85270866700697 61
1738723688508 168.85112972779706 62
1738723688509 168.84959454268505 63
1738723688511 168.84810163461282 64
1738723688514 168.8466495833203 65
1738723688517 168.84523702298713 66
1738723688519 168.8438626399763 67
1738723688521 168.8425251706756 68
1738723688523 168.84122339943238 69
1738723688525 168.8399561565775 70
1738723688527 168.8387223165348 71
1738723688529 168.8375207960119 72
1738723688531 168.83635055226867 73
1738723688533 168.83521058146067 74
1738723688536 168.8340999170535 75
1738723688538 168.83301762830496 76
1738723688540 168.8319628188127 77
1738723688542 168.83093462512358 78
1738723688544 168.82993221540266 79
1738723688546 168.82895478815914 80
1738723688548 168.82800157102625 81
1738723688550 168.82707181959327 82
1738723688553 168.8261648162873 83
