1738724482144 165.34828018699557 0
1738724482177 178.17135284331485 1
1738724482209 185.4391868232684 2
1738724482244 168.07004437005278 3
1738724482276 171.4261713717833 4
1738724482320 153.53880159383976 5
1738724482355 152.09924352091895 6
1738724482389 181.35119909293022 7
1738724482423 178.45635332509033 8
1738724482456 183.6695906548612 9
1738724482489 162.79144092319385 10
1738724482521 192.01334153953553 11
1738724482554 197.10887528828394 12
1738724482586 149.3476785928094 13
1738724482619 138.8646384035187 14
1738724482651 167.74394752988368 15
1738724482684 145.26234071110838 16
1738724482716 205.41571427321418 17
1738724482748 178.98547715222438 18
1738724482781 164.89670400961504 19
1738724482813 161.5027239632663 20
1738724482845 163.9639470144248 21
1738724482878 207.7462179298741 22
1738724482910 158.90106923617026 23
1738724482942 181.33162264866363 24
1738724482974 156.92483766238186 25
1738724483008 147.36863556526706 26
1738724483042 175.066410138601 27
1738724483075 164.1412357579434 28
1738724483108 180.59208168234952 29
1738724483142 165.54998972176557 30
1738724483175 174.02960682721388 31
1738724483208 151.96697807792793 32
1738724483241 159.0291711712353 33
1738724483274 188.9304978834007 34
1738724483307 180.46574785601433 35
1738724483340 198.9319341053496 36
1738724483373 200.8150742252752 37
1738724483406 161.8029764644413 38
1738724483439 165.16671733665345 39
1738724483472 154.5719411171939 40
1738724483505 163.7319123088864 41
1738724483537 184.3599365503613 42
1738724483570 175.43572207683664 43
1738724483603 156.10680399488007 44
1738724483636 175.18964887422894 45
1738724483669 189.89150202375234 46
1738724483701 191.2056866548956 47
1738724483734 184.62778265263339 48
1738724483767 176.18670107831755 49
1738724483800 187.4587063740765 50
1738724483832 203.50778246865696 51
1738724483865 160.81627797107063 52
1738724483898 171.52819231732207 53
1738724483930 173.5421402149672 54
1738724483963 170.65443808997583 55
1738724483995 153.49310350580132 56
1738724484028 166.07485394238196 57
1738724484061 175.04216009161814 58
1738724484093 162.73819765476372 59
1738724484126 170.78178422768508 60
1738724484158 169.09397033274982 61
1738724484191 153.9515382225625 62
1738724484223 155.45025637454307 63
1738724484256 176.81798952472107 64
1738724484288 186.02320644284734 65
1738724484345 162.36949585896963 66
1738724484378 166.10168065450222 67
1738724484410 167.04017860221373 68
1738724484443 204.01800702673043 69
1738724484476 174.3734193553277 70
1738724484508 184.8862030254089 71
1738724484541 173.6225876289456 72
1738724484574 152.486567238707 73
1738724484606 129.02377194781695 74
1738724484639 179.7263136408812 75
1738724484671 175.0186878860432 76
1738724484704 188.88933696211348 77
1738724484737 188.1427139378107 78
1738724484770 171.15202380264108 79
1738724484802 167.19736171635108 80
1738724484835 171.57999010427034 81
1738724484867 177.93320633636074 82
1738724484899 191.25431667701366 83
1738724484932 163.12401973835316 84
1738724484965 151.35184399443773 85
1738724484997 165.76928113275923 86
1738724485030 178.64996062554167 87
1738724485063 156.9785590768836 88
1738724485095 184.59019021540257 89
1738724485127 170.50251436364363 90
1738724485160 171.59662198960157 91
1738724485192 165.9870422560273 92
1738724485225 176.77083048063062 93
1738724485258 158.5467919005328 94
1738724485290 176.8790468539682 95
1738724485322 156.47265198292638 96
1738724485355 178.5332488046938 97
1738724485386 167.99992456870726 98
1738724485419 169.2748364984874 99
1738724485451 173.977115389308 100
1738724485483 165.27214482588954 101
1738724485515 182.28257830455726 102
1738724485547 166.19900740647617 103
1738724485579 179.87057384532628 104
1738724485611 170.38838911907698 105
1738724485643 178.16862111815462 106
1738724485675 134.95922587918616 107
1738724485708 145.78835879310833 108
1738724485740 172.98728939344048 109
1738724485772 187.77971547568316 110
1738724485804 170.13847109746297 111
1738724485836 136.87819594593975 112
1738724485869 179.86704607430053 113
1738724485901 176.72772515735434 114
1738724485933 157.26082476468542 115
1738724485965 139.92218124162756 116
1738724485998 179.06132134080676 117
1738724486031 166.11335602919772 118
1738724486063 188.84598466903884 119
1738724486095 163.90529817954663 120
1738724486127 157.9481163943904 121
1738724486159 161.68438485557792 122
1738724486192 160.38365720325106 123
1738724486225 158.0827509055601 124
1738724486256 171.82115560967947 125
1738724486289 149.01782342484242 126
1738724486322 174.79308567468712 127
1738724486353 195.78387429108236 128
1738724486386 180.78276912007573 129
1738724486418 171.76404431911575 130
1738724486450 176.92628337669328 131
1738724486482 188.3936533852408 132
1738724486514 177.6658029807452 133
1738724486546 174.23040944135863 134
1738724486578 176.27399126506265 135
1738724486609 149.4766154836591 136
1738724486641 174.4634280775572 137
1738724486673 163.08344248409588 138
1738724486705 185.64264415098052 139
1738724486737 186.97625239627513 140
1738724486769 161.30158596730726 141
1738724486801 186.92410859833583 142
1738724486833 175.21923811425404 143
1738724486865 163.86508172851907 144
1738724486897 141.143999799695 145
1738724486929 165.4872062354322 146
1738724486961 162.968005417426 147
1738724486992 165.16514785660382 148
1738724487024 173.32238120094857 149
1738724487056 159.23293827242233 150
1738724487088 170.65994767271093 151
1738724487120 185.16915030043228 152
1738724487152 119.37241791736065 153
1738724487184 151.43352726518486 154
1738724487216 182.85330486322567 155
1738724487248 162.4550972000985 156
1738724487280 174.8281593501827 157
1738724487311 174.27474033376086 158
1738724487343 192.2071285304178 159
1738724487375 188.93445069546732 160
1738724487406 162.30832845763632 161
1738724487438 204.5665966410759 162
1738724487470 151.80986556007826 163
1738724487502 157.83471733763326 164
1738724487533 177.67792381391752 165
1738724487565 166.05377629772292 166
1738724487597 164.86939509545843 167
1738724487629 109.1317085992252 168
1738724487661 183.26669656158137 169
1738724487692 162.24030761287773 170
1738724487724 139.80490867515118 171
1738724487756 161.41220615390753 172
1738724487787 176.7312034877549 173
1738724487819 165.33068469757 174
1738724487851 164.11307979353793 175
1738724487883 166.0484596746902 176
1738724487915 194.25319521368507 177
1738724487947 175.52495471005392 178
1738724487980 185.15204860632733 179
1738724488013 182.79609152032504 180
1738724488046 117.35382405245674 181
1738724488079 162.9133841895017 182
1738724488112 186.2070801869923 183
1738724488146 168.3668132418041 184
1738724488179 165.15956203770375 185
1738724488211 200.76983495702368 186
1738724488244 187.74740359071075 187
1738724488277 167.27203249482125 188
1738724488336 176.07611993476127 189
1738724488370 159.58755186106333 190
1738724488403 158.2606621498354 191
1738724488436 160.12107927086902 192
1738724488469 156.81824563677338 193
1738724488502 164.1687281068009 194
1738724488534 167.26508429578274 195
1738724488567 146.29233673070084 196
1738724488599 154.66517358485527 197
1738724488632 180.6500136940171 198
1738724488664 195.53456331210643 199
1738724488696 149.58870554183483 200
1738724488729 154.23492024919102 201
1738724488761 152.23130521220864 202
1738724488793 158.25676415150616 203
1738724488826 179.43081228620255 204
1738724488858 186.7811374512475 205
1738724488890 168.0408827344794 206
1738724488922 163.3822618421212 207
1738724488954 175.8565722125366 208
1738724488986 187.1693441919213 209
1738724489018 145.60150897571074 210
1738724489051 164.95932670625274 211
1738724489083 175.87513118672396 212
1738724489116 160.97862346824354 213
1738724489149 166.33440538056897 214
1738724489182 159.95422257661338 215
1738724489215 153.9225127136087 216
1738724489249 174.03348810564643 217
1738724489282 168.95492197391118 218
1738724489315 167.8851741167095 219
1738724489348 162.36767062116544 220
1738724489381 134.4199397557676 221
1738724489413 151.2910327513111 222
1738724489446 164.1855023966583 223
1738724489478 190.37695699744933 224
1738724489511 145.24660048920612 225
1738724489543 169.06198101551678 226
1738724489576 184.41446045532325 227
1738724489609 178.44181047262697 228
1738724489641 174.44715408738105 229
1738724489673 142.61089679617373 230
1738724489706 138.03281469635704 231
1738724489738 181.5214365569933 232
1738724489770 177.04293990468895 233
1738724489803 177.72819085533786 234
1738724489835 161.19045414048614 235
1738724489867 178.75286748133126 236
1738724489899 156.94929204698667 237
1738724489932 154.72772259515995 238
1738724489964 176.3922089399142 239
1738724489996 174.07576321729465 240
1738724490029 176.6555615560305 241
1738724490061 172.19186657300995 242
1738724490093 160.53889891448318 243
1738724490126 146.23899978016385 244
1738724490158 150.712335169839 245
1738724490191 236.5514693246876 246
1738724490223 163.0531225148597 247
1738724490256 127.62255567911842 248
1738724490289 154.7696555035413 249
1738724490322 169.01675032005664 250
1738724490354 166.43850685948988 251
1738724490386 185.21964246280928 252
1738724490419 158.49350634231203 253
1738724490451 187.039075389593 254
1738724490483 141.73965997591787 255
1738724490515 160.10250103040318 256
1738724490547 155.6885836017577 257
1738724490579 144.91441519454494 258
1738724490612 169.4425422458391 259
1738724490644 174.94071630290824 260
1738724490676 181.8493117522989 261
