1738722112842 167.61037333978268 0
1738722112844 167.95116788052096 1
1738722112846 168.1291913460131 2
1738722112849 167.86977563127397 3
1738722112851 167.26126900686168 4
1738722112853 169.16397800322915 5
1738722112855 169.75447311897918 6
1738722112857 170.46004117665353 7
1738722112859 170.46453871135378 8
1738722112861 167.76925809480673 9
1738722112864 171.72303506413633 10
1738722112866 166.76093706447114 11
1738722112868 168.5649735894457 12
1738722112870 169.7933912894893 13
1738722112872 168.66699739768632 14
1738722112873 167.0240525720366 15
1738722112876 167.9053411205258 16
1738722112878 168.18634183014564 17
1738722112880 168.81668847779682 18
1738722112882 166.29792223935303 19
1738722112884 167.58789459993991 20
1738722112886 172.53417098943868 21
1738722112888 167.44984709139405 22
1738722112890 171.44176534979724 23
1738722112892 168.2299872139816 24
1738722112894 167.08405687643688 25
1738722112897 170.00148484490268 26
1738722112899 168.52812360252588 27
1738722112901 168.2393565249486 28
1738722112903 167.1241431884059 29
1738722112905 170.1405029123014 30
1738722112907 169.57953749892755 31
1738722112909 167.78124903189718 32
1738722112910 164.5640581467949 33
1738722112912 170.1535842154485 34
1738722112914 171.37910246098164 35
1738722112916 168.01869369639437 36
1738722112918 169.50225736448425 37
1738722112920 168.56561042577886 38
1738722112922 167.96924111064692 39
1738722112924 169.01015932198246 40
1738722112927 170.2710872776103 41
