1738726278339 170.56569446840544 0
1738726278343 168.16358971255644 1
1738726278347 168.27428604924762 2
1738726278351 171.032631618615 3
1738726278355 165.41605860521608 4
1738726278359 170.16311704413977 5
1738726278362 168.06756225460893 6
1738726278367 169.66418978291702 7
1738726278370 168.0501227327969 8
1738726278374 168.35905428330278 9
1738726278378 169.72365920977515 10
1738726278382 167.55148245541847 11
1738726278386 166.58059767716375 12
1738726278390 167.14123981423637 13
1738726278394 169.36036881927944 14
1738726278398 168.77346696889558 15
1738726278401 169.32231277296898 16
1738726278405 168.97994088754055 17
1738726278409 169.0646853755961 18
1738726278413 169.3603617900366 19
1738726278417 169.1160980044902 20
1738726278421 166.85508087873254 21
1738726278426 170.9488599222854 22
1738726278430 167.10538656099078 23
1738726278434 168.32066665593146 24
1738726278437 168.76400891432584 25
