1738724144528 169.16748048763887 0
1738724144530 169.15088188821377 1
1738724144533 169.1350413207967 2
1738724144535 169.11992265474672 3
1738724144537 169.10549151338796 4
1738724144539 169.09171518811567 5
1738724144542 169.07856255672652 6
1738724144544 169.06600400576656 7
1738724144546 169.05401135669752 8
1738724144548 169.04255779569397 9
1738724144550 169.03161780689157 10
1738724144553 169.0211671089174 11
1738724144555 169.01118259453938 12
1738724144557 169.00164227328182 13
1738724144559 168.99252521686088 14
1738724144561 168.98381150730063 15
1738724144563 168.97548218759783 16
1738724144565 168.96751921480993 17
1738724144568 168.95990541544677 18
1738724144570 168.9526244430526 19
1738724144572 168.94566073787033 20
1738724144574 168.9389994884857 21
1738724144576 168.9326265953539 22
1738724144578 168.92652863611542 23
1738724144581 168.92069283261375 24
1738724144583 168.91510701953084 25
1738724144585 168.90975961456013 26
1738724144587 168.90463959004265 27
1738724144589 168.8997364459931 28
1738724144591 168.895040184448 29
1738724144593 168.89054128507053 30
1738724144596 168.8862306819511 31
1738724144598 168.88209974154344 32
1738724144600 168.87814024168154 33
1738724144602 168.87434435162365 34
1738724144604 168.87070461307317 35
1738724144606 168.8672139221281 36
1738724144609 168.86386551211356 37
1738724144611 168.86065293725397 38
1738724144613 168.8575700571436 39
1738724144615 168.85461102197624 40
1738724144617 168.8517702584966 41
1738724144619 168.84904245663833 42
1738724144622 168.8464225568142 43
1738724144624 168.8439057378274 44
1738724144626 168.8414874053728 45
1738724144628 168.83916318109883 46
1738724144630 168.83692889220387 47
1738724144633 168.83478056153913 48
1738724144635 168.83271439819472 49
1738724144637 168.83072678854396 50
1738724144639 168.82881428772455 51
1738724144641 168.8269736115342 52
1738724144643 168.82520162872106 53
1738724144645 168.82349535364924 54
1738724144648 168.82185193932125 55
1738724144650 168.8202686707397 56
1738724144652 168.81874295859166 57
1738724144654 168.81727233324017 58
1738724144656 168.81585443900718 59
1738724144658 168.8144870287344 60
1738724144660 168.81316795860803 61
1738724144662 168.81189518323447 62
1738724144664 168.81066675095497 63
1738724144666 168.80948079938702 64
1738724144668 168.8083355511823 65
1738724144671 168.80722930998945 66
1738724144673 168.80616045661247 67
1738724144675 168.80512744535514 68
1738724144677 168.80412880054172 69
1738724144679 168.80316311320632 70
1738724144681 168.8022290379417 71
1738724144683 168.80132528990026 72
1738724144685 168.80045064194005 73
1738724144687 168.79960392190807 74
1738724144689 168.79878401005428 75
1738724144691 168.7979898365707 76
1738724144694 168.79722037924847 77
1738724144696 168.7964746612478 78
1738724144698 168.79575174897505 79
1738724144700 168.7950507500618 80
1738724144703 168.7943708114409 81
