1738726750328 173.11839319361067 0
1738726750365 183.37476098616094 1
1738726750402 169.7327990051455 2
1738726750439 159.34812246122925 3
1738726750476 180.9741803276641 4
1738726750514 156.2246178222046 5
1738726750551 143.20046469316728 6
1738726750588 57.31184939409917 7
1738726750625 168.49712115615057 8
1738726750661 168.1533402614609 9
1738726750698 125.92481865877006 10
1738726750735 177.8768528738686 11
1738726750772 158.85571185158054 12
1738726750808 136.93833658336624 13
1738726750845 206.4176602367919 14
1738726750882 156.78122613210945 15
1738726750919 156.94085659244303 16
1738726750955 191.14708526914058 17
1738726750992 168.55487050853236 18
1738726751029 170.46464454039648 19
1738726751065 204.46296719723634 20
1738726751102 177.20931122950756 21
1738726751139 170.5406373103549 22
1738726751175 160.86595895080262 23
1738726751212 172.2485826653643 24
1738726751248 119.8828051389153 25
1738726751285 181.12256203408614 26
1738726751321 193.78728393709045 27
1738726751358 175.49749545493597 28
1738726751394 162.53377290261312 29
1738726751431 171.1230207094449 30
1738726751468 198.59698671937537 31
1738726751504 156.05779847628008 32
1738726751541 160.47382234355737 33
1738726751577 151.90626936373667 34
1738726751614 182.41268815001303 35
1738726751650 177.85849890664267 36
1738726751686 192.08917092972425 37
1738726751723 205.22865737363637 38
1738726751759 154.59186157632766 39
1738726751796 169.3188567837123 40
1738726751832 190.61496492197685 41
1738726751869 181.56605155131413 42
1738726751905 191.05226574589727 43
1738726751942 151.4351451230535 44
1738726751978 166.9500727710887 45
1738726752014 193.0701885105508 46
1738726752051 139.58648332737275 47
1738726752087 139.27128009345319 48
1738726752124 152.29931037984855 49
1738726752160 181.72312157282303 50
1738726752197 186.00184807674023 51
1738726752233 174.75026822638833 52
1738726752269 137.936470679593 53
1738726752306 170.88058382540453 54
1738726752365 228.94353134527205 55
1738726752427 154.40969095981166 56
1738726752467 173.93237907180458 57
1738726752505 165.85893612774413 58
1738726752543 141.86017956444923 59
1738726752580 171.90820142694065 60
1738726752618 196.4514358969431 61
1738726752655 184.53693095280124 62
1738726752693 164.65087908424024 63
1738726752730 186.82729514065187 64
1738726752768 165.58928064202513 65
1738726752806 165.70731485152402 66
1738726752854 179.6143740481693 67
1738726752892 178.7862088639001 68
1738726752929 158.29178814898773 69
1738726752966 178.51333569306712 70
1738726753006 144.76831594444144 71
1738726753047 171.732315913054 72
1738726753085 172.54111059677126 73
1738726753122 168.10941982018832 74
1738726753160 125.18969435050462 75
1738726753197 161.94323934813767 76
1738726753236 183.78374191921 77
1738726753277 152.7387854490721 78
1738726753316 164.99817977458582 79
1738726753354 174.34968890626826 80
1738726753392 171.8128989224132 81
1738726753430 166.1388594986652 82
1738726753469 162.5289725133908 83
1738726753510 194.50228381739984 84
1738726753547 155.6699809707957 85
1738726753585 155.18668986056687 86
1738726753622 153.59520408493438 87
1738726753662 176.49711610693836 88
1738726753703 157.2964173764137 89
1738726753740 139.36827088463903 90
1738726753778 160.20633652093395 91
1738726753815 161.8432027941397 92
1738726753855 170.54067192314676 93
1738726753895 181.28386401681226 94
1738726753933 184.6044771372316 95
1738726753971 146.01618955100514 96
1738726754008 174.19751161597455 97
1738726754045 185.47716843312483 98
1738726754085 137.61848105627092 99
1738726754126 164.18909816441342 100
1738726754163 154.80968918093194 101
1738726754200 184.76545032546326 102
1738726754237 127.4757979476558 103
1738726754277 158.44375190918606 104
1738726754315 179.8313082842782 105
1738726754356 188.93714624069526 106
1738726754394 185.77711083876014 107
1738726754432 157.20699224521857 108
1738726754469 194.18563739076205 109
1738726754509 146.32416261441335 110
1738726754549 155.9155722382267 111
1738726754588 162.98032669441176 112
1738726754625 154.2934079630891 113
1738726754663 162.01335895706146 114
1738726754700 164.99285831324585 115
1738726754738 186.5252323534436 116
1738726754778 167.03180154433866 117
1738726754819 163.83351654691077 118
1738726754857 161.12120484702615 119
1738726754895 170.2085831425934 120
1738726754933 158.8870708051614 121
1738726754971 196.04144786792997 122
1738726755011 86.5223368874788 123
1738726755052 183.54166232591305 124
1738726755090 168.1038980809483 125
1738726755127 162.3006592392514 126
1738726755165 151.44397815547347 127
1738726755203 175.69383444460468 128
1738726755242 169.52995563720344 129
1738726755283 168.5071117894808 130
1738726755320 178.84492569878964 131
1738726755359 168.40431962221 132
1738726755397 146.5255197833118 133
1738726755436 169.54288955092525 134
1738726755476 150.69024267657852 135
1738726755519 167.69129034138928 136
1738726755557 168.49028811537346 137
1738726755595 140.77707815683942 138
1738726755634 190.2364363269184 139
1738726755676 170.727860277398 140
1738726755717 151.3302639679991 141
1738726755758 178.79014663643855 142
1738726755796 181.5513343883855 143
1738726755835 168.62727272088253 144
1738726755877 172.22225719869078 145
1738726755916 170.2427299594287 146
1738726755954 166.6422170252186 147
1738726755993 153.08739562766723 148
1738726756032 184.33173574499682 149
1738726756074 162.16524793956214 150
1738726756112 170.98188029842174 151
1738726756151 170.62562168949472 152
1738726756189 173.96351598347877 153
1738726756228 181.24002388898393 154
1738726756266 156.736518402983 155
1738726756305 188.42235557119875 156
1738726756343 182.85993876585502 157
1738726756382 148.7222024334099 158
1738726756420 169.4798179738358 159
1738726756459 179.33358500552114 160
1738726756497 179.43166805619472 161
1738726756535 168.98433666402025 162
1738726756574 178.89134551163414 163
1738726756612 172.20565909886187 164
1738726756651 180.36557863112958 165
1738726756690 159.60229663599225 166
1738726756728 171.6848423550839 167
1738726756767 131.98583823247392 168
1738726756804 183.3194596406125 169
1738726756842 146.35208361774826 170
1738726756880 177.6103986460633 171
1738726756917 173.81269175979668 172
1738726756955 199.18467027248562 173
1738726756993 166.43608671312685 174
1738726757031 169.479840082593 175
1738726757069 176.91974171323147 176
1738726757107 183.4885172558811 177
1738726757145 160.4138542696612 178
1738726757184 175.01590138782936 179
1738726757222 145.8001049962956 180
1738726757260 157.62045196913024 181
1738726757299 204.561716881837 182
1738726757339 159.36470235810424 183
1738726757377 182.61229489471813 184
1738726757414 150.6806532815672 185
1738726757453 170.3960805139713 186
1738726757491 178.43264905813177 187
1738726757529 166.27800122866074 188
1738726757567 166.67738583934204 189
1738726757604 172.16024770948783 190
1738726757642 187.27722568152038 191
1738726757680 180.9648852339866 192
1738726757718 194.28857787330705 193
1738726757756 167.6875832537701 194
1738726757794 175.63157284317936 195
1738726757831 165.5518087456453 196
1738726757869 160.78742086020324 197
1738726757907 211.3476845771303 198
1738726757944 155.31064450083537 199
1738726757982 190.89412764091796 200
1738726758020 166.29211435997584 201
1738726758057 161.80556828570735 202
1738726758095 158.48123271749742 203
1738726758132 156.34233339721985 204
1738726758171 188.1390375921312 205
1738726758208 185.6591104889634 206
1738726758246 159.84585782032974 207
1738726758284 169.31210859557922 208
1738726758322 189.31235149325815 209
1738726758361 170.79560461192278 210
1738726758400 162.95998636925108 211
1738726758438 151.98113572121252 212
1738726758477 162.20424391164525 213
1738726758515 159.16630169827513 214
1738726758553 156.2098326287643 215
1738726758591 176.24717875338342 216
1738726758628 176.62442237115 217
1738726758666 178.51270174788425 218
1738726758704 168.51418185427477 219
1738726758742 199.38453564840532 220
1738726758781 157.22061000438802 221
1738726758819 147.14842522244774 222
1738726758856 185.71073356597063 223
1738726758894 155.19253399379957 224
1738726758932 163.38579679451863 225
1738726758970 148.09433005575656 226
1738726759008 157.22295080668812 227
1738726759046 168.37029081158562 228
1738726759083 173.87696689320353 229
1738726759121 159.58509462755754 230
1738726759159 166.389072416006 231
1738726759196 148.8443502548717 232
1738726759234 183.80009815378443 233
1738726759271 179.4278924284606 234
1738726759309 181.1827174192782 235
1738726759348 158.14056715121777 236
1738726759386 175.08204469355928 237
1738726759425 158.46396643694214 238
1738726759463 158.7322607906599 239
1738726759501 162.7096846017731 240
1738726759539 181.71313790411423 241
1738726759577 154.59349057077088 242
1738726759615 156.90508359548613 243
1738726759652 182.54306372982617 244
1738726759689 188.6092805504493 245
1738726759726 179.5892120800489 246
1738726759763 157.1844599737317 247
1738726759800 172.77607110151808 248
1738726759836 169.57895171324782 249
1738726759873 156.19518097572902 250
1738726759911 191.8386831440883 251
1738726759949 179.23722217683306 252
1738726759987 173.8632290499242 253
1738726760024 171.95273683396556 254
1738726760062 146.37110519152054 255
1738726760100 160.4816565575616 256
1738726760137 173.90701126782935 257
1738726760175 183.9517535458278 258
1738726760213 169.1527683819466 259
1738726760250 170.30702498066773 260
1738726760287 165.79950349421023 261
1738726760325 181.7670558256076 262
1738726760362 158.7355959924422 263
1738726760400 179.35767415770675 264
1738726760438 170.13084267741752 265
1738726760476 163.91914657493942 266
1738726760514 181.1967156720905 267
1738726760552 176.8927970209177 268
1738726760590 193.05950447095043 269
1738726760628 211.27686085367068 270
1738726760666 173.32688299788245 271
1738726760704 177.22268381164352 272
1738726760741 174.2114613028862 273
1738726760779 163.64949073206733 274
1738726760817 168.55153714563252 275
1738726760855 190.56427711435347 276
1738726760892 221.98561656033942 277
1738726760930 147.4164189478654 278
1738726760968 154.98307495422324 279
1738726761005 179.08255347816237 280
1738726761043 161.18819303699445 281
1738726761080 181.0633907036675 282
1738726761118 154.44701699962204 283
1738726761155 161.6168545474139 284
1738726761193 169.07409249794497 285
1738726761231 172.99036272199533 286
1738726761268 157.60054072264077 287
1738726761306 156.38971365355314 288
1738726761344 190.97125623006167 289
1738726761382 161.60420257726918 290
1738726761420 210.7540835815663 291
1738726761458 174.55472879881665 292
1738726761496 136.39768376986905 293
1738726761534 155.0746100642508 294
1738726761576 167.90567124750578 295
1738726761615 189.55934498705054 296
1738726761657 146.21844576037827 297
1738726761695 181.43353820035918 298
1738726761733 161.46200557712714 299
1738726761770 179.96100758500148 300
1738726761808 170.54522849723057 301
1738726761845 186.33815581980554 302
1738726761882 159.90678127866605 303
1738726761920 168.43004525059885 304
1738726761958 161.1809002121541 305
1738726761996 178.93891440262627 306
1738726762034 171.33324562585662 307
1738726762072 146.1951155378399 308
1738726762109 195.73561373914356 309
1738726762147 172.73502632827697 310
1738726762184 180.29382988271024 311
1738726762222 188.03543361119856 312
1738726762259 168.21987116704517 313
1738726762298 153.58393600902343 314
1738726762336 144.2843321357776 315
1738726762373 186.72635774106638 316
1738726762411 179.39336223427736 317
1738726762449 178.53134932059203 318
1738726762486 139.84666657216712 319
1738726762523 175.82753221024817 320
1738726762560 211.4667476098564 321
1738726762597 175.35937499840276 322
1738726762634 170.83139641701342 323
1738726762672 171.69002933087387 324
1738726762710 180.35134003635338 325
1738726762748 162.91101997412818 326
1738726762786 173.65642541304197 327
1738726762824 174.66932679858775 328
1738726762862 177.258993867707 329
1738726762899 180.32837595674638 330
1738726762936 201.86446724612622 331
1738726762973 166.4539962065855 332
1738726763010 205.10023478169606 333
1738726763047 176.7632633786001 334
1738726763084 174.94129803816074 335
1738726763121 153.71301069901244 336
1738726763157 170.5906525898144 337
1738726763194 160.56416959298997 338
1738726763231 181.97791819805872 339
1738726763268 192.93931053685984 340
1738726763304 170.9957272554721 341
1738726763341 146.45051553131137 342
1738726763378 153.75751582614714 343
1738726763414 162.41988646688148 344
1738726763451 187.98970020442613 345
1738726763488 156.9304636283118 346
1738726763524 186.45375381501995 347
1738726763561 172.93597549367115 348
1738726763597 165.6846854017086 349
1738726763634 174.43308485689545 350
1738726763674 153.92341392024562 351
1738726763712 190.07675792384228 352
1738726763750 159.9416918307294 353
1738726763787 175.6653634158523 354
1738726763824 180.50245456822927 355
1738726763862 171.13317359916076 356
1738726763899 170.11666808815372 357
1738726763936 173.55483556080236 358
1738726763973 179.40809137593524 359
1738726764010 161.69943305032007 360
1738726764047 155.2295173753344 361
1738726764084 176.47975692154822 362
1738726764122 168.07438645960352 363
1738726764159 161.88684399199403 364
1738726764196 140.7431640900555 365
1738726764233 174.70245741641622 366
1738726764270 174.74965726350106 367
1738726764307 128.54834792191195 368
1738726764343 166.73182975369048 369
1738726764380 174.90434698124693 370
1738726764417 167.2061733847209 371
1738726764454 163.3433655207375 372
1738726764491 208.18680429623595 373
1738726764528 180.47404562088138 374
1738726764565 140.1858384702208 375
1738726764602 151.8969357484854 376
1738726764638 157.6217667049993 377
1738726764676 161.49592379534778 378
1738726764713 149.7896954186427 379
1738726764749 179.68450903003676 380
1738726764786 172.596269888024 381
1738726764823 137.01893925003284 382
1738726764861 180.293307476138 383
1738726764898 179.65154315230836 384
1738726764935 185.2701793370946 385
1738726764972 193.34781136472768 386
1738726765010 185.88147357117933 387
1738726765047 156.53806051523367 388
1738726765084 180.1184785663533 389
1738726765121 165.8179984892487 390
1738726765158 144.1118500282367 391
1738726765195 168.5819163378715 392
1738726765231 154.08748497943265 393
1738726765268 179.1053086783465 394
1738726765305 174.97439617198668 395
1738726765341 178.9361642925094 396
1738726765379 155.6938894181137 397
1738726765417 170.5426782212151 398
1738726765454 160.85993769445025 399
1738726765491 180.91289588047536 400
1738726765528 172.7327592420526 401
1738726765566 187.77291249405604 402
