1738722565481 172.23945886305697 0
1738722565483 167.98300738510756 1
1738722565485 167.57753577617328 2
1738722565487 169.6912553594783 3
1738722565490 166.77633504097338 4
1738722565492 170.61381358812602 5
1738722565494 168.66811636809888 6
1738722565496 167.38206046499258 7
1738722565498 168.361629603551 8
1738722565500 171.70668244348127 9
1738722565502 169.35861586413205 10
1738722565504 168.30807767284563 11
1738722565506 168.58985096374062 12
1738722565508 167.50382862655803 13
1738722565510 170.80217118410218 14
1738722565512 170.98846602951588 15
1738722565515 168.15000915342077 16
1738722565517 168.12085274342485 17
1738722565520 170.4599424560426 18
