1738722214638 191.32086193334783 0
1738722214674 150.51882543676967 1
1738722214710 134.0658061209836 2
1738722214747 169.57517097514287 3
1738722214784 160.55395530373005 4
1738722214821 187.1350541423766 5
1738722214858 152.75921793596 6
1738722214895 190.65806905453735 7
1738722214931 150.50971811090406 8
1738722214967 158.040117848526 9
1738722215003 127.44429406342165 10
1738722215040 170.61054216186452 11
1738722215076 160.89563059681086 12
1738722215112 167.72786997199032 13
1738722215149 142.56154373868813 14
1738722215185 176.7253757759234 15
1738722215222 178.29959234546993 16
1738722215259 159.34524855464983 17
1738722215296 176.8636953496287 18
1738722215333 195.23846247352935 19
1738722215370 153.57824725572283 20
1738722215407 159.7372032964332 21
1738722215444 138.92703198497188 22
1738722215482 127.67635730551798 23
1738722215519 166.61126435232637 24
1738722215556 188.77346849376477 25
1738722215593 207.4442294431336 26
1738722215631 188.1567512700308 27
1738722215667 175.8728667420392 28
1738722215704 173.0064474274395 29
1738722215741 213.28939098673348 30
1738722215778 164.58590387472117 31
1738722215815 173.42544910065143 32
1738722215851 130.6485414985055 33
1738722215888 138.1632078563464 34
1738722215925 190.10309888654098 35
1738722215962 169.76331832360026 36
1738722216000 186.58092659630964 37
1738722216036 136.31723843419238 38
1738722216073 150.87969431927527 39
1738722216110 156.16935627918826 40
1738722216146 168.59945054490782 41
1738722216183 179.26987551716041 42
1738722216219 166.7083880966975 43
1738722216256 162.61115262782386 44
1738722216292 223.00343935197597 45
1738722216329 170.26846957266397 46
1738722216365 176.4568443797921 47
1738722216402 149.64995494767962 48
1738722216440 184.69118844026931 49
1738722216478 173.98296459287212 50
1738722216517 138.88697884654755 51
1738722216555 170.20871012694457 52
1738722216593 182.39071732610572 53
1738722216631 178.82121863596882 54
1738722216669 182.71085345101926 55
1738722216707 170.32290855266376 56
1738722216745 167.17257772011465 57
1738722216782 170.21674999948596 58
1738722216819 157.3368437277604 59
1738722216857 161.11519302785345 60
1738722216895 179.12959773948893 61
1738722216932 169.51808405214442 62
1738722216969 156.6209811640982 63
1738722217008 151.84054395183546 64
1738722217045 149.36713393210547 65
1738722217083 169.63484327965787 66
1738722217121 156.56195982137967 67
1738722217159 183.02601174560485 68
1738722217196 179.77999136236463 69
1738722217232 188.58428560829762 70
1738722217269 158.404123806834 71
1738722217306 191.46807740758283 72
1738722217343 166.7407679563336 73
1738722217380 181.18670839533414 74
1738722217417 164.15087954058833 75
1738722217454 175.00398616585883 76
1738722217491 146.61551500797788 77
1738722217528 143.41407594697785 78
1738722217564 175.35984199913005 79
1738722217601 178.51075865110684 80
1738722217639 153.40731916293117 81
1738722217677 167.01125421776072 82
1738722217715 159.40639621310243 83
1738722217753 166.36181380477353 84
1738722217791 187.83606148933092 85
1738722217829 168.80114546816407 86
1738722217868 153.71118288153295 87
1738722217906 174.22626511096325 88
1738722217944 171.31161770131578 89
1738722217981 158.14159944982933 90
1738722218018 188.27682358222722 91
1738722218055 169.17648867272544 92
1738722218092 186.32411762273762 93
1738722218129 167.99217618211168 94
1738722218167 144.59924575757464 95
1738722218204 148.69913094850375 96
1738722218242 134.97525536776334 97
1738722218280 156.8535376907736 98
1738722218318 154.75861459416842 99
1738722218356 164.95920613592824 100
1738722218395 194.0744545312698 101
1738722218432 182.27556530236936 102
1738722218470 133.53309017641217 103
1738722218508 130.98944713416526 104
1738722218545 153.76876835190473 105
1738722218583 172.40996300660973 106
1738722218622 175.690219657268 107
1738722218660 219.91907206028407 108
1738722218698 159.49003835011115 109
1738722218736 190.44855037220734 110
1738722218773 165.59946692589813 111
1738722218811 183.7766538281531 112
1738722218849 188.99001367243667 113
1738722218887 134.1298838187811 114
1738722218925 177.96164630619256 115
1738722218963 166.364563111701 116
1738722219001 168.55829953545356 117
1738722219039 152.86065407733295 118
1738722219076 157.71187168737268 119
1738722219114 172.55772106480674 120
1738722219152 195.4571916749423 121
1738722219189 152.28813499637872 122
1738722219226 184.42540346848028 123
1738722219264 185.24883904711584 124
1738722219301 183.86457273073464 125
1738722219338 163.68238766026604 126
1738722219374 187.32445126325845 127
1738722219411 178.38494660405232 128
1738722219448 162.6855649807385 129
1738722219485 173.31161983902663 130
1738722219522 162.3212142621946 131
1738722219558 173.1067401758307 132
1738722219595 149.77522788677925 133
1738722219631 153.28092053102495 134
1738722219669 169.30787908961088 135
1738722219706 178.29816848823288 136
1738722219743 157.6768076097295 137
1738722219780 150.95752416144236 138
1738722219817 175.20369054469538 139
1738722219854 149.08687447389997 140
1738722219892 151.09092628896718 141
1738722219929 178.0029165175147 142
1738722219966 163.364708055033 143
1738722220004 158.45891742963775 144
1738722220042 185.0604762133535 145
1738722220080 174.66968478898224 146
1738722220117 181.33979045516207 147
1738722220154 172.5398789961343 148
1738722220192 273.67735570692 149
1738722220229 165.53315486303447 150
1738722220267 163.86424883743095 151
1738722220304 162.06862198488247 152
1738722220341 188.86626677070547 153
1738722220377 162.3553040899696 154
1738722220414 160.1412553924724 155
1738722220451 145.20778349344286 156
1738722220489 161.08703493437562 157
1738722220526 154.62572076338955 158
1738722220564 165.397120060583 159
1738722220601 182.53996726110753 160
1738722220639 165.3398100694521 161
1738722220677 122.85706538122366 162
1738722220714 167.68191497038129 163
1738722220751 176.49883695161574 164
1738722220808 187.5633136039377 165
1738722220845 196.14481759798917 166
1738722220882 164.01981337864726 167
1738722220919 147.8114755600954 168
1738722220956 189.8160892378902 169
1738722220993 173.94212765545223 170
1738722221030 178.05037178431797 171
1738722221067 161.0249386588789 172
1738722221104 161.68438828518188 173
1738722221140 166.34612478974654 174
1738722221176 153.68402610549106 175
1738722221213 152.99157231972828 176
1738722221249 172.357977934248 177
1738722221287 217.2376752244161 178
1738722221324 141.61629499650604 179
1738722221363 175.2437669709033 180
1738722221401 163.57684000507666 181
1738722221439 184.4182502746988 182
1738722221477 185.5983799221131 183
1738722221515 166.7342101337115 184
1738722221553 169.54644762363736 185
1738722221590 172.08661002986682 186
1738722221629 160.8064045613015 187
1738722221666 168.72893682496405 188
1738722221703 165.8890776292437 189
1738722221741 191.62763095184022 190
1738722221777 145.557034345781 191
1738722221814 172.19858912379834 192
1738722221851 153.40627338249345 193
1738722221887 169.70033259374955 194
1738722221923 151.8213240521634 195
1738722221961 169.73457627778743 196
1738722221999 175.75641966435379 197
1738722222036 189.68062196403153 198
1738722222074 179.94311102265834 199
1738722222112 174.5092620629862 200
1738722222150 176.266754038231 201
1738722222187 165.08621631119084 202
1738722222224 176.91948793098246 203
1738722222261 171.8504837295674 204
1738722222298 174.87950799792458 205
1738722222335 213.34059848607967 206
1738722222373 160.13095741570544 207
1738722222411 165.4366889958977 208
1738722222448 181.9482266898014 209
1738722222486 159.7688114531169 210
1738722222524 152.5931424165602 211
1738722222562 177.82042406894703 212
1738722222599 155.663179562611 213
1738722222637 158.34794385535065 214
1738722222675 188.57863378326158 215
1738722222713 174.019647713132 216
1738722222752 151.94455903154258 217
1738722222790 162.3539759227043 218
1738722222828 150.035121166292 219
1738722222866 149.23918660245002 220
1738722222904 166.6810831879227 221
1738722222942 148.90583554830698 222
1738722222979 194.80661246792081 223
1738722223016 171.67371109023495 224
1738722223053 154.3942681826187 225
1738722223091 185.01826663583762 226
1738722223128 158.51702718059204 227
1738722223165 174.91208903404703 228
1738722223201 166.54346205076507 229
1738722223238 175.71898890483814 230
1738722223276 140.38772102558428 231
1738722223314 175.31626534853262 232
1738722223352 186.24947091672377 233
1738722223390 186.86255839103163 234
1738722223428 178.76973781789061 235
1738722223467 191.46687388070544 236
1738722223505 165.59637985364395 237
1738722223543 175.43194215229832 238
1738722223582 192.22943883233202 239
1738722223622 190.5897556420963 240
1738722223660 176.1391755952675 241
1738722223698 174.73884790977434 242
1738722223735 160.21107546632922 243
1738722223772 177.40015125723266 244
1738722223809 149.91951967902617 245
1738722223846 149.02182139440578 246
1738722223883 184.72855631005103 247
1738722223921 172.26717112101005 248
1738722223960 148.17863989805113 249
1738722223999 152.26420741132608 250
1738722224037 161.6576971529745 251
1738722224076 196.14354084116016 252
1738722224115 160.15483198156292 253
1738722224154 161.4013550836691 254
1738722224192 136.58922775921474 255
1738722224261 195.8319094941034 256
1738722224300 159.59849640435192 257
1738722224337 169.40856056204538 258
1738722224375 138.19683488128422 259
1738722224412 179.30249301662374 260
1738722224450 189.0486014657169 261
1738722224488 183.07387301937695 262
1738722224526 171.4394100409414 263
1738722224564 151.34821975012815 264
1738722224603 183.80344463171855 265
1738722224640 184.42164607492182 266
1738722224679 147.44513162486604 267
1738722224717 184.42334111165658 268
1738722224756 150.5653760940269 269
1738722224794 172.4604027647439 270
1738722224832 186.3738081024282 271
1738722224869 218.48636739287747 272
1738722224906 159.27523396231015 273
1738722224943 156.07102957934032 274
1738722224980 202.40084085036253 275
1738722225017 171.8152820818992 276
1738722225053 171.86770379139733 277
1738722225090 168.89759437237342 278
1738722225126 184.89407093062437 279
1738722225163 195.80608328160739 280
1738722225199 155.02365240919693 281
1738722225236 177.07015866418513 282
1738722225272 132.7721252677708 283
1738722225308 146.1745663408309 284
1738722225344 168.3306686877771 285
1738722225380 182.41264170954588 286
1738722225416 168.15838039446862 287
1738722225452 139.9968092847265 288
1738722225488 195.6031765960231 289
1738722225524 174.18866500392497 290
1738722225560 168.02287460313946 291
1738722225595 182.486487044161 292
1738722225631 184.83390871319855 293
1738722225667 132.60909982055063 294
1738722225702 173.27129328596658 295
1738722225738 176.80946639128058 296
1738722225774 197.42810321089303 297
1738722225810 160.4341439296332 298
1738722225846 180.8555106107512 299
1738722225882 179.2830036276501 300
1738722225918 183.52440734342596 301
1738722225954 145.92451682202787 302
1738722225990 180.2704893580035 303
1738722226025 154.35298108742282 304
1738722226061 180.01457613739632 305
1738722226097 143.4430864468562 306
1738722226133 142.192960779091 307
1738722226169 181.45321298371962 308
1738722226204 153.2193492566344 309
1738722226240 131.8767323381797 310
1738722226276 174.97993564061872 311
1738722226313 181.7327954274663 312
1738722226350 209.41009552764794 313
1738722226387 157.8597457254566 314
1738722226424 191.29266093637867 315
1738722226461 174.00678103788962 316
1738722226498 160.52731137606952 317
1738722226534 201.57566710122114 318
1738722226571 149.03580494709323 319
1738722226608 203.73534531361003 320
1738722226646 162.54273588621024 321
1738722226684 173.06573654498817 322
1738722226722 164.3607347253128 323
1738722226761 180.85410024243902 324
1738722226801 132.02462594699904 325
1738722226840 167.28553851375946 326
1738722226879 141.97085402529052 327
1738722226917 227.58871583231542 328
1738722226956 161.6011481821842 329
1738722226994 167.53234549679684 330
1738722227032 179.5744630613609 331
1738722227071 164.67502042514903 332
1738722227109 174.02580978413454 333
1738722227147 186.30867037131995 334
1738722227186 180.1385122200683 335
1738722227226 172.18631807911362 336
1738722227265 185.4005728706432 337
1738722227322 173.63254904528122 338
1738722227391 155.78827549502964 339
1738722227430 172.28172237407782 340
1738722227468 195.60574287920105 341
1738722227506 169.47970327082754 342
1738722227545 177.09690792815624 343
1738722227585 168.7207129567495 344
1738722227622 137.32854104097333 345
1738722227659 164.75062471188778 346
1738722227697 249.88472599297216 347
1738722227735 162.45572559322068 348
1738722227774 181.23473073743503 349
1738722227813 182.60863339951652 350
1738722227851 177.0931571757511 351
1738722227888 171.7548372171098 352
1738722227924 159.74906949086562 353
1738722227961 179.0157937402438 354
1738722227997 183.36167935864245 355
1738722228034 151.18559146017793 356
1738722228070 177.28288368813668 357
1738722228106 152.55390873119748 358
1738722228142 176.21343637618702 359
1738722228179 134.19797664457542 360
1738722228216 181.15352633018568 361
1738722228252 174.54619830529634 362
1738722228288 162.94384434761434 363
1738722228324 186.6313039282742 364
1738722228360 171.5484237548522 365
1738722228397 161.3865068447412 366
1738722228435 173.98458028757875 367
1738722228473 191.8038238844374 368
1738722228510 159.28284442450416 369
1738722228551 174.41152371396834 370
1738722228588 203.05211189040264 371
1738722228625 176.42517873863764 372
1738722228662 139.18376495489903 373
1738722228699 209.15222037545166 374
1738722228735 205.79425948654867 375
1738722228772 117.20139003561846 376
1738722228810 143.12159156287353 377
1738722228846 137.698622255371 378
1738722228883 139.2375611982238 379
1738722228920 168.61858166347594 380
1738722228956 153.49070011324645 381
1738722228992 137.47733043146258 382
1738722229029 199.62564764662466 383
1738722229065 162.40194664888864 384
1738722229101 105.32180091513014 385
1738722229138 128.74556792044373 386
1738722229174 180.974286198631 387
1738722229215 173.85224872142746 388
1738722229253 228.9870190217144 389
1738722229290 156.182321200726 390
1738722229327 165.17172196060383 391
1738722229364 128.6744458645544 392
1738722229400 164.80875371204291 393
1738722229436 180.31897435867796 394
1738722229473 184.49437331120743 395
1738722229509 169.73821660604554 396
1738722229546 193.8093457959198 397
1738722229583 164.0429723601042 398
1738722229620 160.63633687484142 399
1738722229656 173.54169620336742 400
1738722229693 168.10546334355573 401
1738722229729 161.61146057672897 402
1738722229765 164.73290306393318 403
1738722229802 161.46653551860564 404
1738722229838 185.4595770330024 405
1738722229874 132.2326198303091 406
1738722229910 158.1051573790891 407
1738722229946 183.23022447433715 408
1738722229982 178.74598908609747 409
1738722230018 171.76825647970492 410
1738722230054 161.68822988307193 411
1738722230090 142.968175425538 412
1738722230126 178.4616820107991 413
1738722230162 151.1906196320288 414
1738722230197 200.54237149816439 415
1738722230233 166.81527750793478 416
1738722230269 180.45987156336946 417
1738722230304 142.20084063747592 418
1738722230342 188.57144609425464 419
1738722230379 169.79768440870936 420
1738722230416 153.75929180310814 421
1738722230453 150.41777021752728 422
1738722230489 189.21970791247648 423
1738722230526 177.46340707706682 424
1738722230563 180.3339922845062 425
1738722230599 112.31005396212939 426
1738722230636 139.623818274253 427
1738722230673 181.10921754837668 428
1738722230709 171.62114378852763 429
1738722230745 176.52260251426637 430
1738722230782 166.99591812588955 431
1738722230818 175.2320020684036 432
1738722230854 172.12600943525132 433
1738722230891 158.00087036797242 434
1738722230927 215.47613367235084 435
1738722230964 178.69330544328847 436
1738722231001 164.32181827843837 437
1738722231037 168.74395487956244 438
1738722231074 159.1229728402387 439
1738722231110 180.74133411766385 440
1738722231146 177.66963576524748 441
1738722231182 166.13033365397558 442
1738722231219 202.65874329317867 443
1738722231257 184.78276747745736 444
1738722231293 143.00437637681037 445
1738722231330 173.64032403941889 446
1738722231366 197.6199299003742 447
1738722231403 191.83271605621457 448
1738722231439 178.65297804376917 449
1738722231476 166.54387265657286 450
1738722231512 173.5320759661813 451
1738722231548 190.86080947445075 452
1738722231584 176.6100744818996 453
1738722231620 241.88539959285845 454
1738722231657 172.8939301757015 455
1738722231693 217.66349694274507 456
1738722231730 178.97104558132457 457
1738722231767 154.71786434193012 458
1738722231803 184.69943848945016 459
1738722231840 137.99045484784966 460
1738722231876 173.47559017041002 461
1738722231913 181.42406531657818 462
1738722231949 196.07542281971814 463
1738722231985 173.3909436286479 464
1738722232021 146.66437854244379 465
1738722232057 169.78708421421572 466
1738722232094 176.54805709485532 467
1738722232130 174.95280622788204 468
1738722232166 158.43256707013688 469
1738722232203 177.21640230896114 470
1738722232241 196.95522908677103 471
1738722232279 145.86310909816072 472
1738722232317 173.25354901396904 473
1738722232354 174.30692971771748 474
1738722232392 165.20642880165002 475
1738722232430 150.53216225987705 476
1738722232467 161.3523570927632 477
1738722232504 172.45874427792765 478
1738722232541 200.42573268193303 479
1738722232578 151.1867560307403 480
1738722232616 193.94761279138007 481
1738722232653 172.92650206791632 482
1738722232690 175.41261969289758 483
1738722232726 129.01140201925165 484
1738722232762 178.83652366775533 485
1738722232799 180.96734622842317 486
1738722232835 150.67918332905643 487
1738722232871 140.91351427747765 488
1738722232908 176.21187838598456 489
1738722232944 243.0050771092124 490
1738722232980 148.93406654538043 491
1738722233016 183.2560291135795 492
1738722233052 179.78996645224825 493
1738722233088 166.14235159312972 494
1738722233124 203.3576712456282 495
1738722233160 205.10505715498618 496
1738722233197 137.17016177276284 497
1738722233233 250.02150820021762 498
1738722233270 143.55528502828312 499
