1738722389734 171.6003546037806 0
1738722389736 172.9126514742867 1
1738722389738 172.23117710814094 2
1738722389740 166.2778190509022 3
1738722389742 168.35543984780463 4
1738722389744 170.52785063420163 5
1738722389746 171.11978108923873 6
1738722389748 169.90335721749756 7
1738722389749 169.28390492937703 8
1738722389751 168.00615589230839 9
1738722389753 170.32922248987083 10
1738722389755 167.8092451673796 11
1738722389757 168.57476263033323 12
1738722389759 169.75505861356825 13
1738722389761 168.35718740196018 14
1738722389763 167.43675600287082 15
1738722389764 167.5089120981031 16
1738722389766 166.4308081555994 17
