1738724160601 206.80756075725685 0
1738724160636 136.0968636585958 1
1738724160671 165.12333305874688 2
1738724160706 182.29029785158497 3
1738724160741 157.56337859188676 4
1738724160776 176.64242145879606 5
1738724160812 185.34861695225024 6
1738724160848 178.48910939907097 7
1738724160884 151.49295914751133 8
1738724160919 151.951701776224 9
1738724160955 157.9904496478597 10
1738724160990 160.70724169031058 11
1738724161025 171.0175113483052 12
1738724161060 160.2857897019303 13
1738724161095 170.44566096953253 14
1738724161131 170.59713600409614 15
1738724161166 174.74334926219092 16
1738724161201 187.38441289771296 17
1738724161236 168.08257824768927 18
1738724161272 156.42736629134143 19
1738724161307 170.71539916758883 20
1738724161342 180.53316032467038 21
1738724161377 132.0007017388758 22
1738724161412 169.43350453032508 23
1738724161447 173.23830799714366 24
1738724161483 136.98190184841982 25
1738724161517 160.3281656169605 26
1738724161552 142.025203694122 27
1738724161587 181.3303319807716 28
1738724161622 152.54479861918512 29
1738724161657 141.7508073870361 30
1738724161692 174.43802167240057 31
1738724161727 158.76355404901452 32
1738724161762 161.4971208489557 33
1738724161797 167.5874928700608 34
1738724161831 177.22827745850762 35
1738724161866 166.7028858434298 36
1738724161901 170.06219470160175 37
1738724161936 138.8705958655743 38
1738724161971 157.81993848405423 39
1738724162006 165.1682608017006 40
1738724162041 168.3500546705341 41
1738724162076 162.86976981012248 42
1738724162111 164.1247611288161 43
1738724162146 163.63879604406097 44
1738724162181 192.9128814913556 45
1738724162216 171.75973825237003 46
1738724162251 179.79288108144607 47
1738724162286 146.94724370380524 48
1738724162320 177.57033797373435 49
1738724162356 115.47186898401588 50
1738724162391 160.06947833169463 51
1738724162426 166.61374515226476 52
1738724162460 197.47125785181308 53
1738724162496 181.08551459111186 54
1738724162531 159.6964520426264 55
1738724162566 144.88371160676985 56
1738724162601 182.5764994670146 57
1738724162635 163.34669387204087 58
1738724162670 170.9663526167089 59
1738724162705 187.8225620906876 60
1738724162740 179.8462291855366 61
1738724162775 171.72806594139269 62
1738724162809 153.476126925691 63
1738724162844 173.5485676651761 64
1738724162879 220.904380185295 65
1738724162914 195.60156831318002 66
1738724162949 173.10047038234694 67
1738724162983 164.45692179459476 68
1738724163018 169.03911630819934 69
1738724163053 152.45341231811503 70
1738724163087 160.01866087841546 71
1738724163122 179.35244197353018 72
1738724163157 185.6507706191207 73
1738724163191 170.039049917366 74
1738724163226 171.94401967795173 75
1738724163261 137.80079200706305 76
1738724163295 160.64974261459986 77
1738724163330 215.4551248790526 78
1738724163365 156.12363242419832 79
1738724163400 174.73399249004785 80
1738724163435 140.48494822061085 81
1738724163469 150.27920632461493 82
1738724163504 157.19983079839193 83
1738724163539 162.38849049918224 84
1738724163574 176.57662235711433 85
1738724163608 181.05104441303692 86
1738724163643 170.32058296965005 87
1738724163678 153.2734963608335 88
1738724163712 158.30428321304683 89
1738724163747 175.20349897317405 90
1738724163782 146.72974778571736 91
1738724163817 151.24396760948537 92
1738724163851 159.19871282460977 93
1738724163886 149.4450149125459 94
1738724163921 154.00947504210546 95
1738724163955 172.94677892225303 96
1738724163990 171.71283682708483 97
1738724164024 167.27719081797662 98
1738724164062 133.4481065497239 99
1738724164100 193.50077585412888 100
1738724164136 177.30389433884756 101
1738724164171 157.13449913601585 102
1738724164207 151.56029359030597 103
1738724164242 147.02464661011314 104
1738724164278 163.16172622641704 105
1738724164313 194.08741816919883 106
1738724164349 166.6019503643069 107
1738724164384 170.12059861890756 108
1738724164420 152.28169126328618 109
1738724164455 175.48838019751366 110
1738724164491 191.45163865530148 111
1738724164526 171.13300502233452 112
1738724164562 165.33238770411074 113
1738724164598 182.36497196213915 114
1738724164633 172.41086960088234 115
1738724164668 146.67187637591059 116
1738724164704 173.67875440739607 117
1738724164739 172.2696428431674 118
1738724164774 177.28882244231096 119
1738724164809 166.83842837238782 120
1738724164844 163.77909313053735 121
1738724164879 139.02830428290525 122
1738724164914 173.34847149082188 123
1738724164949 176.88850028042978 124
1738724164984 159.2295685920261 125
1738724165019 178.8436870399198 126
1738724165054 222.8257876801586 127
1738724165089 168.7394154686472 128
1738724165124 182.4711476935922 129
1738724165159 162.35872081818172 130
1738724165194 168.3063380761593 131
1738724165229 165.68671592283522 132
1738724165264 163.77255837745795 133
1738724165299 163.63175599983174 134
1738724165334 180.80125002585254 135
1738724165369 168.10318630250902 136
1738724165404 193.42203959303393 137
1738724165439 132.77187166899128 138
1738724165474 159.07362592781604 139
1738724165509 198.7455630925568 140
1738724165544 153.4706982066403 141
1738724165580 172.12751885687535 142
1738724165615 180.54686782222697 143
1738724165650 145.86503448217547 144
1738724165685 139.75551844977267 145
1738724165720 154.8054592768146 146
1738724165755 165.1025572931511 147
1738724165790 148.85127980122462 148
1738724165825 219.73525006209303 149
1738724165861 161.63530710995144 150
1738724165896 198.77775901916223 151
1738724165931 169.20724881808172 152
1738724165966 166.55561855268144 153
1738724166001 206.1228442993932 154
1738724166036 192.1313476097997 155
1738724166071 160.67188946213332 156
1738724166106 183.45363269096566 157
1738724166141 160.09995570513166 158
1738724166176 142.90639911005994 159
1738724166211 170.20812485090707 160
1738724166245 164.4052851999369 161
1738724166280 177.3668970325655 162
1738724166315 170.06343343404777 163
1738724166350 162.14075088326302 164
1738724166385 141.82907971952022 165
1738724166420 163.06261508543304 166
1738724166455 152.22515092534593 167
1738724166490 170.64489898762162 168
1738724166525 143.66918638112037 169
1738724166560 156.54887813032488 170
1738724166595 177.17514297101704 171
1738724166630 154.86994656060506 172
1738724166665 112.56874292988745 173
1738724166700 191.44385270813947 174
1738724166734 187.27603022420348 175
1738724166769 150.40140381898283 176
1738724166804 178.33645272847627 177
1738724166838 163.6444813705568 178
1738724166873 158.86351265260436 179
1738724166908 176.40330757488914 180
1738724166943 169.81703189841042 181
1738724166977 175.914300540683 182
1738724167012 180.96385314161245 183
1738724167047 182.72297902269543 184
1738724167081 153.52668378146467 185
1738724167116 147.5362724162997 186
1738724167150 141.56812442463757 187
1738724167185 173.87534695927425 188
1738724167219 154.63421962017722 189
1738724167254 169.73164678150994 190
1738724167289 160.6654443444561 191
1738724167323 178.5370807312027 192
1738724167358 176.7963359068141 193
1738724167392 182.18790176128783 194
1738724167427 185.5735424293217 195
1738724167461 188.92838314560254 196
1738724167496 173.02646473222887 197
1738724167531 164.90315296297186 198
1738724167566 134.79695161268307 199
1738724167600 157.10508918999417 200
1738724167635 175.83402764042066 201
1738724167670 172.64839186631843 202
1738724167705 182.58091052101454 203
1738724167741 148.92343176017758 204
1738724167776 162.17750694016678 205
1738724167811 169.9734316952488 206
1738724167847 160.6866233710198 207
1738724167882 141.71590237533363 208
1738724167918 162.03595988917255 209
1738724167953 174.24215843072017 210
1738724167988 168.55643512538322 211
1738724168023 181.2377581642216 212
1738724168058 171.22575527277388 213
1738724168093 141.1358717824564 214
1738724168128 172.990272297944 215
1738724168163 180.36410474892995 216
1738724168199 181.10056114493284 217
1738724168234 182.14101577194114 218
1738724168269 168.3476293495119 219
1738724168304 171.8637336846073 220
1738724168339 137.56172270506067 221
1738724168374 170.32885203249876 222
1738724168409 169.58625751521947 223
1738724168444 158.56032646918484 224
1738724168479 159.49613509570298 225
1738724168514 136.47264854776842 226
1738724168549 145.32098201492454 227
1738724168584 166.67746617103995 228
1738724168619 175.94371600098287 229
1738724168654 155.31302486235424 230
1738724168690 214.9630940049217 231
1738724168725 163.84021643272905 232
1738724168760 135.56505541704274 233
1738724168794 191.52236314749342 234
1738724168829 156.58417466421494 235
1738724168864 153.5446823448106 236
1738724168899 168.9682065899342 237
1738724168934 153.23476150545025 238
1738724168969 169.29985707324846 239
1738724169004 166.49542857814592 240
1738724169039 173.07841613537897 241
1738724169074 150.28718156657047 242
1738724169109 155.59708976977754 243
1738724169144 154.27398524104694 244
1738724169179 159.90002786524698 245
1738724169214 155.36087832027783 246
1738724169249 147.98545632323854 247
1738724169284 162.45263772873483 248
1738724169319 183.7095831063126 249
1738724169354 158.1086620299669 250
1738724169389 175.31032260601333 251
1738724169424 181.9985308303281 252
1738724169459 147.2458931062965 253
1738724169494 144.662544872482 254
1738724169529 161.63460750292788 255
1738724169564 189.19917874193817 256
1738724169598 188.2139261707882 257
1738724169633 171.18942744060752 258
1738724169668 180.11606167710926 259
1738724169703 159.03991283809617 260
1738724169738 161.83449991023377 261
1738724169772 192.91011759964866 262
1738724169807 153.8822625337412 263
1738724169842 156.2271202236151 264
1738724169877 177.15001908377192 265
1738724169911 192.64919946264217 266
1738724169946 169.90078279692273 267
1738724169981 184.35922870445236 268
1738724170016 186.00163076850217 269
1738724170050 178.69466754921027 270
1738724170085 165.7692354694462 271
1738724170120 152.2683491872033 272
1738724170155 142.85099246329096 273
1738724170189 183.99094014139976 274
1738724170224 158.86742802518856 275
1738724170259 164.63556294258905 276
1738724170294 174.47520089834563 277
1738724170328 157.4173906556525 278
1738724170363 150.4283231481074 279
1738724170398 187.82255716675522 280
1738724170433 185.5967762923184 281
1738724170467 206.7119095964798 282
1738724170502 170.00708312485884 283
1738724170536 169.46597157561948 284
1738724170571 177.50401875268685 285
1738724170606 160.76794920981203 286
1738724170640 182.01368059419366 287
1738724170675 126.30590148185415 288
1738724170710 160.09214378085736 289
1738724170745 151.78429891279114 290
1738724170779 166.86066858247136 291
1738724170814 153.38887623714857 292
1738724170849 162.03390471657403 293
1738724170883 151.2808593418465 294
1738724170918 162.2321107506712 295
1738724170952 202.6240233247699 296
1738724170987 161.79605624923013 297
1738724171022 180.276990446112 298
1738724171056 113.22473644775684 299
1738724171091 173.8416985129414 300
1738724171125 163.74729535257475 301
1738724171160 183.57294147483717 302
1738724171194 190.21646925301388 303
1738724171229 169.33261035069057 304
1738724171263 189.72590879410396 305
1738724171298 187.39022910873192 306
1738724171333 116.53208753241994 307
1738724171369 167.93771964026325 308
1738724171404 217.06380836438126 309
1738724171439 144.76920934140844 310
1738724171475 158.27646041583802 311
1738724171510 181.29845112268626 312
1738724171545 175.82913838042478 313
1738724171580 163.98759181887334 314
1738724171615 185.57755650015076 315
1738724171650 128.2835516315226 316
1738724171685 176.82508713530743 317
1738724171720 190.18048028928595 318
1738724171755 169.11631036156757 319
