1738726308729 163.53352725151439 0
1738726308767 175.8946387418627 1
1738726308805 153.39230091890116 2
1738726308843 186.4385933192097 3
1738726308881 171.6058226983949 4
1738726308919 196.412374806797 5
1738726308958 151.78534208847867 6
1738726308996 187.67619864326417 7
1738726309034 159.8455884417574 8
1738726309073 191.3273058756327 9
1738726309111 181.19062027132932 10
1738726309149 153.15418071622713 11
1738726309187 154.08379615152685 12
1738726309225 164.43783234041243 13
1738726309263 185.56732439159813 14
1738726309302 190.12126885484398 15
1738726309341 171.354834702687 16
1738726309380 189.31293212791982 17
1738726309418 165.3925497011179 18
1738726309457 160.44937168097889 19
1738726309496 183.0774426453639 20
1738726309535 155.00944833535354 21
1738726309573 146.7868298008432 22
1738726309611 98.06006566344637 23
1738726309648 188.07257456297336 24
1738726309688 169.36991345038135 25
1738726309726 174.83218119192358 26
1738726309764 176.45570116961323 27
1738726309802 156.84304477052828 28
1738726309840 167.70836286080643 29
1738726309878 173.8582739505939 30
1738726309916 151.5018887149071 31
1738726309954 165.81934544307873 32
1738726309992 149.1750463866004 33
1738726310030 156.12055823896682 34
1738726310069 156.38120704164933 35
1738726310107 185.67079894003479 36
1738726310145 166.96183984899673 37
1738726310183 155.14693704914242 38
1738726310221 201.5315998581364 39
1738726310259 164.77929288095183 40
1738726310297 162.36484068288345 41
1738726310335 156.34678952531084 42
1738726310376 157.35070419104127 43
1738726310415 148.17890596853755 44
1738726310455 182.8521363783734 45
1738726310494 162.85421698551963 46
1738726310533 165.8733630176793 47
1738726310571 189.6936007664259 48
1738726310610 161.70667069048525 49
1738726310649 150.71865182655418 50
1738726310687 177.22431480393826 51
1738726310726 163.29019341301856 52
1738726310764 181.88533304986962 53
1738726310803 151.63741837121498 54
1738726310841 166.15467360772413 55
1738726310878 163.8640363806273 56
1738726310916 199.73407938767588 57
1738726310954 243.0906557508472 58
1738726310991 225.6073557425364 59
1738726311029 186.79467129180026 60
1738726311066 155.97267501292123 61
1738726311104 160.7586214697212 62
1738726311141 186.71597944684783 63
1738726311179 150.02506609115815 64
1738726311216 142.9844253959894 65
1738726311253 164.8529425360908 66
1738726311291 169.01701122425223 67
1738726311328 188.54261374114012 68
1738726311365 177.40562974273806 69
1738726311403 174.83728179933524 70
1738726311440 157.36185039016118 71
1738726311477 157.2643812343216 72
1738726311515 162.34362900221853 73
1738726311552 189.26157728384013 74
1738726311589 175.3900176544697 75
1738726311627 153.49517061092786 76
1738726311664 184.08595440691394 77
1738726311701 175.19278987301936 78
1738726311738 201.03027890122013 79
1738726311776 158.9523992426981 80
1738726311813 164.87879337771534 81
1738726311850 158.96930946288668 82
1738726311887 177.94578136716495 83
1738726311924 181.28162442353462 84
1738726311962 137.9664855625433 85
1738726311999 171.79528455394055 86
1738726312036 165.95694567883106 87
1738726312073 168.61900415638792 88
1738726312110 133.4188580999718 89
1738726312148 146.6903058882071 90
1738726312187 161.07512802493306 91
1738726312225 154.7191692546125 92
1738726312263 193.08262756771646 93
1738726312301 148.49805957345595 94
1738726312339 165.32616956717197 95
1738726312377 170.89775102638347 96
1738726312415 182.2301892165187 97
1738726312453 186.6726418919554 98
1738726312490 162.34591688404169 99
1738726312528 189.24682339030102 100
1738726312565 101.61529777455848 101
1738726312603 205.22330360885886 102
1738726312641 172.75044740174084 103
1738726312678 194.73203099625255 104
1738726312715 177.06021254184557 105
1738726312753 159.926480295515 106
1738726312790 120.03024903412397 107
1738726312828 166.59926850792084 108
1738726312866 178.41151241581002 109
1738726312904 181.543656037384 110
1738726312944 180.26189483421746 111
1738726312983 160.2945290465346 112
1738726313023 155.41628860159207 113
1738726313062 175.92921990957117 114
1738726313101 205.5642550139469 115
1738726313139 179.16229714220285 116
1738726313177 166.0041861687495 117
1738726313215 212.42279715362855 118
1738726313253 130.06718813340797 119
1738726313291 174.23682810790362 120
1738726313329 160.9204593039522 121
1738726313367 178.64942821760704 122
1738726313405 137.31616315262232 123
1738726313443 200.0530551807575 124
1738726313480 173.47558988321904 125
1738726313518 179.81921694342785 126
1738726313556 166.9646386310903 127
1738726313594 138.68945392635663 128
1738726313631 173.15571969946984 129
1738726313669 117.4810676379033 130
1738726313706 186.94840120734082 131
1738726313744 126.15719207534275 132
1738726313781 173.0747945962863 133
1738726313819 169.7874225053491 134
1738726313859 184.42745523367307 135
1738726313899 163.441305845646 136
1738726313939 173.1864423137188 137
1738726313978 171.38792327338822 138
1738726314018 154.04288297003717 139
1738726314057 177.84070261666218 140
1738726314095 160.01554321136376 141
1738726314134 227.67679188886677 142
1738726314173 142.29915576510507 143
1738726314223 215.24054099006423 144
1738726314273 167.83672743831525 145
1738726314319 193.67010916170526 146
1738726314359 150.02239444409543 147
1738726314398 193.3282924081087 148
1738726314438 161.32537308195805 149
1738726314477 195.6940257678629 150
1738726314515 185.8079580033599 151
1738726314554 201.12477453358701 152
1738726314592 141.67921837898217 153
1738726314630 164.1723843251518 154
1738726314668 159.20766358427002 155
1738726314706 185.75793283972604 156
1738726314744 147.63648192450694 157
1738726314783 156.7924071658278 158
1738726314822 144.41798440309918 159
1738726314861 133.2468701414765 160
1738726314899 158.7084898689581 161
1738726314938 155.17580457457598 162
1738726314976 168.2050992672203 163
1738726315014 169.08849061563146 164
1738726315052 178.92723952851912 165
1738726315090 180.88307211064293 166
1738726315128 170.9057061664838 167
1738726315166 156.9704745683255 168
1738726315211 156.3773382599857 169
1738726315300 173.88331989929708 170
1738726315339 177.89919261353265 171
1738726315380 158.82537536121728 172
1738726315419 187.9241527226156 173
1738726315458 165.50078709557005 174
1738726315497 172.40423403229994 175
1738726315535 200.69595355418645 176
1738726315574 135.09154634552175 177
1738726315612 163.93242632183768 178
1738726315651 162.08467106647566 179
1738726315689 184.13554914388183 180
1738726315727 169.4703442435438 181
1738726315767 149.669471251607 182
1738726315808 170.4337329777292 183
1738726315848 174.35263086972935 184
1738726315886 154.82738004469138 185
1738726315927 169.3031536050712 186
1738726315967 166.03257234249133 187
1738726316008 144.78363508777704 188
1738726316047 176.02952840557305 189
1738726316087 166.44150425137806 190
1738726316127 170.50628265118078 191
1738726316167 154.1381501019315 192
1738726316206 179.8842962689048 193
1738726316247 155.20577191966083 194
1738726316315 163.49464471957447 195
1738726316387 169.6939428005193 196
1738726316426 102.3177975044874 197
1738726316465 151.85563712664106 198
1738726316503 161.53644273238302 199
1738726316542 181.39448512111275 200
1738726316581 203.12876927259427 201
1738726316620 192.58817937712018 202
1738726316659 210.3374626869144 203
1738726316697 171.90140284621694 204
1738726316736 155.85851622481735 205
1738726316778 158.3039969936985 206
1738726316818 165.79880845619184 207
1738726316857 176.04089306969146 208
1738726316898 177.50216412753448 209
1738726316938 191.13783603192363 210
1738726316978 150.43164336554625 211
1738726317018 138.25843682252963 212
1738726317058 143.22441883829538 213
1738726317098 188.57230125284627 214
1738726317139 174.2193229309966 215
1738726317179 180.22744596343534 216
1738726317220 171.61089887419675 217
1738726317261 178.1578316629587 218
1738726317301 192.4144910158935 219
1738726317341 176.0512661391102 220
1738726317382 181.45484945922198 221
1738726317422 131.8061434787908 222
1738726317463 181.60057913624604 223
1738726317503 148.40963855837288 224
1738726317544 160.38650707344567 225
1738726317585 157.28714202339756 226
1738726317626 172.44946982344428 227
1738726317666 170.81634921721366 228
1738726317706 190.77909011160028 229
1738726317748 109.73126297144384 230
1738726317788 170.67969124464 231
1738726317828 169.34740967938447 232
1738726317868 162.0951585887117 233
1738726317907 150.9567049242868 234
1738726317947 165.93367413303082 235
1738726317986 176.08581082557893 236
1738726318026 165.53076322705826 237
1738726318068 144.68373881132771 238
1738726318108 199.61962849198235 239
1738726318150 245.6931823249921 240
1738726318194 179.08657781319536 241
1738726318236 153.0646161874036 242
1738726318277 159.38421207494753 243
1738726318321 179.227327668116 244
1738726318363 180.46073206905197 245
1738726318404 145.23943414067648 246
1738726318464 176.43168842753437 247
1738726318537 134.96028966503312 248
1738726318577 185.05343523466712 249
1738726318616 168.64237772712195 250
1738726318655 169.41754485739995 251
1738726318694 131.19605388844963 252
1738726318733 159.3005795811708 253
1738726318772 151.41612455155837 254
1738726318811 150.2439521505322 255
1738726318850 158.8830196819218 256
1738726318890 179.7263970628935 257
1738726318928 146.08867618356612 258
1738726318967 166.861006071246 259
1738726319006 171.29076991903054 260
1738726319045 160.06120929585848 261
1738726319086 200.0337525865011 262
1738726319125 171.1301610859948 263
1738726319163 171.25440691068061 264
1738726319201 155.73724162783034 265
1738726319239 169.9865828685201 266
1738726319277 173.89482586921517 267
1738726319315 178.28557320135667 268
1738726319353 151.82219801943714 269
1738726319390 160.44569669403614 270
1738726319428 146.16784024176619 271
1738726319466 169.81984167828944 272
1738726319504 179.83355780812172 273
1738726319541 138.75095034710407 274
1738726319579 187.6730099503944 275
1738726319617 181.86165814701428 276
1738726319655 183.67543981613952 277
1738726319692 151.81297851418074 278
1738726319730 164.87852810292407 279
1738726319768 197.03429494771817 280
1738726319805 152.95662401616028 281
1738726319843 166.52465323019626 282
1738726319880 157.25531443076764 283
1738726319918 137.79108934493308 284
1738726319956 180.18946228513838 285
1738726319993 166.64534643576042 286
1738726320032 152.32433610817182 287
1738726320071 169.87441132898252 288
1738726320109 180.310142862388 289
1738726320147 163.2198111290927 290
1738726320185 189.63802222746855 291
1738726320223 167.8298036274376 292
1738726320261 186.64175781806824 293
1738726320299 190.99834062096434 294
1738726320338 172.79505097813774 295
1738726320378 173.4645977364009 296
1738726320416 234.7758055333506 297
1738726320454 178.84503360981427 298
1738726320492 143.17695071246766 299
1738726320529 146.38963285702172 300
1738726320567 152.22511964464093 301
