1738722558810 184.61171863167692 0
1738722558843 174.64640321376754 1
1738722558876 164.5137911959197 2
1738722558909 179.01686087365633 3
1738722558942 169.89144796166872 4
1738722558975 171.28913276446215 5
1738722559009 173.26282703784204 6
1738722559042 166.3353032525589 7
1738722559075 170.81408495729025 8
1738722559108 139.1057752893891 9
1738722559141 158.30496806629887 10
1738722559174 157.73250171348374 11
1738722559207 165.025795188701 12
1738722559240 164.23889408458075 13
1738722559274 173.0845804370443 14
1738722559307 166.9603243190869 15
1738722559340 169.3929520000456 16
1738722559374 171.19097644169094 17
1738722559407 174.06823645904686 18
1738722559441 173.6409539169755 19
1738722559474 161.39126825494725 20
1738722559508 176.10231607508118 21
1738722559545 172.22916559020027 22
1738722559584 172.31514986033295 23
1738722559618 165.6682525824968 24
1738722559651 164.95045969341498 25
1738722559685 168.05197411563984 26
1738722559719 165.3092359092996 27
1738722559752 192.50737502625796 28
1738722559785 163.06933708060015 29
1738722559818 159.77272655975392 30
1738722559850 151.1472588828746 31
1738722559883 175.67587313689216 32
1738722559916 155.11683546460048 33
1738722559948 185.8947013778296 34
1738722559981 169.65227843351616 35
1738722560013 169.70505962033215 36
1738722560046 169.40690443726243 37
1738722560079 164.95934667767492 38
1738722560111 168.59394218388167 39
1738722560144 161.2653270853787 40
1738722560176 171.49724610509296 41
1738722560209 169.16024110544222 42
1738722560241 164.10535926883787 43
1738722560274 161.62989552244824 44
1738722560306 169.57256288526528 45
1738722560338 173.66531268547106 46
1738722560371 170.11181087884526 47
1738722560403 186.24585691646666 48
1738722560435 164.4989108337489 49
1738722560467 168.73408138783864 50
1738722560500 173.31028972726105 51
1738722560534 162.45210308761992 52
1738722560566 174.3270428321612 53
1738722560599 172.83206058936275 54
1738722560631 149.30480298948498 55
1738722560664 175.04331977862407 56
1738722560697 151.81186490042458 57
1738722560730 171.38540185300243 58
1738722560763 177.55065088451764 59
1738722560795 153.42935083430035 60
1738722560828 169.59915244520144 61
1738722560860 179.9831228198483 62
1738722560893 166.49170632789392 63
1738722560925 182.3918370066627 64
1738722560957 172.5696612806858 65
1738722560990 165.6341124414628 66
1738722561023 169.0439231844998 67
1738722561057 164.5575841549666 68
1738722561091 162.34541225059988 69
1738722561124 172.3679565577142 70
1738722561158 165.45859511297587 71
1738722561191 168.67760373614112 72
1738722561224 171.9216969062398 73
1738722561257 163.24333273973068 74
1738722561291 172.4085779781953 75
1738722561324 159.45655282154053 76
1738722561357 158.57555856453556 77
1738722561390 165.31559679742307 78
1738722561423 168.54382271846498 79
1738722561456 175.67698771370385 80
1738722561489 182.01453373179174 81
1738722561522 172.29834196982299 82
1738722561555 164.79898199747862 83
1738722561588 160.4033360733182 84
1738722561622 185.79447128141413 85
1738722561655 177.28498051607085 86
1738722561689 176.6989761909643 87
1738722561722 163.92735837345703 88
1738722561755 150.4869226894811 89
1738722561788 172.14748657758923 90
1738722561821 173.20521789511048 91
1738722561854 190.79202391610553 92
1738722561887 167.15013417315518 93
1738722561920 163.51479316807044 94
1738722561953 169.2662079278633 95
1738722561985 166.42325246400162 96
1738722562018 153.28958934388572 97
1738722562051 190.09423471094982 98
1738722562084 166.15235609810895 99
1738722562116 189.30686250844542 100
1738722562149 169.38223227195687 101
1738722562181 179.3893898407129 102
1738722562214 176.90261540404217 103
1738722562246 167.68925628848805 104
1738722562279 141.29477667532151 105
1738722562318 168.2848271064972 106
1738722562353 177.8470757586178 107
1738722562387 176.6352363196723 108
1738722562421 167.4390951332221 109
1738722562455 170.99590013477444 110
1738722562488 167.51385876922214 111
1738722562521 170.9759061240164 112
1738722562555 175.50953795859354 113
1738722562590 165.55426782971185 114
1738722562624 164.86976899267287 115
1738722562658 162.0247697693819 116
1738722562751 161.16904172603842 117
1738722562834 162.18128599703113 118
1738722562960 169.0880219073262 119
1738722563007 156.48219561606993 120
1738722563041 177.01549806941486 121
1738722563074 167.56617042169117 122
1738722563108 171.86490723061826 123
1738722563144 163.34541680283175 124
1738722563177 170.9764286844258 125
1738722563211 176.93962262468315 126
1738722563244 169.74767211748662 127
