1738724613495 191.80005985637794 0
1738724613527 171.04940464350702 1
1738724613558 183.77990194663914 2
1738724613590 189.886054179831 3
1738724613622 232.2566446510162 4
1738724613654 174.10320490187615 5
1738724613685 170.84676900351658 6
1738724613717 152.72651002071078 7
1738724613748 182.78866333673292 8
1738724613780 187.25894886122686 9
1738724613811 171.4660086255325 10
1738724613843 156.77532642110066 11
1738724613875 180.6852758650833 12
1738724613906 139.807051480221 13
1738724613937 149.27186351150564 14
1738724613969 174.44562534420047 15
1738724614000 202.4802776754174 16
1738724614032 157.19353535147283 17
1738724614063 174.79109337492895 18
1738724614095 205.21097894664777 19
1738724614126 188.14082555344507 20
1738724614157 150.00065840450586 21
1738724614188 189.33870288646767 22
1738724614220 180.29614093363674 23
1738724614251 151.04267205191934 24
1738724614282 147.43143134538303 25
1738724614314 179.7752096122775 26
1738724614346 146.69825348163445 27
1738724614378 174.94190469839955 28
1738724614410 156.45177454411638 29
1738724614442 170.67329004111102 30
1738724614474 165.7888754428931 31
1738724614505 161.29207337900272 32
1738724614537 146.37390106965148 33
1738724614569 163.783860077152 34
1738724614601 187.56718550378037 35
1738724614632 79.55278659936289 36
1738724614664 145.72374288144462 37
1738724614696 166.5464271377813 38
1738724614728 128.14926622714358 39
1738724614759 166.0025242592045 40
1738724614791 153.10146212216281 41
1738724614823 178.0706753228342 42
1738724614854 166.18361099142334 43
1738724614886 167.70037119704756 44
1738724614918 211.7690916195598 45
1738724614949 163.0232465370818 46
1738724614981 148.28407899491356 47
1738724615012 197.01230063909208 48
1738724615044 213.17201932318963 49
1738724615075 174.49361385982178 50
1738724615107 193.77645795784764 51
1738724615138 176.28028845969143 52
1738724615170 190.1986000830332 53
1738724615202 164.62000689558946 54
1738724615233 179.1923367531564 55
1738724615265 177.88032620463594 56
1738724615297 175.5992476516849 57
1738724615328 146.45884036667522 58
1738724615360 218.80023362004033 59
1738724615391 193.33891934934172 60
1738724615423 180.83180590956576 61
1738724615454 183.78140959602072 62
1738724615486 155.3904477969609 63
1738724615517 163.26517522940915 64
1738724615548 162.3462731322923 65
1738724615580 172.89523754349474 66
1738724615611 196.48620991699923 67
1738724615642 179.68697206059844 68
1738724615674 185.49096159377 69
1738724615705 176.2389577124087 70
1738724615737 179.9687676361356 71
1738724615768 153.29271537355177 72
1738724615800 177.73637263313842 73
1738724615831 145.41519383284577 74
1738724615863 155.33604927149554 75
1738724615894 155.5541677673704 76
1738724615925 152.97952372411802 77
1738724615957 178.87417831260186 78
1738724615988 176.82803802383197 79
1738724616019 161.01482614606033 80
1738724616051 202.00442356580368 81
1738724616082 170.89579767717612 82
1738724616113 217.96863532160194 83
1738724616145 161.88157642403598 84
1738724616176 144.46547253026543 85
1738724616208 151.47389866021598 86
1738724616239 175.28129550749608 87
1738724616270 181.02977727608453 88
1738724616302 189.9227131263779 89
1738724616333 175.98150081767858 90
1738724616364 183.2745596183472 91
1738724616396 161.20358695606356 92
1738724616427 183.7996697476101 93
1738724616458 164.01326903042707 94
1738724616490 164.76312978006536 95
1738724616522 150.98669262702393 96
1738724616553 165.0321896054054 97
1738724616584 165.3374881861291 98
1738724616616 158.81475640672076 99
1738724616647 147.42989369530062 100
1738724616678 192.2713177621414 101
1738724616710 163.64830866060694 102
1738724616741 173.9896895653308 103
1738724616772 182.92020365060787 104
1738724616804 176.77544899320495 105
1738724616835 147.07409727893358 106
1738724616866 178.29334436503 107
1738724616897 151.4985809783937 108
1738724616928 158.4703514116731 109
1738724616960 186.00467510643455 110
1738724616991 150.8880120295122 111
1738724617022 156.61862996102624 112
1738724617053 167.57894140159252 113
1738724617084 151.65598829541662 114
1738724617116 148.00210274037423 115
1738724617147 164.8160487599407 116
1738724617180 170.545117671965 117
1738724617212 156.08284440359805 118
1738724617244 170.33636459467056 119
1738724617276 169.1886857106389 120
1738724617307 164.78286849543682 121
1738724617339 184.62425849913083 122
1738724617371 160.80730483681006 123
1738724617403 165.57675493911614 124
1738724617434 165.15877326937053 125
1738724617466 180.05096292808565 126
1738724617497 153.81962777596905 127
1738724617529 109.21421058388967 128
1738724617561 189.11293710371766 129
1738724617592 141.27693711830088 130
1738724617624 179.5987235062358 131
1738724617655 147.14771321893582 132
1738724617687 165.59590348660092 133
1738724617718 197.42326935834913 134
1738724617750 170.8199873959289 135
1738724617782 165.4333344850569 136
1738724617813 122.48505351174981 137
1738724617845 172.71053599317997 138
1738724617876 136.5406125791261 139
1738724617908 183.30255122268832 140
1738724617939 181.83318861997085 141
1738724617971 142.8439611062017 142
1738724618002 164.79758519637517 143
1738724618034 156.2235891058863 144
1738724618065 158.36734944466826 145
1738724618097 171.380050964281 146
1738724618129 181.38821171277823 147
1738724618161 159.81302282077831 148
1738724618193 192.87400836318025 149
1738724618224 122.64571933229425 150
1738724618256 189.84114632712559 151
1738724618288 147.37611743872088 152
1738724618320 166.9008099796905 153
1738724618352 167.2241203643271 154
1738724618384 147.4670879306829 155
1738724618415 186.3681985264851 156
1738724618447 176.9336487795207 157
1738724618479 171.26882090340746 158
1738724618511 168.59654063910878 159
1738724618542 146.41085087500448 160
1738724618574 127.73545109941554 161
1738724618606 173.99027037072386 162
1738724618637 190.5251933632844 163
1738724618669 182.46891738500966 164
1738724618701 156.66350879322684 165
1738724618732 207.35952533224003 166
1738724618764 174.52142658818434 167
1738724618796 154.93624079802197 168
1738724618827 149.92299570000245 169
1738724618859 163.28719676065583 170
1738724618891 165.7721309348535 171
1738724618922 135.1916805096497 172
1738724618954 203.28463880416527 173
1738724618985 173.26627203061074 174
1738724619017 159.91843420605167 175
1738724619048 175.0728450960643 176
1738724619080 159.8568401230987 177
1738724619112 191.90915533418357 178
1738724619143 180.29024137628554 179
1738724619175 156.9147968698937 180
1738724619207 160.48912742855325 181
1738724619239 177.89791620127002 182
1738724619271 179.58359216850383 183
1738724619302 179.17746029497252 184
1738724619334 166.12934105619846 185
1738724619365 164.9434142640825 186
1738724619397 163.54283075008416 187
1738724619428 182.5376996559929 188
1738724619460 152.46113572218206 189
1738724619491 157.81905955843683 190
1738724619523 180.81630589539492 191
1738724619554 179.09917110059706 192
1738724619586 170.20018505607797 193
1738724619617 167.9783719199333 194
1738724619649 152.16211999455743 195
1738724619680 145.11339256919229 196
1738724619712 222.7461656707628 197
1738724619743 149.93998513033915 198
1738724619775 187.81757405288 199
1738724619806 160.04953266602664 200
1738724619838 167.6474300541278 201
1738724619869 163.5065527440844 202
1738724619901 134.71533118758123 203
1738724619932 156.39258363687003 204
1738724619964 174.68066972948156 205
1738724619995 201.11519472221767 206
1738724620027 155.64136937919906 207
1738724620058 179.61515657363495 208
1738724620090 163.91495825926236 209
1738724620121 207.7972747989831 210
1738724620153 184.84746038551316 211
1738724620184 157.5606805310476 212
1738724620216 163.28103001806764 213
1738724620247 170.59560941775112 214
1738724620281 164.51623184132248 215
1738724620312 150.00408071829509 216
1738724620344 136.99153891783746 217
1738724620375 180.5794819650261 218
1738724620407 177.8101351248699 219
1738724620438 163.16451760288277 220
1738724620470 177.69707072724475 221
1738724620501 190.1406349727976 222
1738724620533 167.59377750228282 223
1738724620564 168.12565303290597 224
