1738724202305 169.23824077650093 0
1738724202341 200.70688713681264 1
1738724202376 148.47859064236818 2
1738724202411 158.60098061733683 3
1738724202446 181.09793893211565 4
1738724202482 166.37939889030406 5
1738724202519 168.61172873010838 6
1738724202555 200.80768578973124 7
1738724202590 155.42541634965772 8
1738724202627 198.96703443074685 9
1738724202662 170.04813242823727 10
1738724202698 199.1923301549829 11
1738724202734 182.3381274940101 12
1738724202769 167.95310141288516 13
1738724202805 239.30528299297734 14
1738724202840 173.52880363457837 15
1738724202875 165.82166257095466 16
1738724202910 168.5866490673992 17
1738724202945 172.89548431190047 18
1738724202980 180.32034529385547 19
1738724203022 190.14564477507713 20
1738724203057 153.59893737408325 21
1738724203092 171.33320547639636 22
1738724203127 161.41191041911839 23
1738724203162 203.48700048492282 24
1738724203197 196.4834910703536 25
1738724203233 154.31691478245085 26
1738724203268 159.0488064377997 27
1738724203304 164.9317289066799 28
1738724203339 162.68355031356054 29
1738724203376 178.0067296592013 30
1738724203413 163.183167777701 31
1738724203449 131.820557172006 32
1738724203484 191.35784196964553 33
1738724203519 144.37213666040273 34
1738724203554 180.2588631870362 35
1738724203589 178.15166298613983 36
1738724203625 155.94497561089258 37
1738724203660 132.85268648611634 38
1738724203694 168.8413714977839 39
1738724203729 168.86640373002552 40
1738724203764 152.1713770249607 41
1738724203799 178.7920406047671 42
1738724203834 180.4977516707657 43
1738724203869 178.6890830177618 44
1738724203903 171.14892600077133 45
1738724203938 189.13059054986712 46
1738724203973 161.62482716531173 47
1738724204008 176.05380580528998 48
1738724204042 167.27588525345124 49
1738724204077 189.72239976996565 50
1738724204112 152.23866336521007 51
1738724204146 189.03119050731212 52
1738724204181 174.1078896421734 53
1738724204215 133.72496027094877 54
1738724204250 163.0888417414286 55
1738724204284 175.0769504017601 56
1738724204319 208.94282899157113 57
1738724204354 169.67553717676682 58
1738724204388 179.3845343958772 59
1738724204423 135.5641780507161 60
1738724204458 211.6623744584967 61
1738724204493 166.0021433949414 62
1738724204527 186.73904941782496 63
1738724204562 190.80141342013752 64
1738724204597 150.25424290085806 65
1738724204631 173.65891342259272 66
1738724204666 169.82425143800796 67
1738724204701 292.07906240367265 68
1738724204735 144.51272486139294 69
1738724204770 156.17287165464978 70
1738724204805 180.045986508601 71
1738724204839 176.3449199924656 72
1738724204874 196.7879315334432 73
1738724204909 150.30083080249028 74
1738724204943 152.03925790294764 75
1738724204978 158.85745276424652 76
1738724205013 169.96719754300162 77
1738724205047 170.7287869947106 78
1738724205082 165.62633902962892 79
1738724205117 166.6872388329937 80
1738724205152 158.71346548029828 81
1738724205186 163.56932213343688 82
1738724205221 159.44793186563132 83
1738724205255 157.8035646916729 84
1738724205290 171.68375816850013 85
1738724205324 175.70251516299476 86
1738724205359 174.93267171002404 87
1738724205394 168.5044471818634 88
1738724205428 125.46408251118578 89
1738724205463 180.63756364200057 90
1738724205498 161.0177061733934 91
1738724205533 162.07928091021043 92
1738724205567 171.52101217034306 93
1738724205602 165.79527194357158 94
1738724205636 164.42670779195004 95
1738724205671 181.25585762290427 96
1738724205705 174.88905598662598 97
1738724205740 159.6750226972973 98
1738724205774 188.4285129204587 99
1738724205809 162.6874996429376 100
1738724205844 161.3136388128011 101
1738724205878 167.64375439175828 102
1738724205913 144.57899260425887 103
1738724205948 169.80756148957556 104
1738724205983 184.2141961773606 105
1738724206017 191.32056630820315 106
1738724206052 160.17004589971563 107
1738724206087 144.79451323310585 108
1738724206121 179.45668596781792 109
1738724206156 141.64725690110313 110
1738724206191 154.31382155451465 111
1738724206226 167.49563033730632 112
1738724206262 217.41540956450154 113
1738724206300 168.79448277237134 114
1738724206336 194.02859199582792 115
1738724206372 172.71013831219096 116
1738724206409 150.45307870046773 117
1738724206445 174.43306614320275 118
1738724206480 191.07977893865655 119
1738724206516 149.75564352814314 120
1738724206551 141.64726386342767 121
1738724206587 220.07909023661358 122
1738724206622 160.73837863578387 123
1738724206657 119.07485857970497 124
1738724206693 153.52711299451002 125
1738724206728 170.28945842130793 126
1738724206763 182.34724480631812 127
1738724206798 163.29959533957964 128
1738724206833 125.89159423921355 129
1738724206869 173.15072411805744 130
1738724206904 166.05449914316577 131
1738724206939 164.33055908851696 132
1738724206976 166.23392615360723 133
1738724207015 208.8550835188989 134
1738724207052 192.15333016510164 135
1738724207090 207.77751098756076 136
1738724207127 194.77708508831236 137
1738724207164 190.1643192876331 138
1738724207201 155.7882888439086 139
1738724207237 161.62184277541624 140
1738724207273 164.4979133635342 141
1738724207309 159.06729046420008 142
1738724207345 161.37398416662288 143
1738724207381 179.33272198151272 144
1738724207417 173.75333287912773 145
1738724207452 160.74956287369065 146
1738724207488 178.42169572713672 147
1738724207524 182.9159463753517 148
1738724207559 185.62644951039024 149
1738724207595 161.36480334814138 150
1738724207631 180.5945941571944 151
1738724207668 163.0533842144425 152
1738724207725 161.4219837777944 153
1738724207761 161.7174355554992 154
1738724207798 152.7349783113645 155
1738724207835 156.70822691550285 156
1738724207871 191.40672634958023 157
1738724207906 156.58720008674126 158
1738724207942 165.59598596043074 159
1738724207977 160.2479280985695 160
1738724208013 169.38462585422945 161
1738724208048 167.3090420238045 162
1738724208083 161.52146991642914 163
1738724208119 125.34927295335235 164
1738724208154 162.86095241947393 165
1738724208189 176.02308144073552 166
1738724208224 192.63945644237202 167
1738724208260 161.49377740541144 168
1738724208295 178.22057567549493 169
1738724208330 148.75510713053163 170
1738724208366 134.93281871751776 171
1738724208404 166.9322921921739 172
1738724208442 179.24895404096782 173
1738724208479 180.368296831625 174
1738724208515 153.49146238679072 175
1738724208551 180.19229649654778 176
1738724208587 184.31917165387648 177
1738724208623 199.19572477554996 178
1738724208678 184.36305372219968 179
1738724208713 167.35277473599405 180
1738724208749 168.10521149356993 181
1738724208784 163.59831518645112 182
1738724208820 111.50266677350314 183
1738724208855 171.8384076563521 184
1738724208890 146.77545789826885 185
1738724208925 182.57006390583018 186
1738724208960 176.49550433115803 187
1738724208995 162.33198303940898 188
1738724209030 162.6107593788922 189
1738724209065 142.4501718192479 190
1738724209100 193.53097184089359 191
1738724209135 181.967607807616 192
1738724209172 172.27468401177723 193
1738724209209 133.90145121880892 194
1738724209246 133.22844294652256 195
1738724209283 145.43864292192876 196
1738724209319 156.3581042932937 197
1738724209355 161.93536028463186 198
1738724209391 171.73541732387093 199
1738724209427 176.83476085814402 200
1738724209465 151.45315110122982 201
1738724209501 171.88633428818136 202
1738724209536 167.474687425565 203
1738724209572 173.71192916312552 204
1738724209609 181.70155374720116 205
1738724209645 174.38910061724968 206
1738724209681 173.41635850172116 207
1738724209717 169.20097871601055 208
1738724209752 170.62131984301752 209
1738724209788 141.40530898969524 210
1738724209823 217.10692619977584 211
1738724209859 183.42488702297007 212
1738724209894 181.856548612908 213
1738724209929 193.9766920369691 214
1738724209964 179.12594207802934 215
1738724209999 128.29033906371396 216
1738724210034 144.9035637665622 217
1738724210069 169.2443868451026 218
1738724210104 178.699053671584 219
1738724210140 194.92728341094335 220
1738724210183 146.94048206847228 221
1738724210245 206.74748438525694 222
1738724210289 175.06847227648115 223
1738724210331 172.00535741426842 224
1738724210368 198.04434507695078 225
1738724210404 172.84622598579278 226
1738724210440 167.6007001217596 227
1738724210477 175.9758031447809 228
1738724210515 173.75452987576813 229
1738724210552 141.80597093550105 230
1738724210588 137.89247897617176 231
1738724210624 197.01856611640434 232
1738724210660 185.31975999193565 233
1738724210695 175.6320439605851 234
1738724210731 174.4188570546689 235
1738724210767 184.1022739720323 236
1738724210802 118.36977903528575 237
1738724210838 159.86609615709634 238
1738724210873 136.38189620751126 239
1738724210909 186.15477637321362 240
1738724210944 150.17805550458357 241
1738724210980 117.70146341875899 242
1738724211015 154.3266415315579 243
1738724211050 214.68760418742087 244
1738724211085 167.30987606003262 245
1738724211126 181.63321221355673 246
1738724211167 168.13364924593103 247
1738724211205 145.6441503416691 248
1738724211281 188.9277591185469 249
1738724211318 186.75509085590562 250
1738724211359 162.5930759798331 251
1738724211399 171.66262662970675 252
1738724211437 171.96858450590662 253
1738724211473 126.32500647512961 254
1738724211509 193.35084820079868 255
1738724211545 193.57437126895456 256
1738724211581 172.9456771736593 257
1738724211618 177.91745220655807 258
1738724211655 181.21186683340125 259
1738724211691 154.41166863758892 260
1738724211727 194.82520681354094 261
1738724211763 162.27155562258204 262
1738724211798 207.58625640708527 263
1738724211834 175.2496791918137 264
1738724211869 151.26704120828313 265
1738724211908 129.18608559042744 266
1738724211944 158.30867504571964 267
1738724211980 161.67961042981412 268
1738724212015 167.27306141650953 269
1738724212051 172.5734970850112 270
1738724212087 165.95441210680073 271
1738724212123 121.82707746636198 272
1738724212160 171.87186580850047 273
1738724212196 159.16642656411696 274
1738724212233 161.25996208732698 275
1738724212270 170.13951587081894 276
1738724212306 185.45226141062884 277
1738724212343 198.7666695387296 278
1738724212379 161.72739702254313 279
1738724212415 193.6208569216588 280
1738724212451 152.90644696361122 281
1738724212488 165.55918581577347 282
1738724212524 170.74143079278602 283
1738724212560 166.23406123153106 284
1738724212597 190.30175339374125 285
1738724212635 166.79354422379984 286
1738724212672 167.32910842285386 287
1738724212711 192.79781582697987 288
1738724212750 172.5219771732233 289
1738724212787 172.75153878131178 290
1738724212824 171.31328157415288 291
1738724212861 184.34700816522206 292
1738724212899 153.67703772831575 293
1738724212936 169.53232724812642 294
1738724212974 178.61539366277103 295
1738724213011 183.99783874232153 296
1738724213047 153.15063732016523 297
1738724213083 155.2706587531069 298
1738724213118 146.79559579499528 299
1738724213154 153.89475255955608 300
1738724213189 157.030135400829 301
1738724213224 221.3254771157759 302
1738724213261 178.0292676183101 303
1738724213297 182.16790909374026 304
1738724213333 146.46101721241942 305
1738724213369 184.65459663543305 306
1738724213405 160.2230290956147 307
1738724213441 135.9668504978931 308
1738724213477 180.64086112186283 309
1738724213512 156.66289906850267 310
1738724213548 164.49947115529142 311
1738724213584 176.94817951811828 312
1738724213619 187.08356337170758 313
1738724213655 158.06209357371725 314
1738724213690 185.0776501056527 315
1738724213726 134.91669054899705 316
1738724213761 147.1177701407431 317
1738724213796 169.65346831712029 318
1738724213831 156.38820605303917 319
1738724213867 189.7926513621776 320
1738724213903 196.2901630560048 321
1738724213940 165.1406712180164 322
1738724213976 149.05505902524692 323
1738724214011 180.18433599093345 324
1738724214047 164.2208633568552 325
1738724214083 174.68372078197987 326
1738724214118 171.00503217808583 327
1738724214153 189.88253292985564 328
1738724214188 142.0037984211872 329
1738724214224 153.88030842747963 330
1738724214261 196.53054938696098 331
1738724214296 168.98133760668173 332
1738724214332 168.1214499126692 333
1738724214367 186.92088804988273 334
1738724214403 157.8401376224636 335
1738724214438 196.11549932996735 336
1738724214473 186.08663136440205 337
1738724214508 158.90484974995468 338
1738724214544 175.82816444372543 339
1738724214579 190.18963760810317 340
1738724214614 199.82346027440903 341
1738724214649 175.4744379799893 342
1738724214686 158.95427523197952 343
1738724214722 142.1084194394883 344
1738724214758 183.88361589026303 345
1738724214794 174.56410430668828 346
1738724214830 166.33933857074462 347
1738724214866 165.08277924544785 348
1738724214901 113.00536205179533 349
1738724214937 178.7603321026256 350
1738724214972 175.43757407028897 351
1738724215007 198.61286826600931 352
1738724215043 160.12338947748995 353
1738724215078 170.11026507343908 354
1738724215113 197.51990776083028 355
1738724215148 150.4082066667 356
1738724215184 200.38905245081537 357
1738724215219 140.09148890722906 358
1738724215254 140.12238053708435 359
1738724215289 167.28116562471 360
1738724215324 158.26143172737835 361
1738724215359 177.1102675997923 362
1738724215394 174.4502820506919 363
1738724215429 119.49062255378163 364
1738724215464 148.10794203195263 365
1738724215499 181.3424948053064 366
1738724215533 164.06572613200115 367
1738724215568 174.28681227471847 368
1738724215603 149.23486932286494 369
1738724215638 161.31168100656015 370
1738724215673 170.13812841558646 371
1738724215708 161.73607262856407 372
1738724215744 194.27524978004737 373
1738724215780 185.0536997532264 374
1738724215815 195.42983309085483 375
1738724215851 182.10436559640402 376
1738724215886 144.85169103237914 377
1738724215922 166.2330378546839 378
1738724215957 159.90475371552623 379
1738724215992 181.90555534458233 380
1738724216028 198.56011619590842 381
1738724216065 197.25670936736208 382
1738724216100 192.45321419639814 383
1738724216136 201.35612083787507 384
1738724216171 144.46586428069227 385
1738724216207 164.97640672980086 386
1738724216243 155.27620312670223 387
1738724216279 203.91809801639621 388
1738724216317 171.36254100303802 389
1738724216352 204.18716649439907 390
1738724216388 154.684983426272 391
1738724216423 172.7868049646241 392
1738724216460 168.53215804413728 393
1738724216498 168.36783720242335 394
1738724216534 151.47241919276448 395
1738724216570 186.9812408064377 396
1738724216607 163.77295429857256 397
1738724216643 182.63441978267366 398
1738724216679 149.35865276137332 399
1738724216715 156.97078212168094 400
1738724216752 168.5373082493901 401
1738724216788 242.20376675723435 402
1738724216824 133.2582876683116 403
1738724216859 175.0399086312194 404
1738724216895 181.01066880597108 405
1738724216931 208.0394403359757 406
1738724216966 185.06625844234233 407
1738724217002 179.87715553158273 408
1738724217037 161.47648474529467 409
1738724217073 168.8661217720412 410
1738724217108 148.86967867249456 411
1738724217143 214.81383033438647 412
1738724217179 155.70275225685612 413
1738724217214 165.98046925485295 414
1738724217250 210.09013531792445 415
1738724217293 103.7235426814916 416
1738724217332 138.16105874636057 417
1738724217368 141.23944714250254 418
1738724217405 173.3189383585651 419
1738724217441 151.7261607863103 420
1738724217476 185.87113079429534 421
1738724217512 203.61029598489588 422
1738724217548 161.8625094129238 423
1738724217584 161.44783577696214 424
1738724217620 175.30174172898612 425
1738724217655 158.8984091471083 426
1738724217691 172.23726516287883 427
1738724217727 178.94163328311768 428
1738724217763 191.52007282220526 429
1738724217799 178.65768921371236 430
1738724217835 136.0652354541577 431
1738724217871 189.92887531626585 432
1738724217906 185.4001605144022 433
1738724217941 210.6835386883842 434
1738724217976 200.33030302620656 435
1738724218012 177.64618921542058 436
1738724218047 196.8835255009265 437
1738724218082 197.81680803330576 438
1738724218117 171.50943636259768 439
1738724218153 172.52985333394713 440
1738724218188 166.78084790978758 441
1738724218223 165.72141291776174 442
1738724218258 162.60576988656373 443
1738724218294 178.74247712033338 444
1738724218329 127.86845221717131 445
1738724218364 191.1869639343045 446
1738724218399 150.3868692233908 447
1738724218434 197.8226875026728 448
1738724218469 186.12708407533526 449
1738724218504 157.74956852818835 450
1738724218539 136.93168346539738 451
1738724218575 176.10325114691847 452
1738724218610 180.68244469109874 453
1738724218645 183.85834468539585 454
1738724218680 134.43774931749525 455
1738724218715 205.48077453443932 456
1738724218750 157.33731516895205 457
1738724218786 155.699819437113 458
1738724218821 182.83577322090687 459
1738724218856 161.99318309701647 460
1738724218890 173.7308002848222 461
1738724218925 164.72131942380224 462
1738724218960 165.5845793485636 463
1738724218995 207.0076749086401 464
1738724219030 167.45426772200784 465
1738724219064 160.1879515420201 466
1738724219099 145.23595959345883 467
1738724219134 182.52446192658826 468
1738724219169 169.6745278581809 469
1738724219204 176.47480909587568 470
1738724219238 160.6446128053533 471
1738724219273 163.0201500767358 472
1738724219308 175.79410409807727 473
1738724219344 182.94655814989775 474
1738724219379 156.10324327063253 475
1738724219413 193.36743417373867 476
1738724219448 164.73273561421993 477
1738724219483 160.99239437022266 478
1738724219518 165.98371020171928 479
1738724219552 174.422767967743 480
1738724219587 188.33113249285373 481
1738724219622 175.09717064404023 482
1738724219657 184.52199320029885 483
1738724219691 200.81048065401646 484
1738724219726 161.66614766805145 485
1738724219761 163.5409329687321 486
1738724219796 191.6765869481935 487
1738724219832 193.17155057816237 488
1738724219868 193.53844566255833 489
1738724219903 155.50077026595145 490
1738724219938 175.8368176984661 491
1738724219974 169.06362401181696 492
1738724220009 178.006734470024 493
1738724220044 170.90438139979088 494
1738724220079 157.80746808759338 495
1738724220114 149.72668707449918 496
1738724220149 190.31105587232818 497
1738724220184 192.1512487818066 498
1738724220219 177.11831851992642 499
