1738722204239 173.29266985034138 0
1738722204278 149.424458035273 1
1738722204316 188.0854829219854 2
1738722204355 163.21556702120034 3
1738722204393 178.0392943223978 4
1738722204431 165.1886212135815 5
1738722204469 136.46462889963448 6
1738722204506 184.81637613742012 7
1738722204543 179.9941016951168 8
1738722204580 195.16054721413656 9
1738722204617 177.7918022347297 10
1738722204654 187.5930730304587 11
1738722204690 165.3890819256126 12
1738722204727 184.76680557033748 13
1738722204763 158.7710674615954 14
1738722204799 192.98670341313212 15
1738722204836 156.52501229956724 16
1738722204872 170.0000957352939 17
1738722204908 168.4358482262047 18
1738722204944 135.14166293910313 19
1738722204980 159.40910333662427 20
1738722205016 214.2017769940447 21
1738722205053 170.3756811879062 22
1738722205090 172.81193880676548 23
1738722205127 168.1210650324973 24
1738722205164 154.0419721001044 25
1738722205200 178.14229870829482 26
1738722205237 138.76025475476976 27
1738722205274 166.74278126546187 28
1738722205311 163.31747172555959 29
1738722205348 156.29421473490405 30
1738722205385 161.71567732216425 31
1738722205421 172.02573982412278 32
1738722205458 163.993853909184 33
1738722205496 145.4796462465585 34
1738722205533 145.09926298871852 35
1738722205570 168.48984103657432 36
1738722205607 163.6080709153427 37
1738722205644 163.83233383912474 38
1738722205681 135.99575642949534 39
1738722205717 190.62337656160744 40
1738722205754 194.87850252687113 41
1738722205791 158.14151399389075 42
1738722205828 189.52847918854448 43
1738722205864 151.41352022992436 44
1738722205901 180.8251394431449 45
1738722205937 155.87701994165934 46
1738722205973 180.04019950625235 47
1738722206009 144.69857300808908 48
1738722206045 174.59692657609892 49
1738722206081 188.90224728073937 50
1738722206117 180.01877479839555 51
1738722206153 157.57363718688865 52
1738722206190 180.18277409082418 53
1738722206225 175.78957562929222 54
1738722206262 173.08528443420957 55
1738722206298 180.94676306729434 56
1738722206335 159.9573344164823 57
1738722206371 147.74476193508053 58
1738722206408 185.25928142554753 59
1738722206445 161.1802768552213 60
1738722206482 168.02768028492343 61
1738722206518 207.5627008147266 62
1738722206554 216.41522763159296 63
1738722206591 155.32986071273567 64
1738722206628 183.07853185012982 65
1738722206665 174.98517715189752 66
1738722206702 166.15065308061034 67
1738722206738 161.30877377152933 68
1738722206775 165.28697768280276 69
1738722206811 165.76868459450773 70
1738722206848 167.08852482886346 71
1738722206884 171.0019716299903 72
1738722206921 220.9625138885959 73
1738722206957 180.38978489644649 74
1738722206993 161.6669489407768 75
1738722207029 163.9993015660717 76
1738722207065 185.85187453202394 77
1738722207102 152.01477345118445 78
1738722207139 179.84029774561898 79
1738722207176 181.57105465716364 80
1738722207214 166.36210293982296 81
1738722207252 169.13318783888485 82
1738722207289 163.31258711654442 83
1738722207327 177.0240108449115 84
1738722207364 176.4219283261768 85
1738722207400 169.23545254184555 86
1738722207437 168.80522235332106 87
1738722207475 180.35397189178502 88
1738722207512 144.66247956002977 89
1738722207548 172.9427060859497 90
1738722207585 149.61858659623516 91
1738722207621 191.66209238634556 92
1738722207657 161.72041155390838 93
1738722207693 157.52885455255492 94
1738722207730 209.72331852000664 95
1738722207766 187.83914074745954 96
1738722207802 200.5127658029304 97
1738722207838 175.18393518949026 98
1738722207875 142.2923606522728 99
1738722207912 200.27705532876467 100
1738722207948 176.3159337495562 101
1738722207984 155.0248318203492 102
1738722208021 160.00042182642142 103
1738722208057 146.94053923888842 104
1738722208093 172.6401152703091 105
1738722208129 159.8433569277016 106
1738722208166 168.2430437155058 107
1738722208202 171.98689205192747 108
1738722208238 164.32384497475897 109
1738722208274 198.60479622013065 110
1738722208311 152.01195575751706 111
1738722208346 184.9387586395695 112
1738722208383 195.58220222925624 113
1738722208420 188.69771425839414 114
1738722208457 153.1816929012451 115
1738722208493 249.39455972838218 116
1738722208529 169.3239357689738 117
1738722208565 187.95960102270428 118
1738722208602 176.98064429446438 119
1738722208638 148.01430039154016 120
1738722208674 157.43397897879382 121
1738722208710 150.45426328953297 122
1738722208746 143.13156301374283 123
1738722208782 156.02471709161392 124
1738722208818 155.62514138251265 125
1738722208854 166.2331670417248 126
1738722208891 204.4182491060516 127
1738722208928 184.5632330518901 128
1738722208965 133.06317766892127 129
1738722209021 166.01532536594505 130
1738722209057 163.82762736309408 131
1738722209094 166.81532986722064 132
1738722209130 163.81993465834123 133
1738722209166 180.4869782103718 134
1738722209203 147.36138919540102 135
1738722209239 147.3162290462945 136
1738722209275 154.8475071149043 137
1738722209310 171.83051177514005 138
1738722209346 159.06960031285698 139
1738722209382 174.03044978393368 140
1738722209418 140.20677600836856 141
1738722209455 159.62512671493073 142
1738722209491 180.79936071884612 143
1738722209526 183.5160729874059 144
1738722209562 169.62945316811764 145
1738722209598 162.1854046281798 146
1738722209634 159.7995462693664 147
1738722209670 177.99753247559983 148
1738722209706 136.95186831214633 149
1738722209741 174.81996057790457 150
1738722209777 168.8668518474646 151
1738722209813 182.63211303773394 152
1738722209848 180.2020992755085 153
1738722209884 147.90678516669678 154
1738722209920 133.7859633059481 155
1738722209955 178.07212422115748 156
1738722209991 175.73708751181653 157
1738722210028 180.7205632836452 158
1738722210065 175.79943094750547 159
1738722210101 171.42669799335937 160
1738722210137 201.78624319847285 161
1738722210173 173.09581545757922 162
1738722210209 183.78611978432733 163
1738722210245 184.65945878381567 164
1738722210281 148.7678790197739 165
1738722210319 147.75082955306004 166
1738722210358 196.32860683143176 167
1738722210395 162.1061682364732 168
1738722210434 185.32931990591467 169
1738722210471 191.30842778283022 170
1738722210509 202.1240777320947 171
1738722210547 165.2971186494091 172
1738722210585 138.259656232883 173
1738722210622 172.76250659995497 174
1738722210659 144.71922726918297 175
1738722210696 177.8828340433219 176
1738722210733 173.51856093044972 177
1738722210769 158.23759283896936 178
1738722210806 174.12315431908084 179
1738722210843 171.75383940157178 180
1738722210880 134.22882886393978 181
1738722210917 210.24565168418516 182
1738722210954 183.3468653351255 183
1738722210990 181.29510013332012 184
1738722211027 175.901843891209 185
1738722211064 192.84713159457093 186
1738722211100 165.8583855890743 187
1738722211137 164.34652139760982 188
1738722211173 186.57252310836108 189
1738722211209 154.25688739935583 190
1738722211246 167.78231088020848 191
1738722211282 173.41305447910048 192
1738722211318 164.2580895058772 193
1738722211354 186.0790381967476 194
1738722211390 135.55114347981748 195
1738722211426 171.0913477433013 196
1738722211463 155.56018140051881 197
1738722211499 201.92153127301737 198
1738722211534 194.03554384445533 199
1738722211571 155.07061613165158 200
1738722211607 179.0391065483503 201
1738722211642 194.53739049717055 202
1738722211678 172.6815075895988 203
1738722211714 162.4467205225601 204
1738722211750 183.2496018954058 205
1738722211786 179.55803654077513 206
1738722211822 158.25916432425913 207
1738722211858 157.10697985061555 208
1738722211894 161.291518746142 209
1738722211929 140.96337186923617 210
1738722211965 189.86046486458716 211
1738722212000 184.36508434554094 212
1738722212036 171.0666819179965 213
1738722212072 170.72739201235456 214
1738722212108 182.19302990070148 215
1738722212144 130.18953599379861 216
1738722212180 168.50458728854207 217
1738722212216 152.92998229880334 218
1738722212253 187.3222816228218 219
1738722212289 234.15918360034928 220
1738722212326 196.9018792764419 221
1738722212363 168.18103414652234 222
1738722212399 185.2080472250787 223
1738722212435 159.93875212962206 224
1738722212472 181.287453294713 225
1738722212509 137.72506336337682 226
1738722212545 163.2044530391023 227
1738722212582 171.35273937333 228
1738722212618 179.7512350226458 229
1738722212654 164.39712026681292 230
1738722212690 168.61971999800815 231
1738722212726 93.12351533228063 232
1738722212762 170.1729146759152 233
1738722212798 152.42518860607322 234
1738722212834 173.195975469388 235
1738722212870 139.53660502262034 236
1738722212906 132.81664107637192 237
1738722212942 177.13050474504828 238
1738722212978 166.38206607097473 239
1738722213014 156.69380879601482 240
1738722213050 174.57286613012826 241
1738722213086 171.38099017317217 242
1738722213122 216.83465445711332 243
1738722213157 122.94649968512059 244
1738722213193 200.37256965110544 245
1738722213229 173.68507915287344 246
1738722213265 168.90740147970945 247
1738722213300 202.5601459667941 248
1738722213336 181.1587366329409 249
1738722213372 178.55489728193578 250
1738722213408 156.318941536329 251
1738722213444 180.06239804108895 252
1738722213480 170.9163266263104 253
1738722213515 175.4990213133204 254
1738722213551 181.40640256220476 255
1738722213587 176.13492110470037 256
1738722213623 184.5129985137965 257
1738722213658 200.85604119924872 258
1738722213694 169.10472440967098 259
1738722213730 155.73688335469814 260
1738722213766 140.15589197709104 261
1738722213801 149.5976244399756 262
1738722213837 138.14654068320627 263
1738722213872 199.48182042308943 264
1738722213908 154.49719126103045 265
1738722213943 154.76003467910382 266
1738722213979 163.37620154017122 267
1738722214014 230.43145986617 268
1738722214051 182.46065046048798 269
1738722214087 168.97920314309758 270
1738722214124 194.54718047692776 271
1738722214160 157.34763476046774 272
1738722214196 163.49483378702513 273
1738722214232 150.62812581336425 274
1738722214268 149.504024733712 275
1738722214304 172.19373684936843 276
1738722214340 149.59139719295212 277
1738722214376 146.99757754271423 278
1738722214412 189.9014965371445 279
1738722214448 176.92398319634734 280
1738722214484 150.75317036000106 281
1738722214521 154.88799009352988 282
1738722214558 173.71004284294295 283
1738722214594 161.5052544799422 284
