1738722648502 169.99843212607433 0
1738722648538 141.62239626889453 1
1738722648572 178.7167317756629 2
1738722648607 155.64164264149582 3
1738722648642 176.34202437194315 4
1738722648677 152.35144915085993 5
1738722648712 155.7817213072747 6
1738722648747 194.21680246487705 7
1738722648782 163.18557271888355 8
1738722648817 165.33065487330657 9
1738722648851 195.4833675089465 10
1738722648886 147.05203792198245 11
1738722648921 145.594058666059 12
1738722648955 135.48440866295857 13
1738722648990 141.68372390796915 14
1738722649024 186.9121082952754 15
1738722649059 175.78784318773714 16
1738722649093 174.69442374999142 17
1738722649128 169.4265186604576 18
1738722649162 187.26298834200603 19
1738722649197 152.8007820132698 20
1738722649232 163.62393379415906 21
1738722649266 205.32161129500162 22
1738722649301 171.25313082641918 23
1738722649336 171.74276188243743 24
1738722649370 181.32075488033607 25
1738722649405 161.50797733256178 26
1738722649439 177.7701834469075 27
1738722649474 162.26915091182505 28
1738722649509 174.56229498460294 29
1738722649543 154.24946324320942 30
1738722649578 150.53266725560437 31
1738722649612 175.31023026661077 32
1738722649647 168.25525858294506 33
1738722649681 188.4356832238722 34
1738722649716 186.11906986550423 35
1738722649750 188.60425086892792 36
1738722649785 199.80958603225184 37
1738722649819 134.46236226157606 38
1738722649854 185.7925192328167 39
1738722649888 169.68360056874752 40
1738722649923 167.0388800763791 41
1738722649957 156.51832381276776 42
1738722649992 130.22255336005833 43
1738722650027 227.76066880011487 44
1738722650062 151.36210189792672 45
1738722650097 157.7310702289035 46
1738722650132 187.3159893801015 47
1738722650167 183.83422058421797 48
1738722650202 183.90727197611216 49
1738722650237 153.331706195439 50
1738722650272 160.34664449970631 51
1738722650309 186.21786326884956 52
1738722650344 123.47844266707864 53
1738722650381 174.23431804281626 54
1738722650416 175.79943190952108 55
1738722650452 174.69620392717263 56
1738722650487 172.93615708337413 57
1738722650522 159.37080511780832 58
1738722650557 154.78607245363148 59
1738722650592 185.04405152219954 60
1738722650627 185.89249585048805 61
1738722650662 143.56878706071373 62
1738722650696 206.75601114289466 63
1738722650731 169.2848032067959 64
1738722650766 174.0103826503736 65
1738722650801 162.9917962459162 66
1738722650836 173.6534424423029 67
1738722650872 192.84045014107107 68
1738722650907 147.9030419490568 69
1738722650942 186.33088496447155 70
1738722650977 168.34862253257435 71
1738722651011 143.96813167699688 72
1738722651046 183.93719279699468 73
1738722651081 161.07983884339868 74
1738722651116 160.5886720708237 75
1738722651150 188.90450945822874 76
1738722651185 149.37953372962062 77
1738722651220 173.13684252081083 78
1738722651254 165.52155325023742 79
1738722651289 162.27089202470103 80
1738722651324 179.57026332804253 81
1738722651358 163.474606015142 82
1738722651392 171.2505338085147 83
1738722651427 147.98074323971247 84
1738722651461 155.73891645135788 85
1738722651496 112.44891254839364 86
1738722651531 176.9601351507637 87
1738722651565 225.87499602028535 88
1738722651600 161.6213300468602 89
1738722651634 159.27344211411466 90
1738722651668 153.96562960046433 91
1738722651703 164.92286658196366 92
1738722651737 174.07225570299093 93
1738722651772 193.51711484372305 94
1738722651806 130.26632254356554 95
1738722651840 150.01206065432575 96
1738722651875 172.44704312982034 97
1738722651909 167.82252303378874 98
1738722651943 178.76455790186094 99
1738722651977 107.13791382462809 100
1738722652012 159.8765055031468 101
1738722652046 151.15770255001877 102
1738722652080 174.77992983105906 103
1738722652114 169.75677106312972 104
1738722652148 171.03759507048778 105
1738722652183 182.18717404152088 106
1738722652217 179.5004465392178 107
1738722652251 155.7761423100456 108
1738722652286 172.20433029244066 109
1738722652320 166.62210603845983 110
1738722652354 164.7002394554994 111
1738722652388 83.16954606414373 112
1738722652422 155.33008560692485 113
1738722652456 154.89607236560403 114
1738722652491 182.81062127804228 115
1738722652525 190.75894897534752 116
1738722652559 160.2982097023101 117
1738722652594 154.83232788777786 118
1738722652628 171.64121099315324 119
1738722652662 174.55888794300256 120
1738722652696 162.46220569421217 121
1738722652730 200.19813778257193 122
1738722652765 169.09433612153722 123
1738722652799 184.17921921666408 124
1738722652833 194.2147164727887 125
1738722652868 200.23198728602625 126
1738722652903 160.7252935122864 127
1738722652938 228.8219307596106 128
1738722652974 126.60852706649051 129
1738722653009 173.4954309020716 130
1738722653044 158.17849798746974 131
1738722653080 173.4626664943284 132
1738722653115 165.79997938367706 133
1738722653150 161.3820432937365 134
1738722653184 148.6544762139805 135
1738722653219 121.55729511850431 136
1738722653254 196.18569794524905 137
1738722653289 176.56781230115587 138
1738722653324 132.07606595040377 139
1738722653358 158.10999120256855 140
1738722653393 186.01133439590143 141
1738722653428 180.8137148350606 142
1738722653462 155.4356117531359 143
1738722653497 181.29749032106008 144
1738722653531 150.1849574314216 145
1738722653566 158.99003071513513 146
1738722653600 156.8663009063904 147
1738722653635 189.69447552821455 148
1738722653669 164.90830591841248 149
1738722653704 182.3516073988809 150
1738722653738 170.57376542108335 151
1738722653773 180.4867293805722 152
1738722653808 164.7870673234319 153
1738722653843 190.40098249266578 154
1738722653877 197.06153862415886 155
1738722653915 170.49683591888194 156
1738722653949 164.50395749836935 157
1738722653984 129.93287075002976 158
1738722654019 177.7149790934108 159
1738722654053 173.08186197107253 160
1738722654088 168.81482834730693 161
1738722654122 165.71998697720267 162
1738722654157 162.42454277818055 163
1738722654191 169.13516445934198 164
1738722654226 207.96171109279186 165
1738722654260 157.47007203156355 166
1738722654295 175.75788210294027 167
1738722654329 195.25667219934445 168
1738722654364 172.62208974468558 169
1738722654398 141.0427926051493 170
1738722654433 169.52351444420006 171
1738722654467 169.0056231964026 172
1738722654501 165.43154450679015 173
1738722654536 191.24275752958553 174
1738722654570 149.66163752718595 175
1738722654605 182.51974135697785 176
1738722654639 124.58297755462334 177
1738722654674 128.3034078630673 178
1738722654708 182.98031489369345 179
1738722654742 151.30630635139266 180
1738722654777 187.90449279976355 181
1738722654811 135.93750554136923 182
1738722654846 185.66409453724972 183
1738722654880 201.28938665024376 184
1738722654914 165.85759024229728 185
1738722654948 173.38399083436596 186
1738722654983 179.21720712794072 187
1738722655017 196.01826300618336 188
1738722655051 162.6509857871447 189
1738722655085 165.37331819887828 190
1738722655119 171.8056643210276 191
1738722655153 157.23246097254557 192
1738722655187 160.93418434134108 193
1738722655221 144.70656157077906 194
1738722655255 186.79545144832392 195
1738722655289 176.77096367130176 196
1738722655323 180.25738544465833 197
1738722655357 181.61457017667416 198
1738722655392 135.43394587330317 199
1738722655426 162.05670040732554 200
1738722655459 181.91021084827955 201
1738722655493 158.23691755521733 202
1738722655527 176.30268078023886 203
1738722655561 172.77070702530477 204
1738722655595 189.95645415962898 205
1738722655629 176.87474230675866 206
1738722655663 170.6647222712327 207
1738722655697 191.29782442125924 208
1738722655732 208.98962388165032 209
1738722655766 166.67700404613595 210
1738722655800 141.31016058489192 211
1738722655834 178.37517723649654 212
1738722655868 181.8660578788486 213
1738722655902 152.7546274081127 214
1738722655936 177.0404329529676 215
1738722655970 138.8548197671041 216
1738722656004 177.9649124366541 217
1738722656038 180.69673835658375 218
1738722656072 156.85870661524854 219
1738722656106 154.19408938915274 220
1738722656140 138.43407598451248 221
1738722656174 174.73125343084035 222
1738722656208 142.3492290898995 223
1738722656243 155.1387395919615 224
1738722656276 178.65278999852654 225
1738722656310 176.7480218443204 226
1738722656345 194.61988373603313 227
1738722656379 150.1300286762523 228
1738722656413 172.8422977089024 229
1738722656447 174.090448832817 230
1738722656481 175.06985612213396 231
1738722656515 185.38662290381401 232
1738722656549 173.77420471841464 233
1738722656583 175.37490167246784 234
1738722656617 169.74873790367164 235
1738722656651 151.17978859848822 236
1738722656685 176.73409047078474 237
1738722656720 180.18457964939802 238
1738722656756 178.8369082530471 239
1738722656791 180.7461743723602 240
1738722656826 182.64487057254883 241
1738722656861 191.6899055121614 242
1738722656897 183.59332605627316 243
1738722656932 137.01739193325204 244
1738722656967 206.07930347169196 245
1738722657003 164.13177060300228 246
1738722657038 169.22215479822546 247
1738722657073 199.28247398459337 248
1738722657108 146.383172239632 249
1738722657143 127.33741404806666 250
1738722657178 172.10397633947588 251
1738722657213 175.33569062144684 252
1738722657248 167.4932570790746 253
1738722657283 164.19113016749918 254
1738722657318 161.65311212267392 255
1738722657353 157.31283684060537 256
1738722657387 165.24485342268025 257
1738722657422 177.82989072310212 258
1738722657457 210.30795017553294 259
1738722657491 162.73233996521648 260
1738722657526 150.7388487782907 261
1738722657560 150.92665079123438 262
1738722657595 192.8128135865485 263
1738722657629 168.70984958569423 264
1738722657664 177.99697991404955 265
1738722657698 150.88828453809657 266
1738722657733 166.03722945796676 267
1738722657767 183.4504943309196 268
1738722657802 158.9559967322107 269
1738722657836 166.87729094439274 270
1738722657871 187.6924930256658 271
1738722657905 156.65750537739981 272
1738722657939 181.59896252409544 273
1738722657973 169.0390360943316 274
1738722658008 177.67428899314405 275
1738722658047 158.35987945250733 276
1738722658082 158.4499355170321 277
1738722658116 129.77955617936243 278
1738722658151 171.0227889835737 279
1738722658185 182.6385266855178 280
1738722658220 170.28339985011272 281
1738722658254 181.27729205664284 282
1738722658289 158.29811416059033 283
1738722658325 162.95997531886823 284
1738722658360 178.96008351794268 285
1738722658395 181.35524908112097 286
1738722658430 198.2551573838639 287
1738722658464 176.23883139606573 288
1738722658499 166.40585004195256 289
1738722658534 186.1910180728094 290
1738722658569 173.2126951476344 291
1738722658603 183.97195756656174 292
1738722658638 182.05406392716603 293
1738722658673 160.42998626333323 294
1738722658708 155.08845508410158 295
1738722658742 148.89577177476843 296
1738722658778 162.06157840031238 297
1738722658813 159.58201587609165 298
1738722658848 176.75979902810744 299
1738722658882 183.4236023921669 300
1738722658917 184.72759628596356 301
1738722658952 173.9343136633631 302
1738722658986 180.13430541214538 303
1738722659021 175.1977609600881 304
1738722659056 180.776376116716 305
1738722659090 180.2390610026522 306
1738722659125 188.2311619931967 307
1738722659160 169.80011649012437 308
1738722659194 164.0774687978699 309
1738722659229 174.24453977625095 310
1738722659263 190.17197409085247 311
1738722659298 117.09489015290212 312
1738722659332 181.28230265739757 313
1738722659367 158.57728795302813 314
1738722659401 185.69782323992976 315
1738722659436 170.10200896670642 316
1738722659470 180.64206000982534 317
1738722659505 175.11858779670507 318
1738722659539 190.5062663057364 319
1738722659573 169.49471159989315 320
1738722659608 171.92065449015118 321
1738722659642 183.13465096018535 322
1738722659676 160.4611067563986 323
1738722659711 170.37680423022192 324
1738722659745 181.99625453763915 325
1738722659779 167.50368490245148 326
1738722659815 181.74037007861253 327
1738722659850 178.58983092043616 328
1738722659884 151.66688638698596 329
1738722659919 177.48263710261406 330
1738722659953 185.0263461824821 331
1738722659988 173.1943332025022 332
1738722660022 187.90309702861134 333
1738722660057 194.43288618113127 334
1738722660091 158.18126407540854 335
1738722660125 164.37280414284285 336
1738722660160 168.04497563951648 337
1738722660195 191.87798144976736 338
1738722660230 172.89669528508463 339
1738722660265 139.4846251396618 340
1738722660300 173.91214797279972 341
1738722660335 154.41041528644513 342
1738722660370 169.00057142490888 343
1738722660406 142.7700699008025 344
1738722660441 192.124061523983 345
1738722660476 167.5919762044496 346
1738722660511 163.11372560229864 347
1738722660546 152.44761454053778 348
1738722660581 196.35076352409422 349
1738722660616 150.00380452322923 350
1738722660652 141.64141855299766 351
1738722660686 181.13642454957187 352
1738722660722 174.96114134429428 353
1738722660757 209.53471550565325 354
1738722660792 174.11726865182726 355
1738722660827 177.58783634666702 356
1738722660862 145.30328249265324 357
1738722660897 170.32223074745102 358
1738722660932 211.69627629894296 359
1738722660967 170.54866628887484 360
1738722661002 152.75024165208714 361
1738722661037 152.45425427861903 362
1738722661072 164.61993116963163 363
1738722661108 158.1582745384399 364
1738722661143 174.3498271441251 365
1738722661178 178.76462788884228 366
1738722661213 176.11228916703928 367
1738722661248 171.61938720228562 368
1738722661283 173.37267900234158 369
1738722661318 157.32680944721707 370
1738722661353 168.03707106977808 371
1738722661388 181.14308257709772 372
1738722661423 160.48244601198758 373
1738722661458 173.32191905546335 374
1738722661493 172.47064004132 375
1738722661528 155.1352270427069 376
1738722661563 185.78738034933238 377
1738722661598 167.99247119964093 378
1738722661632 173.13852909965354 379
1738722661667 202.54333027203478 380
1738722661702 167.0618215057316 381
1738722661736 163.53812954600699 382
1738722661771 117.57165314675535 383
1738722661806 194.92609675894926 384
1738722661841 161.904583680184 385
1738722661875 184.7888762523888 386
1738722661910 175.68702168937378 387
1738722661944 176.63208404411085 388
1738722661979 170.97522983505806 389
1738722662013 159.3033784011867 390
1738722662048 185.0133893806555 391
1738722662083 145.0568224840462 392
1738722662117 154.36385779069036 393
1738722662152 183.52012656733072 394
1738722662186 157.66033068068668 395
1738722662221 170.21118894598462 396
1738722662255 165.36516798683076 397
1738722662290 164.49523873242177 398
1738722662327 182.5803511652318 399
1738722662362 186.6148102913717 400
1738722662396 150.75598479120058 401
1738722662430 150.20225134204114 402
1738722662465 178.06378092077694 403
1738722662499 175.81480861176982 404
1738722662534 141.92709459672596 405
1738722662568 174.13422229207086 406
1738722662602 155.35072643205808 407
1738722662637 184.7004269281344 408
1738722662672 208.71880856886455 409
1738722662706 147.76767900430895 410
1738722662740 167.91770348921114 411
1738722662775 162.67046783971816 412
1738722662809 142.96518193104953 413
1738722662844 194.3807513594843 414
1738722662878 174.0910535481554 415
1738722662912 145.06993404716394 416
1738722662947 158.92750207333575 417
1738722662981 149.5483335489991 418
1738722663015 160.54808503092286 419
1738722663049 170.30393766664676 420
1738722663084 142.45505227949633 421
1738722663118 172.52153837025048 422
1738722663153 150.73035392735298 423
1738722663188 188.62831652068388 424
1738722663222 171.16109418459524 425
1738722663256 136.1704274140533 426
1738722663291 187.6482469028885 427
1738722663325 178.20041209608806 428
1738722663360 156.22103311229034 429
1738722663394 145.0976416263375 430
1738722663429 160.43504516226463 431
1738722663463 147.86056121401637 432
1738722663497 105.5743940843374 433
1738722663532 168.97890390301782 434
1738722663566 175.025410207236 435
1738722663600 178.898476290976 436
1738722663634 165.17523578682886 437
1738722663669 148.84800099574224 438
1738722663703 149.0353581825944 439
1738722663737 176.18989057392977 440
1738722663771 166.49436512557693 441
1738722663805 143.9381469947574 442
1738722663840 178.1250040791393 443
1738722663874 170.74259612046342 444
1738722663908 178.87104840739985 445
1738722663942 141.53827680755876 446
1738722663977 184.86195449570582 447
1738722664011 154.30655436198893 448
1738722664045 163.2109128605305 449
1738722664079 162.88582313544063 450
1738722664114 236.96638269718736 451
1738722664148 172.21041938091668 452
1738722664183 176.23581021859684 453
1738722664217 180.09597067385732 454
1738722664251 163.8251632182419 455
1738722664285 189.5440794587455 456
1738722664322 155.42319170502356 457
1738722664357 174.86979497614627 458
1738722664392 203.67083176442793 459
1738722664427 152.29286167946657 460
1738722664461 183.4092758635315 461
1738722664496 148.86882570924024 462
1738722664531 143.96457071953228 463
1738722664565 189.19774890037175 464
1738722664600 167.95396748516924 465
1738722664634 167.1964737857351 466
1738722664668 175.5529348339957 467
1738722664703 190.64394248162583 468
1738722664737 146.79659338087416 469
1738722664772 197.22718169243132 470
1738722664806 161.40246089307013 471
1738722664842 164.68797924334956 472
1738722664877 187.71806306264173 473
1738722664912 166.6316752975067 474
1738722664947 171.14388515929528 475
1738722664982 128.98745513836295 476
1738722665017 175.16113623383382 477
1738722665052 195.76029431564808 478
1738722665087 156.5243489472464 479
1738722665123 174.02325337348222 480
1738722665159 137.80589327487732 481
1738722665195 169.84440728206732 482
1738722665231 256.70420635905805 483
1738722665266 168.07663384796066 484
1738722665301 174.33749729255766 485
1738722665337 183.04613806005733 486
1738722665372 173.45962421331222 487
1738722665408 162.40794832955123 488
1738722665443 168.1204137471235 489
1738722665478 176.53987176095197 490
1738722665513 206.39601801000362 491
1738722665548 154.25921451629966 492
1738722665583 146.72268149616994 493
1738722665618 201.2718077231435 494
1738722665653 152.9896345275916 495
1738722665688 132.05490554498473 496
1738722665723 158.54569886889374 497
1738722665758 181.26095817865138 498
1738722665793 159.83366487533007 499
