1738722114168 171.80248971622424 0
1738722114170 169.10713011306942 1
1738722114172 167.93973617603334 2
1738722114174 168.7953756227395 3
1738722114176 167.97010943418493 4
1738722114177 170.9263805791557 5
1738722114179 168.16795793708974 6
1738722114181 169.203623718949 7
1738722114183 167.4708495252643 8
1738722114185 169.11166693214804 9
1738722114186 167.0167894275755 10
1738722114188 165.67968831213614 11
1738722114190 167.95842396489797 12
1738722114192 171.29139425216349 13
1738722114194 166.9087046790998 14
1738722114195 167.81609943815272 15
1738722114197 170.62637661841075 16
1738722114199 170.03917407282324 17
1738722114201 170.33965707053102 18
1738722114202 167.25271679135477 19
1738722114204 169.6820742021933 20
1738722114206 168.22220396987706 21
1738722114208 167.57311541363688 22
1738722114210 167.65382603107722 23
1738722114213 167.32838457969794 24
1738722114214 172.0163358263103 25
1738722114217 167.4885569156155 26
1738722114218 168.3445733368096 27
1738722114220 169.49365306992473 28
1738722114222 168.28143246620238 29
1738722114224 169.9514026060968 30
1738722114226 167.3982083370457 31
1738722114228 167.26833462881842 32
1738722114231 168.4163604090302 33
1738722114233 166.5476554975544 34
1738722114234 167.90983111524787 35
1738722114236 164.06993932833223 36
1738722114238 170.33931000830552 37
1738722114240 166.78732977736456 38
1738722114242 171.56527926651444 39
1738722114244 168.70237765304583 40
1738722114246 170.68075313697295 41
1738722114247 170.09891681972513 42
1738722114249 169.67885516525232 43
1738722114251 170.03978202191442 44
1738722114253 167.7640409922394 45
1738722114255 170.08431406245882 46
1738722114256 169.44527777000883 47
1738722114258 168.6472196057272 48
1738722114260 168.2732691697677 49
1738722114262 171.92440191829408 50
1738722114263 168.03237886479394 51
1738722114265 171.64541785519904 52
1738722114267 169.7947038619772 53
1738722114269 167.27010043914746 54
1738722114270 167.0733723638528 55
1738722114272 170.37913572712884 56
1738722114274 173.51758909912562 57
1738722114276 169.62840299801866 58
1738722114277 170.25892575772158 59
1738722114279 169.26883894689914 60
1738722114281 170.85690830047346 61
1738722114283 169.46137989867657 62
1738722114284 169.62497202039745 63
1738722114286 166.52046383961257 64
1738722114288 171.18842108394628 65
1738722114290 169.1882367506681 66
1738722114292 168.12202034604408 67
1738722114293 169.48034331029518 68
1738722114295 170.21636783669035 69
1738722114298 170.6269714106652 70
1738722114299 172.1525963453042 71
1738722114301 165.60904193092128 72
1738722114303 167.2891883035285 73
1738722114305 169.61015835954638 74
1738722114307 167.72432294398337 75
1738722114309 167.36500851045622 76
1738722114310 171.736911495442 77
1738722114313 167.96386479254457 78
1738722114314 168.62406297908728 79
1738722114316 168.49538342251407 80
1738722114318 169.48778068577988 81
1738722114320 169.05735005614892 82
1738722114322 168.9032486544055 83
1738722114323 169.08110855785753 84
1738722114325 169.07978885046643 85
1738722114327 167.34388683801444 86
1738722114329 171.10553458046044 87
1738722114331 165.6683722121816 88
1738722114332 169.7119535355886 89
1738722114334 170.70415482144423 90
1738722114336 170.26460731185486 91
1738722114338 168.77444058325338 92
1738722114340 169.0978303857757 93
1738722114342 168.49811784621073 94
1738722114343 165.39898198445087 95
1738722114345 165.89984304637224 96
1738722114347 171.2857024431321 97
1738722114349 173.36686332712233 98
1738722114351 167.58680392572845 99
1738722114352 169.5029998714844 100
1738722114354 169.93805762245955 101
1738722114356 168.8489574943829 102
1738722114358 167.21903173517273 103
1738722114359 168.8181862719535 104
1738722114361 171.21945631756648 105
1738722114363 171.37475871384783 106
1738722114365 169.96646727583786 107
1738722114366 168.83490776790862 108
1738722114368 169.04880719260686 109
1738722114370 169.1899261903603 110
1738722114372 168.21253875534916 111
1738722114374 171.06467833777802 112
1738722114375 170.44408132457363 113
1738722114377 169.13817442239224 114
1738722114379 171.90839730110665 115
1738722114381 168.012054712792 116
1738722114382 167.8388378629426 117
1738722114384 168.25351937467417 118
1738722114386 169.0284778665764 119
1738722114388 168.75852722516925 120
1738722114390 169.51967984833496 121
1738722114391 170.4977827057087 122
1738722114393 167.90152094038598 123
1738722114395 167.93879435304947 124
1738722114397 171.18576528909213 125
1738722114399 168.91338320291067 126
1738722114400 167.96525126589466 127
1738722114402 168.52514973872357 128
1738722114404 167.81171819416448 129
1738722114406 167.70199374255708 130
1738722114407 169.66962986734546 131
1738722114409 167.4916297688826 132
1738722114411 168.21025003349104 133
1738722114415 173.9681082890011 134
1738722114416 170.15720464393112 135
1738722114418 166.81511622104628 136
1738722114420 169.69486919705164 137
1738722114422 169.88734309910475 138
1738722114423 169.61265396576638 139
1738722114425 165.49803517283198 140
1738722114427 167.7434168284297 141
1738722114429 167.7768545248994 142
1738722114430 166.53686090040134 143
1738722114432 169.2918724404566 144
1738722114434 170.62457410483006 145
1738722114435 165.27999696892428 146
1738722114437 170.93263429504486 147
1738722114439 170.87006375361668 148
1738722114441 168.0660618844989 149
1738722114442 171.5921222328947 150
1738722114444 168.16337376000482 151
1738722114446 170.52064399726353 152
1738722114447 169.78198203163308 153
1738722114449 171.9594451353019 154
1738722114451 168.8099988820987 155
1738722114453 168.05247044635257 156
1738722114454 168.59991704312202 157
1738722114456 173.1089553543877 158
1738722114458 169.38450474684777 159
1738722114460 168.64798478755176 160
1738722114461 170.39224964068066 161
1738722114463 169.6578366214864 162
1738722114465 169.83708019254067 163
1738722114467 168.06482136247632 164
1738722114468 168.94152544058275 165
1738722114470 170.9067433957017 166
1738722114472 167.73730984361646 167
1738722114474 170.46255781590258 168
1738722114475 169.48768500857275 169
1738722114477 169.28902687397692 170
1738722114479 168.74470406264967 171
1738722114480 165.286896666849 172
1738722114482 170.11128650752846 173
1738722114484 167.70828378161747 174
1738722114486 169.38559519062377 175
1738722114487 166.53622766766173 176
1738722114489 169.95696508477926 177
1738722114491 170.0150946898636 178
1738722114492 164.87718914199198 179
1738722114494 169.72448344814364 180
1738722114496 167.05564060081562 181
1738722114498 172.10806551431222 182
1738722114499 169.43861313879893 183
1738722114501 170.42064781619513 184
1738722114503 168.67221729132692 185
1738722114505 166.68598992930475 186
1738722114506 168.95979503300893 187
1738722114508 170.28386084247094 188
1738722114510 168.33035969623023 189
1738722114511 169.74442818820611 190
1738722114513 169.54884892527787 191
1738722114515 166.28835527601794 192
1738722114517 167.2935873222835 193
1738722114518 170.01522944877527 194
1738722114520 171.11223203711944 195
1738722114522 171.14443550174164 196
1738722114523 168.85563117862523 197
1738722114525 172.35315689457335 198
1738722114527 167.80129025968705 199
1738722114529 171.2331818224857 200
1738722114530 167.57597517107777 201
1738722114532 169.69023945908174 202
1738722114534 170.99460653712603 203
1738722114536 168.98913020496786 204
1738722114537 170.30950621978576 205
1738722114539 168.41951843493732 206
1738722114541 168.66220375259817 207
1738722114542 170.12517779542478 208
1738722114544 167.0515716100875 209
1738722114546 167.8118763907669 210
1738722114548 166.3178197711776 211
1738722114549 166.92821707589727 212
1738722114551 169.4626661470542 213
1738722114553 169.00945898467506 214
1738722114554 169.22243176639225 215
1738722114556 166.5485689445427 216
1738722114558 170.134731503066 217
1738722114560 168.6837725609551 218
1738722114561 167.439349502643 219
1738722114563 168.5305172898357 220
1738722114565 167.17301014565072 221
1738722114567 168.48674460337767 222
1738722114568 170.38230565469587 223
1738722114570 166.6106682608509 224
1738722114572 169.2859943587492 225
1738722114573 170.80033103925732 226
1738722114575 169.14710888819752 227
1738722114577 169.35784797175825 228
1738722114579 168.97212549471547 229
1738722114580 167.49255908864853 230
1738722114582 170.19121895274944 231
1738722114584 168.21936615299467 232
1738722114586 167.74805207499804 233
1738722114587 167.31971329028704 234
1738722114589 168.6680601967396 235
1738722114591 168.69896710743916 236
1738722114593 167.87898967164023 237
1738722114594 167.29849125281464 238
1738722114596 167.5442399259746 239
1738722114598 168.82449412566592 240
1738722114599 168.59532852623417 241
1738722114601 168.17160578308227 242
1738722114603 171.84594072582706 243
1738722114605 167.68622424520257 244
1738722114607 170.39111615973243 245
1738722114609 166.7546527136072 246
1738722114611 171.7057431377155 247
1738722114613 165.512714506587 248
1738722114614 168.37298942306435 249
1738722114616 169.3094489721221 250
1738722114618 167.65294086181837 251
1738722114620 169.6760797876998 252
1738722114621 171.30107779107615 253
1738722114623 167.25703637946967 254
1738722114625 169.15964990853135 255
1738722114627 167.37635015626512 256
1738722114629 170.39746757075275 257
1738722114630 168.75450042657292 258
1738722114632 170.42383747241237 259
1738722114634 169.09859151047777 260
1738722114636 168.67197281032352 261
1738722114638 167.82024092373297 262
1738722114639 167.00757176543715 263
1738722114641 167.7047877229787 264
1738722114643 167.22323112271255 265
1738722114645 167.17122516743015 266
1738722114647 170.27946422663686 267
1738722114648 170.6957950034835 268
1738722114650 168.30778054117852 269
1738722114652 166.95081341599104 270
1738722114654 172.69560594477855 271
1738722114655 168.98300843811938 272
1738722114657 169.83656222658036 273
1738722114659 168.31266058062116 274
1738722114661 167.41840921463748 275
1738722114663 171.11708189847016 276
1738722114664 170.1757030250254 277
1738722114666 168.44761369944052 278
1738722114668 167.7808983613349 279
1738722114670 168.6659598085504 280
1738722114671 166.00971186466134 281
1738722114673 169.2714390789027 282
1738722114675 167.31047986429635 283
1738722114677 167.20712299976748 284
1738722114679 169.4084882719383 285
1738722114680 168.37966169072592 286
1738722114682 168.19791875967513 287
1738722114684 169.01284085298857 288
1738722114686 169.15123207351326 289
1738722114687 168.54991177489183 290
1738722114689 167.50312151203227 291
1738722114691 166.97549033494653 292
1738722114693 168.03582635035076 293
1738722114695 169.41058376495528 294
1738722114696 167.13557074737344 295
1738722114698 169.76188916941808 296
1738722114700 167.08855698081783 297
1738722114702 168.16875033745197 298
1738722114704 169.55189202371724 299
1738722114705 167.94420558876138 300
1738722114707 175.04751572310752 301
1738722114709 170.0914761395899 302
1738722114711 169.63350065046595 303
1738722114712 168.4040974124587 304
1738722114714 168.83070674010244 305
1738722114716 171.00190985391254 306
1738722114718 169.34248030764795 307
1738722114720 171.27479220750735 308
1738722114722 170.38743706582656 309
1738722114724 169.37249683594084 310
1738722114726 169.75007919204296 311
1738722114727 167.95137951792083 312
1738722114729 171.23124487143423 313
1738722114731 167.71294702194726 314
1738722114733 166.14489484739082 315
1738722114734 169.40314630754654 316
1738722114736 167.93674442000187 317
1738722114738 168.93349274287067 318
1738722114740 167.12558254927035 319
1738722114741 167.3573415705688 320
1738722114743 171.64296740012617 321
1738722114745 167.13048239203584 322
1738722114747 168.021750593737 323
1738722114748 167.40984718782704 324
1738722114750 168.2486225459024 325
1738722114752 167.83312536146232 326
1738722114754 166.72278634034944 327
1738722114755 167.79844066241708 328
1738722114757 168.70907225597148 329
1738722114759 168.35799498308555 330
1738722114761 169.72534887108608 331
1738722114762 167.53483789639145 332
1738722114764 169.9739013040153 333
1738722114766 169.102384662591 334
1738722114768 167.4753786454541 335
1738722114769 169.210605285973 336
1738722114771 167.65941498541326 337
1738722114773 167.72321257876678 338
1738722114775 168.9627786915555 339
1738722114777 169.67603510288876 340
1738722114779 167.85331623419918 341
1738722114781 169.37840135542663 342
1738722114782 170.8868387573388 343
1738722114784 170.6358083549345 344
1738722114786 169.61759659158804 345
1738722114788 169.7442875645322 346
1738722114789 170.40888658269907 347
1738722114791 168.86555762957298 348
1738722114793 166.79041387141166 349
1738722114795 169.005593096666 350
1738722114796 168.56922073860184 351
1738722114798 167.99679770200459 352
1738722114800 171.11415817945115 353
1738722114802 168.64956608506625 354
1738722114804 168.70177504658201 355
1738722114805 168.628439313105 356
1738722114807 168.7304382262649 357
1738722114809 167.8647898273766 358
1738722114810 168.64179277144035 359
1738722114812 169.93637791822545 360
1738722114814 169.37430165293932 361
1738722114816 168.34473642248096 362
1738722114818 170.45813356692923 363
1738722114820 172.74471459425592 364
1738722114821 167.63570579533578 365
1738722114823 168.77637612003502 366
1738722114825 169.74646756490725 367
1738722114827 166.80530700725464 368
1738722114829 169.44820303890174 369
1738722114831 167.75405989030673 370
1738722114832 167.58094530497257 371
1738722114834 168.6237432196867 372
1738722114836 170.4411142757411 373
1738722114838 168.57079315901615 374
1738722114840 171.5406005004364 375
1738722114841 169.42878509355373 376
1738722114843 172.03393409300963 377
1738722114845 168.2679122004108 378
1738722114847 167.1085624675669 379
1738722114848 169.5323947183709 380
1738722114850 171.23287452816842 381
1738722114852 170.08842412374483 382
1738722114854 169.1515358742915 383
1738722114855 169.83057830794743 384
1738722114857 167.89859912798164 385
1738722114859 168.62912053321244 386
1738722114861 170.02745487034372 387
1738722114862 168.88005425533936 388
1738722114864 169.10720904378093 389
1738722114866 168.6533416853054 390
1738722114868 167.08640771033782 391
1738722114869 166.0161229237095 392
1738722114871 167.97704057885207 393
1738722114873 167.19175312441598 394
1738722114875 168.41648905161352 395
1738722114876 168.7699754362359 396
1738722114878 170.02645306580095 397
1738722114880 168.26829613231587 398
1738722114882 168.68133647858832 399
1738722114883 168.6650900676376 400
1738722114885 167.36046541280888 401
1738722114887 167.84200146921052 402
1738722114889 172.12951045530875 403
1738722114890 170.3650358108984 404
1738722114892 167.8650115827424 405
1738722114894 169.26239627360385 406
1738722114896 172.21797077520785 407
1738722114897 167.55549642911637 408
1738722114899 170.07893731034696 409
1738722114901 170.3677258297271 410
1738722114903 167.81318996322779 411
1738722114905 171.90561874819497 412
1738722114907 169.83522924791518 413
1738722114908 168.74721943182587 414
1738722114910 169.15003453298004 415
1738722114912 170.2233837158318 416
1738722114914 172.13726736009457 417
1738722114915 171.29166633663365 418
1738722114917 170.92353547670518 419
1738722114919 170.9842749013515 420
1738722114921 167.34398191678272 421
1738722114922 168.90464820282352 422
1738722114924 171.40240351409005 423
1738722114926 167.97461055797913 424
1738722114928 169.68226642251298 425
1738722114929 169.38792653742757 426
1738722114931 168.40692557245853 427
1738722114933 167.50022686816834 428
1738722114935 168.97922255739715 429
1738722114936 171.16453860058198 430
1738722114938 166.5460927307284 431
1738722114940 170.72244635272608 432
1738722114942 168.60404524032484 433
1738722114943 166.585917658878 434
1738722114945 169.53551013311906 435
1738722114947 170.9779834236252 436
1738722114949 166.65949557392653 437
1738722114950 169.5710010986906 438
1738722114952 168.39897547244107 439
1738722114954 169.75971194712434 440
1738722114956 168.61267629675976 441
1738722114957 169.77877584573346 442
1738722114959 168.46328520415784 443
1738722114961 170.1832534686923 444
1738722114963 167.31852164370963 445
1738722114964 167.351136469539 446
1738722114966 169.08340995973828 447
1738722114968 168.8059917815312 448
1738722114970 169.16371429539836 449
1738722114971 167.31512125140245 450
1738722114973 166.67542967004636 451
1738722114975 170.9712214726083 452
1738722114977 171.47064313656387 453
1738722114978 169.68391750054948 454
1738722114980 169.17578738627324 455
1738722114982 169.4944968340745 456
1738722114983 167.70533501395934 457
1738722114985 167.98819388395373 458
1738722114987 169.38719590099248 459
1738722114989 169.18256387630643 460
1738722114990 168.6431465542536 461
1738722114992 166.69808210860003 462
1738722114994 168.6876711063078 463
1738722114995 168.10788036563034 464
1738722114997 170.12526116393212 465
1738722114999 168.60544878008656 466
1738722115001 167.28647189585007 467
1738722115002 166.29069912239413 468
1738722115004 169.0303549985188 469
1738722115006 169.51859852676597 470
1738722115007 169.97825030695782 471
1738722115009 170.23997401461185 472
1738722115011 168.77774940431675 473
1738722115013 170.0537529747503 474
1738722115014 170.41342784359964 475
1738722115016 167.55328991320533 476
1738722115018 170.58067495094735 477
1738722115019 168.64991522903907 478
1738722115021 172.36520862626125 479
1738722115023 167.25129073603586 480
1738722115025 166.12642136793716 481
1738722115026 172.65535916946072 482
1738722115028 166.245804864252 483
1738722115030 168.69120759944119 484
1738722115031 166.62607330186992 485
1738722115033 171.5306499896125 486
1738722115035 170.42967329705692 487
1738722115037 168.4106544817268 488
1738722115038 167.5504762449397 489
1738722115040 168.07352217271094 490
1738722115042 170.75586088491323 491
1738722115043 168.19895479957606 492
1738722115045 167.6060057738502 493
1738722115047 170.21775489168036 494
1738722115049 167.6732557976691 495
1738722115050 168.2071996772095 496
1738722115052 169.33220079171568 497
1738722115054 170.51671810413438 498
1738722115055 168.8792314537218 499
