1738724146783 168.76310952379524 0
1738724146786 167.69078727924682 1
1738724146789 169.7319850425136 2
1738724146792 169.55360300222435 3
1738724146794 167.45299809881493 4
1738724146797 168.7070556826191 5
1738724146800 170.35038235922636 6
1738724146803 167.5416607965825 7
1738724146806 168.98843527131402 8
1738724146808 169.63187826077623 9
1738724146811 170.14205489774216 10
1738724146814 170.66940648678363 11
1738724146817 167.3092521607794 12
1738724146819 170.41741676312 13
1738724146822 169.0749811072249 14
1738724146825 167.50535781791933 15
1738724146827 170.70459781180094 16
1738724146830 168.90624290941918 17
1738724146833 169.0037744009295 18
1738724146836 172.1572409416941 19
1738724146838 171.23612637921076 20
1738724146841 168.83686460249203 21
1738724146844 167.96577039767413 22
1738724146846 167.5095609278258 23
