1738722113465 167.8117104520134 0
1738722113467 169.8637074684788 1
1738722113469 168.66456745075678 2
1738722113471 163.97470226537794 3
1738722113473 167.73268386189125 4
1738722113475 168.54935989860476 5
1738722113477 171.03906940694418 6
1738722113478 168.8003664203805 7
1738722113480 167.4666240416709 8
1738722113482 170.36021503556677 9
1738722113484 169.80224870748634 10
1738722113486 168.8465949553283 11
1738722113488 168.30143350700888 12
1738722113489 170.37947520642643 13
1738722113491 170.66055762300945 14
1738722113493 170.38779285730823 15
1738722113495 168.82740130662762 16
1738722113497 166.60446454246056 17
1738722113499 166.8093333057831 18
1738722113501 165.78534001926576 19
1738722113503 167.09763612590686 20
1738722113505 168.18625412236602 21
1738722113506 169.47641697284735 22
1738722113509 166.82431267974601 23
1738722113510 170.3466598981733 24
1738722113512 169.7327630623687 25
1738722113514 167.35281882647433 26
1738722113516 168.23707147636182 27
1738722113518 169.0535061936754 28
1738722113520 169.56710262146242 29
1738722113521 170.06140234122512 30
1738722113523 165.84848308966548 31
1738722113525 170.00161155380204 32
1738722113527 169.02029588816174 33
1738722113529 169.96968975627578 34
1738722113531 167.46033001077583 35
1738722113533 166.59360137464864 36
1738722113535 166.67153066189152 37
1738722113537 167.57560414394803 38
1738722113539 166.79325791791655 39
1738722113540 170.91394740396623 40
1738722113542 169.62753679847947 41
1738722113544 169.2230480007913 42
1738722113546 168.11704691847996 43
1738722113548 166.69656477378425 44
1738722113550 168.61234769362454 45
1738722113551 166.21488665766523 46
1738722113553 169.3853870491773 47
1738722113555 166.36892802835774 48
1738722113557 168.6102707280914 49
1738722113559 169.54987164962373 50
1738722113560 168.89145267480228 51
1738722113562 171.09355350015264 52
1738722113564 170.47010879599156 53
1738722113566 169.2096279090012 54
1738722113568 171.3089413767909 55
1738722113571 168.15444368517726 56
1738722113572 169.07730091878832 57
1738722113574 168.9795313863269 58
1738722113576 168.9087403789532 59
1738722113578 169.72694588843973 60
1738722113580 165.22489780576603 61
1738722113582 168.2924551038728 62
1738722113583 167.3798106918594 63
1738722113585 169.81325731581737 64
1738722113587 169.06449492157785 65
1738722113589 174.11244186810168 66
1738722113591 170.19725496791045 67
1738722113593 169.60568812187952 68
1738722113595 168.9371309739522 69
1738722113597 166.62616562132158 70
1738722113599 167.3892375346574 71
1738722113601 168.46920194850597 72
1738722113602 164.25894103051112 73
1738722113604 168.6870918988974 74
1738722113606 167.67833495605242 75
1738722113608 167.9118982109368 76
1738722113610 170.41030263706463 77
1738722113611 168.0547928739794 78
1738722113613 169.71794052780515 79
1738722113615 168.95270499238967 80
1738722113617 171.17497834549243 81
1738722113619 169.20548649512648 82
1738722113620 171.1766423639568 83
1738722113622 167.64015569860226 84
1738722113624 167.99057361854238 85
1738722113626 170.34085120951502 86
1738722113628 171.20372021158732 87
1738722113630 167.0759265470294 88
1738722113632 168.06485030362896 89
1738722113633 168.61942007340338 90
1738722113635 167.82590245526316 91
1738722113637 168.11040673801352 92
1738722113639 168.3604154824637 93
1738722113641 167.7843004976348 94
1738722113643 168.49493071883742 95
1738722113644 168.30966628155988 96
1738722113647 170.27284125134113 97
1738722113649 168.1402148756535 98
1738722113651 168.239314887951 99
1738722113653 167.8477622498575 100
1738722113654 168.48163470150396 101
1738722113656 168.27302863247021 102
1738722113658 165.95091458158592 103
1738722113660 168.0284852319611 104
1738722113662 168.71539837105115 105
1738722113663 166.8921419757767 106
1738722113665 171.3741207036585 107
1738722113667 169.88241387020648 108
1738722113669 167.83726987538637 109
1738722113671 166.44581012826114 110
1738722113673 169.98831084826753 111
1738722113674 169.06469381638348 112
1738722113676 167.41517365385198 113
1738722113678 168.5829803274057 114
1738722113680 167.56334695047786 115
1738722113681 168.30827292949223 116
1738722113683 170.81051756741607 117
1738722113685 171.75668781978973 118
1738722113687 167.91409524331849 119
1738722113690 168.734666482026 120
1738722113695 166.6535397218332 121
1738722113703 167.99795058532357 122
1738722113711 166.8592350400301 123
1738722113719 168.66866255566077 124
1738722113721 171.26643028837546 125
1738722113724 170.02031221657293 126
1738722113730 168.08164743906036 127
1738722113733 168.1099097198689 128
1738722113735 170.09021667039462 129
1738722113737 168.93083081430646 130
1738722113739 168.45636073114588 131
1738722113741 172.43837259634694 132
1738722113742 168.4750624413215 133
1738722113745 167.69352781818012 134
1738722113746 169.3553254059408 135
1738722113748 168.26935565506676 136
1738722113750 167.19720606897934 137
1738722113752 166.14836849892998 138
1738722113754 168.01057759514876 139
1738722113756 167.90847391289165 140
1738722113758 169.1061495663853 141
1738722113760 168.65857596993467 142
1738722113762 170.6876719705571 143
1738722113763 169.7519306690695 144
1738722113765 169.11711376475702 145
1738722113767 170.5975980874803 146
1738722113769 170.21575085531117 147
1738722113771 167.68970743286133 148
1738722113773 168.55740845103315 149
1738722113775 166.60734118640022 150
1738722113777 173.46408145065067 151
1738722113779 170.47664932573994 152
1738722113781 168.88610121752197 153
