1738726280579 167.25505934626688 0
1738726280583 169.27863054860256 1
1738726280586 170.21952182962548 2
1738726280590 168.23604774189613 3
1738726280594 168.5315799069392 4
1738726280597 169.30155253126432 5
1738726280601 171.6773324744944 6
1738726280605 166.93172059356255 7
1738726280608 169.4216909092212 8
1738726280612 170.28934176322917 9
1738726280616 166.90177239383027 10
1738726280620 169.3179936308581 11
1738726280624 167.5303821944463 12
1738726280627 167.77667476736954 13
1738726280631 169.44282480028434 14
1738726280635 169.0203177880696 15
1738726280639 169.54215484017044 16
1738726280642 169.53467514092478 17
1738726280646 168.3526501253927 18
1738726280649 167.39522351407888 19
1738726280653 166.8982476133146 20
1738726280657 167.4446152645381 21
1738726280660 168.21288210938147 22
1738726280664 166.4154531058688 23
1738726280668 166.1811435666361 24
1738726280671 169.56787374112554 25
1738726280675 171.55094402486446 26
1738726280678 166.05746172065557 27
1738726280682 168.27554295260745 28
1738726280686 169.56034971552006 29
1738726280689 168.62907038101488 30
1738726280693 168.02638879047186 31
1738726280697 167.96253365767086 32
1738726280700 169.327988428806 33
1738726280704 168.54514321278353 34
1738726280707 167.91703854692494 35
1738726280711 170.42123275492548 36
1738726280714 169.85289200170868 37
1738726280718 167.63074405267085 38
1738726280721 169.72177100590136 39
1738726280725 170.23454182764246 40
1738726280729 168.18123228799155 41
1738726280732 168.32252589111246 42
1738726280736 169.56584597774875 43
1738726280739 170.2805712169429 44
1738726280743 168.12800621988512 45
1738726280746 172.48081102132082 46
1738726280750 171.06508615556316 47
1738726280754 169.07215570480935 48
1738726280757 168.27467234217661 49
1738726280761 168.50469277064695 50
1738726280764 169.13360426242454 51
1738726280768 168.94706825212077 52
1738726280772 166.40820526018072 53
1738726280775 170.43648116432155 54
1738726280779 169.78777490104522 55
1738726280783 170.9469050020221 56
1738726280786 169.72279755156362 57
1738726280790 171.03020812337417 58
1738726280793 170.34034178258787 59
1738726280797 171.06598430709548 60
1738726280800 168.35129131537587 61
