1738726698803 161.66293727724658 0
1738726698808 169.52861848269723 1
1738726698812 171.8008023806328 2
1738726698816 177.70556379069257 3
1738726698820 176.46283702644146 4
1738726698824 170.99130816756696 5
1738726698828 164.70063175893097 6
1738726698832 164.1781104546315 7
1738726698837 171.981562490368 8
1738726698841 171.8480849876775 9
1738726698846 165.52794486623017 10
1738726698850 171.79878858525524 11
1738726698854 165.31322620232623 12
1738726698859 162.76911619967916 13
1738726698863 172.92366836632593 14
1738726698867 170.31517130231612 15
1738726698871 163.80469077359 16
1738726698875 163.6375541862855 17
1738726698880 166.86075757183892 18
1738726698884 173.22364180712964 19
1738726698888 171.3080500672061 20
1738726698892 164.14069812166665 21
1738726698897 170.6913887466315 22
1738726698901 171.49839734104054 23
