1738722390022 166.8023376781495 0
1738722390024 169.39731011727258 1
1738722390026 167.3332682488442 2
1738722390028 166.54691911805926 3
1738722390029 170.0021867639659 4
1738722390031 168.3496939907886 5
1738722390033 170.15614925340932 6
1738722390035 169.36135248674015 7
1738722390037 169.9595441112139 8
1738722390039 167.0632090184892 9
1738722390041 168.69053054631195 10
1738722390043 170.67268302019792 11
1738722390044 169.19131740383673 12
1738722390046 169.944021081943 13
1738722390048 170.1433625094515 14
1738722390050 171.2902009823036 15
1738722390052 169.86709861231068 16
1738722390054 167.01567611894572 17
1738722390056 171.21451462842157 18
