1738724557095 169.8078894066112 0
1738724557098 168.7295114768434 1
1738724557102 168.65352962649533 2
1738724557105 167.59221300660153 3
1738724557108 168.92993461336678 4
1738724557111 169.67213699809534 5
1738724557114 171.23149721777642 6
1738724557117 169.61516092424037 7
1738724557120 169.06956915785491 8
1738724557123 168.17956609428205 9
1738724557126 169.20010619381756 10
1738724557129 167.88496967910245 11
1738724557132 166.92735600236807 12
1738724557135 169.36042396689757 13
1738724557138 168.59585316373918 14
1738724557141 169.87146998782993 15
1738724557144 168.63875923590103 16
1738724557147 171.3222099203848 17
1738724557150 167.96327188787134 18
1738724557153 167.94380404683443 19
1738724557157 170.7515064590881 20
1738724557160 168.60364823027788 21
1738724557163 168.14728353468445 22
1738724557166 167.4857637289595 23
1738724557169 167.26198440409473 24
1738724557172 168.65112451133794 25
1738724557175 166.4160061198492 26
1738724557178 168.646632158603 27
1738724557181 168.68125055903388 28
1738724557184 172.5850243616302 29
1738724557187 167.3703680703949 30
1738724557190 169.88794915698122 31
1738724557193 168.85332341769765 32
1738724557196 169.32258547435305 33
1738724557199 166.84950165815178 34
1738724557202 166.3315066439462 35
1738724557206 170.48613995696905 36
1738724557209 168.18247958134023 37
1738724557212 169.04341507614888 38
1738724557215 166.9973234262204 39
1738724557218 169.48620606948452 40
1738724557221 169.186400007118 41
1738724557224 168.58286605689005 42
1738724557227 168.2517734689302 43
1738724557230 168.83469405913792 44
1738724557233 168.321342770199 45
1738724557236 169.1350363191577 46
1738724557239 170.79231319901805 47
1738724557242 169.7512397709804 48
1738724557245 168.14918236149197 49
1738724557248 169.13811481903267 50
1738724557251 170.50234851901837 51
