1738724122578 175.20548806566183 0
1738724122618 128.20271614170304 1
1738724122656 155.55598696751125 2
1738724122693 178.59830016543347 3
1738724122730 154.76872823176737 4
1738724122768 171.2585891695432 5
1738724122807 177.66991769866914 6
1738724122845 171.30996300472017 7
1738724122883 168.11413677357194 8
1738724122920 175.12306700922764 9
1738724122959 197.34546551501225 10
1738724122997 175.87540698880716 11
1738724123034 206.38687614826947 12
1738724123071 170.73838971788032 13
1738724123109 194.6394107598567 14
1738724123146 184.4234013384723 15
1738724123183 164.54619137435586 16
1738724123220 176.22199797101436 17
1738724123257 172.83930047277877 18
1738724123293 179.89962769523206 19
1738724123330 173.15379796779405 20
1738724123367 157.81685877749825 21
