1738723826121 176.37359995390761 0
1738723826158 148.48508176860656 1
1738723826194 187.6409794163588 2
1738723826230 178.86256298230032 3
1738723826266 159.0007952575005 4
1738723826304 182.06735024253078 5
1738723826341 179.09622729565908 6
1738723826377 178.69410468310488 7
1738723826414 173.73416654343205 8
1738723826451 182.6449268437202 9
1738723826487 171.1851137846127 10
1738723826524 166.01539917110563 11
1738723826560 182.14668684481722 12
1738723826596 176.32008066121813 13
1738723826633 181.2389751945478 14
1738723826670 195.47585338857084 15
1738723826707 182.69298521373716 16
1738723826743 170.49153297565164 17
1738723826780 195.1788081308302 18
1738723826816 157.68154095241172 19
1738723826853 196.5296770197033 20
1738723826889 177.65640441105157 21
1738723826925 244.671660285523 22
1738723826962 159.3683897612076 23
1738723826998 170.38018341961367 24
1738723827034 190.7907422074139 25
1738723827070 129.2114212480907 26
1738723827106 168.0546665639456 27
1738723827143 171.80494584810896 28
1738723827179 160.07395756094076 29
1738723827215 161.91741882743702 30
1738723827251 203.29302316200452 31
1738723827288 156.10200047986123 32
1738723827324 186.10787944825753 33
1738723827362 170.35515283523648 34
1738723827398 169.311207672397 35
1738723827435 184.2035295822112 36
1738723827472 164.74895465555088 37
1738723827508 185.12293806060177 38
1738723827545 142.10120625921408 39
1738723827582 133.42062384080904 40
1738723827618 153.6314536121664 41
1738723827655 141.2953084143144 42
1738723827691 236.29074313699434 43
1738723827728 135.37276123963903 44
1738723827764 171.34902474663397 45
1738723827801 170.1438714870432 46
1738723827837 208.0533802647825 47
1738723827873 149.1659438801034 48
1738723827910 169.62525025384812 49
1738723827946 164.3803227716362 50
1738723827983 170.74279206117438 51
1738723828019 169.8082154578929 52
1738723828056 167.53200136748325 53
1738723828092 196.84502683400666 54
1738723828128 157.84206228162822 55
1738723828165 163.21222999985434 56
1738723828201 154.92542690386213 57
1738723828237 183.2076551776372 58
1738723828273 170.95657976309457 59
1738723828310 161.33874296111756 60
1738723828346 177.65574268252323 61
1738723828383 165.20889928966722 62
1738723828419 170.59945098298468 63
1738723828455 158.73157379069778 64
1738723828492 162.59604124491446 65
1738723828528 170.41060317425544 66
1738723828564 168.94485353331382 67
1738723828600 169.10799400330603 68
1738723828636 164.00184577927843 69
1738723828672 164.8270399587372 70
1738723828709 160.2694758198315 71
1738723828745 177.46892403615354 72
1738723828781 171.0845980239858 73
1738723828817 187.06302218256906 74
1738723828853 161.49826781970827 75
1738723828889 173.59645279736444 76
1738723828926 150.80752273883655 77
1738723828962 152.80061145269948 78
1738723828998 178.15259914181402 79
1738723829034 184.13358758015167 80
1738723829070 165.25704644870885 81
1738723829106 203.47566020336356 82
1738723829142 162.52208335556188 83
1738723829178 162.49918070477875 84
1738723829214 170.03835514992554 85
1738723829250 159.5797315543744 86
1738723829287 161.06135409780754 87
1738723829325 182.72907204817207 88
1738723829363 158.27635648591422 89
1738723829399 163.7279122778929 90
1738723829436 165.57253753986416 91
1738723829472 185.32137305122433 92
1738723829509 178.70452588140594 93
1738723829545 165.16365607502598 94
1738723829582 165.45143463740234 95
1738723829618 158.30956981862408 96
1738723829655 129.48770602999858 97
1738723829691 194.24506540402072 98
1738723829728 166.11519758077992 99
1738723829764 150.3030128958204 100
1738723829800 158.39275204059757 101
1738723829837 197.6292190631956 102
1738723829873 159.7231501088818 103
1738723829910 166.61517875965595 104
1738723829946 208.36422713318126 105
1738723829982 171.55690109701516 106
1738723830019 115.87046811589853 107
1738723830055 192.3317688136001 108
1738723830091 165.67715555853826 109
1738723830127 151.63100670278985 110
1738723830164 185.2971603514337 111
1738723830200 173.58183558629426 112
1738723830236 130.50915659686558 113
1738723830272 168.9613343551585 114
1738723830309 175.4781705363506 115
1738723830347 159.4760892173926 116
1738723830384 170.38382223964246 117
1738723830422 174.06651304780604 118
1738723830459 169.86151761396772 119
1738723830496 169.51878765226164 120
1738723830533 163.21547740565367 121
1738723830570 177.5506996983048 122
1738723830607 190.0163118992339 123
1738723830644 170.49552393928215 124
