1738724981112 161.4791079419171 0
1738724981116 175.86971529495938 1
1738724981119 171.6877516421475 2
1738724981123 165.3394129308823 3
1738724981126 172.14439751974086 4
1738724981130 162.9132123670508 5
1738724981133 176.3832658688307 6
1738724981137 166.5023488095172 7
1738724981140 165.99903071065935 8
1738724981143 167.962893522226 9
1738724981147 174.35557056057493 10
1738724981150 168.95710430800875 11
1738724981154 164.63377326062727 12
1738724981157 173.88113211370055 13
1738724981160 175.0144852603641 14
1738724981164 169.32966070190267 15
1738724981168 170.90659708560563 16
1738724981171 167.00859889833856 17
1738724981174 165.32262008183304 18
1738724981178 172.6047647250914 19
1738724981181 172.17824984157704 20
1738724981185 164.54536905021345 21
1738724981189 167.01472945703009 22
1738724981192 170.81886127901026 23
1738724981196 170.37221046039346 24
1738724981199 171.81212800512571 25
1738724981203 172.15137860558406 26
1738724981206 174.6703921966306 27
1738724981210 163.3404594822592 28
