1738724019830 162.83431759890752 0
1738724019867 156.91891468939048 1
1738724019904 166.46969754577194 2
1738724019941 170.23268546595233 3
1738724019978 163.49692896790336 4
1738724020015 163.7168906163016 5
1738724020052 146.09693243405 6
1738724020089 177.72692026555612 7
1738724020126 163.28516820821343 8
1738724020163 163.66894149498873 9
1738724020200 168.02597216542077 10
1738724020237 141.96801560682584 11
1738724020274 168.9106367913471 12
1738724020311 166.38728779896397 13
1738724020348 167.56791747245316 14
1738724020385 170.9856966246841 15
1738724020421 162.28349169903063 16
1738724020458 162.30881307295715 17
1738724020495 152.7977354403698 18
1738724020532 189.16264064204495 19
1738724020569 150.80268200183366 20
1738724020605 169.18458842899676 21
1738724020642 168.7863231599741 22
1738724020679 165.81079211279217 23
1738724020715 171.99318980852442 24
1738724020752 164.25840598442377 25
1738724020789 165.25608077235682 26
1738724020825 164.47011882608297 27
1738724020862 154.63459258164204 28
1738724020899 162.4472431315957 29
1738724020935 175.48933140969666 30
1738724020972 173.03573088958308 31
1738724021008 168.10010266848522 32
1738724021045 182.18394159939922 33
1738724021081 202.26173881023064 34
1738724021118 161.766262831569 35
