1738724556070 173.0060800717958 0
1738724556073 171.85492506655697 1
1738724556076 166.05921955626442 2
1738724556079 170.08075241651895 3
1738724556082 170.81252432050388 4
1738724556085 167.24311077037987 5
1738724556089 167.65402648158891 6
1738724556092 168.78558216044462 7
1738724556095 171.1201695261235 8
1738724556098 167.50284812118343 9
1738724556101 171.14103750236262 10
1738724556104 168.83917176743222 11
1738724556107 164.07978438021956 12
1738724556110 171.052864165407 13
1738724556114 169.83619773231229 14
1738724556117 168.12080174174764 15
1738724556120 169.69067619153 16
1738724556123 166.82000456265652 17
1738724556127 165.27529879540273 18
1738724556130 167.64192443551593 19
