1738726604131 159.87956177476985 0
1738726604171 172.1086855022368 1
1738726604210 170.06588218554884 2
1738726604249 162.7680954451601 3
1738726604288 168.07822924354124 4
1738726604328 161.6643035001641 5
1738726604367 177.4903565241626 6
1738726604407 166.89046093340042 7
1738726604479 179.28496530348133 8
1738726604521 148.72814981184015 9
1738726604566 167.21623917643458 10
1738726604605 184.66951834744643 11
1738726604644 152.54386280191827 12
1738726604683 148.62168995868248 13
1738726604722 163.0585730465401 14
1738726604761 180.5419565525406 15
1738726604799 176.30408827393518 16
1738726604838 166.28610786021514 17
1738726604876 159.31844805876318 18
1738726604914 152.75642767106226 19
1738726604953 164.09619294178347 20
1738726604991 170.99109309079142 21
1738726605030 166.8403923193183 22
1738726605067 182.57938320957072 23
1738726605105 178.82487959441886 24
1738726605143 171.29645767653702 25
1738726605182 177.8399949898775 26
1738726605220 186.57817887661938 27
