1738724024610 136.03780549597514 0
1738724024644 171.53698639871496 1
1738724024678 197.21645859721326 2
1738724024712 174.75464340095593 3
1738724024746 130.1607532000054 4
1738724024781 147.79325849356843 5
1738724024815 162.68709600236744 6
1738724024848 145.8255472837563 7
1738724024882 194.42757028516877 8
1738724024915 163.5661381387499 9
1738724024949 128.55252243943553 10
1738724024982 165.4911514100238 11
1738724025015 182.12988424965476 12
1738724025049 182.37672899623144 13
1738724025082 183.42911015490427 14
1738724025115 221.445946267115 15
1738724025148 185.26874828627564 16
1738724025182 163.98630613525972 17
1738724025215 170.0621120764263 18
1738724025248 152.6254936750325 19
1738724025281 157.7248651404087 20
1738724025315 170.8431653634271 21
1738724025349 173.73592438147014 22
1738724025382 189.45936763129473 23
1738724025415 164.8172456094849 24
1738724025448 151.9533637495122 25
1738724025482 172.0034035821926 26
1738724025515 169.08357787780605 27
1738724025548 132.39604414579247 28
1738724025581 194.7752029294491 29
1738724025614 198.23025850020605 30
1738724025648 180.82584465397963 31
1738724025681 170.52048867327926 32
1738724025714 154.86881755269098 33
1738724025747 180.79258551463548 34
1738724025781 176.65523467677832 35
1738724025814 167.05625217925575 36
1738724025847 183.7203190492718 37
1738724025880 158.53931781308464 38
1738724025913 181.48243180018284 39
1738724025947 164.1882163658283 40
1738724025980 189.68999833737126 41
1738724026014 174.0261419634264 42
1738724026048 172.7646810511876 43
1738724026081 171.2600617947343 44
1738724026115 159.90344029856527 45
1738724026149 167.95853770775042 46
1738724026182 142.85815516333753 47
1738724026215 169.52275495963997 48
1738724026248 161.76268079891156 49
1738724026300 135.14353662034478 50
1738724026334 153.55062355578923 51
1738724026368 186.9258180981049 52
1738724026402 170.12198682839662 53
1738724026435 145.13045784941139 54
1738724026475 172.90311945372463 55
1738724026510 161.77630383076084 56
1738724026543 138.5180921522049 57
1738724026577 191.46503069007198 58
1738724026611 152.7529396976698 59
1738724026644 153.08166944330068 60
1738724026677 198.87467918023054 61
1738724026711 176.5109527428489 62
1738724026744 160.11892177222808 63
1738724026778 171.60369650505262 64
1738724026811 182.13053942345084 65
1738724026844 187.6716630923062 66
1738724026877 180.74537670621842 67
1738724026910 166.25347421925335 68
1738724026944 174.96818525745877 69
1738724026978 177.7755829606193 70
1738724027013 180.43656594415074 71
1738724027047 178.23936613420315 72
1738724027082 147.6266337568099 73
1738724027116 180.67763973348542 74
1738724027149 155.7453873522431 75
1738724027183 175.63086171323806 76
1738724027216 159.32366050017922 77
1738724027250 193.9873155979292 78
1738724027283 167.0687196760736 79
1738724027341 151.67674654830495 80
1738724027376 183.11072090757472 81
1738724027410 164.74336959245719 82
1738724027443 160.00917431838255 83
1738724027477 170.4274519295958 84
1738724027510 132.93086195550794 85
1738724027544 187.9165369218181 86
1738724027578 146.08974724468214 87
1738724027611 200.6452286544731 88
1738724027644 168.67186462120677 89
1738724027678 165.0985171049163 90
1738724027711 170.79141741115274 91
1738724027744 169.03191281653633 92
1738724027778 149.71087905071772 93
1738724027812 188.47362575756145 94
1738724027847 183.27718292365284 95
1738724027881 149.57725384629563 96
1738724027916 180.74615286671218 97
1738724027950 183.9685507395737 98
1738724027984 87.43721579067311 99
1738724028018 173.7446160043461 100
1738724028052 159.7331651332418 101
1738724028086 175.23205356752473 102
1738724028120 152.70979146003668 103
1738724028154 212.1078252456793 104
1738724028188 205.17911266364382 105
1738724028222 188.81744893933194 106
1738724028257 158.15590584368869 107
1738724028290 174.55773860469992 108
1738724028324 176.70821092535002 109
1738724028358 201.41553433653257 110
1738724028391 171.00214649385677 111
1738724028425 170.33896634789446 112
1738724028459 181.84858886567002 113
1738724028494 176.8842583312446 114
1738724028529 173.35832645810007 115
1738724028563 171.70123674697257 116
1738724028598 166.4795764011222 117
1738724028633 161.54923748710848 118
1738724028667 155.70774466037372 119
1738724028700 154.84334284315008 120
1738724028734 160.71649879236574 121
1738724028768 150.72953359676873 122
1738724028802 202.4304389394281 123
1738724028836 186.49290252805199 124
1738724028870 184.60958896376624 125
1738724028903 163.28751468722243 126
1738724028937 185.0930970062252 127
1738724028971 181.61904647519208 128
1738724029005 172.55668673023987 129
1738724029039 164.20810295051712 130
1738724029073 172.68338313453197 131
1738724029108 179.57299470241975 132
1738724029142 142.59977734408875 133
1738724029177 183.40686334398978 134
1738724029211 139.11639750584263 135
1738724029245 238.25550503403028 136
1738724029279 142.0885550641269 137
1738724029313 146.9317478678906 138
1738724029347 177.92258723571803 139
1738724029380 163.88982851333188 140
1738724029415 162.63557184487232 141
1738724029449 165.47605825696027 142
1738724029482 179.33481963483342 143
1738724029516 181.30019583995374 144
1738724029549 190.56337440368372 145
1738724029583 188.01090022553706 146
1738724029616 172.85808640109394 147
1738724029650 180.86392522089892 148
1738724029683 140.46963777538213 149
1738724029716 185.5397100394967 150
1738724029750 174.3877385293959 151
1738724029783 179.69781996354723 152
1738724029816 167.98872149361085 153
1738724029850 158.36339445187275 154
1738724029883 160.70224438309586 155
1738724029916 162.83742092365932 156
1738724029949 177.55792937534721 157
1738724029983 174.15014365485325 158
1738724030016 171.19023371564427 159
1738724030049 134.96632238262288 160
1738724030082 189.92088830010482 161
1738724030115 181.51010839803888 162
1738724030148 183.82303586754145 163
1738724030181 170.4949446112848 164
1738724030215 196.15537997460925 165
1738724030248 174.59295724808555 166
1738724030281 174.85731750737224 167
1738724030315 158.97634623167886 168
1738724030348 163.83963417832027 169
1738724030382 155.12904229169771 170
1738724030415 170.09837028556217 171
1738724030448 175.75346912727645 172
1738724030482 153.46013926614626 173
1738724030515 187.5854187791847 174
1738724030548 182.97702859206547 175
1738724030581 155.46259617018546 176
1738724030614 180.1587461997436 177
1738724030648 186.47248006629755 178
1738724030681 169.03520160348899 179
1738724030714 175.94128263210618 180
1738724030747 173.69588360495055 181
1738724030780 162.40620134585436 182
1738724030813 180.3738403962628 183
1738724030846 179.52556407833706 184
1738724030879 132.24275321886353 185
1738724030911 150.4085158909711 186
1738724030944 174.74076327608387 187
1738724030977 184.70879454227074 188
1738724031010 166.92310746090072 189
1738724031043 195.82509160199842 190
1738724031076 184.35307913623234 191
1738724031110 166.69088896112385 192
1738724031144 193.48230736106177 193
1738724031177 160.49884298232422 194
1738724031211 158.74271438040202 195
1738724031244 185.86715805323124 196
1738724031278 174.4531362670505 197
1738724031311 159.70838584235068 198
1738724031344 156.81235319805342 199
1738724031378 186.5356046695619 200
1738724031411 171.61853162632306 201
1738724031444 150.85521993779486 202
1738724031478 156.7025323740891 203
1738724031512 156.90703415665146 204
1738724031545 142.2367004062175 205
1738724031578 173.7239368528919 206
1738724031612 175.13443252852173 207
1738724031645 144.88986463879658 208
1738724031678 173.94182530116913 209
1738724031711 167.15293210484163 210
1738724031745 167.8266395815256 211
1738724031778 159.92041884904324 212
1738724031811 180.93059261016174 213
1738724031844 153.5264030536733 214
1738724031877 178.68176441167964 215
1738724031910 177.71807653332914 216
1738724031944 159.14619719669594 217
1738724031977 161.00489811253524 218
1738724032010 176.90913885660638 219
1738724032043 156.5266350845309 220
1738724032076 168.36745534684718 221
1738724032109 157.39338279882656 222
1738724032142 175.47778624082062 223
1738724032175 167.24289014588305 224
1738724032208 154.5968353037551 225
1738724032241 168.9813348506419 226
1738724032274 160.6798914090419 227
1738724032308 175.2094709887375 228
1738724032341 161.96638487531317 229
1738724032374 169.5757604297738 230
1738724032407 174.90968002791539 231
1738724032440 157.5478765748485 232
1738724032473 164.7932171058401 233
1738724032506 181.34618150335763 234
1738724032539 236.75110458646617 235
1738724032571 156.48018333346127 236
1738724032604 140.35666401069528 237
1738724032637 174.64028813824828 238
1738724032670 170.87323232224833 239
1738724032703 165.892049190885 240
1738724032736 157.0544029146899 241
1738724032769 159.49975218537932 242
1738724032802 176.98853509975086 243
1738724032835 180.3895020806215 244
1738724032867 139.5426763305845 245
1738724032900 171.35324265317286 246
1738724032933 135.6928674384206 247
1738724032966 175.73840845923152 248
1738724032999 163.62660813023444 249
1738724033032 169.19056601513063 250
1738724033064 179.5848910503525 251
1738724033097 178.81049328709267 252
1738724033130 179.16295748143995 253
1738724033163 175.09380786765192 254
1738724033196 200.43527484028849 255
1738724033229 166.53329370801094 256
1738724033261 189.44424862627147 257
1738724033294 160.1355329638432 258
1738724033327 167.55426082459104 259
1738724033360 170.74576500738897 260
1738724033392 176.9445774767377 261
1738724033425 156.3657550364579 262
1738724033458 157.00953939927263 263
1738724033491 160.71903091977316 264
1738724033524 163.17965111978043 265
1738724033557 179.40145017410444 266
1738724033590 165.31744136606716 267
1738724033622 153.72785915137814 268
1738724033655 178.16211967282007 269
1738724033688 155.48744321260784 270
1738724033721 191.36453020328292 271
1738724033754 178.74658791574336 272
1738724033786 185.3660229366679 273
1738724033819 158.890244671818 274
1738724033852 192.3613887411343 275
1738724033884 163.1010111188258 276
1738724033917 220.57349053393057 277
1738724033950 159.02981514157554 278
1738724033983 183.15760255804625 279
1738724034015 157.50646558149384 280
1738724034049 150.84471974215467 281
1738724034081 145.52639726191697 282
1738724034114 172.99142435247182 283
1738724034147 165.2671983846234 284
1738724034179 165.3932189726044 285
1738724034212 156.802491081148 286
1738724034245 192.02553184303088 287
1738724034278 185.5562760361539 288
1738724034310 198.05784883412616 289
1738724034343 152.85966748177617 290
1738724034376 154.92466892549393 291
1738724034409 165.9221191814422 292
1738724034441 198.50558328745024 293
1738724034474 176.6071412894569 294
1738724034507 176.66581939029743 295
1738724034539 140.45223081579041 296
1738724034572 159.91854288049555 297
1738724034605 127.120298199404 298
1738724034638 150.38624539268596 299
1738724034670 179.0672296446349 300
1738724034703 158.28457360865465 301
1738724034736 177.62434984005847 302
1738724034768 172.9801771677918 303
1738724034801 170.3977871025513 304
1738724034834 166.58270006466935 305
1738724034866 158.48202168722412 306
1738724034899 174.42660574748058 307
1738724034932 187.80976953821093 308
1738724034965 157.8243683330674 309
1738724034997 156.8081228245416 310
1738724035030 165.91814747225828 311
1738724035063 92.05267205171668 312
1738724035095 184.56380399906632 313
1738724035128 178.79718584840066 314
1738724035161 180.01353498763697 315
1738724035193 152.21976965979317 316
1738724035226 187.82015410893337 317
1738724035258 162.97074705711603 318
1738724035291 171.9457550828653 319
1738724035324 174.6744264909279 320
1738724035356 175.60092982624778 321
1738724035389 187.95731214839654 322
1738724035421 164.8185044985053 323
1738724035454 154.4374378538089 324
1738724035487 148.1344860363728 325
1738724035519 141.25921032837599 326
1738724035553 163.3490370690978 327
1738724035585 151.01870126784922 328
1738724035618 172.34607425756906 329
1738724035651 173.03207769018516 330
1738724035683 164.31396433649667 331
1738724035716 167.397980019581 332
1738724035748 148.6864088186071 333
1738724035781 141.6902998581942 334
1738724035814 149.41923654631114 335
1738724035847 174.98053297973803 336
1738724035879 125.68293124146517 337
1738724035912 135.16367950445309 338
1738724035944 160.01673372290367 339
1738724035977 176.06884675406866 340
1738724036010 157.20296856625149 341
1738724036042 173.74614307294567 342
1738724036075 169.14058082757774 343
1738724036108 164.88259560819895 344
1738724036140 163.61429441491123 345
1738724036173 175.56488511853922 346
1738724036205 163.3883665015042 347
1738724036238 191.9171834191032 348
1738724036270 151.94623443368505 349
1738724036303 195.77773074703023 350
1738724036335 189.30583005623552 351
1738724036368 144.88780264980454 352
1738724036400 145.49358129734327 353
1738724036433 171.40564573407855 354
1738724036466 202.58314668883196 355
1738724036498 170.17069587401596 356
1738724036531 165.99735516664558 357
1738724036563 166.3544834854758 358
1738724036596 174.8883341498815 359
1738724036628 155.08778813662906 360
1738724036661 176.58140237016943 361
1738724036693 186.22870650741413 362
1738724036726 158.12321309354226 363
1738724036758 175.79622323285264 364
1738724036791 187.43661862899225 365
1738724036824 262.8570511278798 366
1738724036857 188.7468364604654 367
1738724036890 172.85176069871605 368
1738724036924 192.37709491954746 369
1738724036957 161.73211221205588 370
1738724036990 188.4642475155632 371
1738724037023 170.82402972131968 372
1738724037056 140.52547432339998 373
1738724037089 165.40896411271416 374
1738724037122 154.07846375269781 375
1738724037155 194.6007912939291 376
1738724037188 185.1983178164451 377
1738724037222 174.8066767986141 378
1738724037255 118.67470345257126 379
1738724037288 162.94241235506678 380
1738724037322 182.10827531334846 381
1738724037356 186.77296214920804 382
1738724037390 163.12933203672233 383
1738724037424 158.84335235631997 384
1738724037457 160.36816109006838 385
1738724037490 176.5804248781556 386
1738724037523 159.03794487660477 387
1738724037556 191.1015291903976 388
1738724037589 181.463853073543 389
1738724037622 159.1270388480701 390
1738724037655 166.63792465894534 391
1738724037687 161.0356608134222 392
1738724037720 175.552309792071 393
1738724037753 152.83838014342166 394
1738724037785 163.2209116425815 395
1738724037818 180.36297862237973 396
1738724037851 150.1058320293396 397
1738724037883 180.36361846046563 398
1738724037916 172.21256226214044 399
1738724037949 171.58758592993402 400
1738724037981 149.987029602341 401
1738724038014 150.4261022843843 402
1738724038047 178.42312376808417 403
1738724038079 201.49373300676186 404
1738724038112 160.5924175199622 405
1738724038144 161.97820357200973 406
1738724038177 186.53757025857834 407
1738724038210 178.7344203382134 408
1738724038242 183.5969546087229 409
1738724038275 181.7593142071049 410
1738724038308 173.17653544617454 411
1738724038340 162.7500333807944 412
1738724038373 171.36890825364773 413
1738724038406 170.71122976557314 414
1738724038438 193.94392397210922 415
1738724038471 154.27619097865016 416
1738724038504 192.7963321685684 417
1738724038536 167.578788582399 418
1738724038569 156.07190131338606 419
1738724038602 162.78010694605837 420
1738724038634 178.6664696947538 421
1738724038667 151.29136313802965 422
1738724038700 118.86813896767433 423
1738724038732 159.47299533870589 424
1738724038765 157.35897298895512 425
1738724038797 175.69022975920396 426
1738724038830 162.22882112864963 427
1738724038862 167.80450641349725 428
1738724038895 162.30458038117592 429
1738724038928 181.27684970187676 430
1738724038960 177.9059900209465 431
1738724038993 177.84151551495043 432
1738724039026 188.9402898218052 433
1738724039058 160.975621219336 434
1738724039091 169.36339034716718 435
1738724039123 164.11620497645538 436
1738724039156 165.52477678468017 437
1738724039189 199.8804886046845 438
1738724039221 155.87389122471495 439
1738724039254 150.51710215222764 440
1738724039286 164.73594631488047 441
1738724039319 179.70632068973978 442
1738724039352 193.4323572327244 443
1738724039384 156.2212139079414 444
1738724039417 180.07123955220007 445
1738724039450 178.85804578050374 446
1738724039482 169.04699271502494 447
1738724039515 168.61172183502168 448
1738724039548 185.97586728987437 449
1738724039580 146.11425717755026 450
1738724039613 195.93422079029227 451
1738724039646 178.3970731584249 452
1738724039679 180.39313862639096 453
1738724039712 163.65118617475872 454
1738724039744 174.4792405233263 455
1738724039777 191.01997665812388 456
1738724039809 158.97975838938257 457
1738724039842 126.33679917770432 458
1738724039874 167.05300548772425 459
1738724039907 150.09252796505538 460
1738724039940 140.46443880875032 461
1738724039972 171.0389290684933 462
1738724040005 186.16152896558043 463
1738724040038 160.53800266776074 464
1738724040070 169.8931152143018 465
1738724040103 172.02445663726718 466
1738724040136 154.9511593664511 467
1738724040168 179.1980750853845 468
1738724040201 168.40588546161328 469
1738724040233 157.41874696816484 470
1738724040266 160.20710102770263 471
1738724040299 173.49799829939653 472
1738724040331 197.33706564266492 473
1738724040364 175.58974951279686 474
1738724040396 157.31195938185888 475
1738724040429 160.1436010561091 476
1738724040461 170.90455158420608 477
1738724040494 181.61187977425666 478
1738724040527 150.77572246633198 479
1738724040559 143.98272741559953 480
1738724040592 173.4609550313486 481
1738724040624 177.7933610375532 482
1738724040657 164.3434640331127 483
1738724040690 177.54228306107987 484
1738724040722 185.09695212885063 485
1738724040755 176.17630971321864 486
1738724040787 179.7180067242408 487
1738724040820 171.014935055375 488
1738724040852 164.71418010196504 489
1738724040885 169.3677660329312 490
1738724040918 163.4473984964513 491
1738724040950 184.2627647697145 492
1738724040983 147.41383882270156 493
1738724041015 169.11150099492764 494
1738724041048 168.4392105550837 495
1738724041080 158.96660357337012 496
1738724041113 185.6054166949656 497
1738724041146 150.23651741782297 498
1738724041178 180.75717857967257 499
