1738726665412 194.5899918480903 0
1738726665447 152.20338152062797 1
1738726665481 181.13290140301498 2
1738726665516 180.93332612186552 3
1738726665551 181.49004142810958 4
1738726665586 174.50231556845858 5
1738726665622 172.6721201759219 6
1738726665657 148.72898064402287 7
1738726665692 156.849220423717 8
1738726665727 165.5208085190916 9
1738726665762 164.70708849396874 10
1738726665797 175.92593604119688 11
1738726665832 209.64615323075077 12
1738726665868 160.1338624789453 13
1738726665903 169.215186895959 14
1738726665938 179.9170023784658 15
1738726666017 151.61631934651854 16
1738726666076 164.2035571154499 17
1738726666111 158.90509871841994 18
1738726666146 196.1871454675626 19
1738726666181 166.85649493123486 20
1738726666216 165.9329898953126 21
1738726666250 165.68173976194672 22
1738726666285 160.02693432905644 23
1738726666320 166.76316008297314 24
1738726666355 158.0315842492301 25
1738726666390 175.38295900858753 26
1738726666425 178.85261606104473 27
1738726666461 172.93778918255194 28
1738726666497 167.7444268005418 29
1738726666532 193.48444604865622 30
1738726666568 173.11740220209572 31
1738726666603 145.55541779784804 32
1738726666640 134.40488279623585 33
1738726666676 181.84357699166307 34
1738726666711 171.83336326372952 35
1738726666747 133.93703787941274 36
1738726666782 176.00806806258757 37
1738726666817 160.98932879938144 38
1738726666852 171.03615240305942 39
1738726666888 169.47476048848836 40
1738726666924 140.49183170854116 41
1738726666959 147.14454506186038 42
1738726666994 172.5519664099689 43
1738726667029 180.11643065069086 44
1738726667064 150.28301477294335 45
1738726667099 182.1484341666888 46
1738726667133 160.3584821426293 47
1738726667168 181.96640080159565 48
1738726667202 166.14947334971072 49
1738726667237 139.87002288999022 50
1738726667271 158.2152983686413 51
1738726667306 184.4141127142499 52
1738726667341 178.77165642314662 53
1738726667376 182.01596354236037 54
1738726667411 184.21938513957076 55
1738726667446 158.3130548981355 56
1738726667481 150.3993124757394 57
1738726667515 160.12229855744047 58
1738726667550 170.21089485943398 59
1738726667584 158.69616871064144 60
1738726667618 200.72514293753176 61
1738726667652 158.30739149655028 62
1738726667687 179.00021716440517 63
1738726667721 158.72522319058083 64
1738726667755 140.18539133780632 65
1738726667790 168.72063352681982 66
1738726667824 147.83309795609094 67
1738726667858 169.72876987249694 68
1738726667892 147.68888421633164 69
1738726667926 189.00332762295045 70
1738726667961 158.62526371549376 71
1738726667995 151.65589455975038 72
1738726668030 141.095550321273 73
1738726668064 155.25186570526714 74
1738726668098 167.86317225264438 75
1738726668132 155.87775015207765 76
1738726668166 169.75281231226143 77
1738726668200 152.83689845357287 78
1738726668234 185.9382557924792 79
1738726668268 175.45008973993941 80
1738726668302 173.06552527526648 81
1738726668336 176.07268751373505 82
1738726668370 185.5506752985288 83
1738726668404 180.05552748236957 84
1738726668439 158.90784163678862 85
1738726668473 158.50989787838785 86
1738726668508 173.2752503473355 87
1738726668542 163.5970570105659 88
1738726668577 132.7614876950941 89
1738726668611 198.5618450461685 90
1738726668646 179.26292722815836 91
1738726668681 175.94237382302353 92
1738726668715 169.81224873624646 93
1738726668750 175.29964002019062 94
1738726668785 187.36899123109498 95
1738726668820 155.40477653705287 96
1738726668855 144.290753530183 97
1738726668889 191.68258759010524 98
1738726668927 167.58120931511525 99
1738726668963 166.44944575787298 100
1738726668999 155.0635382934166 101
1738726669035 187.28648969208913 102
1738726669070 187.9727452034009 103
1738726669106 189.12063400458925 104
1738726669142 156.95139538106466 105
1738726669177 165.66803465127362 106
1738726669211 148.39465086182952 107
1738726669246 181.3968019579577 108
1738726669281 114.17671449359075 109
1738726669315 173.66608960323626 110
1738726669351 207.56465027259847 111
1738726669385 171.89503734465546 112
1738726669419 175.62839610149908 113
1738726669453 161.0489003356193 114
1738726669488 154.04917669800975 115
1738726669522 150.7764068282897 116
1738726669556 148.42758792614876 117
1738726669590 158.6060690114791 118
1738726669624 171.80636659836748 119
1738726669658 173.8700349285192 120
1738726669692 170.4137934227724 121
1738726669726 173.89954269104177 122
1738726669760 178.82018256225643 123
1738726669794 170.28938776770156 124
1738726669828 185.25395574562134 125
1738726669862 201.2536937675284 126
1738726669901 171.24264580221453 127
1738726669938 165.64925673747652 128
1738726669974 151.53235255321755 129
1738726670010 169.14174027883797 130
1738726670045 186.88936376079917 131
1738726670080 171.58603490326266 132
1738726670115 152.47325417906774 133
1738726670150 169.10307030460288 134
1738726670185 189.69735058613747 135
1738726670220 183.08865938152906 136
1738726670255 171.2027248792098 137
1738726670289 168.90706736267862 138
1738726670324 170.9054133687025 139
1738726670360 149.94657008332638 140
1738726670395 123.20258355148802 141
1738726670430 174.6109136940744 142
1738726670465 165.45466211308815 143
1738726670499 156.45933354641673 144
1738726670533 174.1622701829966 145
1738726670568 144.7946274938775 146
1738726670602 178.53235616653714 147
1738726670637 179.42816466174062 148
1738726670675 160.16810781112815 149
1738726670711 187.23457703086964 150
1738726670747 173.54639712110347 151
1738726670782 192.21904437495837 152
1738726670817 174.38705645621042 153
1738726670852 159.93740847296272 154
1738726670887 162.49135019449233 155
1738726670922 170.56766274947006 156
1738726670958 160.8779817506185 157
1738726670994 168.9289862421594 158
1738726671030 159.06854864844615 159
1738726671066 151.89755157797813 160
1738726671102 177.56647217317865 161
1738726671137 136.9557784236969 162
1738726671173 169.59285285209626 163
1738726671208 161.66009706890057 164
1738726671244 183.7482669872825 165
1738726671279 184.07948470164013 166
1738726671315 170.3853746396103 167
1738726671350 175.47267269630768 168
1738726671385 145.2733993784156 169
1738726671421 181.11839929492115 170
1738726671456 155.8270790016603 171
1738726671491 174.20141471573848 172
1738726671526 166.11258069608235 173
1738726671562 148.6929813664945 174
1738726671597 168.66419152306568 175
1738726671631 160.9880897302872 176
1738726671666 159.20689320116495 177
1738726671700 183.98749511821504 178
1738726671735 150.2984478732127 179
1738726671770 159.05314611309495 180
1738726671807 178.27602500950692 181
1738726671842 174.74143726501268 182
1738726671877 172.35521350797887 183
1738726671912 168.32540062197185 184
1738726671946 146.33260880356735 185
1738726671981 162.96437425101368 186
1738726672016 153.19610346228026 187
1738726672051 163.64652783433291 188
1738726672085 167.41274495055313 189
1738726672120 162.6467479190277 190
1738726672155 170.837136917641 191
1738726672189 175.9506582290294 192
1738726672224 174.80880426323594 193
1738726672259 145.06789570418846 194
1738726672293 184.51199131156918 195
1738726672328 177.9250249130339 196
1738726672363 137.68395582174782 197
1738726672397 176.9173515045233 198
1738726672432 177.66029298032734 199
1738726672467 148.92361507984342 200
1738726672501 220.6818899718147 201
1738726672536 164.70379240979835 202
1738726672571 158.26063604971802 203
1738726672605 182.54479810552778 204
1738726672640 171.17902433584914 205
1738726672675 159.30607466410743 206
1738726672710 160.14499185463103 207
1738726672745 274.93414927457445 208
1738726672779 163.21721454574288 209
1738726672814 169.55015205747947 210
1738726672848 150.9152941030139 211
1738726672882 172.2337511967452 212
1738726672916 151.5367433548258 213
1738726672951 177.6939329554996 214
1738726672985 161.47165581615545 215
1738726673019 194.60566345375648 216
1738726673054 155.32016224266732 217
1738726673088 154.78364855991057 218
1738726673122 176.72505696782798 219
1738726673156 190.95107578507475 220
1738726673190 185.1114040364978 221
1738726673224 161.0816815727564 222
1738726673259 179.67871943447022 223
1738726673293 179.85508761676388 224
1738726673327 182.37303476337303 225
1738726673361 152.97695207765523 226
1738726673395 253.86453967869832 227
1738726673429 170.43557019728678 228
1738726673464 170.30078015757334 229
1738726673498 166.15370705752827 230
1738726673532 167.64576724242076 231
1738726673566 170.8147775248042 232
