1738724789727 179.42965375542386 0
1738724789759 156.08465500703034 1
1738724789791 173.95289184500749 2
1738724789823 158.730975556414 3
1738724789855 163.6131403272759 4
1738724789887 171.1433837573179 5
1738724789920 166.68107187624244 6
1738724789952 174.65876056584608 7
1738724789984 161.05567052652242 8
1738724790016 162.83448136341664 9
1738724790048 178.91768739604237 10
1738724790080 172.8147390170043 11
1738724790113 164.80897385077358 12
1738724790145 192.1020598117493 13
1738724790177 155.58398965935237 14
1738724790209 177.47335733125092 15
1738724790240 171.9590751282804 16
1738724790272 167.84885965766935 17
1738724790304 164.8440921281965 18
1738724790336 165.8683063339226 19
1738724790368 187.52927568114774 20
1738724790400 170.69057268326958 21
1738724790432 154.79656347399705 22
1738724790463 157.27643995459442 23
1738724790495 164.17604866533344 24
1738724790527 170.70265237425926 25
1738724790558 178.45978399875472 26
1738724790590 181.12484501098845 27
1738724790622 176.34629443699185 28
1738724790654 175.04818273831202 29
1738724790686 155.68165986436006 30
1738724790718 165.61218041867326 31
1738724790750 169.07438564202837 32
1738724790782 170.3578865806163 33
1738724790814 173.33814935463798 34
1738724790845 183.23225719452498 35
1738724790877 163.4073128482616 36
1738724790909 171.84120493804306 37
1738724790941 175.16969941972556 38
