1738726786663 163.26624464810357 0
1738726786701 166.61018376785978 1
1738726786738 152.94434479737086 2
1738726786775 175.87024209734767 3
1738726786812 168.4400775097086 4
1738726786851 182.42090580543004 5
1738726786889 131.03405263331243 6
1738726786926 181.89049113141738 7
1738726786963 172.69381045353427 8
1738726787000 163.74891660781668 9
1738726787037 166.48013944224616 10
1738726787074 175.90968369924448 11
1738726787111 161.0050297669136 12
1738726787148 159.5122430781271 13
1738726787184 153.8710712952894 14
1738726787222 190.12678231099935 15
1738726787259 192.33045141442665 16
1738726787297 120.23074265846644 17
1738726787334 158.68560752466078 18
1738726787372 178.21817612625878 19
1738726787409 188.08063119361583 20
1738726787446 179.23435466515167 21
1738726787483 207.61449112261798 22
1738726787520 174.96232897244084 23
1738726787557 182.76377522891687 24
1738726787593 150.50506874756894 25
1738726787630 182.3764208284628 26
1738726787666 165.26080552102636 27
1738726787703 211.45990501811468 28
1738726787739 156.916699801304 29
1738726787776 172.09938182363527 30
1738726787812 171.83415685627892 31
1738726787849 154.99450088929362 32
1738726787887 191.03444258587825 33
1738726787925 163.25003617732114 34
1738726787963 166.50808349915468 35
1738726788028 153.72354282813333 36
1738726788073 204.49559180176516 37
1738726788114 202.00961247926605 38
1738726788152 183.07530878537568 39
1738726788189 171.7632229343998 40
1738726788226 171.16370501393502 41
1738726788264 184.60152583040167 42
1738726788301 165.33649420928833 43
1738726788338 171.37321792771024 44
1738726788397 186.03297010636697 45
1738726788436 150.93634090742495 46
1738726788473 169.56847861545796 47
1738726788511 153.67059321359451 48
1738726788548 214.1188001535677 49
1738726788585 179.00803082110468 50
1738726788622 170.51858601980953 51
1738726788659 161.95344797826178 52
1738726788696 173.36664228294475 53
1738726788733 140.7212114002393 54
1738726788770 145.23804608315413 55
1738726788807 196.83209667405674 56
1738726788843 163.568013493854 57
1738726788881 176.12656238826065 58
1738726788919 174.74045208677788 59
1738726788957 179.17761246697907 60
1738726788995 163.44156574756423 61
1738726789032 155.59148522784741 62
1738726789070 160.59327437567663 63
1738726789108 176.27558493646276 64
1738726789146 172.1311914867417 65
1738726789185 173.40901276675967 66
1738726789222 162.48389583759064 67
1738726789258 169.32470171687808 68
1738726789295 168.06816441527693 69
1738726789332 173.44306597034503 70
1738726789368 159.2336016694974 71
1738726789406 233.60945095820605 72
1738726789444 173.60649008972104 73
1738726789482 167.4446761212973 74
1738726789521 185.7061381654561 75
1738726789559 154.961381223363 76
1738726789596 162.50603391753063 77
1738726789633 150.17790362737728 78
1738726789670 160.18373989924945 79
1738726789706 171.29637670690002 80
1738726789742 214.51105096004665 81
1738726789779 142.33524125699623 82
1738726789815 200.1905201486518 83
1738726789851 150.43215687174836 84
1738726789888 161.7796284434132 85
1738726789924 165.95041121464175 86
1738726789960 140.69726090637573 87
1738726789997 182.12273623660434 88
1738726790033 191.24656470608312 89
1738726790070 181.57824465345206 90
1738726790106 243.66630458146452 91
1738726790142 178.27222212913034 92
1738726790179 187.07618900977442 93
1738726790215 183.26332133825792 94
1738726790251 169.41275705034937 95
1738726790287 196.94479412161468 96
1738726790324 162.64610855615845 97
1738726790361 142.57866442325707 98
1738726790397 208.47624979056087 99
1738726790434 169.8989443240774 100
1738726790470 182.93322206180346 101
1738726790507 166.18479723950918 102
1738726790546 125.8597582849885 103
1738726790583 182.60754951366005 104
1738726790620 176.22726773786803 105
1738726790656 180.55055187538812 106
1738726790693 182.80370338623055 107
1738726790729 162.21403494428145 108
1738726790765 146.1854872100858 109
1738726790802 130.02634863888488 110
1738726790838 129.39745979733192 111
1738726790875 178.06291990900198 112
1738726790911 185.72266057202629 113
1738726790947 158.79557253782554 114
1738726790984 151.22298411894732 115
1738726791020 159.1740618398568 116
1738726791056 171.77745216991073 117
1738726791092 159.07366158905225 118
1738726791129 187.6085993612349 119
1738726791165 139.57454859417052 120
1738726791201 143.96421624630813 121
1738726791237 181.96338250869653 122
1738726791273 192.2951528483563 123
1738726791309 177.99948871160066 124
1738726791346 185.07508247074043 125
1738726791382 157.17158495659626 126
1738726791418 158.12565246363837 127
1738726791455 205.96495899228333 128
1738726791492 184.69599625995286 129
1738726791528 172.3033935968638 130
1738726791565 186.97943970967583 131
1738726791601 174.21393944725625 132
1738726791638 170.9659297831298 133
1738726791674 189.9087627385446 134
1738726791710 181.51041074319886 135
1738726791746 143.90688593827565 136
1738726791783 139.91383134391606 137
1738726791820 218.1106440376382 138
1738726791856 146.6659010348208 139
1738726791892 178.31900852222591 140
1738726791929 196.87563983838172 141
1738726791965 196.26284783944934 142
1738726792001 165.17624681193607 143
1738726792037 177.8058872971221 144
1738726792074 198.14746958640967 145
1738726792110 180.9107041011647 146
1738726792146 193.33936005065155 147
1738726792182 180.58417201103157 148
1738726792218 158.9824956734026 149
1738726792255 177.25736636744486 150
1738726792291 181.49748259758636 151
1738726792328 168.0746472127865 152
1738726792364 168.91729381405528 153
1738726792401 154.63882816450888 154
1738726792438 178.90961501098698 155
1738726792476 186.50921520119385 156
1738726792514 173.29945376130877 157
1738726792551 260.03211127542073 158
1738726792588 161.91915174809512 159
1738726792625 163.66551605675312 160
1738726792662 168.4206323137729 161
1738726792699 167.82459598567155 162
1738726792736 180.97645100282253 163
1738726792772 182.60437218607797 164
1738726792809 158.96004493052837 165
1738726792846 195.60937841646128 166
1738726792882 154.52692846510004 167
1738726792919 169.66545923160575 168
1738726792956 196.5355578658888 169
1738726792993 175.1923592694334 170
1738726793030 201.71798152951547 171
1738726793074 168.5957256880985 172
1738726793115 170.6868176769272 173
1738726793153 176.4228125555117 174
1738726793190 153.92320762741403 175
1738726793227 163.71416662880944 176
1738726793265 164.3041737940819 177
1738726793302 172.0279641720551 178
1738726793339 178.90035092000022 179
1738726793376 178.38183868442468 180
1738726793436 173.3673843720684 181
1738726793474 187.13499219265626 182
1738726793512 171.1801078633733 183
1738726793550 165.43433914411943 184
1738726793587 163.9568141587047 185
1738726793625 167.72673312004048 186
1738726793662 127.27177614953642 187
1738726793700 160.47371100658594 188
1738726793738 190.09815132102872 189
1738726793775 158.2877411839423 190
1738726793812 169.5592791957792 191
1738726793849 157.11465251643278 192
1738726793886 179.5059954662944 193
1738726793923 178.8090227843779 194
1738726793959 159.7326790250164 195
1738726793996 158.39767338096198 196
1738726794033 155.5845266492627 197
1738726794070 205.18506485656314 198
1738726794109 196.17800622097258 199
1738726794146 160.68242399689348 200
1738726794187 159.21595588942904 201
1738726794227 183.92629754554355 202
1738726794265 174.11569630211548 203
1738726794302 173.88585126017153 204
1738726794339 171.57823450219584 205
1738726794382 191.9447235178975 206
1738726794423 153.72034126861845 207
1738726794462 143.60219464163367 208
1738726794501 161.78924470946927 209
1738726794541 182.25872912038844 210
1738726794581 231.37002205921772 211
1738726794620 125.05179299473595 212
1738726794659 122.37916542591392 213
1738726794697 160.0091316391602 214
1738726794737 165.65510239573095 215
1738726794775 177.91579454221184 216
1738726794814 164.03580040341924 217
1738726794852 190.52041441270705 218
1738726794890 187.75245853102163 219
1738726794927 161.48510228198663 220
1738726794965 152.760368692603 221
1738726795002 134.58603577325235 222
1738726795045 135.05204335689453 223
1738726795084 194.6879141257594 224
1738726795144 180.88665116194346 225
1738726795182 168.51306516817442 226
1738726795220 171.9726028178541 227
1738726795258 152.26856296204755 228
1738726795297 165.64182904550697 229
1738726795335 150.6714872322989 230
1738726795373 188.86824758329186 231
1738726795410 149.2535337799254 232
1738726795448 173.9971661844553 233
1738726795486 204.00868030144173 234
1738726795523 174.08246501443992 235
1738726795560 154.88877856254226 236
1738726795598 198.18686261923855 237
1738726795635 188.966809489434 238
1738726795673 169.8640330798548 239
1738726795710 156.82540280983264 240
1738726795748 176.09319617059222 241
1738726795786 153.81636954117496 242
1738726795823 166.1684726096095 243
1738726795860 172.12699483106232 244
1738726795898 175.1839789036699 245
1738726795935 156.31470464393345 246
1738726795972 176.38275160940984 247
1738726796009 158.08214866382167 248
1738726796050 145.53249503496133 249
1738726796089 169.19081934765126 250
1738726796126 147.53517626798782 251
1738726796164 157.1635401649271 252
1738726796202 180.34561741981426 253
1738726796239 184.44760047949015 254
1738726796276 139.09854703221632 255
1738726796314 173.1555953615683 256
1738726796352 151.2292572483605 257
1738726796390 183.47752896808515 258
