1738726275599 169.2435220315831 0
1738726275602 169.24732516515738 1
1738726275605 169.2456684602192 2
1738726275608 169.24412996801018 3
1738726275612 169.24259510764162 4
1738726275615 169.24106617895455 5
1738726275618 169.23954311013617 6
1738726275621 169.23802587783086 7
1738726275624 169.2365144577974 8
1738726275628 169.23500882591944 9
1738726275631 169.23350895818453 10
1738726275634 169.23201483068397 11
1738726275637 169.23052641961237 12
1738726275640 169.22904370126716 13
1738726275644 169.22756665204824 14
1738726275648 169.22609524845726 15
1738726275651 169.22462946709757 16
1738726275654 169.2231692846735 17
1738726275657 169.22171467798995 18
1738726275660 169.22026562395192 19
1738726275663 169.2188220995643 20
1738726275666 169.2173840819311 21
1738726275669 169.21595154825516 22
1738726275671 169.21452447583783 23
1738726275674 169.21310284207829 24
1738726275677 169.2116866244734 25
1738726275680 169.210275800617 26
1738726275684 169.20887034819975 27
1738726275687 169.2074702450083 28
1738726275690 169.20607546892546 29
1738726275693 169.2046859979292 30
1738726275696 169.2033018100925 31
1738726275699 169.20192288358305 32
1738726275702 169.20054919666254 33
1738726275705 169.19918072768644 34
1738726275708 169.19781745510355 35
1738726275711 169.19645935745555 36
1738726275714 169.19510641337664 37
1738726275717 169.19375860159317 38
1738726275720 169.19241590092304 39
1738726275723 169.19107829027553 40
1738726275726 169.18974574865078 41
1738726275729 169.1884182551394 42
1738726275732 169.1870957889221 43
1738726275735 169.18577832926925 44
1738726275738 169.18446585554048 45
1738726275741 169.18315834718445 46
1738726275744 169.18185578373811 47
1738726275747 169.1805581448267 48
1738726275750 169.17926541016317 49
1738726275753 169.17797755954774 50
1738726275757 169.17669457286758 51
1738726275760 169.17541643009648 52
1738726275763 169.17414311129446 53
1738726275766 169.17287459660724 54
1738726275769 169.17161086626604 55
1738726275772 169.17035190058718 56
1738726275775 169.16909767997157 57
1738726275778 169.1678481849045 58
1738726275781 169.16660339595518 59
1738726275785 169.16536329377638 60
1738726275788 169.16412785910413 61
1738726275790 169.16289707275715 62
1738726275794 169.16167091563685 63
1738726275796 169.16044936872652 64
1738726275800 169.15923241309142 65
