1738722537168 178.10787199122404 0
1738722537206 180.13076152339812 1
1738722537243 167.45519941841513 2
1738722537280 176.79972934286278 3
1738722537317 172.06334950283733 4
1738722537355 163.04071173044215 5
1738722537393 170.85993845352618 6
1738722537430 192.4687198345111 7
1738722537467 167.37010788419232 8
1738722537504 187.87957530161427 9
1738722537541 158.643923361206 10
1738722537579 189.07949022282048 11
1738722537616 154.30523930575794 12
1738722537653 171.17322752963975 13
1738722537691 170.16153626556618 14
1738722537729 161.64284345816725 15
1738722537766 169.16670122518317 16
1738722537804 176.59587223167398 17
1738722537841 161.32497652726002 18
1738722537879 179.5714922331322 19
