1738721996105 169.16148552166555 0
1738721996106 169.1491538829734 1
1738721996107 169.13729079844833 2
1738721996108 169.12587682619298 3
1738721996109 169.11489336837678 4
1738721996110 169.104322633731 5
1738721996111 169.0941476017307 6
1738721996112 169.08435198838637 7
1738721996113 169.0749202135735 8
1738721996115 169.06583736982955 9
1738721996116 169.05708919255247 10
1738721996117 169.04866203153753 11
1738721996118 169.0405428237914 12
1738721996119 169.03271906756623 13
1738721996120 169.0251787975584 14
1738721996122 169.01791056121922 15
1738721996123 169.0109033961276 16
1738721996124 169.00414680837648 17
1738721996125 168.99763075192737 18
1738721996126 168.99134560888936 19
1738721996127 168.98528217068022 20
1738721996128 168.97943162003116 21
1738721996129 168.97378551379543 22
1738721996130 168.96833576652617 23
1738721996132 168.96307463478738 24
1738721996133 168.95799470216605 25
1738721996134 168.95308886495303 26
1738721996135 168.94835031846324 27
1738721996136 168.9437725439657 28
1738721996138 168.93934929619627 29
1738721996140 168.9350745914268 30
1738721996141 168.93094269606593 31
1738721996142 168.9269481157669 32
1738721996143 168.9230855850201 33
1738721996144 168.91935005720853 34
1738721996145 168.91573669510515 35
1738721996146 168.91224086179238 36
1738721996147 168.90885811198459 37
1738721996149 168.90558418373553 38
1738721996150 168.90241499051396 39
1738721996151 168.89934661362992 40
1738721996152 168.89637529499652 41
1738721996153 168.89349743021245 42
1738721996154 168.89070956195 43
1738721996155 168.88800837363573 44
1738721996157 168.88539068341004 45
1738721996158 168.8828534383535 46
1738721996159 168.880393708968 47
1738721996160 168.8780086839008 48
1738721996161 168.87569566490134 49
1738721996162 168.8734520620001 50
1738721996163 168.87127538889902 51
1738721996164 168.86916325856524 52
1738721996165 168.8671133790174 53
1738721996166 168.86512354929786 54
1738721996167 168.8631916556209 55
1738721996168 168.86131566768952 56
1738721996169 168.8594936351742 57
1738721996170 168.85772368434462 58
1738721996171 168.85600401484962 59
1738721996172 168.85433289663675 60
1738721996174 168.85270866700697 61
1738721996175 168.85112972779706 62
1738721996176 168.84959454268505 63
1738721996177 168.84810163461282 64
1738721996178 168.84664958332027 65
1738721996179 168.84523702298713 66
1738721996180 168.8438626399763 67
1738721996181 168.8425251706756 68
1738721996182 168.84122339943238 69
1738721996183 168.8399561565775 70
1738721996184 168.83872231653484 71
1738721996185 168.83752079601186 72
1738721996187 168.83635055226864 73
1738721996188 168.83521058146067 74
1738721996189 168.8340999170535 75
1738721996190 168.83301762830496 76
1738721996191 168.8319628188127 77
1738721996192 168.83093462512355 78
1738721996193 168.82993221540266 79
1738721996194 168.82895478815914 80
1738721996195 168.82800157102625 81
1738721996196 168.82707181959327 82
1738721996197 168.8261648162873 83
