1738722564375 168.83930232005167 0
1738722564378 169.342294823807 1
1738722564380 170.16601711279665 2
1738722564383 166.83931029654093 3
1738722564385 168.42788993023024 4
1738722564387 170.28085007616698 5
1738722564390 167.82698064122025 6
1738722564392 168.27263835040506 7
1738722564394 167.8452644801999 8
1738722564396 168.93094464982573 9
1738722564398 171.1969695688783 10
1738722564400 168.72920736250464 11
1738722564402 169.53059774969353 12
1738722564404 168.74626411383707 13
1738722564406 171.62507116866695 14
1738722564408 172.1951368883229 15
