1738722133660 144.25361472869525 0
1738722133697 176.10593375741345 1
1738722133733 140.40482481582876 2
1738722133770 159.93551907818758 3
1738722133807 180.410405983942 4
1738722133844 168.90107192095945 5
1738722133894 193.68755141300636 6
1738722133933 179.45023602952736 7
1738722133971 129.28762194945168 8
1738722134008 172.77914856820516 9
1738722134045 189.71312300962524 10
1738722134081 175.3090610020606 11
1738722134118 176.67324857979065 12
1738722134155 167.41974712483744 13
1738722134191 177.6367202678648 14
1738722134228 123.05369630238138 15
1738722134265 165.80190870744565 16
1738722134332 138.1095278889063 17
1738722134375 183.51331299918604 18
1738722134413 165.72608511376507 19
1738722134449 186.5449062285816 20
1738722134486 205.7197612148117 21
1738722134522 138.1488986721612 22
1738722134558 172.56690361668254 23
1738722134594 198.95219539715114 24
1738722134631 151.50164976744483 25
1738722134667 168.8634879368603 26
1738722134703 154.45306912707284 27
1738722134739 169.98256856418942 28
1738722134774 255.09331131007772 29
1738722134810 175.29362774856597 30
1738722134846 154.3974370325189 31
1738722134881 176.13487134081717 32
1738722134917 180.83768535539917 33
1738722134952 183.20423476740714 34
1738722134988 173.08209075294823 35
1738722135024 140.3164860962618 36
1738722135059 165.67069391520474 37
1738722135095 133.5669246565573 38
1738722135131 178.37796073302846 39
1738722135166 173.6379644788425 40
1738722135202 138.18178552434276 41
1738722135238 173.11997562797896 42
1738722135274 172.5818616462671 43
1738722135315 181.80128965432337 44
1738722135352 147.52537058214324 45
1738722135390 181.43942295108255 46
1738722135427 175.84535518981335 47
1738722135465 158.06326583759414 48
1738722135502 189.62330485268095 49
1738722135539 157.79188818101824 50
1738722135577 158.94678333144427 51
1738722135614 172.0773737861023 52
1738722135652 186.34462964023658 53
1738722135689 190.47546682494965 54
1738722135726 173.6508051839815 55
1738722135762 175.38118345310997 56
1738722135799 179.45410729264242 57
1738722135836 181.31393401730045 58
1738722135872 128.81704441211025 59
1738722135909 158.25297931750282 60
1738722135945 176.9573296223197 61
1738722135981 160.41354529984486 62
1738722136018 174.6093641105536 63
1738722136054 177.18553670618496 64
1738722136090 173.48020382776585 65
1738722136126 195.98431708198618 66
1738722136163 169.00151671185384 67
1738722136199 153.48646964941975 68
1738722136235 179.7176704489598 69
1738722136272 183.44222976431456 70
1738722136308 170.68985038763117 71
1738722136344 161.09832280335974 72
1738722136380 177.0072107083187 73
1738722136416 149.46901723001884 74
1738722136451 164.35067947704778 75
1738722136487 175.5981636933706 76
1738722136523 155.25791615820967 77
1738722136559 208.27373453640269 78
1738722136595 198.2461915554128 79
1738722136631 184.56831832497022 80
1738722136669 172.72919805916197 81
1738722136707 165.88834220232113 82
1738722136743 170.25408178280748 83
1738722136780 174.06724493993968 84
1738722136816 111.83724363246165 85
1738722136853 193.85002908398278 86
1738722136889 166.5725336010985 87
1738722136925 144.25673289324354 88
1738722136961 171.2540391252904 89
1738722136997 153.11474288818653 90
1738722137033 182.99717283033212 91
1738722137069 153.99506458651862 92
1738722137105 170.92849351382216 93
1738722137141 137.33104148684123 94
1738722137177 179.13389893573117 95
1738722137213 173.00341384409674 96
1738722137248 145.54028846487918 97
1738722137285 178.39009687816525 98
1738722137320 169.9398325058372 99
1738722137356 148.75602411996746 100
1738722137392 153.57791423504767 101
1738722137428 166.28183916646117 102
1738722137463 165.51708838926373 103
1738722137499 152.18068367003252 104
1738722137535 166.97254580615478 105
1738722137571 195.53566155579952 106
1738722137606 162.81538047468115 107
1738722137642 193.52321849387937 108
1738722137678 156.65456760719107 109
1738722137713 195.33276386299568 110
1738722137749 136.2065787583336 111
1738722137784 181.72790838029806 112
1738722137820 153.8391429289883 113
1738722137856 134.09080112079073 114
1738722137892 167.72622629320148 115
1738722137927 144.17157484539442 116
1738722137963 171.37671668043293 117
1738722137999 314.57070036080273 118
1738722138035 171.8163639534824 119
1738722138070 188.522275542481 120
1738722138106 160.2453400935655 121
1738722138142 161.39630566164985 122
1738722138177 181.4776191819335 123
1738722138213 143.9216889892278 124
1738722138248 152.53882956469405 125
1738722138284 195.0127254593463 126
1738722138321 184.20559299219659 127
1738722138357 195.64501376339962 128
1738722138394 178.56235324661895 129
1738722138430 134.12676301347528 130
1738722138466 204.90476697966844 131
1738722138502 187.2647687762679 132
1738722138538 254.53232290177704 133
1738722138574 188.85835057623234 134
1738722138609 159.07706204635713 135
1738722138645 158.3817028572721 136
1738722138681 174.65936526196114 137
1738722138717 177.68548625768733 138
1738722138754 148.24121079774181 139
1738722138790 174.05455713590288 140
1738722138827 168.96428503147865 141
1738722138863 189.30586808929544 142
1738722138900 184.48765245065655 143
1738722138936 177.3718262686162 144
1738722138972 157.71131356891686 145
1738722139008 153.71561190907875 146
1738722139044 175.19118153615182 147
1738722139080 180.81792967871917 148
1738722139117 164.33393882597298 149
1738722139152 170.21578253293438 150
1738722139189 146.35702811468815 151
1738722139225 167.98040136496002 152
1738722139260 208.08736561809673 153
1738722139296 177.92883386717435 154
1738722139332 150.111915400731 155
1738722139368 194.90020008206713 156
1738722139404 170.36606273276584 157
1738722139440 154.43949643540367 158
1738722139476 217.9783773974981 159
1738722139511 190.1837267038472 160
1738722139547 153.47831520624428 161
1738722139583 163.53691625458623 162
1738722139619 182.2022411626549 163
1738722139655 167.7481605866106 164
1738722139691 165.67665803661572 165
1738722139726 179.80664572017693 166
1738722139762 165.29421654957852 167
1738722139797 168.66157118531868 168
1738722139833 195.18629867520065 169
1738722139869 204.11091506975635 170
1738722139904 174.9797003873099 171
1738722139940 149.11847395545163 172
1738722139975 173.23278962837009 173
1738722140011 128.09727563530979 174
1738722140047 172.14249585726668 175
1738722140082 166.97422502886263 176
1738722140118 173.64063976547513 177
1738722140153 194.3305833828222 178
1738722140189 186.44962691937167 179
1738722140225 187.06892912594128 180
1738722140260 186.78553980537916 181
1738722140296 134.61951473439808 182
1738722140332 162.79494717741431 183
1738722140367 146.40950347452798 184
1738722140403 173.1605268745633 185
1738722140438 132.73677379122176 186
1738722140474 167.99578362368345 187
1738722140509 164.30249728436385 188
1738722140551 170.3087455055061 189
1738722140587 151.26456295731418 190
1738722140622 166.46797314643752 191
1738722140657 171.17794062263349 192
1738722140693 180.65311851824953 193
1738722140729 171.42551831998804 194
1738722140764 166.33722387342817 195
1738722140800 175.81008045723823 196
1738722140836 160.91942206527165 197
1738722140871 162.13371284925685 198
1738722140906 185.46338740498945 199
1738722140942 168.52537897835737 200
1738722140977 202.2360246252749 201
1738722141012 166.4862184630108 202
1738722141048 175.6211789227278 203
1738722141083 191.16855873896887 204
1738722141119 173.7495611172856 205
1738722141154 198.6735699315137 206
1738722141190 177.32682875866195 207
1738722141225 172.66716668624244 208
1738722141261 129.79813186352848 209
1738722141296 181.33015753214465 210
1738722141332 169.17101696025088 211
