1738724555564 167.29061642598415 0
1738724555567 168.4339369772032 1
1738724555570 168.71216367041126 2
1738724555573 168.27647638422988 3
1738724555576 170.63160585164167 4
1738724555579 169.80127380967102 5
1738724555582 168.03285658989387 6
1738724555585 168.73963262832643 7
1738724555588 171.16418441142758 8
1738724555591 167.3570604675448 9
1738724555595 169.2535151164952 10
1738724555598 166.83549868258785 11
1738724555601 168.76939507566507 12
1738724555604 168.33738354048958 13
1738724555607 170.25416236275393 14
