1738722389775 169.7838079920784 0
1738722389777 168.62970881459347 1
1738722389779 168.67464781564638 2
1738722389781 169.74230512156433 3
1738722389783 167.42282272020572 4
1738722389785 165.881320888274 5
1738722389786 166.91402271519064 6
1738722389788 168.70089314290078 7
1738722389790 167.8620608150045 8
1738722389792 170.2337666698466 9
1738722389794 167.83753613578963 10
1738722389796 168.1450636731538 11
1738722389798 169.551881273791 12
1738722389800 167.57005597717827 13
1738722389802 169.86595770859782 14
1738722389804 167.36897938195315 15
1738722389805 169.7998772865069 16
1738722389807 172.34066171288435 17
1738722389809 170.33424520233777 18
1738722389811 168.55230104729165 19
1738722389813 168.49311213228552 20
1738722389815 168.81360852561036 21
1738722389817 170.02553074502944 22
1738722389819 167.7728939166904 23
1738722389820 169.38981616985004 24
1738722389822 170.0605999712295 25
1738722389824 166.0809080317751 26
1738722389826 172.29112159902996 27
