1738724052658 174.852357072335 0
1738724052692 158.5534786741896 1
1738724052726 197.49769725279242 2
1738724052759 140.8250162112804 3
1738724052792 147.28495150021803 4
1738724052826 169.46360526083478 5
1738724052860 152.30572895495834 6
1738724052894 182.23915801458253 7
1738724052927 159.52115594097077 8
1738724052961 151.16907898913158 9
1738724052995 199.59812633769795 10
1738724053028 171.13268043197363 11
1738724053061 175.11647998447933 12
1738724053095 173.0236510652255 13
1738724053128 140.12520689578471 14
1738724053161 155.73779437743937 15
1738724053195 169.1981601235413 16
1738724053228 140.91744634077514 17
1738724053262 166.81201338383414 18
1738724053295 145.52922262697163 19
1738724053328 179.6625770351038 20
1738724053361 172.89776845834476 21
1738724053395 205.01906085671854 22
1738724053428 173.74230180954606 23
1738724053461 170.54188950602588 24
1738724053495 145.2867300173831 25
1738724053528 166.9964616838284 26
1738724053562 181.7560264275964 27
1738724053595 162.48580928717874 28
1738724053628 166.1817070385952 29
1738724053662 172.2294539149472 30
1738724053695 143.88435941955075 31
1738724053728 178.95008839711605 32
1738724053761 174.03364458711533 33
1738724053794 171.88486491365558 34
1738724053828 164.55788443820614 35
1738724053861 168.68347462466193 36
1738724053894 177.01827149486533 37
1738724053927 183.34498143455363 38
1738724053961 182.15489016576475 39
1738724053994 157.81095180244634 40
1738724054028 164.72845040957014 41
1738724054061 190.23221827078675 42
1738724054094 168.76495798088249 43
1738724054127 159.22365523616105 44
1738724054161 174.41256868101536 45
1738724054194 158.90621423847517 46
1738724054227 144.73113331266612 47
