1738724113789 169.80131260223928 0
1738724113822 125.57039817636472 1
1738724113855 181.3352565979403 2
1738724113889 167.83599071970636 3
1738724113922 188.85953061544234 4
1738724113955 196.57328875144287 5
1738724113989 169.37334151450153 6
1738724114022 163.32885017544825 7
1738724114056 175.0795634704675 8
1738724114089 170.41689679925616 9
1738724114122 171.13603012365905 10
1738724114156 163.972029811772 11
1738724114189 176.33570319283467 12
1738724114222 171.9697511701737 13
1738724114255 182.5815334626225 14
1738724114289 164.1105752175596 15
1738724114322 160.8763648214572 16
1738724114355 158.43857119776789 17
1738724114388 163.46507397663788 18
1738724114422 154.0195397407419 19
1738724114455 186.86886113684463 20
1738724114488 175.8838177412614 21
1738724114521 181.374279589188 22
1738724114554 173.0304999385582 23
1738724114587 176.58222750134541 24
1738724114621 208.1063866830704 25
1738724114654 174.00882104452282 26
1738724114687 145.8323448087369 27
1738724114720 174.76516967718766 28
1738724114753 212.41295291079638 29
1738724114786 171.47147631500852 30
1738724114819 162.52435909674477 31
1738724114852 146.25652598147286 32
1738724114885 162.44588279042438 33
1738724114918 138.70698178679513 34
1738724114952 152.7826675002134 35
1738724114984 176.4795904299693 36
1738724115018 162.46099652260426 37
1738724115051 175.65680850322767 38
1738724115084 200.51083955500792 39
1738724115117 156.16023366992366 40
1738724115150 195.05264283734618 41
1738724115183 153.02868022136315 42
1738724115216 160.5173485528208 43
1738724115249 139.7676105705372 44
1738724115282 168.64950916037927 45
1738724115315 153.90750181772572 46
1738724115350 170.341723512345 47
1738724115390 168.33175548597364 48
1738724115453 179.33915204713512 49
1738724115500 171.68253477951095 50
1738724115538 166.14242097856922 51
1738724115574 150.6687871028858 52
1738724115609 175.34116483044662 53
1738724115643 177.78974076936296 54
1738724115678 162.83051473694064 55
1738724115712 171.4958236418617 56
1738724115746 169.13646801742638 57
1738724115780 170.96147001936248 58
1738724115814 161.63562970559883 59
1738724115847 173.2220806682577 60
1738724115881 197.3060090749134 61
1738724115915 208.66772515184095 62
1738724115949 177.5218617131461 63
1738724115982 125.09086927094116 64
1738724116016 162.70367414890327 65
1738724116049 162.10208760806492 66
1738724116082 171.5286194892141 67
1738724116116 191.1221999689345 68
1738724116149 171.7858188404432 69
1738724116182 204.69945718376204 70
1738724116215 165.7094992952298 71
1738724116248 182.15697878887585 72
1738724116281 163.73022638368172 73
1738724116314 156.42756758121234 74
1738724116348 173.66291148176137 75
1738724116381 181.2494788907614 76
1738724116414 156.7723706819547 77
1738724116447 189.70865077522515 78
1738724116485 164.09754064215653 79
1738724116529 164.10741840261397 80
1738724116564 162.6021914926312 81
1738724116598 180.66708937646763 82
1738724116634 177.48482662827305 83
1738724116668 144.9678895833734 84
1738724116703 184.10089090922773 85
1738724116737 183.11840675455588 86
1738724116772 165.809032430276 87
1738724116805 182.46604436354903 88
1738724116840 178.05673616582303 89
1738724116873 191.5842759449453 90
1738724116908 157.7176461606712 91
1738724116942 150.96181789754112 92
1738724116976 164.29280904921754 93
1738724117011 181.5066555108679 94
1738724117045 150.84684667797868 95
1738724117079 154.4200980434291 96
1738724117114 166.0772818432309 97
1738724117149 166.62378440755177 98
1738724117184 185.9658297323828 99
1738724117218 164.9576332781977 100
1738724117252 168.60797752373432 101
1738724117286 160.59718708026568 102
1738724117320 156.35032694217315 103
1738724117354 156.3053133173247 104
1738724117388 144.45864567953504 105
1738724117423 172.78537267994682 106
1738724117457 195.42041456879699 107
1738724117490 169.808630572286 108
1738724117524 188.56257985429355 109
1738724117558 157.98787962088775 110
1738724117592 183.13195442139516 111
1738724117627 176.47117456408105 112
1738724117662 150.6801845577485 113
1738724117697 178.06455846768955 114
1738724117733 171.07271983663617 115
1738724117768 152.4627621936638 116
1738724117803 176.72929773808582 117
1738724117838 179.40880937272388 118
1738724117873 161.1499303892711 119
1738724117908 163.13398178308213 120
1738724117943 154.41764240775143 121
1738724117979 209.0183574607983 122
1738724118014 161.61209141437328 123
1738724118049 165.87718946932824 124
1738724118085 175.0222035263326 125
1738724118120 154.6633662955994 126
1738724118155 150.55008889769508 127
1738724118191 209.48235310527866 128
1738724118226 181.4963382891004 129
1738724118262 149.02536037512425 130
1738724118297 192.2008605432825 131
1738724118333 190.43454138374486 132
1738724118368 164.70147977421502 133
1738724118403 197.2133688807298 134
1738724118439 162.05011423443233 135
1738724118478 156.43877826282315 136
1738724118514 165.11968644641337 137
1738724118550 170.5488649923011 138
1738724118586 129.08603176494404 139
1738724118621 138.00272384137793 140
1738724118656 158.5278753441323 141
1738724118691 153.96375770656863 142
1738724118743 159.13061282128317 143
1738724118780 183.1158155007482 144
1738724118816 183.88691455754406 145
1738724118850 188.3831821552418 146
1738724118885 185.02405171385226 147
1738724118919 158.86025992218816 148
1738724118953 156.15546286505673 149
1738724118987 146.01310368273684 150
1738724119021 157.50849209168692 151
1738724119055 172.91783313481852 152
1738724119089 177.25463474663408 153
1738724119122 159.2345011586298 154
1738724119156 163.55939245637734 155
1738724119190 137.95065624552092 156
1738724119224 159.46661947428558 157
1738724119258 109.76507612900777 158
1738724119291 173.43836937950087 159
1738724119325 164.32866000692886 160
1738724119358 172.49517872262226 161
1738724119392 177.01887292382744 162
1738724119425 168.87188814817225 163
1738724119460 135.59997676848354 164
1738724119494 140.30448377140672 165
1738724119529 163.5376091614099 166
1738724119564 153.77292802114908 167
1738724119598 152.8927121463583 168
1738724119633 179.49188511618632 169
1738724119667 154.71820892588664 170
1738724119702 214.61614467782746 171
1738724119736 192.0787763676163 172
1738724119770 151.62477419685158 173
1738724119804 153.75877514237882 174
1738724119838 151.7369168298893 175
1738724119872 164.64319166304676 176
1738724119906 162.33166820671994 177
1738724119940 191.8346764186988 178
1738724119974 155.91587673210464 179
1738724120007 166.60282316419568 180
1738724120041 159.69784110687135 181
1738724120075 165.4399837212776 182
1738724120109 174.06835044269712 183
1738724120142 162.61777964100747 184
1738724120177 176.23791588107665 185
1738724120213 167.10456858748276 186
1738724120249 176.76377806060125 187
1738724120284 174.27102371368574 188
1738724120320 160.59186701416516 189
1738724120355 125.48527335446055 190
1738724120391 174.33770379937 191
1738724120427 146.65483071047294 192
1738724120463 166.065494559323 193
1738724120499 168.22822856664453 194
1738724120542 148.50665917071197 195
1738724120578 163.3374250521115 196
1738724120613 173.76616025783673 197
1738724120656 164.194095998936 198
1738724120709 180.41518772631292 199
1738724120743 161.0773560175592 200
1738724120778 203.79753123407284 201
1738724120811 172.30874878499776 202
1738724120846 178.8612617082708 203
1738724120882 164.53903359459267 204
1738724120917 146.4202447384402 205
1738724120954 167.9523495195386 206
