1738722855554 167.13397613158006 0
1738722855556 168.72858950109335 1
1738722855558 168.11320623017363 2
1738722855560 168.55971880450704 3
1738722855563 168.20751731918506 4
1738722855565 171.04601793162664 5
1738722855567 168.01294305896198 6
1738722855569 169.10473892351874 7
1738722855572 166.23616129640996 8
1738722855574 167.84827482346324 9
1738722855576 168.4115700425147 10
1738722855578 170.40303416560204 11
1738722855580 167.8950665483556 12
1738722855582 168.00991557696727 13
1738722855584 168.66302372116698 14
1738722855587 170.44211778272415 15
1738722855589 167.70260049724712 16
1738722855591 168.2273798663483 17
1738722855593 169.78280702476005 18
