1738724987605 168.97368920446687 0
1738724987638 175.14288970618392 1
1738724987671 174.61362971059657 2
1738724987705 156.23152876608017 3
1738724987738 169.3970820169689 4
1738724987771 158.83002823417846 5
1738724987804 159.20956187667048 6
1738724987837 171.62138367825503 7
1738724987870 177.94824876849233 8
1738724987903 181.43850231912643 9
1738724987937 165.9930631709578 10
1738724987971 169.70531400489216 11
1738724988005 163.61363866987116 12
1738724988038 176.58429797987085 13
1738724988072 164.30881138405306 14
1738724988106 176.67609249411828 15
1738724988139 148.1828254999804 16
1738724988172 166.42835283481458 17
1738724988205 178.48841445912024 18
