1738726611365 163.5210597042198 0
1738726611400 180.19673243848334 1
1738726611435 172.84710693368814 2
1738726611470 157.50497703370831 3
1738726611506 170.38859595658852 4
1738726611541 168.82369719729934 5
1738726611577 187.197938984146 6
1738726611612 174.45738791601428 7
1738726611647 144.62103678757674 8
1738726611682 184.07166153126627 9
1738726611717 160.1220438293011 10
1738726611752 152.81763542597795 11
1738726611787 163.42229778656989 12
1738726611822 162.46175598483782 13
1738726611856 153.2258117908573 14
1738726611891 174.14600828170168 15
1738726611926 176.5418757484105 16
1738726611961 165.54356174830588 17
1738726611995 195.7242384749488 18
1738726612030 172.20090178586747 19
1738726612064 163.67971396306407 20
1738726612099 161.58805333067434 21
1738726612134 152.9600224056851 22
1738726612168 175.14137801035884 23
1738726612203 176.54072662936022 24
1738726612237 146.22057838229279 25
1738726612272 176.11968033633534 26
1738726612306 192.73490398974667 27
1738726612341 163.9223647579245 28
1738726612375 220.97827043360223 29
1738726612409 187.69643654333456 30
1738726612443 169.84105923028721 31
1738726612478 182.89345200729576 32
1738726612512 146.8539963101764 33
1738726612546 176.03227795788115 34
1738726612581 175.6817559153801 35
1738726612616 144.29896871005096 36
1738726612650 183.54453020592769 37
1738726612684 168.810786692732 38
1738726612720 151.90323158206476 39
1738726612755 125.11942171229992 40
1738726612790 181.9236041153759 41
1738726612825 177.14932129768232 42
1738726612860 176.4115504810693 43
1738726612895 156.6318384766969 44
1738726612929 177.07983420767698 45
1738726612964 171.95146467268157 46
1738726612999 171.96571771685788 47
1738726613034 162.49436589135286 48
1738726613069 149.63835573839222 49
1738726613103 159.2396472158481 50
1738726613138 163.24446462956897 51
1738726613173 159.34460946441357 52
1738726613208 149.09573945018494 53
1738726613242 150.16052831271924 54
1738726613278 173.35544386430186 55
1738726613312 159.98978245338398 56
1738726613347 167.75415451412317 57
1738726613382 154.44754457704005 58
1738726613416 138.8071119158835 59
1738726613450 185.6762563739772 60
1738726613484 173.01433180433483 61
1738726613517 167.11745980939241 62
1738726613566 159.7119369502285 63
1738726613623 161.81940525267098 64
1738726613663 159.50648199095176 65
1738726613702 176.12446543376436 66
1738726613738 158.1199376662937 67
1738726613774 179.00428477973665 68
1738726613809 167.7810846201541 69
1738726613845 174.40619583816004 70
1738726613880 167.16166498895166 71
1738726613914 160.7739638227613 72
1738726613949 185.7352062332699 73
1738726613983 161.2489800379981 74
1738726614018 153.92626531979465 75
1738726614053 160.98623245145026 76
1738726614087 162.85442214627466 77
1738726614122 184.80237611456965 78
1738726614156 178.63845779681733 79
1738726614191 187.40697890153226 80
1738726614225 156.44430671892405 81
1738726614260 173.18647256277907 82
1738726614295 122.6162922441827 83
1738726614330 193.06423199219117 84
1738726614365 172.0371406224455 85
1738726614400 150.6208244945217 86
1738726614435 177.89260130803387 87
1738726614471 152.1136464536556 88
1738726614506 171.8374635316589 89
1738726614544 175.64158861625788 90
1738726614580 165.99856024815728 91
1738726614615 162.29611725937298 92
1738726614650 191.25297190661277 93
1738726614684 175.79277713893882 94
1738726614719 179.61736987756845 95
1738726614755 146.37612002465266 96
1738726614792 148.06676433371936 97
1738726614827 181.92049402708554 98
1738726614861 162.41569331875155 99
1738726614896 160.1766408399553 100
1738726614932 167.09886507993625 101
1738726614967 170.60667701337732 102
1738726615003 144.62014666382785 103
1738726615038 144.57727982360421 104
1738726615072 167.32259967540978 105
1738726615107 179.52668501159462 106
1738726615142 202.15193119828754 107
1738726615176 164.2730804162202 108
1738726615211 166.1774559986294 109
1738726615245 169.0427577338806 110
1738726615281 170.14453114358338 111
1738726615316 172.57783423714883 112
1738726615351 158.91721605494544 113
1738726615387 163.13250507038973 114
1738726615422 180.63992231327614 115
1738726615458 124.12488471549703 116
1738726615493 179.8204366890926 117
1738726615528 159.9533716283058 118
1738726615563 166.06482994155832 119
1738726615598 203.410675288984 120
1738726615632 156.02546256142827 121
1738726615667 151.28486922947585 122
1738726615703 160.72975490863965 123
1738726615767 139.64175878472423 124
1738726615803 109.3939342924172 125
1738726615838 169.9525022787385 126
1738726615873 161.63073927548234 127
1738726615907 165.72651242416703 128
1738726615942 159.10162246617068 129
1738726615978 183.66149203463732 130
1738726616013 186.7987031702232 131
1738726616048 183.1593826460449 132
1738726616083 165.43497967951933 133
1738726616117 155.65379857443494 134
1738726616152 170.79502456498253 135
1738726616186 176.77187542465268 136
1738726616221 194.60183199972604 137
1738726616255 186.4141047837211 138
1738726616290 172.35998907009983 139
1738726616325 145.36496210093128 140
1738726616359 177.79627396033789 141
1738726616394 167.95037143363325 142
1738726616430 161.70516975359953 143
1738726616465 170.75335865120377 144
1738726616500 184.0993579003799 145
1738726616535 173.73732841830457 146
1738726616569 169.5473175878615 147
1738726616603 168.15777094271024 148
1738726616637 192.31218914212658 149
1738726616671 182.1335181475645 150
1738726616706 184.55080817050452 151
1738726616741 146.11640632038817 152
1738726616775 181.06221906946274 153
1738726616810 153.07474483247384 154
1738726616844 183.63517718344983 155
1738726616878 182.74550796164675 156
1738726616913 184.92070675171072 157
1738726616947 150.41652150563166 158
1738726616981 164.31423432916478 159
1738726617016 149.0041355983536 160
1738726617051 170.62348783409175 161
1738726617085 170.50145501829556 162
1738726617119 157.97861606214013 163
1738726617153 139.34115975349727 164
1738726617187 149.19802228229028 165
1738726617221 183.29231086432608 166
1738726617256 185.69353487049938 167
1738726617290 144.38527814447195 168
1738726617324 167.26754743664375 169
1738726617358 168.95067329571657 170
1738726617392 172.1262450095136 171
1738726617428 189.65783224321987 172
1738726617462 166.4377787765565 173
1738726617498 158.48431652587234 174
1738726617533 152.41286980747864 175
1738726617591 166.00314565428954 176
1738726617626 159.83861327235692 177
1738726617661 176.68024124694963 178
1738726617696 175.3735330900854 179
1738726617731 181.1163232921545 180
1738726617766 153.04016013341516 181
1738726617802 137.68164391311723 182
1738726617837 166.07620780575536 183
1738726617872 176.35349689038546 184
1738726617907 187.0650325172365 185
1738726617941 178.31742116044182 186
1738726617976 172.01654727047097 187
1738726618011 146.90365095389726 188
1738726618046 192.39427581857464 189
1738726618081 157.7308078477509 190
1738726618116 167.2718921648747 191
1738726618151 167.86225715495158 192
1738726618185 169.2121192685232 193
1738726618220 175.7243496771936 194
1738726618254 178.76014177043558 195
1738726618289 188.66598954579283 196
1738726618323 143.53383465964927 197
1738726618358 164.16746247283865 198
1738726618395 163.56161494120548 199
1738726618430 113.76940175693643 200
1738726618466 164.7714462996129 201
1738726618501 171.2342208603669 202
1738726618535 178.8143030781744 203
1738726618571 172.2816688049101 204
1738726618606 155.96672980697437 205
1738726618641 140.65041220501539 206
1738726618677 171.2321317033413 207
1738726618711 171.27184354060114 208
1738726618746 189.89882124665792 209
1738726618780 144.1674783991484 210
1738726618814 214.90861696463696 211
1738726618849 153.3701725515785 212
1738726618884 170.63216651223405 213
1738726618918 176.57347695470418 214
1738726618953 167.80087803496758 215
1738726618987 166.31199390386513 216
1738726619021 160.99184207928434 217
1738726619056 158.803900186562 218
1738726619090 181.14588117169066 219
1738726619125 195.56684150313347 220
1738726619159 169.6454801193633 221
1738726619193 162.55497460450812 222
1738726619229 200.6321020895957 223
1738726619264 190.89704700905514 224
1738726619299 157.5937285143244 225
1738726619334 151.25038537171943 226
1738726619369 179.91563484608952 227
1738726619404 167.43648708798685 228
1738726619439 167.75253447061883 229
1738726619474 162.66841037556387 230
1738726619510 162.24096980348455 231
1738726619545 194.83513301166352 232
1738726619579 192.32363109510356 233
1738726619614 157.38160872545646 234
1738726619648 160.20838601931123 235
1738726619683 187.8256849213355 236
1738726619717 142.77819914450367 237
1738726619754 176.76185695862034 238
1738726619789 181.41736515636384 239
1738726619825 181.36575895007323 240
1738726619860 189.45041507435673 241
1738726619895 168.92158384986098 242
1738726619930 169.93316286371734 243
1738726619965 168.81855614440678 244
1738726620000 169.7916755831815 245
1738726620035 147.47715593795982 246
1738726620071 166.11019330875766 247
1738726620106 157.0718333759597 248
1738726620141 181.7338560677495 249
1738726620176 160.3510084620396 250
1738726620211 166.2868009141393 251
1738726620246 163.89820221357598 252
1738726620281 168.60066375403127 253
1738726620316 167.53959871812137 254
1738726620351 160.59203465057973 255
1738726620386 170.5077462165515 256
1738726620420 158.60315320913472 257
1738726620455 206.48687140336588 258
1738726620489 137.62096750088725 259
1738726620524 159.46620235081681 260
1738726620559 162.7319136125323 261
1738726620593 151.53747669566062 262
1738726620628 185.2589033845268 263
1738726620662 171.06127763545936 264
1738726620697 163.97478530441583 265
1738726620731 195.51436884745914 266
1738726620766 155.51161081130715 267
1738726620800 168.34676349750453 268
1738726620834 156.5277426587769 269
1738726620868 151.47566195489176 270
1738726620905 164.03940226417888 271
1738726620940 194.95189565032697 272
1738726620975 168.68581326127705 273
1738726621010 193.3030671260206 274
1738726621045 182.7538455628178 275
1738726621080 174.12234069046525 276
1738726621115 146.96335842499732 277
1738726621149 166.49045434618196 278
1738726621184 176.85208938071784 279
1738726621218 152.6633604567928 280
1738726621253 148.735823412324 281
1738726621287 163.2005730842613 282
1738726621321 169.71365914250538 283
1738726621360 147.52912223734523 284
1738726621395 157.5476960799433 285
1738726621431 156.10494114824274 286
1738726621466 199.37567458387144 287
1738726621501 165.2516599003565 288
1738726621537 168.7654522275995 289
1738726621594 156.27458012191371 290
1738726621630 158.6912709184316 291
1738726621664 200.9951301424284 292
1738726621699 172.8182796446687 293
1738726621733 144.8943232691345 294
1738726621768 131.0184973386598 295
1738726621802 169.7644860477073 296
1738726621837 148.3542954606282 297
1738726621871 171.22193746527694 298
1738726621906 169.73523740715615 299
1738726621940 177.3311099067969 300
1738726621975 170.97784150162897 301
1738726622010 179.79669369946947 302
1738726622045 176.41656217869442 303
1738726622080 177.1706078394294 304
1738726622114 204.66498809471892 305
1738726622149 164.85859657351185 306
1738726622184 162.55606377458676 307
1738726622218 139.54663773264875 308
1738726622252 214.11523994553616 309
1738726622287 159.93792102999066 310
1738726622321 179.14241745292452 311
1738726622356 169.93888664375612 312
1738726622390 189.68494640534055 313
1738726622424 170.1032121122447 314
1738726622459 182.5635362563906 315
1738726622497 191.97191907196523 316
1738726622532 157.47168785694222 317
1738726622567 162.58020374321146 318
1738726622602 174.3405013440523 319
1738726622637 147.34420314536914 320
1738726622672 171.76947691956843 321
1738726622708 164.9328766194509 322
1738726622743 174.73421167585505 323
1738726622779 156.12186799156993 324
1738726622815 191.46628533709594 325
1738726622849 149.99562121333443 326
1738726622884 178.04366423040716 327
1738726622919 150.61894291327187 328
1738726622954 167.71152166462525 329
1738726622989 174.99138188857762 330
1738726623023 167.9057768523227 331
1738726623058 168.0962187204833 332
1738726623092 208.30789501530688 333
1738726623127 153.34756032038933 334
1738726623161 165.1738468440373 335
1738726623196 160.3800896247965 336
1738726623230 181.05378523943492 337
1738726623265 177.39822495495994 338
1738726623299 157.817196035793 339
1738726623334 178.56019747705554 340
1738726623368 165.24709701510682 341
1738726623403 185.93616951393045 342
1738726623437 155.4293179788493 343
1738726623471 177.4640242541023 344
1738726623505 146.70274077682475 345
1738726623540 204.4427513032272 346
1738726623574 159.7254668071095 347
1738726623609 165.56665266761684 348
1738726623644 190.14716326589112 349
1738726623678 181.885654244473 350
1738726623713 221.30846005032976 351
1738726623747 167.19096601452364 352
1738726623781 160.1056176238091 353
1738726623816 166.3742485771725 354
1738726623850 159.89463074538844 355
1738726623884 180.18698466269396 356
1738726623918 175.15202174945793 357
1738726623952 175.82546535633588 358
1738726623987 174.8767145667929 359
1738726624021 160.83724862131666 360
1738726624056 165.62803839785045 361
1738726624090 171.30877569753417 362
1738726624124 172.67951151018923 363
1738726624158 161.9399758031149 364
1738726624192 179.19990369914447 365
1738726624226 120.44053026340048 366
1738726624261 173.06157023965474 367
1738726624297 156.70581558257703 368
1738726624332 169.616947930152 369
1738726624368 164.50525354086324 370
1738726624403 188.84015855496284 371
1738726624438 168.46538232384998 372
1738726624473 172.7491210981147 373
1738726624507 182.95375276659448 374
1738726624541 187.13542881641024 375
1738726624575 179.39090494374003 376
1738726624609 180.25966579807755 377
1738726624643 166.15258745501703 378
1738726624678 170.68684002141333 379
1738726624714 152.37093364361436 380
1738726624750 156.1925700881881 381
1738726624786 168.92551378805723 382
1738726624821 178.46390231391797 383
1738726624858 159.7715060819028 384
1738726624894 182.01943867246297 385
1738726624929 161.41350627832932 386
1738726624964 149.25235333446176 387
1738726624999 203.5800985841303 388
1738726625034 152.19698381002098 389
1738726625068 200.43496849814872 390
1738726625102 151.98270681954406 391
1738726625137 178.02778377471662 392
1738726625171 179.18491780833858 393
1738726625205 205.61831138641693 394
1738726625240 211.2908203605084 395
1738726625274 173.2017879235569 396
1738726625309 181.8018263819601 397
1738726625347 103.1456763890779 398
1738726625384 171.09869568663345 399
1738726625421 167.47041518968203 400
1738726625461 167.24472195967803 401
1738726625498 171.40684662802815 402
1738726625539 163.53488008094038 403
1738726625575 173.00303345348954 404
1738726625611 179.8460056240571 405
1738726625647 174.4129502652617 406
1738726625682 177.01021661164657 407
1738726625717 162.07824618024756 408
1738726625752 177.55754396739144 409
1738726625787 145.96122826982915 410
1738726625822 162.69943323369455 411
1738726625858 179.27843949607202 412
1738726625893 172.56556176186842 413
1738726625928 165.90238142112625 414
1738726625962 143.18740096408348 415
1738726625997 202.05443328840153 416
1738726626031 165.6012766988074 417
1738726626066 177.35344883582465 418
1738726626100 157.62070550363288 419
1738726626134 175.08107831348954 420
1738726626169 166.43587327930328 421
1738726626203 167.66821926024272 422
1738726626237 137.14029125069547 423
1738726626274 187.41391318741236 424
1738726626308 177.90422442263778 425
1738726626349 173.06388922209746 426
1738726626386 196.60564094844864 427
1738726626423 178.4156411575987 428
1738726626458 183.70199607305952 429
1738726626493 177.2061388206715 430
1738726626529 167.5115982042028 431
1738726626564 193.951194010855 432
1738726626599 193.8771559002991 433
1738726626634 178.47514415943564 434
1738726626668 155.0742865255233 435
1738726626703 187.4233843162829 436
1738726626738 177.48029473899336 437
1738726626773 158.13206415672303 438
1738726626809 147.4766531758657 439
1738726626843 156.72964986384574 440
1738726626878 170.75643622491458 441
1738726626912 156.74802171207088 442
1738726626946 171.59559762355482 443
1738726626980 202.81366645618778 444
1738726627015 170.27769206430557 445
1738726627049 182.16034859922158 446
1738726627083 168.95844574980924 447
1738726627117 198.5337320276068 448
1738726627151 172.59555353194392 449
1738726627185 171.3969152821543 450
1738726627219 160.04126475965737 451
1738726627253 159.24284764312057 452
1738726627287 186.88302640499506 453
1738726627321 165.1630124442277 454
1738726627356 181.84074412194218 455
1738726627391 265.6415541005151 456
1738726627426 170.86191934258775 457
1738726627461 171.1033900457686 458
1738726627495 167.2407406192747 459
1738726627530 152.17754139974545 460
1738726627564 183.68552579354872 461
1738726627599 181.46181628081405 462
1738726627633 137.24231503109934 463
1738726627668 175.87550808587022 464
1738726627702 176.83757221239378 465
1738726627737 149.3785538502713 466
1738726627772 179.6882139114681 467
1738726627807 176.2801370259014 468
1738726627842 166.76226568285068 469
1738726627877 183.15418192705013 470
1738726627911 168.23802854824922 471
1738726627946 189.24178106261283 472
1738726627980 182.373687784426 473
1738726628015 167.70220182145303 474
1738726628049 180.94170161888508 475
1738726628084 169.5352948815782 476
1738726628118 181.2626194319829 477
1738726628152 195.05762687703097 478
1738726628187 191.7514405629194 479
1738726628221 114.595068769488 480
1738726628255 166.15141847875094 481
1738726628290 170.02133908832306 482
1738726628324 182.71862189731334 483
1738726628358 165.60022157850477 484
1738726628392 145.6834928257886 485
1738726628426 171.1663840908444 486
1738726628461 156.33602210412639 487
1738726628495 185.97797926562214 488
1738726628529 164.49105941586296 489
1738726628565 161.51475983027163 490
1738726628599 158.83802751146078 491
1738726628633 182.80533853871563 492
1738726628667 168.8780301793806 493
1738726628701 153.26012673930583 494
1738726628736 160.57132696933576 495
1738726628770 157.48413640430132 496
1738726628804 176.25163083345709 497
1738726628838 155.95172197816984 498
1738726628872 163.30005089284913 499
