1738724121672 163.53305782060812 0
1738724121675 171.56903032132388 1
1738724121678 170.00747571466934 2
1738724121681 166.9015664288099 3
1738724121683 168.88657651892714 4
1738724121686 167.86617703415882 5
1738724121689 167.65665006528747 6
1738724121691 170.77971510963965 7
1738724121694 164.80747825451945 8
1738724121697 169.6994476240938 9
1738724121700 163.46570472478516 10
1738724121703 170.07127971596012 11
1738724121705 165.6755610950591 12
1738724121708 171.39802844992983 13
1738724121711 167.33815244955693 14
1738724121714 168.6155422604879 15
1738724121716 174.6149364987422 16
1738724121719 163.7395911460217 17
1738724121722 168.72641838940928 18
1738724121724 169.56433613768095 19
1738724121727 169.2073463601913 20
1738724121730 175.7159564879298 21
1738724121732 167.06745993276962 22
1738724121735 168.2292582736715 23
1738724121738 163.3345429842832 24
1738724121740 167.24425234142956 25
1738724121745 172.25632385986322 26
1738724121752 169.90200007413137 27
1738724121756 175.43293909182728 28
1738724121759 168.00275967517769 29
1738724121762 165.76331808227144 30
1738724121765 167.3876222225148 31
1738724121767 172.41353084852 32
1738724121770 170.91783456488096 33
1738724121773 167.49411503077252 34
1738724121775 166.54123222157477 35
1738724121778 168.04959775410614 36
1738724121781 171.5996217518047 37
1738724121784 167.88472736355368 38
1738724121786 166.09788615890355 39
1738724121789 169.87517456965793 40
1738724121792 166.45114231122426 41
1738724121794 172.78510900180717 42
1738724121797 171.3486818050472 43
1738724121800 168.41894538454628 44
1738724121802 167.96943222443159 45
1738724121805 166.77073637453864 46
1738724121808 166.56652078180332 47
1738724121810 171.41468891718512 48
1738724121813 167.44445550026975 49
1738724121816 166.01420427248877 50
1738724121818 167.01939163889574 51
1738724121821 166.16689031702097 52
1738724121824 168.5898041565975 53
1738724121826 167.44253206834802 54
1738724121829 169.70921745634203 55
1738724121832 168.7278182182291 56
1738724121834 167.59791792260964 57
1738724121837 169.29126225015568 58
1738724121840 169.6042137102773 59
1738724121842 167.04043983095602 60
1738724121845 170.10629282937447 61
1738724121848 165.85080445675845 62
1738724121850 168.74647086152504 63
1738724121853 169.6787377445258 64
1738724121856 164.6936068510691 65
1738724121858 169.52687198610278 66
1738724121861 169.26300794547348 67
1738724121864 168.8493958573227 68
1738724121866 170.04745344578794 69
1738724121869 170.09883338239388 70
1738724121872 168.0305468550556 71
1738724121874 168.54011362716983 72
1738724121877 168.1843045085309 73
1738724121880 167.53624159813353 74
1738724121882 166.8884258379764 75
1738724121885 169.19906321124756 76
1738724121888 169.9807646451198 77
1738724121891 169.2230130176721 78
1738724121893 168.23958233451606 79
1738724121896 168.01539882763024 80
1738724121899 168.05349645569876 81
1738724121903 167.50277360124795 82
1738724121905 168.09483231699858 83
1738724121916 171.85691030863637 84
1738724121923 167.86338246696502 85
1738724121950 168.73542222830136 86
1738724121965 171.88556858040732 87
1738724121971 167.87795275371815 88
1738724121978 168.41719584219692 89
1738724121983 169.04726837187175 90
1738724121986 169.06968553753438 91
