1738726595423 169.04320759801948 0
1738726595426 169.04196057546935 1
1738726595430 169.04071843532594 2
1738726595433 169.03948115613588 3
1738726595437 169.03824871654376 4
1738726595441 169.0370210952913 5
1738726595444 169.0357982712174 6
1738726595448 169.03458022325728 7
1738726595451 169.03336693044224 8
1738726595454 169.0321583718992 9
1738726595458 169.0309545268501 10
1738726595461 169.02975537461177 11
1738726595464 169.02856089459516 12
1738726595468 169.02737106630514 13
1738726595471 169.02618586934 14
1738726595475 169.02500528339095 15
1738726595478 169.02382928824179 16
1738726595482 169.02265786376842 17
1738726595485 169.02149098993848 18
1738726595488 169.02032864681087 19
1738726595491 169.01917081453533 20
1738726595495 169.01801747335205 21
1738726595498 169.0168686035912 22
1738726595501 169.01572418567272 23
1738726595506 169.01458420010553 24
1738726595509 169.0134486274875 25
1738726595512 169.0123174485048 26
1738726595515 169.01119064393163 27
1738726595519 169.0100681946297 28
1738726595522 169.00895008154782 29
1738726595526 169.0078362857218 30
1738726595529 169.00672678827354 31
