1738724135230 148.97635281768194 0
1738724135263 169.96604963899605 1
1738724135296 175.89446075214465 2
1738724135329 174.8044858001784 3
1738724135363 167.49141060474312 4
1738724135397 164.61574630219008 5
1738724135431 174.12105947456837 6
1738724135465 159.67475010143323 7
1738724135499 169.49749982360603 8
1738724135533 162.7184583751642 9
1738724135567 156.2867512801498 10
1738724135600 188.2698069559995 11
1738724135634 181.12001981392905 12
1738724135667 147.89465997869124 13
1738724135701 171.40133491636016 14
1738724135734 176.69605001126482 15
1738724135768 167.02538414105254 16
1738724135801 169.8103035455732 17
1738724135834 169.90499660614765 18
1738724135868 170.0740811946767 19
1738724135902 174.39393777232522 20
1738724135935 176.54565950260752 21
1738724135969 153.63705513422315 22
1738724136002 158.6978385789699 23
1738724136035 151.49257400447107 24
1738724136069 182.4031881765845 25
1738724136102 166.11654712553218 26
1738724136135 166.80313325461663 27
1738724136168 171.51472203007862 28
1738724136201 162.60264512619673 29
1738724136234 171.67230084333605 30
1738724136267 175.75044117096758 31
1738724136301 176.84917184593314 32
1738724136334 155.98759650762716 33
1738724136367 172.81511646539346 34
1738724136400 150.06764847434167 35
1738724136433 171.34614778447948 36
1738724136466 174.67983121835184 37
1738724136499 167.37924367567916 38
1738724136532 176.09922614083453 39
1738724136565 172.34884733951924 40
1738724136599 161.6492389875213 41
1738724136632 164.6448623795637 42
1738724136665 177.55233680584678 43
1738724136698 162.92488191181775 44
1738724136731 177.40113203556166 45
1738724136764 174.09023244407064 46
1738724136797 159.46616673706365 47
1738724136830 156.70858013187882 48
1738724136863 173.29065274936195 49
1738724136896 171.44332002488252 50
1738724136929 183.46680567747921 51
1738724136961 165.71131652277757 52
1738724136995 164.76779515190105 53
1738724137027 169.91021484101537 54
1738724137060 161.7759583276025 55
1738724137093 187.66117422077627 56
1738724137126 175.37526795434692 57
1738724137159 164.5548248437812 58
1738724137191 167.05687016193795 59
1738724137224 166.81264896864238 60
1738724137257 177.26876390301115 61
1738724137290 174.04499401523913 62
1738724137323 176.52413646902738 63
1738724137356 163.70155870478212 64
1738724137389 173.20285329839137 65
1738724137422 176.13979622989672 66
1738724137455 165.07488028406777 67
1738724137488 166.00162915184293 68
1738724137520 151.40529665750395 69
1738724137553 173.64727571259507 70
1738724137586 181.96647287295696 71
1738724137619 178.80593798874023 72
1738724137652 159.77276904302872 73
1738724137686 163.3130726227288 74
1738724137720 168.952444635995 75
1738724137755 172.42427444319705 76
1738724137789 166.65618143081994 77
1738724137823 161.77926905721878 78
1738724137857 178.8016758412711 79
1738724137891 178.35664459067723 80
1738724137925 169.66106611204663 81
1738724137960 178.07872231841648 82
1738724137993 163.7140092132283 83
1738724138027 171.92273046556716 84
1738724138061 168.18663753346453 85
1738724138095 184.8092224227177 86
1738724138128 162.3819437315405 87
1738724138162 146.98410858944538 88
1738724138196 173.1912507726856 89
1738724138229 154.89643863201172 90
1738724138263 168.50760852500167 91
