1738726596351 169.7493922329733 0
1738726596356 171.72644331592514 1
1738726596361 169.99980542957567 2
1738726596366 164.2304594057592 3
1738726596371 169.11200015059615 4
1738726596376 166.8106933443595 5
1738726596380 169.0342648517896 6
1738726596385 165.2843494995941 7
1738726596389 168.5445679262981 8
1738726596394 169.30747139993446 9
1738726596399 165.84899358769925 10
1738726596403 166.5446607891072 11
1738726596408 168.62583105143716 12
1738726596412 171.21947731927114 13
1738726596417 169.01712373395432 14
1738726596421 168.65389348506918 15
1738726596426 167.35842691622594 16
1738726596430 166.42122888465641 17
