1738724980512 171.1137540986652 0
1738724980516 166.36035777768996 1
1738724980519 175.71756330926524 2
1738724980523 167.69433540910177 3
1738724980526 173.4298059913142 4
1738724980530 165.2706364560225 5
1738724980533 172.94045745127897 6
1738724980537 175.6192322906379 7
1738724980540 167.291106767454 8
1738724980544 164.54093987793294 9
1738724980547 170.14327762058838 10
1738724980550 161.8692022536097 11
1738724980554 174.1959773804976 12
1738724980557 168.381056430194 13
1738724980561 165.4249195535287 14
1738724980564 184.24484996531513 15
1738724980567 170.86700911500557 16
1738724980571 170.37953917184626 17
1738724980574 162.4756300504806 18
1738724980578 161.8460804732934 19
1738724980581 172.6842419848433 20
1738724980584 161.87869142336726 21
1738724980588 171.57942021712867 22
1738724980591 160.63156325505315 23
1738724980595 164.44364549886862 24
1738724980598 180.7862190792803 25
1738724980602 165.04456919062682 26
