1738724311335 106.33937700132537 0
1738724311367 201.0158236311845 1
1738724311399 159.96378111682446 2
1738724311431 206.2697026365297 3
1738724311463 154.65082394075483 4
1738724311495 140.31654474230794 5
1738724311528 285.47150889233416 6
1738724311560 106.1469448463571 7
1738724311592 108.12974883289279 8
1738724311624 109.9164634027841 9
1738724311656 160.8023361029238 10
1738724311688 102.65417223418322 11
1738724311720 155.7128470543359 12
1738724311752 184.32918642324597 13
1738724311784 135.54631138566864 14
1738724311816 171.0274926480591 15
1738724311848 199.09070102897792 16
1738724311880 185.5924513296616 17
1738724311912 84.62949540307959 18
1738724311944 277.44738170718483 19
1738724311976 157.77837300065386 20
1738724312008 263.8077757287943 21
1738724312040 167.11235664077827 22
1738724312072 220.5984083503568 23
1738724312104 181.56110000684563 24
1738724312136 117.34848115453872 25
1738724312168 395.93797026299126 26
1738724312199 281.08875071792517 27
1738724312231 154.2254245264712 28
1738724312263 149.16186319940186 29
1738724312295 208.46998169575042 30
1738724312327 169.99576709831834 31
1738724312359 197.83851797776202 32
1738724312391 183.42969740041113 33
1738724312422 153.60596009057264 34
1738724312454 199.6605354923694 35
1738724312486 153.63131954965888 36
1738724312518 65.4513681834821 37
1738724312550 155.52114105173862 38
1738724312581 180.1721486686722 39
1738724312614 140.20107761498772 40
1738724312645 231.43492192504704 41
1738724312677 169.59586656399813 42
1738724312709 201.28022601431522 43
1738724312741 242.06250045892702 44
1738724312772 161.44602594901772 45
1738724312804 248.9000427357235 46
1738724312835 142.739914269695 47
1738724312867 172.42748457651345 48
1738724312898 175.56887751539085 49
1738724312930 219.67075375953172 50
1738724312962 157.58042402812822 51
1738724312993 160.7856320989479 52
1738724313025 171.17797444570263 53
1738724313056 151.12015650460233 54
1738724313088 184.35380987863115 55
1738724313119 125.46475928360047 56
1738724313151 207.7137464661823 57
1738724313183 162.11754704382432 58
1738724313214 133.84781086103666 59
1738724313246 124.12905069296325 60
1738724313278 147.0316637397478 61
1738724313309 146.3853213893693 62
1738724313343 155.6751486470313 63
1738724313376 203.87648962894195 64
1738724313409 167.6908793846422 65
1738724313442 169.71019651428807 66
1738724313475 136.16334056097003 67
1738724313508 132.45047846453423 68
1738724313540 182.39005934360586 69
1738724313573 228.62792825528987 70
1738724313606 221.02954667012096 71
1738724313638 155.6144954174321 72
1738724313671 251.86184752281116 73
1738724313703 123.82282308632531 74
1738724313736 161.77134183640578 75
1738724313768 170.0075009073729 76
1738724313801 205.5224799269482 77
1738724313833 183.02968057915905 78
1738724313866 205.8923738162206 79
1738724313898 196.66117978731734 80
1738724313931 221.1797618940138 81
1738724313963 195.356409642343 82
1738724313996 185.69245816014268 83
1738724314028 188.43635095678493 84
1738724314061 188.65814896889344 85
1738724314094 177.14989862473465 86
1738724314126 224.1484812330294 87
1738724314158 107.52966884871388 88
1738724314191 169.04360550890283 89
1738724314223 141.96742071311434 90
1738724314255 187.96258235832542 91
1738724314287 117.1487371002626 92
1738724314320 215.35189269074874 93
1738724314352 169.4486058192511 94
1738724314385 188.52260107513194 95
1738724314417 166.36070309771918 96
1738724314449 179.47628975520342 97
1738724314482 158.12684813855796 98
1738724314514 138.433689657299 99
1738724314546 161.8688075921769 100
1738724314578 92.83891332843851 101
1738724314610 218.9589725191022 102
1738724314642 143.07510113675784 103
1738724314674 131.4702570546551 104
1738724314706 156.42771684208486 105
1738724314738 116.49064112325537 106
1738724314770 324.3874147404452 107
1738724314802 167.56257633625927 108
1738724314835 139.13206657470914 109
1738724314867 165.5480144451004 110
1738724314899 132.998157079345 111
1738724314931 249.85659229047727 112
1738724314963 113.29487052327796 113
1738724314995 178.1492191002725 114
1738724315027 181.50174706493166 115
1738724315059 148.59214555236764 116
1738724315091 205.79911943067788 117
1738724315123 242.8414550057242 118
1738724315155 138.4570879165626 119
1738724315187 113.44796252088084 120
1738724315219 304.4490534802781 121
1738724315251 178.54502786994584 122
1738724315283 204.9762418840008 123
1738724315317 145.93746795210924 124
1738724315351 140.2707068676318 125
1738724315383 96.80891155179438 126
1738724315415 108.26456957832728 127
1738724315447 130.82576413490807 128
1738724315479 154.63428416818246 129
1738724315511 91.86729051075041 130
1738724315543 157.02431631607715 131
1738724315575 187.97198862871358 132
1738724315607 199.62343411677165 133
1738724315639 197.94757086306697 134
1738724315670 171.40486040982768 135
1738724315702 202.08663577205357 136
1738724315734 129.2203767408826 137
1738724315766 156.0474653072751 138
1738724315797 170.78372013321373 139
1738724315829 191.83014208745325 140
1738724315861 216.68723404177257 141
1738724315893 202.51717282405508 142
1738724315924 226.18778677067107 143
1738724315956 236.51202063223465 144
1738724315988 200.13422996882326 145
1738724316019 200.03999978697718 146
1738724316051 158.02719653167176 147
1738724316083 113.43574089991526 148
1738724316115 171.94137099909446 149
1738724316147 167.85061336247495 150
1738724316178 167.3885167401767 151
1738724316210 125.29603675880102 152
1738724316242 222.6712507213163 153
1738724316273 228.40367285681168 154
1738724316305 75.16868976765316 155
1738724316336 193.69419895589635 156
1738724316368 151.1187298039262 157
1738724316399 208.88882962960017 158
1738724316431 155.4506064306616 159
1738724316463 155.05594904471383 160
1738724316494 164.72865993721686 161
1738724316526 168.48142011319007 162
1738724316558 152.4124523823633 163
1738724316589 152.85764934223286 164
1738724316621 175.7985529592632 165
1738724316652 200.040840212527 166
1738724316684 178.90989871737256 167
1738724316715 120.19569088038388 168
1738724316747 122.69252556833112 169
1738724316778 197.94554238857762 170
1738724316810 224.61250015588163 171
1738724316841 322.3330959267836 172
1738724316873 163.59588842128352 173
1738724316904 224.68363508908396 174
1738724316936 178.92445654892552 175
1738724316967 217.53842818516938 176
1738724316999 227.94391342750615 177
1738724317030 152.42436594408952 178
1738724317062 198.16895197200697 179
1738724317093 17.99641994743373 180
1738724317125 160.51846040339058 181
1738724317156 178.93300256689187 182
1738724317188 249.12727432264364 183
1738724317219 190.2823958745828 184
1738724317251 215.19721452998579 185
1738724317283 84.68697836511892 186
1738724317314 132.04614961989316 187
1738724317346 178.79644178345166 188
1738724317378 192.60207993323388 189
1738724317409 139.14966725545156 190
1738724317441 167.02186457049004 191
1738724317472 122.72174491473133 192
1738724317504 155.13555186268164 193
1738724317535 166.64135310087005 194
1738724317567 110.69756486741126 195
1738724317598 170.05856687920402 196
1738724317630 209.4950433856269 197
1738724317661 185.5015387691367 198
1738724317693 186.13344330456698 199
1738724317724 174.2541464437541 200
1738724317756 107.42266357366309 201
1738724317787 148.15657342063733 202
1738724317820 151.92997852885165 203
1738724317852 141.032620931834 204
1738724317883 200.99164005686868 205
1738724317915 128.19302185662835 206
1738724317947 207.62610359449795 207
1738724317979 204.71682031888417 208
1738724318011 186.21926142672874 209
1738724318043 143.31349234704325 210
1738724318075 264.4323926018034 211
1738724318107 204.54067141546722 212
1738724318139 135.4795093119848 213
1738724318171 94.14570550565176 214
1738724318203 232.9811144842017 215
1738724318235 145.75188916699435 216
1738724318267 200.200240191835 217
1738724318298 173.24344438974214 218
1738724318330 185.96078094412604 219
1738724318362 147.9059608759915 220
1738724318393 165.4100659602981 221
1738724318425 117.14310538049553 222
1738724318456 169.26983952010764 223
1738724318488 160.30873864541977 224
1738724318520 121.191629979606 225
1738724318551 139.20075115794342 226
1738724318583 137.5552284543937 227
1738724318615 161.3725160537811 228
1738724318646 136.21877224536723 229
1738724318678 177.26688919660404 230
1738724318709 193.9553849829524 231
1738724318741 96.53250433725498 232
1738724318772 169.62882801498012 233
1738724318804 207.2344396091835 234
1738724318835 118.76084180176687 235
1738724318867 167.76607304062466 236
1738724318898 210.54089727239355 237
1738724318930 189.9757212518075 238
1738724318961 202.50192376785682 239
1738724318993 166.89754402891583 240
1738724319024 277.2956068123297 241
1738724319056 206.82388757772466 242
1738724319088 165.1105914416361 243
1738724319119 213.56285876018237 244
1738724319151 185.5632578516826 245
1738724319182 228.59592573799026 246
1738724319214 185.8592482950088 247
1738724319245 157.2830177678239 248
1738724319277 188.48712758928394 249
1738724319308 102.84512150817054 250
1738724319340 190.73621311184598 251
1738724319371 141.06990869946472 252
1738724319403 136.3724510104606 253
1738724319435 154.21857608120519 254
1738724319466 222.24656494565556 255
1738724319498 173.18575683873195 256
1738724319529 150.73971554471933 257
1738724319560 132.3426370247357 258
1738724319592 189.6351623729885 259
1738724319623 141.6406663531473 260
1738724319655 80.4285206723964 261
1738724319686 136.67474105649285 262
1738724319717 131.88978942560453 263
1738724319749 163.57065502785932 264
1738724319780 142.63124755135968 265
1738724319812 166.73674338086846 266
1738724319843 113.1093208427678 267
1738724319874 165.5343757970495 268
1738724319906 204.8541105548699 269
1738724319937 128.2479000461222 270
1738724319969 153.5084087099355 271
1738724320000 135.9486107313653 272
1738724320031 263.2898196047129 273
1738724320063 174.10400744054107 274
1738724320094 154.83169244564957 275
1738724320126 186.95277954397622 276
1738724320157 183.57886368993502 277
1738724320189 197.92793602594674 278
1738724320221 193.26914635726138 279
1738724320252 194.4941955193121 280
1738724320283 136.51305912074727 281
1738724320315 172.69323170813354 282
1738724320346 165.8049551483782 283
1738724320377 160.7765591568795 284
1738724320409 239.85869362422656 285
1738724320440 202.9684328553986 286
1738724320471 121.74637044231449 287
1738724320503 295.5820681663322 288
1738724320534 153.5691432216467 289
1738724320565 191.98561922092603 290
1738724320597 274.4711292413464 291
1738724320628 196.41633237767746 292
1738724320659 109.6615137807301 293
1738724320691 51.12723049945998 294
1738724320722 166.7294061788194 295
1738724320753 103.3626904881308 296
1738724320785 168.31005093828333 297
1738724320816 154.32154727437967 298
1738724320847 185.89885723285286 299
1738724320879 169.37087017926189 300
1738724320910 129.91465827501915 301
1738724320941 169.8877251824232 302
1738724320973 170.6584887370343 303
1738724321004 134.96116362877734 304
1738724321036 175.5818036965301 305
1738724321067 142.27487064508423 306
1738724321098 148.75880833485806 307
1738724321129 155.8202132413314 308
1738724321161 179.0995435916676 309
1738724321192 149.68009367496165 310
1738724321223 101.71768366724275 311
1738724321255 155.22485332332894 312
1738724321286 163.97611336303544 313
1738724321317 189.53166776237535 314
1738724321349 210.6813299636279 315
1738724321380 134.605159542115 316
1738724321411 222.17228573038992 317
1738724321443 160.6228365707608 318
1738724321474 134.17760854638874 319
1738724321505 199.58551517791435 320
1738724321537 209.19990588289642 321
1738724321568 215.1150891185441 322
1738724321599 170.96511317982956 323
1738724321630 206.3974721388776 324
1738724321662 371.1733707490704 325
1738724321693 173.41211036310128 326
1738724321725 156.4954742931862 327
1738724321756 142.03940793877518 328
1738724321787 196.34088906392913 329
1738724321819 172.14241917776897 330
1738724321850 126.77786549425981 331
1738724321881 267.5295662081611 332
1738724321913 19.242504583531407 333
1738724321944 135.12494508432763 334
1738724321975 129.5704002348929 335
1738724322007 244.58591959501206 336
1738724322038 240.56586225168627 337
1738724322069 177.41631615843343 338
1738724322101 143.07850067089026 339
1738724322132 190.02094669541714 340
1738724322163 170.16639469488476 341
1738724322194 164.88897129923538 342
1738724322226 154.9567066232779 343
1738724322257 222.40797471530837 344
1738724322289 141.0458598682596 345
1738724322321 191.22942322594304 346
1738724322352 155.23158154386724 347
1738724322383 156.12982186474878 348
1738724322414 89.38003690972141 349
1738724322446 125.60209039260728 350
1738724322477 167.9042373752446 351
1738724322508 95.76384640744976 352
1738724322540 78.77275806085828 353
1738724322571 154.90978971807695 354
1738724322602 208.4369185670538 355
1738724322634 173.829501544613 356
1738724322665 235.34519677495987 357
1738724322696 210.9712644418329 358
1738724322727 146.11480126297457 359
1738724322758 166.8393927713592 360
1738724322790 215.1100183923092 361
1738724322821 159.19362162584457 362
1738724322852 158.26629676422874 363
1738724322884 169.63810272737868 364
1738724322915 170.5025944541724 365
1738724322946 150.1056167235408 366
1738724322978 213.24972892796254 367
1738724323009 205.75975638040552 368
1738724323040 183.10955128377145 369
1738724323071 220.1436438752726 370
1738724323103 177.36059077100865 371
1738724323134 115.17754029161485 372
1738724323165 207.13067333974996 373
1738724323197 179.47546591444976 374
1738724323228 194.31690390824755 375
1738724323259 198.27581670882466 376
1738724323290 164.68816193033146 377
1738724323322 189.09775414575506 378
1738724323353 239.89321171425289 379
1738724323384 179.69710274218838 380
1738724323416 156.20961310712752 381
1738724323447 123.79540287194885 382
1738724323478 222.82295181915703 383
1738724323509 142.52693267459398 384
1738724323541 176.2430005360128 385
1738724323572 193.8539027254207 386
1738724323603 266.02586730760123 387
1738724323634 160.3191855440814 388
1738724323666 141.8563015763156 389
1738724323697 245.19394529967323 390
1738724323728 163.18139221766984 391
1738724323759 136.12529813913147 392
1738724323791 176.437583671226 393
1738724323822 14.560869790557243 394
1738724323853 168.8720859188557 395
1738724323884 173.27113560397547 396
1738724323916 131.75506744569483 397
1738724323947 161.50899718210854 398
1738724323978 227.87195710946773 399
1738724324009 196.12286310363626 400
1738724324041 172.25331719663058 401
1738724324072 113.06326690182348 402
1738724324103 280.887298537871 403
1738724324134 128.8214842407791 404
1738724324166 147.54642730811432 405
1738724324197 124.87685689758428 406
1738724324228 82.49992869252421 407
1738724324260 113.58568690901579 408
1738724324291 176.0842809546096 409
1738724324323 167.46451769513084 410
1738724324354 302.1721647066377 411
1738724324385 145.46786838130612 412
1738724324417 194.4475373692099 413
1738724324448 183.04589535361123 414
1738724324479 157.98414644090536 415
1738724324510 71.279466341315 416
1738724324541 183.58459770182753 417
1738724324573 143.4377008453847 418
1738724324604 195.22511186699793 419
1738724324635 242.77974304351508 420
1738724324666 152.6529326110248 421
1738724324698 185.87476239530739 422
1738724324729 127.07934173628583 423
1738724324760 135.37488968618166 424
1738724324791 100.35462492770434 425
1738724324822 177.53190667070032 426
1738724324854 205.61451438704634 427
1738724324885 148.7397534619239 428
1738724324916 48.98438040400492 429
1738724324947 181.19548176845288 430
1738724324979 88.36717551713097 431
1738724325010 196.01162451316142 432
1738724325041 210.12922748853066 433
1738724325072 135.73340145164366 434
1738724325104 111.16121670816004 435
1738724325135 173.1680751997575 436
1738724325166 233.834200944301 437
1738724325197 21.442780564472095 438
1738724325229 201.20657128391883 439
1738724325260 211.47257221210384 440
1738724325291 192.36275193221516 441
1738724325322 171.50233266603377 442
1738724325353 198.31019288347667 443
1738724325385 288.007223163754 444
1738724325416 261.0471290543335 445
1738724325447 184.88784600611461 446
1738724325478 237.6595822062068 447
1738724325509 169.61630714398905 448
1738724325541 205.41223249621166 449
1738724325572 185.7664224085003 450
1738724325603 182.51511181053715 451
1738724325634 82.25324816276688 452
1738724325665 137.1441564003546 453
1738724325696 144.60843066088154 454
1738724325728 201.46176529850075 455
1738724325759 207.70255339069936 456
1738724325790 172.13896122514078 457
1738724325821 224.58911578367332 458
1738724325852 168.56398265444676 459
1738724325884 120.48935838972255 460
1738724325915 160.90896645013723 461
1738724325946 145.55468225110295 462
1738724325977 176.20888487019081 463
1738724326008 172.53599740406096 464
1738724326040 173.66374865607602 465
1738724326071 176.33253122639113 466
1738724326102 205.73304677352468 467
1738724326133 75.92989212250066 468
1738724326164 112.52380223806198 469
1738724326196 210.24371007416778 470
1738724326227 185.2043875758569 471
1738724326258 140.83800110757173 472
1738724326289 228.9053180510548 473
1738724326321 170.71469179405764 474
1738724326352 272.627062536268 475
1738724326383 138.11941636278684 476
1738724326415 172.50049500116177 477
1738724326446 153.9427823772326 478
1738724326477 172.6777449308669 479
1738724326508 215.0558808652658 480
1738724326540 212.99800891974112 481
1738724326571 136.97512711459572 482
1738724326602 205.54949593963562 483
1738724326633 158.65437556092422 484
1738724326664 175.7406480491012 485
1738724326695 142.444327249892 486
1738724326727 204.0460259967842 487
1738724326758 87.58211594978775 488
1738724326789 225.0398630281079 489
1738724326820 120.18155235322683 490
1738724326851 116.66731599668027 491
1738724326882 126.58124729275197 492
1738724326914 216.68848897842537 493
1738724326945 146.60067509073198 494
1738724326976 182.42467492171463 495
1738724327007 144.72082892365103 496
1738724327039 198.70999664181204 497
1738724327070 102.42715812049101 498
1738724327101 151.618332243821 499
