1738722822451 158.3828540942447 0
1738722822484 90.09378597655004 1
1738722822518 138.55348678718593 2
1738722822553 264.3838238304705 3
1738722822586 154.76895042411522 4
1738722822619 178.78498723104025 5
1738722822654 195.64081147957458 6
1738722822689 208.6543674125101 7
1738722822723 196.05378486019072 8
1738722822756 146.86267201235825 9
1738722822791 96.90281676350402 10
1738722822826 152.09687289576934 11
1738722822873 177.6659304166465 12
1738722822906 280.0587356837186 13
1738722822939 186.47691162396566 14
1738722822972 145.69159332604488 15
1738722823004 245.25375625569603 16
1738722823036 228.81304333673282 17
1738722823068 195.99926417575136 18
1738722823101 222.224930084627 19
1738722823134 136.91228189413903 20
1738722823167 179.4412907617132 21
1738722823200 179.65564726976078 22
1738722823232 157.9681806453265 23
1738722823264 204.5858503198485 24
1738722823296 119.43094733187345 25
1738722823329 296.77863148043855 26
1738722823361 153.14998520214706 27
1738722823393 129.99161456918603 28
1738722823425 231.57150927909552 29
1738722823457 166.01045139053832 30
1738722823489 117.12474227185513 31
1738722823520 125.12933447681827 32
1738722823552 197.20840066937964 33
1738722823584 151.64141118532308 34
1738722823615 62.27999602173904 35
1738722823647 198.27026840068797 36
1738722823679 205.18083119598026 37
1738722823711 261.7533587244362 38
1738722823742 146.24272387128272 39
1738722823774 188.29132339731373 40
1738722823807 60.71857211382946 41
1738722823839 119.21936165791502 42
1738722823871 146.93244443082736 43
1738722823903 190.61751580485222 44
1738722823935 203.36426489443474 45
1738722823967 144.2758348176109 46
1738722823999 163.97044099135428 47
1738722824031 248.4197426979911 48
1738722824063 112.50028916459394 49
1738722824095 181.89822882767683 50
1738722824127 149.39824927057435 51
1738722824159 178.08236794342506 52
1738722824191 308.25598657467253 53
1738722824222 143.64589667419534 54
1738722824254 193.09425018949798 55
1738722824286 194.80578528834968 56
1738722824318 155.9191180717599 57
1738722824350 196.8644390303985 58
1738722824381 64.03676648327628 59
1738722824413 142.38731897955955 60
1738722824445 163.53931638328297 61
1738722824476 138.43447237285514 62
1738722824508 157.44990663995193 63
1738722824539 191.41678386121575 64
1738722824571 193.3394490080512 65
1738722824602 257.1482170307762 66
1738722824634 73.71789080029643 67
1738722824666 145.08691797652037 68
1738722824697 208.76050580438257 69
1738722824728 129.28579822309612 70
1738722824760 152.56403518556218 71
1738722824792 175.11158203682746 72
1738722824823 163.90653170288786 73
1738722824854 122.80542123335812 74
1738722824885 225.77579386066319 75
1738722824917 100.80526034677364 76
1738722824948 237.74379907041256 77
1738722824980 183.88679084094574 78
1738722825011 92.66248035707731 79
1738722825043 195.39972823591478 80
1738722825075 173.4618110902145 81
1738722825106 181.79625921474974 82
1738722825137 85.26605085381064 83
1738722825169 176.84473793850188 84
1738722825200 182.18957260476392 85
1738722825231 185.2644067049909 86
1738722825262 129.03724548571438 87
1738722825293 151.59340319690546 88
1738722825324 204.2136877036939 89
1738722825358 161.5309351161698 90
1738722825392 209.0990372990696 91
1738722825429 174.17549924927218 92
1738722825462 155.31429857492412 93
1738722825495 245.26960367422717 94
1738722825527 124.65084069491168 95
1738722825561 91.45108605923843 96
1738722825594 260.8655266059238 97
1738722825627 259.2243566823219 98
1738722825659 154.95559589430133 99
1738722825690 162.3283679195657 100
1738722825722 155.9674227489372 101
1738722825753 165.69175844572868 102
1738722825785 210.08237274993667 103
1738722825816 184.50346870934544 104
1738722825848 356.3296978715985 105
1738722825879 251.66420809485427 106
1738722825911 198.6311158529583 107
1738722825942 214.97639838670844 108
1738722825973 160.11972253092566 109
1738722826004 91.67963383669556 110
1738722826036 142.85336958993418 111
1738722826067 163.70142449244787 112
1738722826098 103.0345232300748 113
1738722826130 141.78035082210624 114
1738722826161 141.9238073745241 115
1738722826193 216.44055126054698 116
1738722826224 161.53066982653425 117
1738722826255 131.59969531189327 118
1738722826286 142.3283576610298 119
1738722826317 180.24768323241167 120
1738722826348 173.9718740759854 121
1738722826379 223.8817141396335 122
1738722826411 208.5143641704126 123
1738722826442 157.83336121059622 124
1738722826473 144.61365060654686 125
1738722826504 212.257592559101 126
1738722826535 246.56622297439105 127
1738722826566 108.12690808079499 128
1738722826597 192.9512709784378 129
1738722826628 152.227760896659 130
1738722826659 198.87248205831338 131
1738722826690 66.85847343961802 132
1738722826721 166.2262054815656 133
1738722826752 164.19859305961623 134
1738722826783 184.7450164454564 135
1738722826814 487.2065136496483 136
1738722826845 127.86290117235713 137
1738722826876 170.8533780177701 138
1738722826908 175.40912499650108 139
1738722826939 126.81762307070206 140
1738722826971 58.03140864821533 141
1738722827003 193.85918768178269 142
1738722827035 184.42206199257168 143
1738722827067 220.71450346373774 144
1738722827099 118.43682512431923 145
1738722827130 242.11185599489613 146
1738722827162 123.62162927040507 147
1738722827193 174.87963499020128 148
1738722827225 167.21420948131032 149
1738722827256 128.99678079212356 150
1738722827288 241.69069837609996 151
1738722827319 159.55873686930002 152
1738722827351 225.15882299743905 153
1738722827382 270.8543008098019 154
1738722827414 174.53903911966557 155
1738722827445 182.1509171635465 156
1738722827477 154.00154021108426 157
1738722827508 226.5064152623116 158
1738722827540 174.1370942361379 159
1738722827571 116.52287913906946 160
1738722827602 148.891668295982 161
1738722827634 261.0364342052201 162
1738722827666 201.56286340012608 163
1738722827698 171.5545865604123 164
1738722827729 196.7887713954328 165
1738722827762 154.53293410728568 166
1738722827795 152.0962159354495 167
1738722827827 206.7636694858718 168
1738722827859 160.75520788557913 169
1738722827892 123.53370713505922 170
1738722827924 66.32991550619022 171
1738722827956 221.91468125850741 172
1738722827988 144.08429378123395 173
1738722828020 155.8684213422957 174
1738722828052 104.93661623956167 175
1738722828083 141.0675481525338 176
1738722828115 197.94965367190815 177
1738722828146 144.24431566023654 178
1738722828177 168.23322393246298 179
1738722828209 165.04944531189355 180
1738722828241 185.65248599125263 181
1738722828273 187.76154370748327 182
1738722828304 118.60072151440475 183
1738722828335 310.41847064901964 184
1738722828367 231.22929455475273 185
1738722828398 169.54710411937762 186
1738722828429 280.77353925800463 187
1738722828460 116.70500568140322 188
1738722828492 192.5236657472255 189
1738722828524 146.2914289491393 190
1738722828556 205.54017461954243 191
1738722828588 210.75072954968763 192
1738722828619 192.92977300424198 193
1738722828651 215.30525119625887 194
1738722828683 129.06123998935252 195
1738722828714 308.32702137906546 196
1738722828746 135.44091463388565 197
1738722828778 120.97727612658264 198
1738722828809 156.47047507893043 199
1738722828841 154.10843051253838 200
1738722828872 206.767044342485 201
1738722828904 186.19339586864984 202
1738722828935 211.9080937188923 203
1738722828967 237.8069504683561 204
1738722828999 75.43700670253938 205
1738722829030 269.4254705212652 206
1738722829061 159.6831150244905 207
1738722829093 165.43050110854557 208
1738722829125 122.89133518159312 209
1738722829156 277.61777968844757 210
1738722829188 336.98039689255984 211
1738722829219 138.26340071244476 212
1738722829250 184.62560581735121 213
1738722829282 274.5585521844644 214
1738722829316 115.19685951814672 215
1738722829349 258.7111753460732 216
1738722829381 181.33886158729092 217
1738722829414 148.32053983851844 218
1738722829446 176.37401469824516 219
1738722829478 164.329422403582 220
1738722829510 196.55035116065483 221
1738722829542 199.54291165101765 222
1738722829574 124.62297562315521 223
1738722829606 171.44880081184232 224
1738722829638 163.7308158320321 225
1738722829670 162.19917256906254 226
1738722829702 177.8930944476856 227
1738722829733 150.9369619633018 228
1738722829765 346.01424843270763 229
1738722829796 98.44120598561298 230
1738722829828 170.5940642057524 231
1738722829859 102.76460073680227 232
1738722829890 207.06222123825106 233
1738722829922 155.46212037704578 234
1738722829954 215.23464795513658 235
1738722829986 136.39873886506666 236
1738722830018 138.34234517987443 237
1738722830049 174.36480250040552 238
1738722830081 216.19792342979832 239
1738722830112 210.80440910746182 240
1738722830143 159.61686667599153 241
1738722830175 122.8999278982091 242
1738722830206 229.7203456723543 243
1738722830237 186.31083565255554 244
1738722830268 167.1873491239285 245
1738722830300 117.73031979959194 246
1738722830331 157.62168388596388 247
1738722830364 110.97849706347299 248
1738722830395 204.5926089770827 249
1738722830427 236.22373888232124 250
1738722830459 188.51469069974286 251
1738722830491 121.99016258677905 252
1738722830522 192.76382885826715 253
1738722830554 68.46568883681724 254
1738722830585 100.41627609143212 255
1738722830617 62.22569233106328 256
1738722830648 204.9952424477521 257
1738722830680 204.2736065693081 258
1738722830711 110.8039410033138 259
1738722830743 217.26579481051937 260
1738722830774 214.61213935320194 261
1738722830806 146.65103897743043 262
1738722830838 196.8343825816868 263
1738722830870 167.2386679106094 264
1738722830902 195.38575991557494 265
1738722830934 120.91245035214294 266
1738722830966 105.098936882322 267
1738722830998 111.89379222857724 268
1738722831029 218.65805581929777 269
1738722831061 159.0604013143284 270
1738722831094 164.77411944918273 271
1738722831126 37.12223990953215 272
1738722831159 162.7664768159859 273
1738722831191 188.15574072994727 274
1738722831223 212.246010440406 275
1738722831255 261.5234250647819 276
1738722831287 147.3124921267562 277
1738722831319 155.89214425816957 278
1738722831350 209.84629236281293 279
1738722831382 244.445086949752 280
1738722831414 212.0027983650815 281
1738722831446 178.04297578165608 282
1738722831478 138.91246158727878 283
1738722831509 116.28419085428925 284
1738722831541 127.52254300377315 285
1738722831573 336.1242248172964 286
1738722831604 88.19857912967785 287
1738722831636 234.73483609951046 288
1738722831668 196.86811076547735 289
1738722831699 175.21634056609952 290
1738722831731 162.7725639541305 291
1738722831763 105.58173863706597 292
1738722831794 308.1996024278653 293
1738722831826 113.42818963094037 294
1738722831858 230.0250601290201 295
1738722831889 212.8586664640699 296
1738722831921 124.44141174466924 297
1738722831952 320.2357504919792 298
1738722831983 160.8404328510164 299
1738722832015 57.706615172259596 300
1738722832047 182.31274265909218 301
1738722832078 198.82461058765847 302
1738722832110 98.61546259259602 303
1738722832141 222.10087473166 304
1738722832173 305.2804377673143 305
1738722832205 164.76616926018087 306
1738722832236 193.87012852629204 307
1738722832268 166.47599257262976 308
1738722832299 222.19794124178512 309
1738722832331 183.36080429704353 310
1738722832362 206.29841752633826 311
1738722832393 134.45014453294016 312
1738722832425 72.84930164688272 313
1738722832456 212.60309012569772 314
1738722832487 114.92882341093616 315
1738722832518 249.69452728931623 316
1738722832549 127.70298839011086 317
1738722832581 41.11705860982519 318
1738722832612 172.81245484166246 319
1738722832643 152.25023514476112 320
1738722832674 175.0966217753898 321
1738722832705 179.58612416560925 322
1738722832737 134.38585486921664 323
1738722832768 251.6574670717222 324
1738722832801 182.24421148947317 325
1738722832834 303.96634413360226 326
1738722832866 177.91174422474208 327
1738722832898 158.40503859983602 328
1738722832931 169.04041542168488 329
1738722832963 163.71268705087985 330
1738722832994 245.7100697402635 331
1738722833026 155.75064745627137 332
1738722833058 290.24058514856773 333
1738722833090 61.53187475857438 334
1738722833121 204.10720284938145 335
1738722833153 143.99009996117428 336
1738722833185 153.58498235578273 337
1738722833217 163.42697977295535 338
1738722833249 218.30841675423753 339
1738722833280 168.89829098146282 340
1738722833312 210.79273791648833 341
1738722833343 234.61740107636524 342
1738722833374 139.10287697125125 343
1738722833405 138.82701260963623 344
1738722833437 200.11324371736868 345
1738722833468 202.26437593635504 346
1738722833499 98.117537445282 347
1738722833530 220.0173612058944 348
1738722833561 238.22967273823133 349
1738722833592 185.0888209347522 350
1738722833623 201.30967246957292 351
1738722833654 69.6814346839623 352
1738722833686 184.26477719217453 353
1738722833717 338.9793854599285 354
1738722833748 184.31686221020806 355
1738722833780 182.44232237279638 356
1738722833814 162.2543818645292 357
1738722833846 120.32232760365883 358
1738722833878 166.2917220662398 359
1738722833909 147.73939973629172 360
1738722833940 223.49333880438414 361
1738722833972 165.1937592054654 362
1738722834004 160.7404497730936 363
1738722834036 138.1159566188471 364
1738722834068 158.59548138637862 365
1738722834100 220.21833445235632 366
1738722834132 210.00600352610584 367
1738722834163 181.42287694364248 368
1738722834195 146.2232093651141 369
1738722834227 213.2868367800909 370
1738722834259 139.8576873929303 371
1738722834291 166.63929044752393 372
1738722834323 153.37515895439827 373
1738722834355 178.53390948083143 374
1738722834387 109.45300288226551 375
1738722834418 155.4234981010744 376
1738722834449 150.87199829595355 377
1738722834481 96.47265362871241 378
1738722834512 144.21427314390397 379
1738722834543 163.16087259996948 380
1738722834575 208.95430334566478 381
1738722834606 174.62471058631988 382
1738722834637 224.87390051391318 383
1738722834668 205.85923822595066 384
1738722834700 260.57992710456705 385
1738722834731 255.40767910752723 386
1738722834762 129.81162995609304 387
1738722834793 261.4208205923173 388
1738722834826 240.20831358691296 389
1738722834858 279.3458328680653 390
1738722834889 130.60316144871507 391
1738722834921 213.9904282912627 392
1738722834952 220.06904163624378 393
1738722834983 198.88669808367493 394
1738722835015 136.66650336408384 395
1738722835046 142.24622660686853 396
1738722835077 146.4228733378847 397
1738722835108 150.15933989624537 398
1738722835139 213.51903299069406 399
1738722835170 163.19544558420594 400
1738722835201 131.26855516246363 401
1738722835232 88.2296413733514 402
1738722835264 57.76450962752672 403
1738722835295 188.5301138894823 404
1738722835326 198.64499373414117 405
1738722835357 165.68188200219103 406
1738722835388 155.88824391158917 407
1738722835419 97.59945796502159 408
1738722835450 148.43698617183452 409
1738722835481 165.4189887396405 410
1738722835512 100.76759685376409 411
1738722835543 168.60762519711034 412
1738722835574 202.31972021773785 413
1738722835605 151.58891289785765 414
1738722835636 168.14922131531753 415
1738722835667 160.06733252249694 416
1738722835698 163.5923304638929 417
1738722835729 160.3804655270081 418
1738722835760 119.24796252245812 419
1738722835791 180.69196045227505 420
1738722835822 232.6235402617788 421
1738722835853 185.32927292967443 422
1738722835884 177.7059856634196 423
1738722835915 161.53388917674127 424
1738722835946 164.35970250301904 425
1738722835977 198.31826791831173 426
1738722836008 174.37751929706 427
1738722836039 138.18959072071382 428
1738722836070 176.3806388636438 429
1738722836101 169.1574002415451 430
1738722836132 233.72735730670607 431
1738722836163 207.76937231099637 432
1738722836194 231.38230660275354 433
1738722836224 126.46340993307709 434
1738722836255 144.9043413883317 435
1738722836286 180.28088859916548 436
1738722836317 196.98364769238236 437
1738722836348 101.47637472284268 438
1738722836378 189.22953094775872 439
1738722836409 165.05155797936246 440
1738722836440 126.19436461822882 441
1738722836471 227.03819134364295 442
1738722836502 240.92696964605625 443
1738722836533 108.6799793903138 444
1738722836563 142.8199116252401 445
1738722836594 193.87119254788308 446
1738722836625 170.51642067158537 447
1738722836656 220.31101073766118 448
1738722836686 147.7903646557301 449
1738722836717 184.8930920060031 450
1738722836748 111.01125277002131 451
1738722836779 106.86833343855521 452
1738722836810 194.6000001317706 453
1738722836841 191.02790765645025 454
1738722836871 148.35411072716093 455
1738722836902 115.30025172676284 456
1738722836933 191.87041026804357 457
1738722836964 266.16782629910045 458
1738722836995 314.4926821883254 459
1738722837026 263.1389168724873 460
1738722837057 121.5330572781283 461
1738722837087 124.8379979347679 462
1738722837118 170.26471120807494 463
1738722837149 150.9013948873106 464
1738722837180 150.58769207258956 465
1738722837211 88.8653882231133 466
1738722837241 218.84249722631935 467
1738722837273 188.66419187713424 468
1738722837305 56.44228491773941 469
1738722837337 126.36619285194219 470
1738722837369 119.65928199275487 471
1738722837400 134.36250938994417 472
1738722837431 187.95464031594932 473
1738722837462 169.3363580343009 474
1738722837496 140.18783308851351 475
1738722837528 166.24894978573764 476
1738722837559 128.3641458416136 477
1738722837590 176.74886903278957 478
1738722837622 281.02408531621165 479
1738722837654 126.3364104388749 480
1738722837686 113.3404522623945 481
1738722837717 95.46674483209075 482
1738722837749 99.4216910612774 483
1738722837780 196.91251991273342 484
1738722837812 161.25907150904843 485
1738722837843 200.37940185753052 486
1738722837875 137.64210588355937 487
1738722837906 138.22866110598346 488
1738722837938 158.70545245934 489
1738722837969 180.93642061887692 490
1738722838001 179.4581906054721 491
1738722838033 179.78027174682336 492
1738722838064 281.23253862104207 493
1738722838096 231.05006943597908 494
1738722838128 44.03343122025053 495
1738722838159 131.48831044256642 496
1738722838190 231.97687571152616 497
1738722838222 184.7815495924657 498
1738722838253 163.01046430889124 499
