1738726716766 170.43596585050844 0
1738726716771 168.20901102548987 1
1738726716775 168.447490463764 2
1738726716779 170.42972378359832 3
1738726716783 170.5134216312368 4
1738726716787 168.24484641693263 5
1738726716791 172.37309201572313 6
1738726716795 169.95244047868053 7
1738726716799 168.2510919761558 8
1738726716803 167.64719396804364 9
1738726716807 166.85770989993395 10
1738726716811 166.0519245992163 11
1738726716815 167.53877251835593 12
1738726716818 168.31997151721473 13
1738726716822 168.51211134755908 14
1738726716826 171.11877951203618 15
1738726716830 168.49303298946757 16
1738726716834 169.4846689016243 17
1738726716838 169.31863681561086 18
1738726716842 167.9218692170691 19
1738726716846 168.94234037443243 20
1738726716850 169.45899437942327 21
1738726716854 171.26037542994476 22
1738726716857 168.52885015030472 23
1738726716861 168.24687977620528 24
1738726716865 168.76100714968968 25
1738726716869 169.81341026583073 26
1738726716873 168.97700074627625 27
1738726716877 167.08970978785968 28
1738726716881 170.0348727366468 29
1738726716885 169.1076084910039 30
1738726716889 167.24256462605132 31
1738726716893 170.05249606743686 32
1738726716896 169.9445015072827 33
1738726716900 171.37120566689384 34
1738726716904 168.88444398630253 35
1738726716908 167.44109488760054 36
1738726716912 169.03186496052228 37
1738726716916 169.62761784252834 38
1738726716920 168.0259424868202 39
1738726716924 168.37507626261757 40
1738726716928 170.4585422556399 41
1738726716932 169.8921849935364 42
1738726716936 170.09606047529374 43
1738726716939 170.79386839113246 44
1738726716943 169.69065407031664 45
1738726716947 170.3120600437831 46
1738726716951 170.06581713109557 47
1738726716955 170.54488734930626 48
1738726716959 170.23028556318957 49
1738726716963 166.16103322034195 50
1738726716967 170.90941140301229 51
1738726716971 170.59279578618754 52
1738726716975 171.87263862099536 53
1738726716979 167.75731749726717 54
1738726716983 166.06981952809463 55
1738726716986 170.54301340989156 56
1738726716990 168.31272104952708 57
1738726716994 167.72936936969677 58
1738726716998 170.492474865452 59
1738726717002 168.43755485402014 60
1738726717006 170.00866273859253 61
1738726717010 169.61988727788463 62
1738726717014 169.25363382239212 63
1738726717018 167.12992790714816 64
1738726717021 166.6970240940943 65
1738726717025 168.68959221451598 66
1738726717029 170.4529320793222 67
1738726717033 166.98997105031597 68
1738726717037 166.79439232340223 69
1738726717041 168.16958843037744 70
1738726717045 168.98575072194498 71
1738726717049 168.90052064551577 72
1738726717053 168.13186614812201 73
1738726717056 166.63187670477677 74
1738726717060 168.1900007853141 75
1738726717064 169.0083331793865 76
