1738723691237 169.6743052481185 0
1738723691240 168.87888472211455 1
1738723691243 171.59883425886903 2
1738723691246 168.99803365785544 3
1738723691248 166.0946409234765 4
1738723691251 170.78749921708626 5
1738723691254 167.55695070436988 6
1738723691256 169.8176650934418 7
1738723691259 169.372771634469 8
1738723691261 168.97821798119475 9
1738723691264 167.1469604617035 10
1738723691266 167.90569063440222 11
1738723691269 169.56046990855364 12
1738723691271 168.70128764068645 13
1738723691274 170.72335531661102 14
1738723691276 170.13156584271354 15
1738723691278 165.25418896345417 16
1738723691281 169.98576939507706 17
1738723691283 168.25465280108008 18
1738723691286 168.44383501088987 19
1738723691289 170.012041577461 20
1738723691291 167.51187094698977 21
1738723691294 169.52167869888328 22
1738723691296 169.0048785232757 23
1738723691299 169.5557333146696 24
1738723691304 167.03117365571129 25
1738723691307 170.12223924046285 26
1738723691310 167.96032645534325 27
1738723691313 166.45657576543402 28
1738723691315 171.4534239642153 29
1738723691318 169.0271833809046 30
1738723691320 169.28964340513897 31
1738723691323 168.01820394605696 32
1738723691325 167.50557517379525 33
1738723691328 168.22735317280993 34
1738723691331 168.3886205483066 35
1738723691333 169.1697369965983 36
1738723691336 166.68343468382628 37
1738723691338 168.29306550561267 38
1738723691341 167.58417021506756 39
1738723691343 170.15011794155077 40
1738723691346 169.89142489275 41
1738723691349 170.72826245896962 42
1738723691351 169.69796279475696 43
1738723691354 167.394778457467 44
1738723691356 169.460511036362 45
1738723691359 167.4991276447454 46
1738723691361 169.8678678388757 47
1738723691363 166.2210670262477 48
1738723691366 169.22213917948773 49
1738723691368 170.13190887009793 50
1738723691371 169.31500317327198 51
1738723691374 168.36501677564263 52
1738723691377 168.68231096160872 53
1738723691379 167.97972950550576 54
1738723691382 168.5451398254628 55
1738723691384 167.9675097015214 56
1738723691387 169.0716943750131 57
1738723691390 167.69141676701594 58
1738723691392 166.9171067644793 59
1738723691395 172.836731869807 60
1738723691397 168.2311188349307 61
1738723691400 167.57892799489068 62
1738723691403 169.03845849453515 63
1738723691405 169.36314148515714 64
1738723691408 169.40273596650627 65
1738723691411 169.08243525803442 66
1738723691413 169.70814017588447 67
1738723691416 168.8095878865283 68
1738723691418 167.10421614435427 69
1738723691421 166.32671202549253 70
1738723691424 170.04318470224402 71
1738723691426 167.75616760983212 72
1738723691429 170.19551854497553 73
1738723691431 168.65415957624677 74
1738723691434 170.31936596097543 75
1738723691436 167.13658523311156 76
1738723691439 168.01424724728903 77
1738723691441 169.26849616301 78
1738723691444 171.20424548669766 79
1738723691446 168.70572112876005 80
1738723691449 168.01218695309157 81
1738723691451 168.06395371693395 82
1738723691454 166.7731729404971 83
1738723691456 168.63702709664477 84
1738723691458 170.0866971721683 85
1738723691461 169.21542051651141 86
1738723691463 169.5007615819271 87
1738723691466 166.4561657246936 88
1738723691468 168.4441535447118 89
1738723691471 170.60938096423357 90
1738723691473 170.60203018053426 91
1738723691476 168.44970116132467 92
1738723691478 167.6071477556582 93
1738723691481 169.06068068442227 94
1738723691483 167.9794804184874 95
1738723691485 170.51621985601503 96
1738723691488 170.21461110946186 97
1738723691490 169.3940851040308 98
1738723691493 171.01832055161736 99
1738723691495 166.71766485815837 100
1738723691498 172.37270187569723 101
1738723691501 166.95884732490137 102
1738723691503 168.9671491633885 103
1738723691506 167.23601378592983 104
1738723691508 168.72875848877828 105
1738723691510 170.33027426508622 106
1738723691513 168.48400856807393 107
