1738724171803 167.81455737983396 0
1738724171838 168.10417437526834 1
1738724171873 179.87172126748894 2
1738724171908 173.10536951892914 3
1738724171943 121.0206547347974 4
1738724171979 171.1360154882749 5
1738724172015 175.9821834600827 6
1738724172051 209.83457967023529 7
1738724172086 177.347488399905 8
1738724172122 177.52138214634084 9
1738724172157 185.81972496846728 10
1738724172192 187.39155519693392 11
1738724172228 183.61403118668565 12
1738724172263 185.87782060005017 13
1738724172299 162.46806103810857 14
1738724172334 153.1876206101047 15
1738724172370 160.93300377166744 16
1738724172405 175.59552893643306 17
1738724172441 171.38242214700227 18
1738724172476 170.47358941659851 19
1738724172511 147.22863335364755 20
1738724172546 173.50392528294736 21
1738724172582 145.62649907284333 22
1738724172617 165.04112550281593 23
1738724172652 164.4574125878005 24
1738724172687 178.59180580386314 25
1738724172723 185.99501569085217 26
1738724172758 174.81918393989108 27
1738724172793 191.17094190823207 28
1738724172829 175.80319595089648 29
1738724172864 176.63152687492033 30
1738724172898 178.52945873722584 31
1738724172933 170.50233011167185 32
1738724172968 140.41332927158243 33
1738724173003 175.83036114400318 34
1738724173038 173.21975127385576 35
1738724173073 159.72786716213164 36
1738724173108 176.0512535914848 37
1738724173143 188.03850891859992 38
1738724173178 178.14877194715174 39
1738724173212 178.2621911305178 40
1738724173247 170.54509937107716 41
1738724173282 177.64819037639919 42
1738724173317 114.02217765722844 43
1738724173352 126.77728771836618 44
1738724173386 145.97274846208458 45
1738724173421 147.57872777119556 46
1738724173456 184.14641922075467 47
1738724173490 177.92835390115206 48
1738724173525 155.47858807280534 49
1738724173560 175.87612217785582 50
1738724173595 160.58275050324025 51
1738724173630 214.52179226641113 52
1738724173664 169.0699217977995 53
1738724173699 158.65879133539636 54
1738724173734 188.40509751064334 55
1738724173769 165.0983116890801 56
1738724173804 126.3455733890255 57
1738724173838 168.92071617119225 58
1738724173873 159.4276253398999 59
1738724173907 190.82007279613896 60
1738724173942 164.5358449441265 61
1738724173977 174.78033331335166 62
1738724174011 182.11257808835927 63
1738724174046 175.45797973774475 64
1738724174081 169.53029299753175 65
1738724174116 181.23981571978067 66
1738724174150 193.19897213994105 67
1738724174185 151.94196614144934 68
1738724174219 167.1875063376445 69
1738724174254 138.43921075219689 70
1738724174289 140.62705671252968 71
1738724174323 170.27947902178224 72
1738724174358 198.94531906049815 73
1738724174393 167.0168986236886 74
1738724174428 161.95872340981953 75
1738724174462 139.24919608178467 76
1738724174497 187.67338834778917 77
1738724174532 177.59658607729162 78
1738724174567 164.49188255160712 79
1738724174602 189.3587077078238 80
1738724174637 165.925846940121 81
1738724174671 189.28107627742182 82
1738724174706 178.4299391158529 83
1738724174741 165.89274128988134 84
1738724174776 180.78165139487862 85
1738724174811 175.5126780249054 86
1738724174846 158.38375019631073 87
1738724174880 152.2436660141329 88
1738724174915 193.38169543504648 89
1738724174950 165.75773846436996 90
1738724174985 170.48395651006754 91
1738724175019 174.46486725517494 92
1738724175054 188.8490625176035 93
1738724175089 166.51864609159315 94
1738724175124 193.51735146672976 95
1738724175158 164.2395152356193 96
1738724175193 152.7006480914497 97
1738724175228 169.56891350064421 98
1738724175262 180.88903267206703 99
1738724175297 144.7858324559336 100
1738724175332 134.9952775014319 101
1738724175367 165.6201855391703 102
1738724175401 172.09206901322293 103
1738724175436 181.13878857711595 104
1738724175471 142.5145621994141 105
1738724175506 147.26720905701492 106
1738724175540 161.1343555077458 107
1738724175575 187.72900469984873 108
1738724175611 181.89811244255102 109
1738724175645 183.84199808056195 110
1738724175680 186.11998109903212 111
1738724175714 190.1253488732706 112
1738724175749 119.3480495590798 113
1738724175783 172.87210498046795 114
1738724175818 132.78903576452316 115
1738724175852 175.9320817567104 116
1738724175887 166.37613550653745 117
1738724175922 141.5551551217135 118
1738724175956 155.59246807002393 119
1738724175991 173.3594518663471 120
1738724176025 182.0856115444312 121
1738724176060 172.93270830042346 122
1738724176094 181.88215873523652 123
1738724176129 184.82313408405517 124
1738724176163 173.8695707626552 125
1738724176198 162.81514587519425 126
1738724176232 161.65468632027319 127
1738724176267 168.5038120423429 128
1738724176301 131.49887921962707 129
1738724176336 163.91614055371824 130
1738724176370 175.13966648234742 131
1738724176405 139.26954585093668 132
1738724176439 187.63313795064659 133
1738724176474 177.5256932027489 134
1738724176508 182.308366984039 135
1738724176543 165.58649112114045 136
1738724176577 159.24088629614465 137
1738724176612 167.30616878514462 138
1738724176646 172.30339977629387 139
1738724176680 174.79062473884213 140
1738724176715 178.7566743199906 141
1738724176749 180.3850341277474 142
1738724176784 191.25147495169878 143
1738724176818 185.84995992411032 144
1738724176853 195.5428905621754 145
1738724176887 153.7782435276579 146
1738724176922 143.46113551656154 147
1738724176956 163.46422532602793 148
1738724176991 151.79866771665857 149
1738724177025 195.62705701530908 150
