1738724013337 176.99631818940495 0
1738724013375 170.9251200601627 1
1738724013412 170.70619551081563 2
1738724013448 176.85105120994973 3
1738724013485 190.95742068311063 4
1738724013523 171.1531070005009 5
1738724013560 172.08124818275198 6
1738724013596 176.69721763092883 7
1738724013633 172.03234365926457 8
1738724013670 164.42984010783272 9
1738724013707 174.90612629285368 10
1738724013744 180.69720751151888 11
1738724013780 153.88920032854952 12
1738724013817 168.81762217987182 13
1738724013854 163.2832442239177 14
1738724013891 152.43815770960933 15
1738724013927 175.99327247790083 16
1738724013964 158.4667062014318 17
1738724014000 170.79253215412083 18
1738724014037 172.22617490451148 19
1738724014074 190.6707662438086 20
1738724014110 159.41950473513037 21
1738724014147 161.73006700158035 22
1738724014184 166.57960997463894 23
1738724014220 166.69895256456874 24
1738724014257 166.34368690538696 25
1738724014293 171.38480557975606 26
1738724014330 170.66198283011343 27
1738724014366 154.18969331707837 28
1738724014403 184.3726183428413 29
1738724014439 172.26258899720156 30
1738724014476 184.852883749703 31
1738724014512 166.29332557855443 32
1738724014549 174.56309763285844 33
1738724014586 175.30980161477262 34
1738724014622 173.0540476347275 35
1738724014658 172.78004570224186 36
1738724014695 177.85281670817773 37
1738724014731 152.3471480967232 38
1738724014768 176.62871659275086 39
1738724014804 166.22457631406797 40
1738724014841 174.61253489767716 41
1738724014877 173.3086485823439 42
1738724014914 165.6937108758741 43
1738724014950 187.5272045695118 44
1738724014986 161.82810524470074 45
1738724015023 162.25551093900208 46
1738724015059 163.58315299874988 47
1738724015096 170.65880543999705 48
1738724015133 171.05478824840137 49
1738724015169 177.43045632698303 50
1738724015205 146.28615891982813 51
1738724015241 181.16955624911589 52
1738724015278 152.42184736234174 53
1738724015314 172.3632874243893 54
1738724015351 161.8542957675165 55
1738724015388 176.5458872446913 56
1738724015425 167.47201847294608 57
1738724015461 169.5210631043115 58
1738724015497 169.6752677156159 59
1738724015533 172.01384878943176 60
1738724015570 175.42609385327944 61
1738724015606 162.538013799549 62
1738724015642 170.41474399345876 63
1738724015678 180.00264120381112 64
1738724015715 167.39819138233722 65
1738724015751 159.7729877449197 66
1738724015787 176.66687031134327 67
1738724015823 166.6370005569827 68
1738724015860 171.39334939622654 69
1738724015896 182.18708102273592 70
1738724015932 188.21558161318364 71
1738724015969 161.92440902497987 72
1738724016005 162.2983833753808 73
1738724016041 165.82404507014496 74
1738724016078 163.63095312389845 75
1738724016114 164.5780474176451 76
1738724016151 168.8076284908994 77
1738724016188 179.22433871912523 78
1738724016225 166.43791533691024 79
1738724016261 159.5091285993173 80
1738724016298 167.22877413958724 81
1738724016335 178.03476312303533 82
1738724016372 166.4099404518287 83
1738724016409 174.47335660281203 84
1738724016445 167.331339747308 85
1738724016482 164.07568669450066 86
1738724016518 176.24989811686035 87
1738724016555 169.61632535566144 88
1738724016591 157.63032052014165 89
1738724016627 175.44990089864245 90
1738724016664 178.56945291446976 91
1738724016700 159.13786930559215 92
1738724016736 157.11088129820067 93
1738724016772 172.42710603046137 94
1738724016809 170.72907080016319 95
1738724016845 172.29238451074457 96
1738724016881 185.4710334779545 97
1738724016917 171.50536070231524 98
