1738724554397 170.5280865391956 0
1738724554400 170.44325739204731 1
1738724554403 170.36214496944473 2
1738724554405 170.28458403085665 3
1738724554408 170.21041675195056 4
1738724554410 170.1394923896549 5
1738724554413 170.07166696241154 6
1738724554415 170.00680294492702 7
1738724554418 169.94476897676324 8
1738724554420 169.8854395841387 9
1738724554423 169.82869491433934 10
1738724554425 169.7744204821659 11
1738724554428 169.72250692787108 12
1738724554430 169.67284978606327 13
1738724554433 169.62534926507956 14
1738724554435 169.57991003635158 15
1738724554438 169.53644103331047 16
1738724554440 169.49485525939744 17
1738724554443 169.45506960476615 18
1738724554445 169.41700467128246 19
1738724554448 169.3805846054442 20
1738724554450 169.3457369388619 21
1738724554453 169.31239243595638 22
