1738726276582 169.12305977100823 0
1738726276586 169.12134004606187 1
1738726276589 169.11960451361293 2
1738726276592 169.11789018173454 3
1738726276595 169.11618202886314 4
1738726276598 169.11448044172062 5
1738726276601 169.11278538431444 6
1738726276605 169.11109683021613 7
1738726276608 169.10941475291168 8
1738726276611 169.10773912600493 9
1738726276614 169.10606992321266 10
1738726276617 169.1044071183641 11
1738726276620 169.10275068540082 12
1738726276623 169.1011005983757 13
1738726276626 169.09945683145298 14
1738726276629 169.09781935890732 15
1738726276632 169.09618815512354 16
1738726276635 169.09456319459616 17
1738726276638 169.09294445192882 18
1738726276641 169.09133190183374 19
1738726276644 169.0897255191315 20
