1738724556150 171.83231977311354 0
1738724556154 167.56926826005477 1
1738724556157 167.23802419034158 2
1738724556160 165.40959076620035 3
1738724556163 169.31048487991387 4
1738724556166 168.92024115942684 5
1738724556170 171.12825496764893 6
1738724556173 169.0900681425774 7
1738724556176 169.54688411267114 8
1738724556180 168.36396698510268 9
1738724556183 168.94621309157674 10
1738724556186 167.3872382772929 11
1738724556189 169.23765145162358 12
1738724556192 169.55191463130024 13
1738724556196 168.05605703448472 14
1738724556199 167.43274350951552 15
1738724556202 170.76994783614273 16
1738724556206 167.85799226749808 17
1738724556212 169.05130087474822 18
1738724556223 167.74270128308737 19
1738724556233 168.07875880888375 20
1738724556238 169.13763689877442 21
1738724556244 169.75932880154306 22
1738724556249 167.99271204790878 23
1738724556252 170.2279697738385 24
1738724556256 166.12545227198422 25
1738724556259 168.93089596334164 26
1738724556262 167.66015326310568 27
1738724556265 169.5608671647763 28
1738724556268 168.05184929525063 29
1738724556271 166.62892102143311 30
1738724556274 168.23978544681611 31
1738724556277 168.61218302903941 32
1738724556280 167.39373272877202 33
1738724556283 169.89047344516197 34
1738724556286 169.9985874927436 35
1738724556290 168.84532186948522 36
1738724556293 168.28206122738186 37
1738724556296 168.2954249194224 38
1738724556299 168.73301935200493 39
1738724556303 169.35861269160176 40
1738724556307 168.14981505913832 41
1738724556310 167.87275631365534 42
