1738722417010 158.70196135428108 0
1738722417044 169.849193592317 1
1738722417078 159.64496756746914 2
1738722417111 186.5181821060999 3
1738722417144 166.64184695227817 4
1738722417178 182.04717449872342 5
1738722417212 166.31134750933145 6
1738722417245 176.22906959633247 7
1738722417278 133.2074249639584 8
1738722417311 181.34951224240692 9
1738722417345 187.7015149314437 10
1738722417378 158.84029246044486 11
1738722417410 171.24947582388734 12
1738722417443 165.3180030809659 13
1738722417476 183.86457972071193 14
1738722417509 149.27712541739612 15
1738722417541 166.1355199813567 16
1738722417574 170.20512626126788 17
1738722417606 179.2719307257949 18
1738722417639 184.05559241877103 19
1738722417671 163.13224895737864 20
1738722417704 181.60757822004604 21
1738722417736 211.62587553891504 22
1738722417770 168.71865209094202 23
1738722417804 160.52538761810987 24
1738722417837 178.51720634967253 25
1738722417870 176.31733340789614 26
1738722417904 180.4156566372722 27
1738722417938 174.8417523070374 28
1738722417971 129.68652173283638 29
1738722418005 182.2941679368163 30
1738722418039 160.63440548132445 31
1738722418072 186.81996003173236 32
1738722418105 163.2817074511604 33
1738722418138 208.48791403398639 34
1738722418172 156.04633433278596 35
1738722418205 135.57829193862398 36
1738722418238 176.46664425107593 37
1738722418270 153.7252151720636 38
1738722418303 180.4823348723925 39
1738722418336 184.15957596227608 40
1738722418369 163.65549453518855 41
1738722418401 161.08666379697098 42
1738722418434 194.33094868896666 43
1738722418467 171.08634704270145 44
1738722418500 179.98411780498768 45
1738722418533 173.31907061419926 46
1738722418566 176.10171209627865 47
1738722418598 179.21310001508573 48
1738722418631 167.6587551710745 49
1738722418664 165.5338957629462 50
1738722418696 152.3858745701003 51
1738722418729 159.20599482818892 52
1738722418761 162.79997243179272 53
1738722418794 177.0224073700108 54
1738722418826 163.09923810496053 55
1738722418859 154.3316962689849 56
1738722418891 155.24020485829638 57
1738722418924 184.64202403788798 58
1738722418956 172.0513705417106 59
1738722418989 143.97480333593847 60
1738722419021 167.82470050211484 61
1738722419054 165.7883865662582 62
1738722419086 167.87837792599444 63
1738722419119 180.85111860554386 64
1738722419153 152.59892222229863 65
1738722419187 153.08732526349127 66
1738722419221 174.2084992069717 67
1738722419254 156.0126870903466 68
1738722419287 208.8267097069883 69
1738722419320 167.91800993945918 70
1738722419355 177.93221026081753 71
1738722419392 182.93755729455606 72
1738722419426 171.5888786412859 73
1738722419460 168.99284440992702 74
1738722419494 171.52803335575314 75
1738722419528 207.86925747534883 76
1738722419564 179.17757965072937 77
1738722419598 177.18629639220129 78
1738722419632 179.1025315014831 79
1738722419665 171.1132534745586 80
1738722419697 156.7073299918142 81
1738722419730 182.99605345441907 82
1738722419763 198.04630774925295 83
1738722419795 179.5935508851703 84
1738722419828 172.38502156005455 85
1738722419860 155.41235128005647 86
1738722419893 181.09151127123835 87
1738722419925 172.32061358695628 88
1738722419957 167.0043021595752 89
1738722419990 182.74767613790732 90
1738722420022 166.42036838202256 91
1738722420054 193.98768494460398 92
1738722420087 169.90478941466242 93
1738722420132 162.17601181460572 94
1738722420167 155.4164357430509 95
1738722420200 173.94831599200995 96
1738722420234 169.96988771880135 97
1738722420267 169.0211273658739 98
1738722420300 130.1138908820796 99
1738722420332 159.1686537725599 100
1738722420364 176.27671805471675 101
1738722420397 173.1998583873776 102
1738722420429 182.56583150010198 103
1738722420462 222.23233965692927 104
1738722420494 190.21948993261108 105
1738722420527 181.0831573881988 106
1738722420559 142.7920839507999 107
1738722420592 187.46091872612936 108
1738722420624 158.96938170125014 109
1738722420656 162.73843339397192 110
1738722420689 189.28390091437532 111
1738722420721 187.32878490883215 112
1738722420754 174.50768906628622 113
1738722420787 170.87238642743728 114
1738722420822 175.58138704327027 115
1738722420874 180.65043187353797 116
1738722420908 139.204033649328 117
1738722420941 176.95904289930925 118
1738722420974 164.53101932100049 119
1738722421007 189.44044633695867 120
1738722421040 159.6980262803433 121
1738722421072 114.53052443605542 122
1738722421105 184.225819068204 123
1738722421137 150.77695008341996 124
1738722421170 166.70889542624937 125
1738722421202 154.31036426635725 126
1738722421235 182.29846945235178 127
1738722421267 166.78942541296072 128
1738722421300 173.47759610038656 129
1738722421332 137.9886229984362 130
1738722421365 177.062952007447 131
1738722421397 176.22937724031715 132
1738722421430 171.3392339383415 133
1738722421462 164.59258542350213 134
1738722421495 163.64716125945532 135
1738722421527 199.8964548939576 136
1738722421560 187.19553998161646 137
1738722421592 197.50805331761396 138
1738722421624 182.70095553000627 139
1738722421656 179.89098201814608 140
1738722421689 158.40425074498145 141
1738722421721 188.32904435322078 142
1738722421753 176.86042517234844 143
1738722421785 158.9295803760098 144
1738722421820 170.58333426146046 145
1738722421852 170.52220581017184 146
1738722421884 165.92015989236873 147
1738722421917 164.62473140017164 148
1738722421949 213.40549527001605 149
1738722421981 166.63357275864524 150
1738722422013 142.51874130885315 151
1738722422045 154.78165232130326 152
1738722422078 156.3162174310228 153
1738722422110 156.1737917964613 154
1738722422142 164.5447704634441 155
1738722422174 172.67034822060614 156
1738722422207 176.7522246179366 157
1738722422239 187.65968124679424 158
1738722422271 160.06291107254995 159
1738722422303 158.9849978148719 160
1738722422335 173.66196471521198 161
1738722422367 172.04075750775945 162
1738722422399 171.53955118569806 163
1738722422431 159.03832227841247 164
1738722422463 170.8024431509961 165
1738722422495 165.02970575686808 166
1738722422528 170.10193850152922 167
1738722422560 150.80242879933974 168
1738722422592 144.27329004884461 169
1738722422624 146.65339392502904 170
1738722422656 177.4177048295844 171
1738722422688 136.16910385924712 172
1738722422720 184.22058789076917 173
1738722422752 171.2351199098051 174
1738722422784 167.81385359410257 175
1738722422816 161.0553648654409 176
1738722422848 168.82405165564637 177
1738722422880 162.91958008357577 178
1738722422913 176.23130594820458 179
1738722422945 192.52394446848535 180
1738722422977 143.7633107348733 181
1738722423009 172.28961562000825 182
1738722423041 165.58064490446225 183
1738722423073 156.69774556769292 184
1738722423105 165.76133127198986 185
1738722423137 185.32375022976208 186
1738722423169 169.68163208543126 187
1738722423201 160.72357154494358 188
1738722423233 188.8932464628183 189
1738722423265 160.78040070223614 190
1738722423297 153.12035198626575 191
1738722423329 212.12215895472994 192
1738722423361 172.2218201862805 193
1738722423393 147.9716203779153 194
1738722423425 164.0479667433402 195
1738722423457 164.34087924633874 196
1738722423490 191.71677719386778 197
1738722423522 185.7336817309454 198
1738722423554 184.2752648304075 199
1738722423586 158.4315575006349 200
1738722423618 171.67888837982355 201
1738722423650 139.85223456951414 202
1738722423682 175.5371510483901 203
1738722423714 171.93018750804873 204
1738722423747 179.7273382948646 205
1738722423779 188.07767414373046 206
1738722423811 186.5530456906713 207
1738722423843 166.79313409390417 208
1738722423875 164.54063362114385 209
1738722423907 169.46101220555533 210
1738722423938 184.32581313044093 211
1738722423971 173.13483104549263 212
1738722424002 162.87582636520096 213
1738722424034 193.0765129159934 214
1738722424066 161.53935300878854 215
1738722424098 150.02489365205685 216
1738722424130 141.20154315323754 217
1738722424162 147.65516625528377 218
1738722424194 191.7954529524335 219
1738722424226 182.66585728255643 220
1738722424258 146.49343479795957 221
1738722424289 183.4363333279849 222
1738722424321 138.25785796704167 223
1738722424354 176.33028456785703 224
1738722424385 181.24765360629277 225
1738722424417 181.5745698391967 226
1738722424449 142.74320538853055 227
1738722424481 147.4217210083893 228
1738722424513 147.63896528432784 229
1738722424545 182.17138586736996 230
1738722424576 170.31164849924934 231
1738722424609 175.02172324747232 232
1738722424640 181.45412425348724 233
1738722424672 169.3332638672784 234
1738722424704 171.23978812973584 235
1738722424736 156.11163367948885 236
1738722424768 161.20175627175698 237
1738722424800 191.4906990236419 238
1738722424832 175.29383448460254 239
1738722424864 188.84645360561927 240
1738722424896 177.71072699874475 241
1738722424928 168.80831118077757 242
1738722424960 141.47828637343815 243
1738722424992 152.7431154409899 244
1738722425024 171.9766798731317 245
1738722425056 177.4329168469301 246
1738722425088 213.5472417669958 247
1738722425120 180.24841749744775 248
1738722425152 189.1282496858813 249
1738722425184 162.33248006185516 250
1738722425216 173.17003751317384 251
1738722425248 180.80793773656112 252
1738722425280 162.52250355836355 253
1738722425312 151.54689456149256 254
1738722425344 188.90889046011742 255
1738722425376 158.5190083742328 256
1738722425408 185.89272942805005 257
1738722425440 158.33849989372993 258
1738722425472 135.92924953348128 259
1738722425504 137.77325446217844 260
1738722425536 182.25389536582367 261
1738722425569 192.47072856914147 262
1738722425601 184.72504668733288 263
1738722425633 169.22574924872532 264
1738722425665 177.61736208264486 265
1738722425697 166.1816296260374 266
1738722425729 145.41927125415975 267
1738722425761 177.0332720968896 268
1738722425793 172.90681728038993 269
1738722425825 170.25096986572558 270
1738722425856 192.06497849550613 271
1738722425888 163.42094478178535 272
1738722425920 181.0598197612368 273
1738722425952 186.34153235011493 274
1738722425984 173.30686894333678 275
1738722426016 172.09341023560643 276
1738722426047 161.12854150734847 277
1738722426079 168.6025948127515 278
1738722426111 183.13987182130978 279
1738722426143 159.86438952725186 280
1738722426175 182.8406158014473 281
1738722426207 183.68037984726018 282
1738722426239 161.92115007259275 283
1738722426270 175.3160034016941 284
1738722426302 163.10615888440398 285
1738722426334 216.57018555544758 286
1738722426366 151.35407086802894 287
1738722426398 183.37091356752634 288
1738722426430 186.3242925973015 289
1738722426462 165.7638027841506 290
1738722426495 184.0771386549154 291
1738722426527 151.38582820398696 292
1738722426560 162.51400886031632 293
1738722426592 188.02933331216582 294
1738722426625 187.38221464013776 295
1738722426657 166.79239052568687 296
1738722426689 188.45355713470883 297
1738722426722 239.7600238415476 298
1738722426754 156.2411379751092 299
1738722426786 168.1308757819249 300
1738722426818 174.26510675915588 301
1738722426850 193.13384967367568 302
1738722426882 175.53518953980716 303
1738722426915 118.29606609997626 304
1738722426947 172.2739128625147 305
1738722426979 120.99335257892966 306
1738722427011 170.834504454187 307
1738722427043 156.10905104331425 308
1738722427076 158.52850780671955 309
1738722427108 173.298385410269 310
1738722427140 148.74522941193845 311
1738722427172 169.98425022553425 312
1738722427204 170.01130970479664 313
1738722427236 183.68435481577464 314
1738722427268 164.2720334791227 315
1738722427300 153.49066804051932 316
1738722427332 181.83168143076978 317
1738722427364 184.5340696352472 318
1738722427396 123.78995406818102 319
1738722427428 163.06494473509017 320
1738722427460 157.3344076226607 321
1738722427492 176.49913947187653 322
1738722427524 167.24670509422626 323
1738722427556 163.78538521129516 324
1738722427589 150.42954229405376 325
1738722427621 160.74535656361817 326
1738722427653 180.59913092262374 327
1738722427685 157.18793897296737 328
1738722427717 160.61296980997372 329
1738722427749 182.518403401085 330
1738722427781 167.79596979262135 331
1738722427813 149.67377459279874 332
1738722427845 165.7144876091517 333
1738722427877 168.68339789104706 334
1738722427909 157.0573560236268 335
1738722427941 150.0507047189043 336
1738722427973 158.75763002075703 337
1738722428005 171.74578295311662 338
1738722428037 174.15538978750627 339
1738722428069 154.2381930130779 340
1738722428101 187.52853397580085 341
1738722428133 184.66025659267828 342
1738722428165 172.4347336054953 343
1738722428197 191.90109871312927 344
1738722428229 182.59710020834044 345
1738722428261 167.75052991099273 346
1738722428293 177.5196827146246 347
1738722428325 190.29332592531713 348
1738722428357 190.00151253592233 349
1738722428389 154.7537880005866 350
1738722428421 181.93264168211138 351
1738722428453 171.3242897561148 352
1738722428485 187.85646230681118 353
1738722428517 165.40609959262542 354
1738722428549 150.59172685607757 355
1738722428580 169.3431749263602 356
1738722428612 150.7004798083965 357
1738722428644 147.63058030078315 358
1738722428676 135.1329087246972 359
1738722428708 140.58328495337327 360
1738722428740 144.82609838002605 361
1738722428772 135.13483009210586 362
1738722428804 152.58384735644654 363
1738722428836 146.27351753401354 364
1738722428868 153.1981120287385 365
1738722428900 167.23235804450906 366
1738722428932 184.11506343029893 367
1738722428963 175.2159794157746 368
1738722428995 161.60415388406892 369
1738722429027 167.6379620083256 370
1738722429059 213.10975532636283 371
1738722429091 166.76998827854976 372
1738722429123 168.33749427216134 373
1738722429155 164.88710276857373 374
1738722429187 163.58107649371706 375
1738722429219 170.59503525077113 376
1738722429251 188.4166001751137 377
1738722429283 159.48077531957554 378
1738722429314 197.4003269096755 379
1738722429349 207.66897260865042 380
1738722429381 181.65793467933057 381
1738722429413 186.30059406440213 382
1738722429444 186.31199838121324 383
1738722429476 138.2003902836063 384
1738722429508 258.3612143285785 385
1738722429540 182.6552767576264 386
1738722429572 174.89708523686284 387
1738722429604 179.0396581930799 388
1738722429636 173.60192867791156 389
1738722429668 160.05191442916689 390
1738722429700 185.23206751230484 391
1738722429732 172.57436253476592 392
1738722429764 173.95884190276482 393
1738722429795 192.79383248952956 394
1738722429828 173.29332141122018 395
1738722429860 175.45161743387297 396
1738722429892 173.81277499290292 397
1738722429924 163.52652037418633 398
1738722429956 160.41686974189346 399
1738722429988 168.93130733292196 400
1738722430020 173.02224426167024 401
1738722430051 169.16467029876364 402
1738722430083 174.47361046848246 403
1738722430115 164.9832053733389 404
1738722430147 174.9968660736183 405
1738722430179 167.4786631737295 406
1738722430211 179.3148537472694 407
1738722430242 135.78355342832398 408
1738722430274 178.1286515848683 409
1738722430306 146.33032019626282 410
1738722430338 163.47913167099316 411
1738722430370 197.4232768102844 412
1738722430402 208.764616849625 413
1738722430433 167.00321407522034 414
1738722430465 180.91887741823174 415
1738722430497 176.0321444590113 416
1738722430529 173.86931488933757 417
1738722430560 141.0281221182024 418
1738722430592 150.42245036120147 419
1738722430624 135.04515971356975 420
1738722430656 161.13032130672116 421
1738722430688 160.70646514057935 422
1738722430719 166.18920302847545 423
1738722430751 158.69883274747534 424
1738722430783 169.53663145815523 425
1738722430815 142.15534357359348 426
1738722430846 176.94322817830067 427
1738722430878 164.72717820736202 428
1738722430910 153.3132383622069 429
1738722430942 150.1095010146033 430
1738722430973 147.11638366348473 431
1738722431005 183.71765613325024 432
1738722431037 153.14933787741572 433
1738722431068 167.02019438849243 434
1738722431100 165.64595686621715 435
1738722431132 145.09290934176866 436
1738722431164 163.91012587372188 437
1738722431196 143.93015858231306 438
1738722431227 158.2355898930395 439
1738722431259 175.93876720728184 440
1738722431291 157.21111550511685 441
1738722431326 171.5974498470239 442
1738722431359 180.84612854703266 443
1738722431393 122.22307571733818 444
1738722431428 173.5823524179862 445
1738722431461 148.44328037875155 446
1738722431493 161.76008140298623 447
1738722431526 186.11678824198697 448
1738722431558 191.0391748478854 449
1738722431591 180.07836832996182 450
1738722431624 172.2113007097919 451
1738722431656 163.93275940340453 452
1738722431689 190.83188893713626 453
1738722431722 185.631163776227 454
1738722431754 164.9189847353087 455
1738722431786 161.6025431519855 456
1738722431819 178.50212131179669 457
1738722431851 186.43587510417493 458
1738722431883 160.95394796860614 459
1738722431915 161.75765206567016 460
1738722431947 158.7610549579923 461
1738722431979 182.29711326575216 462
1738722432012 159.07813170762753 463
1738722432044 176.8993113860256 464
1738722432076 161.73774064609205 465
1738722432108 173.1033313836998 466
1738722432140 162.0919510618324 467
1738722432172 137.97424231376016 468
1738722432204 201.30103819949227 469
1738722432236 195.20432591166107 470
1738722432269 178.98123452844544 471
1738722432301 161.0235782047604 472
1738722432333 144.25943239894912 473
1738722432365 156.71693965917464 474
1738722432397 196.69321419969467 475
1738722432429 135.45041700607115 476
1738722432461 189.98862086695274 477
1738722432493 193.91121531734905 478
1738722432525 160.3377915141981 479
1738722432557 164.84629367621247 480
1738722432589 148.95629875103023 481
1738722432621 173.55962520724583 482
1738722432653 177.77546610513815 483
1738722432685 161.08933944596112 484
1738722432718 159.45330317503013 485
1738722432750 160.89186014652194 486
1738722432782 166.62025693876322 487
1738722432814 182.4623196567442 488
1738722432846 168.77945041264903 489
1738722432878 176.17886410196505 490
1738722432910 140.9750077590896 491
1738722432942 178.40625197503823 492
1738722432974 175.93641278075023 493
1738722433006 163.27946793196594 494
1738722433038 165.0233747128802 495
1738722433069 173.69703327726663 496
1738722433101 160.72934711656893 497
1738722433133 144.9427489185431 498
1738722433165 171.6571184665452 499
