1738724531812 179.34682014367095 0
1738724531850 177.81580487716823 1
1738724531888 145.8752769438647 2
1738724531925 182.03219251852516 3
1738724531961 171.4956689677418 4
1738724531998 156.43147977926242 5
1738724532036 189.64087761991257 6
1738724532073 170.60771008463698 7
1738724532110 186.42155278678737 8
1738724532146 158.97721592523973 9
1738724532184 171.8490379638912 10
1738724532220 162.82058633497778 11
1738724532256 167.0464782741066 12
1738724532292 179.13037341180276 13
1738724532329 178.14620865913884 14
1738724532366 177.8208255193223 15
1738724532404 169.7529406885827 16
1738724532442 169.80921115230635 17
1738724532479 168.5286601528293 18
1738724532517 163.89933155051935 19
1738724532554 165.18450384433334 20
1738724532592 176.30716404299903 21
1738724532630 166.0855978464012 22
1738724532667 177.71476174456797 23
1738724532705 171.73328160396883 24
1738724532742 168.30941092659782 25
1738724532780 178.8670681246975 26
1738724532817 177.9100941099026 27
1738724532854 176.83167664765594 28
