1738724005901 177.66932962165293 0
1738724005939 172.98687875486934 1
1738724005976 173.4709446541692 2
1738724006013 157.30864260001292 3
1738724006050 163.54200312389202 4
1738724006087 182.3985595717886 5
1738724006124 159.48267108613328 6
1738724006161 172.01625609680954 7
1738724006198 180.54831820011526 8
1738724006234 150.73761053618614 9
1738724006271 155.91101057194666 10
1738724006307 166.01282945806938 11
1738724006344 179.6450384864082 12
1738724006380 173.85030905685431 13
1738724006417 169.95594825701352 14
1738724006454 167.69538036962715 15
1738724006490 151.47007605857286 16
1738724006527 164.70761703057758 17
1738724006563 159.09808621680318 18
1738724006599 165.82553703417284 19
1738724006636 160.61578872561216 20
1738724006672 166.88897697644344 21
1738724006709 168.79605742242524 22
1738724006745 176.21616316358575 23
