1738724146863 171.02101729755628 0
1738724146866 171.09639735699574 1
1738724146868 169.6937625358547 2
1738724146871 168.51757307387803 3
1738724146874 169.8190030840583 4
1738724146877 169.68330219824668 5
1738724146879 170.29632450603378 6
1738724146882 170.0577432470617 7
1738724146885 169.84180954358973 8
1738724146888 168.36138408264725 9
1738724146890 168.8673960722007 10
1738724146893 168.86835018655765 11
1738724146896 169.31775975557773 12
1738724146899 170.341602001082 13
1738724146902 168.32868946351493 14
1738724146904 168.90025020003824 15
1738724146907 169.36731634389415 16
1738724146910 168.27717023883366 17
1738724146913 166.97336588418904 18
1738724146916 169.6970856454079 19
1738724146919 166.7495356866536 20
1738724146922 167.91853494720633 21
1738724146925 168.7974085540204 22
1738724146928 167.88743787012376 23
1738724146930 167.88236370327198 24
1738724146933 169.24108013309467 25
1738724146936 167.9100233527718 26
1738724146938 169.55740276969158 27
1738724146941 165.00065207511273 28
1738724146944 170.0923722451304 29
1738724146947 169.44652352470382 30
1738724146949 169.92148970339406 31
1738724146952 169.15369926940457 32
1738724146955 170.7859340266178 33
1738724146957 169.73479428492328 34
1738724146960 169.8249231073236 35
1738724146963 168.98094556069088 36
1738724146966 168.6290472535402 37
1738724146968 170.68868116020673 38
1738724146971 169.92104403554285 39
1738724146974 168.4813139043865 40
1738724146976 168.97092825393233 41
1738724146979 169.11236996182404 42
1738724146982 168.81508242055318 43
1738724146985 167.69827796267415 44
1738724146987 168.8970649036475 45
1738724146990 169.95525754275948 46
1738724146993 169.47555625456778 47
1738724146996 169.7219973818363 48
1738724146998 166.1749951297597 49
1738724147001 172.09835272758835 50
1738724147004 168.66124630539983 51
1738724147007 167.7811370909414 52
1738724147009 169.78701182458005 53
1738724147012 169.9003253926849 54
1738724147015 168.30963973609283 55
1738724147018 168.8882457088521 56
1738724147020 169.20460763629842 57
1738724147023 169.3709113914833 58
1738724147026 167.5506889863288 59
1738724147029 169.5890055303701 60
1738724147031 169.88736837439697 61
