1738724001371 168.62981962170792 0
1738724001374 167.35008560707647 1
1738724001376 171.83576708782923 2
1738724001379 171.50232646845797 3
1738724001381 168.3631328679195 4
1738724001384 168.61658930544345 5
1738724001386 169.47305610516256 6
1738724001389 170.10714508552746 7
1738724001391 169.45004384686956 8
1738724001394 167.2696438572479 9
1738724001396 169.85494575725824 10
1738724001399 169.1098448931918 11
1738724001401 170.67639494355043 12
1738724001404 168.1331134815122 13
1738724001406 170.33396704902484 14
1738724001409 164.3145195431992 15
1738724001412 169.83232410076613 16
1738724001414 166.23102462297746 17
1738724001417 167.15554627320205 18
