1738722233316 151.6867609541381 0
1738722233354 177.69005823289243 1
1738722233393 179.33702006057533 2
1738722233431 132.09924003368263 3
1738722233469 143.7732495210004 4
1738722233508 172.46772629783396 5
1738722233551 175.74335834941309 6
1738722233588 190.05903150021177 7
1738722233625 179.4519415327886 8
1738722233663 176.60031712941625 9
1738722233700 177.68179020028495 10
1738722233737 152.938824620161 11
1738722233774 161.6050958538614 12
1738722233811 169.17269584676058 13
1738722233848 151.14264064169063 14
1738722233885 154.6697789766113 15
1738722233922 166.5224110628605 16
1738722233958 153.70248816111686 17
1738722233996 183.5492430582296 18
1738722234034 143.35478914209904 19
1738722234072 189.22851038990032 20
1738722234110 183.78469514126328 21
1738722234148 208.38170672172072 22
1738722234186 127.12445682824709 23
1738722234223 160.83487365831007 24
1738722234260 168.51818383110813 25
1738722234297 179.6228181583851 26
1738722234334 164.2439848585379 27
1738722234371 186.85255111289442 28
1738722234408 164.17240796885463 29
1738722234445 193.3598173747023 30
1738722234481 193.87107075308563 31
1738722234517 171.76077931587764 32
1738722234555 204.35332794096672 33
1738722234592 193.24784372542175 34
1738722234629 174.17536298291014 35
1738722234666 187.52248885461535 36
1738722234702 166.2362519653128 37
1738722234739 176.73582811162032 38
1738722234776 171.14670913926975 39
1738722234812 173.3424053932967 40
1738722234849 169.01515662383505 41
1738722234885 133.72021974549617 42
1738722234921 139.78070203805646 43
1738722234958 150.9991945096847 44
1738722234994 140.6666015075846 45
1738722235031 155.0452540664752 46
1738722235068 162.12271010831677 47
1738722235104 165.792777998627 48
1738722235140 180.07497172137082 49
1738722235177 188.6696052678858 50
1738722235213 171.54352709386328 51
1738722235249 169.08673932133325 52
1738722235286 168.7663543527971 53
1738722235322 194.6504695602434 54
1738722235358 174.49584515254196 55
1738722235394 183.79177627124662 56
1738722235430 169.9923555397311 57
1738722235466 141.23040247652062 58
1738722235502 177.54204598022181 59
1738722235538 179.0899697443366 60
1738722235574 168.8006130908937 61
1738722235610 190.92662726939088 62
1738722235646 181.9615713462016 63
1738722235682 166.6104551874596 64
1738722235719 143.78420974565708 65
1738722235756 169.37431836755832 66
1738722235792 173.29826976907484 67
1738722235828 177.11117389668064 68
1738722235864 186.03979822014747 69
1738722235901 165.99612352422054 70
1738722235937 145.8927274869002 71
1738722235973 168.99314519407065 72
1738722236009 167.3774216807983 73
1738722236045 157.37242440272956 74
1738722236081 177.30646501413577 75
1738722236117 158.93999394860128 76
1738722236153 172.9347128431133 77
1738722236189 175.9963076818556 78
1738722236225 175.3370065430751 79
1738722236261 141.3289725287724 80
1738722236298 166.64193182568994 81
1738722236335 160.92266501553786 82
1738722236372 150.0394760173513 83
1738722236408 158.34932034381706 84
1738722236444 139.0575905026492 85
1738722236481 160.7444482445399 86
1738722236517 180.30245643220854 87
1738722236553 166.76209941359804 88
1738722236589 171.06953107804208 89
1738722236626 177.19420815981638 90
1738722236662 168.31325452154056 91
1738722236698 166.73021827176487 92
1738722236734 171.41489103101424 93
1738722236770 146.4917813842806 94
1738722236807 190.8420918425021 95
1738722236843 164.07176360652167 96
1738722236879 183.6753478202097 97
1738722236915 160.43105116865965 98
1738722236951 166.46260561062653 99
1738722236987 179.90722994974024 100
1738722237023 152.62924351325742 101
1738722237059 173.4970644918078 102
1738722237096 279.6647212244947 103
1738722237133 201.50960286777305 104
1738722237171 177.99452243626942 105
1738722237209 171.23503723228558 106
1738722237247 180.6674910488337 107
1738722237285 149.23336078523695 108
1738722237324 178.1990950324165 109
1738722237362 191.87004804685984 110
1738722237400 169.93389822119073 111
1738722237438 177.27603964066392 112
1738722237476 162.96993022539982 113
1738722237514 175.0370225828145 114
1738722237552 122.09733263913907 115
1738722237590 185.82122276659214 116
1738722237627 178.79673351392833 117
1738722237664 168.20923365620604 118
1738722237701 167.4923279756237 119
1738722237738 175.18943032528733 120
1738722237776 152.08838823595366 121
1738722237814 179.79892930306863 122
1738722237852 155.9134661097568 123
1738722237890 158.23942694874273 124
1738722237926 166.02828849570687 125
1738722237963 174.50227669077597 126
1738722237999 164.97138306430995 127
1738722238035 189.5351275758782 128
1738722238071 174.89319065301643 129
1738722238108 178.74269005393117 130
1738722238145 196.5226554877866 131
1738722238183 191.66746560165276 132
1738722238221 155.7375458291835 133
1738722238259 152.81537018508277 134
1738722238297 154.7125655012882 135
1738722238336 172.0575698029176 136
1738722238393 145.8121393793675 137
1738722238436 172.3069468420124 138
1738722238473 190.07717690523836 139
1738722238510 181.45037874586632 140
1738722238547 168.3611450580501 141
1738722238585 180.201494915538 142
1738722238623 160.80021559281585 143
1738722238661 147.09873262154733 144
1738722238699 158.04604746801303 145
1738722238738 154.38624756269888 146
1738722238776 154.9114094914438 147
1738722238814 181.08246339659297 148
1738722238852 168.49650868102265 149
1738722238889 182.37459639777842 150
1738722238927 150.12223724891135 151
1738722238965 152.5804231173872 152
1738722239003 148.1482328635723 153
1738722239041 149.58105291649255 154
1738722239079 187.66405288597787 155
1738722239117 186.78917720873284 156
1738722239155 187.0382726895496 157
1738722239192 160.4738639848288 158
1738722239229 170.58937486177285 159
1738722239267 171.8386893386652 160
1738722239304 191.78403633049035 161
1738722239342 166.02043141629153 162
1738722239379 175.48993038184543 163
1738722239417 182.67869888932069 164
1738722239454 199.59972770650808 165
1738722239491 174.9505713248828 166
1738722239529 169.78917434521367 167
1738722239566 195.90680774374837 168
1738722239605 162.20879008783336 169
1738722239643 161.99821463848218 170
1738722239681 161.807353022436 171
1738722239719 190.45451375958135 172
1738722239757 175.01186351876643 173
1738722239796 151.3412544486902 174
1738722239834 178.7006088456498 175
1738722239872 162.37574571590986 176
1738722239910 180.29042134007886 177
1738722239948 158.2802983143388 178
1738722239986 149.02485070890617 179
1738722240024 171.89599068351072 180
1738722240062 128.39105475452155 181
1738722240100 162.07289753707278 182
1738722240138 212.54018494039852 183
1738722240175 181.676307534916 184
1738722240213 164.21211861870609 185
1738722240250 149.1313886454422 186
1738722240287 157.27768454581536 187
1738722240323 189.48069893909675 188
1738722240360 158.01409947563315 189
1738722240396 210.8513251140352 190
1738722240433 187.29063687228538 191
1738722240469 192.65533858855378 192
1738722240506 153.62318266302373 193
1738722240542 160.70320506239014 194
1738722240578 172.60554223905766 195
1738722240614 142.51430033956552 196
1738722240650 190.96460109357386 197
1738722240687 199.32860517586607 198
1738722240723 193.07520901299236 199
1738722240759 151.40001979332655 200
1738722240795 178.6376966679189 201
1738722240831 179.45162727039755 202
1738722240867 166.3936601712847 203
1738722240903 266.4854653555316 204
1738722240939 159.5355563949686 205
1738722240975 192.92571260607414 206
1738722241011 174.25371541074637 207
1738722241047 157.0152542748577 208
1738722241084 169.41723837877117 209
1738722241121 115.88818540305031 210
1738722241159 208.11496692892237 211
1738722241195 162.2938553212759 212
1738722241232 199.9105435589673 213
1738722241268 175.24750174770148 214
1738722241305 172.48117069577802 215
1738722241341 166.1275280092964 216
1738722241379 151.27355767771277 217
1738722241417 145.7596964962876 218
1738722241455 172.42411035695318 219
1738722241493 168.8531467818125 220
1738722241531 181.17011955557984 221
1738722241570 166.06366222620153 222
1738722241638 175.1047044806418 223
1738722241676 138.92953575463056 224
1738722241714 176.10874234235362 225
1738722241752 173.59674270874663 226
1738722241791 179.64918858133188 227
1738722241830 175.54687611130316 228
1738722241868 189.19308336241411 229
1738722241906 161.23589663157088 230
1738722241945 200.63833737419847 231
1738722241982 190.92993452759114 232
1738722242020 165.16029395245 233
1738722242059 147.41837083868023 234
1738722242097 189.18440791845143 235
1738722242135 181.1572637122484 236
1738722242173 174.32738558398435 237
1738722242212 167.1269526463549 238
1738722242250 147.83088755714854 239
1738722242289 157.13179362833264 240
1738722242328 136.85402713690405 241
1738722242365 190.10069969954657 242
1738722242404 153.37851836794215 243
1738722242442 142.13533604904725 244
1738722242480 178.7226815668705 245
1738722242517 169.7096086983803 246
1738722242553 160.64976014298 247
1738722242590 172.34951496076334 248
1738722242629 175.94530910749666 249
1738722242667 142.78070182849467 250
1738722242705 212.88853152605455 251
1738722242743 158.71854050988495 252
1738722242781 136.43564713357173 253
1738722242818 180.55001985957477 254
1738722242856 182.54788593232516 255
1738722242894 123.32385073344331 256
1738722242932 190.70160418588932 257
1738722242971 134.85713742921132 258
1738722243009 136.55880608696464 259
1738722243048 168.48263388321118 260
1738722243086 179.4561065152578 261
1738722243125 149.19210715612948 262
1738722243164 161.80097231008503 263
1738722243203 139.95253221179016 264
1738722243242 184.99187132542755 265
1738722243306 157.6087476292818 266
1738722243345 139.58579312592843 267
1738722243384 157.71015367051822 268
1738722243423 166.61109639691546 269
1738722243462 153.842492955746 270
1738722243499 184.5310855301892 271
1738722243537 164.5880335356918 272
1738722243574 187.51537333696987 273
1738722243611 175.33797160481916 274
