1738726320622 184.07639788010385 0
1738726320660 137.9167045145192 1
1738726320698 168.42186466736763 2
1738726320736 182.94700601807517 3
1738726320775 180.44497617365354 4
1738726320813 152.4117383475846 5
1738726320850 162.40509480637107 6
1738726320888 186.22899106793935 7
1738726320925 174.38002505767315 8
1738726320963 154.65103460341595 9
1738726321000 147.71522919746883 10
1738726321037 170.33031478101412 11
1738726321074 177.98072366238068 12
1738726321112 162.7927951910503 13
1738726321149 170.74170194601686 14
1738726321186 214.44097413046606 15
1738726321223 178.99952719660968 16
1738726321260 169.05029639207342 17
1738726321298 161.5419449532518 18
1738726321336 138.58939407496706 19
1738726321376 146.75283234002288 20
1738726321414 169.77562668980164 21
1738726321452 152.96342384187344 22
1738726321490 158.98250806615687 23
1738726321527 157.69504302784824 24
1738726321565 174.83670643104975 25
1738726321603 171.2600919827732 26
1738726321641 181.34386452637912 27
1738726321678 141.24052543577696 28
1738726321716 181.86284845954805 29
1738726321754 159.43707827297774 30
1738726321792 167.45377520480892 31
1738726321830 172.96623690070635 32
1738726321868 157.0549053117655 33
1738726321906 199.08137091310368 34
1738726321943 176.1342784365801 35
1738726321981 159.10973036600856 36
1738726322018 173.56551553969513 37
1738726322056 157.0273687948402 38
1738726322093 164.66136553431397 39
1738726322131 173.03655189230474 40
1738726322169 183.0542243008945 41
1738726322206 167.18148413189334 42
1738726322244 145.8505153205037 43
1738726322282 148.60028346217535 44
1738726322319 184.63606143559144 45
1738726322358 161.31882098484462 46
1738726322396 157.4337427137409 47
1738726322435 143.81464170645123 48
1738726322473 161.2898484215692 49
1738726322511 192.92583623896493 50
1738726322550 178.2450827228829 51
1738726322588 175.98948522588958 52
1738726322627 194.29072094751766 53
1738726322666 188.00763831659233 54
1738726322705 183.7293837618715 55
1738726322743 180.72136692850367 56
1738726322781 126.20358073091974 57
1738726322819 186.20272763934247 58
1738726322857 180.05843232215798 59
1738726322895 166.80049600901515 60
1738726322933 158.7598045747024 61
1738726322971 84.97774923831822 62
1738726323009 223.31326291114112 63
1738726323048 191.61241118902035 64
1738726323086 164.32857418550333 65
1738726323126 181.31921542232578 66
1738726323165 160.01458878326534 67
1738726323204 184.65310117370845 68
1738726323242 175.76655912619765 69
1738726323280 175.46673438001145 70
1738726323318 155.87873591222723 71
1738726323357 209.07852226313548 72
1738726323397 162.26227827236062 73
1738726323436 156.0188173856353 74
1738726323475 189.09051485163474 75
1738726323513 142.73028454846545 76
1738726323551 159.0680371882338 77
1738726323589 177.01180529905082 78
1738726323627 149.96895840683203 79
1738726323664 153.2778602895439 80
1738726323704 187.225646022515 81
1738726323743 176.7325235192936 82
1738726323783 246.17000989964583 83
1738726323822 174.22074526356354 84
1738726323861 133.99661668759146 85
1738726323900 177.58943847549915 86
1738726323939 185.2426255863712 87
1738726323978 134.23742462318626 88
1738726324017 171.37607339685286 89
1738726324055 181.0553686798837 90
1738726324093 174.77199799687406 91
1738726324131 175.5322909447362 92
1738726324170 186.80135452289443 93
1738726324208 176.6505497567464 94
1738726324245 169.54916711077442 95
1738726324283 188.2322797064336 96
1738726324321 141.1014710086541 97
1738726324359 154.63439323413965 98
1738726324397 178.5908466292305 99
1738726324435 168.73892693927624 100
1738726324475 188.6439559183817 101
1738726324513 158.79916637206787 102
1738726324551 177.42248280881293 103
1738726324589 159.1682863943078 104
1738726324626 141.26570290666214 105
1738726324664 149.2273481728074 106
1738726324701 171.10670773226096 107
1738726324738 176.2953045107207 108
1738726324776 155.12183113152608 109
1738726324813 169.5182601447903 110
1738726324850 177.66373302239023 111
1738726324887 193.46369412683467 112
1738726324925 149.1446730054602 113
1738726324963 206.41460393038793 114
1738726325001 167.3717336530229 115
1738726325040 174.71684985036353 116
1738726325078 149.40158229232225 117
1738726325116 226.52471566484712 118
1738726325154 160.1062228255127 119
1738726325192 179.92155825754656 120
1738726325230 153.81065835042952 121
1738726325269 179.2342176452675 122
1738726325307 204.29840752930014 123
1738726325345 171.39292341480703 124
1738726325383 182.84619850883504 125
1738726325420 167.545123072759 126
1738726325458 162.31127266907058 127
1738726325496 180.4025962150991 128
1738726325533 157.73349927680397 129
1738726325571 234.10336108923718 130
1738726325609 158.58962001354342 131
1738726325646 107.62369882914825 132
1738726325684 179.92474383703924 133
1738726325723 176.35192270265512 134
1738726325761 151.58113812471123 135
1738726325799 184.98272407088078 136
1738726325837 154.61738070557246 137
1738726325875 157.5912273191635 138
1738726325913 165.997655527999 139
1738726325950 195.38138733532077 140
1738726325988 152.8449585865314 141
1738726326027 164.254833098926 142
1738726326065 136.89041806227107 143
1738726326102 165.97646133949794 144
1738726326140 143.96634779611176 145
1738726326178 165.28980480653266 146
1738726326216 164.89680043187644 147
1738726326254 144.81538165132815 148
1738726326291 161.5545501858981 149
1738726326330 113.58927659975082 150
1738726326368 159.78416701284354 151
1738726326406 144.357180509688 152
1738726326446 159.11625058601143 153
1738726326486 157.15327679645776 154
1738726326526 114.5004348848217 155
1738726326567 170.98234903908156 156
1738726326606 194.30537524644353 157
1738726326687 181.7588111863873 158
1738726326737 173.15211833216006 159
1738726326775 163.6634978382529 160
1738726326813 142.99884256791776 161
1738726326851 139.3051885320848 162
1738726326890 165.76892063413706 163
1738726326929 182.38974700001611 164
1738726326967 170.48867770501317 165
1738726327005 160.01925816095684 166
1738726327043 145.6313849686825 167
1738726327081 144.84742123225675 168
1738726327119 160.60402924984595 169
1738726327156 157.46233315673996 170
1738726327194 176.43675747027183 171
1738726327231 159.13595984924098 172
1738726327269 171.62321933135615 173
1738726327307 156.3185334687703 174
1738726327362 185.71772742982122 175
1738726327436 175.21398111485934 176
1738726327474 193.26492730731047 177
1738726327512 175.47697609099285 178
1738726327550 167.84484335428448 179
1738726327588 187.99238272392876 180
1738726327625 192.3092693297893 181
1738726327663 184.39342952058772 182
1738726327700 175.2620664175953 183
1738726327737 172.58088157541013 184
1738726327775 160.23580983049305 185
1738726327812 192.54963094808284 186
1738726327850 185.1969205658414 187
1738726327887 174.83155756568652 188
1738726327924 198.28460188252558 189
1738726327961 163.05894298483562 190
1738726327998 163.19940496972126 191
1738726328035 125.65426970960654 192
1738726328073 178.49258109381802 193
1738726328110 187.56259214216783 194
1738726328147 184.47024369754897 195
1738726328184 165.5719052845598 196
1738726328221 158.1881627766757 197
1738726328258 194.96195175714823 198
1738726328295 182.0421799345512 199
1738726328332 164.05027503402823 200
1738726328371 145.29716635792857 201
1738726328409 180.44874061662588 202
1738726328446 178.7231558192929 203
1738726328484 165.0869033829436 204
1738726328521 172.81424163126272 205
1738726328558 181.01357958819253 206
1738726328596 157.63872442029196 207
1738726328634 178.41977793829733 208
1738726328671 163.37891223641668 209
1738726328708 176.34536989034325 210
1738726328747 175.5464953486252 211
1738726328785 225.00816955564508 212
1738726328823 187.32104785062882 213
1738726328860 159.42296017994855 214
1738726328898 151.0350258609925 215
1738726328936 136.09179720775893 216
1738726328973 149.79453582929997 217
1738726329011 182.30127246698686 218
1738726329049 168.943308412067 219
1738726329086 177.64589535699938 220
1738726329124 162.90255994559763 221
1738726329162 175.0432545349494 222
1738726329199 187.77411718145802 223
1738726329237 170.53435083614082 224
1738726329275 184.23347802309115 225
1738726329312 163.5094300134071 226
1738726329350 150.86069155400108 227
1738726329388 211.3069795228408 228
1738726329426 185.08616915755283 229
1738726329463 162.68667118250798 230
1738726329501 164.74108158341193 231
1738726329538 174.03744672118037 232
1738726329575 156.0330817151922 233
1738726329614 185.215985337626 234
1738726329652 172.1644584391018 235
1738726329691 190.26403786920469 236
1738726329729 182.6772131087778 237
1738726329767 181.48903282013885 238
1738726329805 189.06418920466194 239
1738726329844 143.0546100864041 240
1738726329882 159.88593449324702 241
1738726329920 155.7148070243686 242
1738726329957 176.01404141212095 243
1738726329995 177.02010867197905 244
1738726330033 175.54335013657962 245
1738726330071 177.1714016103886 246
1738726330109 179.20591916024725 247
1738726330147 149.80393384311117 248
1738726330184 165.23173910804792 249
1738726330222 162.82749937817005 250
1738726330259 138.03965796561593 251
1738726330297 176.69750665202392 252
1738726330334 157.4198203502726 253
1738726330372 156.23827149704866 254
1738726330409 174.52803274639044 255
1738726330447 169.1630834336138 256
1738726330484 161.06871335387376 257
1738726330522 168.96161272092593 258
1738726330559 155.85350556079354 259
1738726330597 157.71785713112658 260
1738726330634 184.54702889745639 261
1738726330674 152.41779768202412 262
1738726330712 155.4509914002587 263
1738726330750 157.2440724776074 264
1738726330788 169.65799623958716 265
1738726330826 169.98775936741086 266
1738726330864 152.80311811749462 267
1738726330901 185.7201376340332 268
1738726330939 195.88460762126655 269
1738726330977 192.7667576662861 270
1738726331014 177.02428017552205 271
1738726331052 162.94588372696396 272
1738726331090 165.2030596968914 273
1738726331127 151.71707394457005 274
1738726331165 183.19082965863132 275
1738726331202 170.51016668196962 276
1738726331240 161.54375067888608 277
1738726331277 181.00221236478626 278
1738726331315 141.5119643296435 279
1738726331352 162.48817262102327 280
1738726331389 170.43961452683484 281
1738726331427 191.09673402087674 282
1738726331464 166.9313536229485 283
1738726331502 170.34505333333956 284
1738726331539 164.10331522271542 285
1738726331577 184.92919930843928 286
1738726331614 193.3198765575717 287
1738726331652 175.3237854065853 288
1738726331689 168.64765325069547 289
1738726331726 174.94140948706155 290
1738726331764 155.86567124787078 291
1738726331801 143.0517076077359 292
1738726331840 156.50149750193566 293
1738726331879 170.3086878255225 294
1738726331917 172.2493755789853 295
1738726331955 165.44017445935873 296
1738726331993 174.6014337974055 297
1738726332031 152.89444184090152 298
1738726332068 198.79640711958353 299
1738726332106 189.53048469702324 300
1738726332145 168.78943816991173 301
1738726332184 173.24752596715103 302
1738726332223 195.18250688087372 303
1738726332260 263.1474356578011 304
1738726332298 170.93754460883923 305
1738726332336 177.45993133331103 306
1738726332377 163.30875949344164 307
1738726332416 157.38043700558023 308
1738726332454 140.0438089766044 309
1738726332492 174.83159012438298 310
1738726332529 167.89764877407384 311
1738726332567 174.37571551150222 312
1738726332604 155.7474448064921 313
1738726332642 160.18379101716204 314
1738726332680 180.6833181949418 315
1738726332719 148.32771459784152 316
1738726332757 155.13781856310618 317
1738726332795 156.1065491525062 318
1738726332833 171.63591444846418 319
1738726332870 161.66261641664164 320
1738726332908 158.43891703015512 321
1738726332946 152.40848714751456 322
1738726332983 171.55208628978107 323
1738726333021 173.88706148862013 324
1738726333058 164.0607424870668 325
1738726333096 118.56994253002246 326
1738726333133 160.66767164130087 327
1738726333171 155.0494914247874 328
1738726333214 168.26144507783354 329
1738726333263 183.8163145319722 330
1738726333312 172.73163996281056 331
1738726333367 141.3291694327874 332
1738726333411 164.80620355770807 333
1738726333452 182.25956487044326 334
1738726333492 169.71953453820186 335
1738726333531 145.5150919139193 336
1738726333569 184.9923225299474 337
1738726333608 145.693043207525 338
1738726333646 185.21386481524763 339
1738726333684 187.66452363138487 340
1738726333722 161.47442752267625 341
1738726333760 183.53178947616928 342
1738726333798 172.24143386584666 343
1738726333836 169.6849827615628 344
1738726333874 159.1079505532605 345
1738726333911 186.1351251161577 346
1738726333949 172.2515789860184 347
1738726333987 182.95061304713266 348
1738726334024 176.90406522010645 349
1738726334062 170.64686728780012 350
1738726334102 176.3036490128378 351
1738726334141 160.12874001325807 352
1738726334179 152.09512130407498 353
1738726334218 165.90755692497675 354
1738726334256 127.6873949815423 355
1738726334301 171.3055144366421 356
1738726334393 167.156684409747 357
1738726334440 147.11969266828655 358
1738726334479 175.4150857035414 359
1738726334520 158.48343369040307 360
1738726334559 150.11254704132264 361
1738726334598 146.1907488968949 362
1738726334636 180.33097738469593 363
1738726334674 168.82959510723126 364
1738726334713 163.70021054086985 365
1738726334751 189.86014229685816 366
1738726334790 133.6739534490643 367
1738726334829 163.38586621555683 368
1738726334867 164.41818441910252 369
1738726334905 182.9451341193632 370
1738726334943 177.00114929395463 371
1738726334981 180.3296247994995 372
1738726335019 135.41198315736983 373
1738726335057 174.42825463103975 374
1738726335095 168.14410725106558 375
1738726335133 198.17351966600933 376
1738726335171 148.32899840893168 377
1738726335209 156.3425192329687 378
1738726335250 184.6250297030191 379
1738726335289 185.98514359971384 380
1738726335327 172.05412430249393 381
1738726335366 157.36089537875077 382
1738726335404 178.72892184979517 383
1738726335442 171.42739384045825 384
1738726335480 177.2864116106972 385
1738726335518 160.97597853579177 386
1738726335556 160.63810983283093 387
1738726335594 176.22344276984336 388
1738726335632 158.96884173454106 389
1738726335670 139.3612135455666 390
1738726335708 177.080397544124 391
1738726335745 159.02232175933486 392
1738726335783 155.0283213848475 393
1738726335822 180.35137790155437 394
1738726335860 179.19611667471773 395
1738726335898 170.95844164131896 396
1738726335935 145.72078101377798 397
1738726335973 192.29293040346218 398
1738726336011 168.82940238494447 399
1738726336049 169.53443184885938 400
1738726336086 179.99401948791203 401
1738726336124 187.98748492619308 402
1738726336162 178.58858971347792 403
1738726336199 165.34394011410663 404
1738726336237 184.2233730953638 405
1738726336276 243.06847510927653 406
1738726336314 183.00045246752305 407
1738726336351 173.34336758568182 408
1738726336389 155.4253074502639 409
1738726336426 163.66119438224734 410
1738726336463 156.32516476177682 411
1738726336501 163.66627087948112 412
1738726336538 171.9135040732358 413
1738726336576 171.86953636280367 414
1738726336613 171.41972220440738 415
1738726336651 165.61330495184302 416
1738726336689 189.45098799312612 417
1738726336728 161.18372781584264 418
1738726336766 171.32392754498463 419
1738726336804 159.28744815144265 420
1738726336842 178.7918045078352 421
1738726336881 164.70106261546513 422
1738726336919 181.2707493501721 423
1738726336957 174.81369852255173 424
1738726336996 171.09058581299382 425
1738726337034 134.0997379623156 426
1738726337071 178.9750404963028 427
1738726337109 176.66018448257944 428
1738726337148 174.83781167638725 429
1738726337187 118.04606327108716 430
1738726337226 173.16340786920819 431
1738726337265 178.5343310118097 432
1738726337305 166.9602922269489 433
1738726337345 181.41528057671798 434
1738726337384 187.48299245096325 435
1738726337423 177.37926543730836 436
1738726337464 133.79094588485725 437
1738726337504 198.7307105602064 438
1738726337543 165.43661475943966 439
1738726337581 165.34025022599607 440
1738726337619 180.38361700845465 441
1738726337657 221.8139066035572 442
1738726337694 162.839925176692 443
1738726337732 168.75777261704394 444
1738726337770 173.14242918167972 445
1738726337808 195.0726112051865 446
1738726337845 153.8903360355668 447
1738726337885 167.4250667364672 448
1738726337923 153.2044577448531 449
1738726337962 185.0770161812446 450
1738726338001 160.6414068340459 451
1738726338040 181.56809421954716 452
1738726338078 174.55645096122757 453
1738726338117 143.27118016818895 454
1738726338156 165.18758281060565 455
1738726338195 151.22511473317167 456
1738726338233 169.88292224604174 457
1738726338271 195.66440769909735 458
1738726338309 174.1132523998316 459
1738726338347 240.34990245419732 460
1738726338386 187.87246229269007 461
1738726338424 167.90124666575335 462
1738726338462 195.9395843929404 463
1738726338500 163.60015972382564 464
1738726338538 167.15044547274928 465
1738726338575 184.6533245254717 466
1738726338613 183.7454744651678 467
1738726338650 198.5274319531333 468
1738726338688 176.96335768449504 469
1738726338725 175.03064973825462 470
1738726338763 150.2486840070469 471
1738726338801 181.91585393669675 472
1738726338839 165.10516487974664 473
1738726338877 150.99088070591992 474
1738726338921 146.40607327010508 475
1738726338960 174.10946661276444 476
1738726338999 111.97072882930757 477
1738726339037 152.0289544378607 478
1738726339075 172.64602794221577 479
1738726339114 180.2834196264113 480
1738726339153 229.80713276185404 481
1738726339192 174.3289826252233 482
1738726339230 179.4721875125319 483
1738726339269 157.44256250955576 484
1738726339308 170.88206891128465 485
1738726339349 192.40665500531517 486
1738726339388 246.08781058955392 487
1738726339427 143.73338071170005 488
1738726339466 174.24767951385815 489
1738726339505 179.20772785803976 490
1738726339543 203.1046728533448 491
1738726339581 183.0576972633055 492
1738726339619 151.35571522008328 493
1738726339657 142.73470405320413 494
1738726339696 183.5524972753024 495
1738726339736 166.98540681581287 496
1738726339775 159.05497887178876 497
1738726339814 165.0975395476129 498
1738726339853 164.09350809657934 499
