1738724679688 165.36391706743814 0
1738724679718 162.17475904842368 1
1738724679747 198.63887097028737 2
1738724679777 381.9042981024096 3
1738724679806 57.781899742803105 4
1738724679835 121.29904723968004 5
1738724679865 152.4036607545846 6
1738724679894 184.48381800620783 7
1738724679923 53.462424499397684 8
1738724679952 168.98607434343427 9
1738724679981 206.44666380046291 10
1738724680010 159.74524491509717 11
1738724680039 199.68672334714822 12
1738724680068 80.77584619560484 13
1738724680098 15.540816309112797 14
1738724680127 262.4549969852611 15
1738724680156 85.36530461467007 16
1738724680185 122.8913880048653 17
1738724680214 178.08076882641362 18
1738724680243 147.81693097583855 19
1738724680272 176.71759748169993 20
1738724680300 136.5018271775151 21
1738724680329 166.92840460538605 22
1738724680358 104.15485566353748 23
1738724680387 234.30557590453222 24
1738724680416 147.23494334940332 25
1738724680445 150.88414824976462 26
1738724680474 213.3957176770563 27
1738724680503 154.12132946386822 28
1738724680531 127.33934146146773 29
1738724680560 221.54745081065215 30
1738724680589 164.04047294268793 31
1738724680618 162.0798670235817 32
1738724680647 227.2436887144314 33
1738724680676 246.1926598602052 34
1738724680705 169.2025780413994 35
1738724680734 160.24366277888615 36
1738724680763 181.19433611210192 37
1738724680791 130.86610369977578 38
1738724680820 142.73688686648683 39
1738724680849 101.48179489918074 40
1738724680878 161.9667882968297 41
1738724680906 142.552746011746 42
1738724680935 167.91263643649182 43
1738724680966 191.647016683398 44
1738724680995 105.57651809264182 45
1738724681024 19.00541261443514 46
1738724681052 210.82505927802814 47
1738724681081 94.96254646281423 48
1738724681109 137.31551632895116 49
1738724681138 116.55510140162374 50
1738724681168 264.9622912845887 51
1738724681197 256.80465412421216 52
1738724681226 141.57383492949648 53
1738724681256 283.191512394075 54
1738724681285 156.89126917339726 55
1738724681314 210.5427673330238 56
1738724681343 223.71470443372775 57
1738724681372 207.17686675286956 58
1738724681401 267.8601192475836 59
1738724681430 215.17636007217422 60
1738724681459 153.3305858949317 61
1738724681488 139.10347115210038 62
1738724681517 98.26590844086664 63
1738724681546 177.6375432279012 64
1738724681575 303.0129659237781 65
1738724681604 182.97301468692402 66
1738724681632 92.71568736013622 67
1738724681661 145.0620426399279 68
1738724681690 181.19682576466255 69
1738724681719 120.440288742079 70
1738724681748 149.39409450371676 71
1738724681777 128.74880347279938 72
1738724681806 33.6647970265759 73
1738724681835 166.71988843051165 74
1738724681863 180.1493222351665 75
1738724681892 186.74614127414935 76
1738724681921 179.73790555425342 77
1738724681950 234.25906471777992 78
1738724681979 213.75828657605825 79
1738724682007 140.20413313976775 80
1738724682036 107.42230380347814 81
1738724682065 153.96718715978673 82
1738724682094 140.00615492359242 83
1738724682122 125.90866432554738 84
1738724682151 85.87722179143891 85
1738724682180 313.4715412547762 86
1738724682208 123.48152710897827 87
1738724682237 153.94539309288038 88
1738724682266 132.2432535236181 89
1738724682295 224.64627342429688 90
1738724682323 132.78898811389683 91
1738724682352 197.38502173738354 92
1738724682381 436.44606361309735 93
1738724682410 142.87140386565724 94
1738724682438 98.76962737001554 95
1738724682467 168.2276598137807 96
1738724682496 215.1927464053467 97
1738724682524 268.2938760785997 98
1738724682553 151.3892072468782 99
1738724682582 108.27860201993606 100
1738724682610 146.22463339792262 101
1738724682639 216.2117637279657 102
1738724682667 179.83648089172954 103
1738724682696 166.175258317558 104
1738724682725 149.28036945886828 105
1738724682754 212.81452507827103 106
1738724682783 241.15193229620988 107
1738724682811 158.77809878927295 108
1738724682840 157.22130229727057 109
1738724682869 169.1381464873008 110
1738724682897 242.01511659434746 111
1738724682926 442.47399738658777 112
1738724682955 129.40221268270798 113
1738724682983 104.2461315708694 114
1738724683012 168.4839585238636 115
1738724683041 115.99829253303382 116
1738724683070 341.90534503820544 117
1738724683099 77.48440508578794 118
1738724683127 174.74977843767417 119
1738724683156 135.75973218980832 120
1738724683184 212.4394789031522 121
1738724683213 159.4088192283281 122
1738724683241 118.6726913466826 123
1738724683293 188.52406007436906 124
1738724683323 139.16307019242444 125
1738724683353 119.28107203289082 126
1738724683383 170.50735339196828 127
1738724683413 132.50888311540623 128
1738724683442 88.83613082120334 129
1738724683471 197.416958882505 130
1738724683500 222.73866991908133 131
1738724683529 229.38503143059887 132
1738724683558 155.1327178046094 133
1738724683587 150.58065353443246 134
1738724683616 139.01516008021287 135
1738724683645 85.8846547237332 136
1738724683674 372.0440925953249 137
1738724683703 100.07303498047271 138
1738724683732 201.7206913727894 139
1738724683761 241.4185217066825 140
1738724683790 374.19596930985546 141
1738724683819 198.89761400545922 142
1738724683847 158.94105310234713 143
1738724683876 174.13878854072377 144
1738724683905 124.86205191389432 145
1738724683935 234.3763497007854 146
1738724683963 195.88306196669876 147
1738724683992 126.02345607649093 148
1738724684021 195.1735959893134 149
1738724684050 141.82805714962257 150
1738724684078 252.19810298555197 151
1738724684107 283.2047097640672 152
1738724684136 119.29477902211286 153
1738724684165 96.31198832040647 154
1738724684193 141.26106846127993 155
1738724684222 234.88264925386756 156
1738724684251 185.3060855224481 157
1738724684279 132.95787761766996 158
1738724684308 178.7164871197612 159
1738724684337 265.04818048792043 160
1738724684366 87.05898391538983 161
1738724684394 127.60107716479332 162
1738724684423 117.91159140963258 163
1738724684452 127.53158872210666 164
1738724684480 181.38323612792843 165
1738724684509 198.22991128518728 166
1738724684537 206.42846537662845 167
1738724684566 151.98709008619832 168
1738724684595 211.48892611663976 169
1738724684623 97.80998833252697 170
1738724684652 242.037483678083 171
1738724684680 233.11711221627124 172
1738724684709 160.2138835024826 173
1738724684738 146.56422876242925 174
1738724684767 156.97450449716905 175
1738724684795 77.92707633251808 176
1738724684824 278.6713291244855 177
1738724684853 169.17369192949818 178
1738724684881 196.90189598550862 179
1738724684910 209.2035038046172 180
1738724684939 214.4251471505737 181
1738724684967 117.54898823727025 182
1738724684996 142.3165829443148 183
1738724685024 158.69093406023876 184
1738724685053 102.38592198891413 185
1738724685082 194.48285362670302 186
1738724685110 181.23952923735445 187
1738724685139 34.60364460857423 188
1738724685167 75.82410311845912 189
1738724685196 153.09890410785513 190
1738724685224 59.02873999003817 191
1738724685253 131.92379326125786 192
1738724685282 257.11203083699917 193
1738724685310 185.90154068023352 194
1738724685339 180.52855236050763 195
1738724685367 146.39588016004146 196
1738724685396 165.05601544528176 197
1738724685424 164.14356459525314 198
1738724685453 171.76094055733677 199
1738724685481 174.0868956497071 200
1738724685510 193.87442080251247 201
1738724685539 194.70798596519163 202
1738724685567 90.36902891847058 203
1738724685596 231.33639806558725 204
1738724685624 144.00762312343173 205
1738724685653 157.87915070813207 206
1738724685681 173.65714361007215 207
1738724685710 157.1241069378572 208
1738724685738 105.18321309985629 209
1738724685767 227.6452311239041 210
1738724685795 163.01701446632134 211
1738724685824 170.70140942225248 212
1738724685852 169.59908491733873 213
1738724685881 208.23589463860836 214
1738724685909 127.6234195396094 215
1738724685938 147.5986180616743 216
1738724685966 265.24122524502457 217
1738724685995 165.56978374903127 218
1738724686023 230.5357491551023 219
1738724686051 145.10542639692662 220
1738724686080 138.18136539910495 221
1738724686108 323.9381177415298 222
1738724686136 159.05252706447072 223
1738724686165 194.3844586721228 224
1738724686193 279.0608312959357 225
1738724686221 183.5824345510977 226
1738724686250 162.03798354858247 227
1738724686278 151.16663988969395 228
1738724686306 353.19187287472386 229
1738724686335 142.74002269929375 230
1738724686364 156.75399766263328 231
1738724686392 260.33249571465575 232
1738724686421 211.16098168779698 233
1738724686449 137.86464321565524 234
1738724686478 72.26804050598679 235
1738724686506 155.19481952922519 236
1738724686535 114.18937703118846 237
1738724686563 123.05761974230626 238
1738724686591 132.81711345147417 239
1738724686620 214.8545871086211 240
1738724686648 117.02550715698419 241
1738724686676 196.7421341702913 242
1738724686705 135.4549959331111 243
1738724686733 245.29788525201735 244
1738724686761 178.36609574829777 245
1738724686790 226.3017784339487 246
1738724686819 149.84103706923162 247
1738724686847 177.2346363390782 248
1738724686876 411.06833967293124 249
1738724686905 87.64625160444089 250
1738724686933 163.09303777509368 251
1738724686961 38.28791205800716 252
1738724686990 165.43884486245773 253
1738724687018 149.71644030605637 254
1738724687047 90.95262052790939 255
1738724687075 204.96000740928014 256
1738724687104 117.94944395280899 257
1738724687133 232.1458109509454 258
1738724687161 190.09181136472142 259
1738724687190 159.50044086044795 260
1738724687218 113.25315379653487 261
1738724687247 188.9029455067763 262
1738724687275 175.48383327759814 263
1738724687304 132.2894725214932 264
1738724687332 201.48084775367047 265
1738724687361 119.99031927987346 266
1738724687389 132.038831848398 267
1738724687418 203.2432286315604 268
1738724687446 164.8524397891643 269
1738724687475 149.86790748293478 270
1738724687503 283.1934432746336 271
1738724687531 250.1204870103989 272
1738724687560 182.56187123042673 273
1738724687589 125.98587009872868 274
1738724687617 136.63907770027333 275
1738724687645 217.16339901950997 276
1738724687674 118.41671043212823 277
1738724687703 315.4250637437741 278
1738724687731 269.6974498586618 279
1738724687760 163.43223705473844 280
1738724687788 155.49129199729356 281
1738724687817 157.856112349934 282
1738724687845 316.00164662676065 283
1738724687874 204.29015206769498 284
1738724687902 250.55697498472296 285
1738724687931 172.7100504996505 286
1738724687959 257.633616062963 287
1738724687987 177.3427814216527 288
1738724688016 109.68308399339243 289
1738724688044 298.641597357873 290
1738724688073 180.2165495642154 291
1738724688101 192.93543528108913 292
1738724688130 106.78904470716836 293
1738724688158 106.97824515422684 294
1738724688187 126.0270816462344 295
1738724688217 134.7679427159045 296
1738724688247 110.13224199168648 297
1738724688276 146.96062955097443 298
1738724688306 235.86547451983614 299
1738724688336 238.63983487026354 300
1738724688366 117.11956555722558 301
1738724688397 159.86859419447245 302
1738724688426 133.96809905853794 303
1738724688455 171.32448385434748 304
1738724688484 156.38521977281715 305
1738724688513 137.0923524107765 306
1738724688541 180.36750659222346 307
1738724688570 193.27602001624945 308
1738724688599 175.0778109629591 309
1738724688627 151.2202131249099 310
1738724688656 87.49489138312354 311
1738724688685 194.35454400435984 312
1738724688713 159.11887369232997 313
1738724688742 184.52906482475228 314
1738724688771 220.78915198386235 315
1738724688799 157.54874728386721 316
1738724688828 225.65017875871635 317
1738724688857 178.43854975233202 318
1738724688886 62.263553197456055 319
1738724688915 139.5741210889444 320
1738724688943 185.72737272546019 321
1738724688972 125.00776353464568 322
1738724689000 212.57345722379875 323
1738724689029 223.13163129684716 324
1738724689058 166.45989784085336 325
1738724689087 180.770923358846 326
1738724689115 144.37731114008636 327
1738724689144 151.4386200331839 328
1738724689172 144.31642306876302 329
1738724689201 174.2521879673237 330
1738724689230 215.82549588373888 331
1738724689258 99.51821276859289 332
1738724689287 23.155466758896644 333
1738724689316 192.28056941155506 334
1738724689344 141.89619288296134 335
1738724689373 148.62807534869276 336
1738724689401 190.31396576344804 337
1738724689430 145.96105669743304 338
1738724689459 171.10990213406652 339
1738724689487 175.70553361898172 340
1738724689516 207.4888590012129 341
1738724689544 270.7590542362145 342
1738724689573 135.0769217784209 343
1738724689601 81.47729102335316 344
1738724689630 171.93482235639908 345
1738724689658 150.95471656764715 346
1738724689687 170.66823834228134 347
1738724689716 199.86982613001993 348
1738724689744 154.75741811405447 349
1738724689773 265.06232792197153 350
1738724689801 215.52007696882202 351
1738724689830 136.5451307361022 352
1738724689858 153.98426218588827 353
1738724689887 125.07185218818479 354
1738724689915 225.04139876899183 355
1738724689944 74.41490789511798 356
1738724689972 136.55163200186036 357
1738724690001 148.1728857049193 358
1738724690029 335.6028076006701 359
1738724690058 198.06006153167172 360
1738724690086 168.6725600561716 361
1738724690114 29.96085356332275 362
1738724690143 89.73052926772708 363
1738724690171 150.16238503029695 364
1738724690200 183.81327852077052 365
1738724690228 155.67624922873986 366
1738724690257 45.15450958615819 367
1738724690285 141.18414138208425 368
1738724690314 193.5594721046415 369
1738724690344 153.25721375197122 370
1738724690373 159.75587776051626 371
1738724690402 124.8532028182971 372
1738724690430 182.31284724397904 373
1738724690459 102.97372795937623 374
1738724690488 283.7976788820536 375
1738724690517 135.17790949509805 376
1738724690546 180.3124260702178 377
1738724690575 173.12831226379254 378
1738724690603 84.35205911276711 379
1738724690632 216.8489449701996 380
1738724690661 209.87762959996584 381
1738724690690 216.1477339642978 382
1738724690718 196.93861562219087 383
1738724690747 179.71075441306397 384
1738724690776 248.37222965339745 385
1738724690805 165.87567281182712 386
1738724690833 152.72271487353564 387
1738724690862 146.45684812047125 388
1738724690891 174.08952261955386 389
1738724690920 193.8677461053181 390
1738724690949 228.64668196863965 391
1738724690977 783.4048537670516 392
1738724691006 209.87247301986469 393
1738724691043 174.15628315365373 394
1738724691072 120.41787523821769 395
1738724691101 244.04479323187496 396
1738724691129 238.3895288080306 397
1738724691158 97.26474067028377 398
1738724691187 183.17609932805968 399
1738724691216 195.80277716565067 400
1738724691244 142.57800667306424 401
1738724691273 138.23492086762045 402
1738724691301 142.52932907175682 403
1738724691330 107.59647669866588 404
1738724691359 230.55767242048964 405
1738724691387 148.14058209435666 406
1738724691416 181.64157594554877 407
1738724691444 186.43018867883848 408
1738724691473 201.74928568459043 409
1738724691502 168.5145883169288 410
1738724691530 140.36294373129908 411
1738724691559 250.7973997143338 412
1738724691588 72.89161054068458 413
1738724691616 214.98832787543495 414
1738724691645 152.65818523687577 415
1738724691674 222.4902285105773 416
1738724691702 150.24224846924704 417
1738724691731 97.68608437949067 418
1738724691760 129.94939247454698 419
1738724691789 166.37337662827036 420
1738724691817 97.89934658434284 421
1738724691846 148.16050223698065 422
1738724691874 93.8782697384836 423
1738724691903 96.04402098173396 424
1738724691931 90.02535430737201 425
1738724691960 134.55481825262942 426
1738724691989 147.29467870946007 427
1738724692017 264.4103739008849 428
1738724692046 194.1785195427792 429
1738724692074 174.87921771975687 430
1738724692103 151.201614673865 431
1738724692131 248.03457042511045 432
1738724692160 209.185673176588 433
1738724692188 138.59982452944124 434
1738724692217 170.86258524236337 435
1738724692246 198.5493191000275 436
1738724692274 124.08318404121223 437
1738724692303 483.7081582954853 438
1738724692331 129.48893119238468 439
1738724692360 214.87164696348358 440
1738724692388 139.1482394927979 441
1738724692417 185.13119759993697 442
1738724692445 165.64516415682806 443
1738724692474 108.66474469007719 444
1738724692505 143.89259501885024 445
1738724692534 160.59400163640746 446
1738724692562 108.34826281451554 447
1738724692591 187.167187366152 448
1738724692619 135.98487618471995 449
1738724692648 80.80585812248479 450
1738724692676 124.8975984376603 451
1738724692705 100.78609326592003 452
1738724692733 139.34341030106577 453
1738724692762 139.1878790119408 454
1738724692790 194.27575086662304 455
1738724692819 272.83387762832115 456
1738724692847 153.4655799182832 457
1738724692875 165.90056806722447 458
1738724692904 194.6616828399738 459
1738724692933 181.8801932034024 460
1738724692961 92.42139892652669 461
1738724692990 209.68065701429947 462
1738724693018 177.1547559066599 463
1738724693047 415.89897039974466 464
1738724693075 120.86030287064486 465
1738724693103 156.36609103769578 466
1738724693131 185.4422223773241 467
1738724693160 180.3682351548763 468
1738724693188 242.90612768588846 469
1738724693216 188.75347939698142 470
1738724693245 220.38564262911987 471
1738724693273 277.8915339039548 472
1738724693301 169.52631032045286 473
1738724693330 166.3568896443141 474
1738724693358 181.68932124952707 475
1738724693386 154.0586783012785 476
1738724693415 152.18750676858403 477
1738724693443 160.83546307017284 478
1738724693472 221.2757698745135 479
1738724693500 159.0424969915917 480
1738724693528 144.8984587260706 481
1738724693557 204.7916637631261 482
1738724693585 191.36302893606936 483
1738724693614 149.0478475001711 484
1738724693642 160.88346629933037 485
1738724693670 173.83967650273786 486
1738724693698 184.25511749529562 487
1738724693727 151.15660936811 488
1738724693755 440.2250045292272 489
1738724693783 199.12712307400142 490
1738724693811 185.25399483835534 491
1738724693840 119.43169505523619 492
1738724693868 105.18405876413905 493
1738724693896 186.18942050701554 494
1738724693924 144.09739020334416 495
1738724693953 227.6944931134164 496
1738724693981 218.09040966503753 497
1738724694009 127.86317258380832 498
1738724694038 148.64070354418783 499
