1738722112247 168.68653758983416 0
1738722112250 171.29219661073108 1
1738722112252 169.11228897506606 2
1738722112254 171.40143584560678 3
1738722112256 168.79153186331345 4
1738722112258 168.95188794048917 5
1738722112260 169.84440405349065 6
1738722112262 170.34172816661905 7
1738722112264 169.51333824412873 8
1738722112266 167.61377374395215 9
1738722112268 168.54087925210607 10
1738722112270 170.22664394673797 11
1738722112271 169.2880584034897 12
1738722112273 167.996910032651 13
1738722112275 168.66766472751746 14
1738722112277 168.06018409741318 15
