1738722971413 178.61145511160547 0
1738722971416 163.96407023080843 1
1738722971418 175.96921831532998 2
1738722971420 171.69981591748873 3
1738722971423 173.61490777250364 4
1738722971425 166.81792915241374 5
1738722971427 168.12917555474894 6
1738722971430 160.28228117626134 7
1738722971432 168.18143086568367 8
1738722971434 171.19655571730328 9
1738722971436 172.5838496040415 10
1738722971439 170.39177296738856 11
1738722971441 167.02634642483162 12
1738722971443 168.3951624159496 13
1738722971446 175.83876686714447 14
1738722971448 174.97790104460617 15
1738722971450 170.14203874609746 16
1738722971452 174.78313660742302 17
1738722971455 168.19796492226743 18
1738722971457 165.4651037204041 19
1738722971459 169.0673667911445 20
1738722971461 171.24991960796143 21
1738722971464 166.5395660712835 22
1738722971466 165.6439928546329 23
1738722971468 168.38588185344844 24
