1738724147132 167.01832163791155 0
1738724147135 168.73135009058547 1
1738724147138 168.5692883258406 2
1738724147141 166.23254926012527 3
1738724147144 170.09338422362637 4
1738724147146 167.28614205670448 5
1738724147149 170.42797125141885 6
1738724147152 168.48521443831356 7
1738724147155 171.82787353867332 8
1738724147157 172.090227244279 9
1738724147160 169.23825371365905 10
1738724147163 167.33765776958748 11
1738724147166 166.85008675325102 12
1738724147169 171.49877705187768 13
1738724147171 169.22436466545318 14
1738724147174 166.4859395069761 15
1738724147177 168.86156573470635 16
1738724147179 166.19609615460448 17
1738724147182 169.30687880334813 18
1738724147185 166.65011433302368 19
1738724147188 168.94135642260343 20
1738724147191 169.27070263846312 21
1738724147194 166.3320647637815 22
1738724147197 168.44887356297585 23
1738724147200 169.76416207361277 24
1738724147202 165.96449041719032 25
