1738724434365 169.2463937639555 0
1738724434369 170.87132773061595 1
1738724434372 168.38778782725745 2
1738724434374 168.90740686858203 3
1738724434377 169.51493609939763 4
1738724434380 169.46611115045914 5
1738724434383 169.4185756636051 6
1738724434386 167.98359743341481 7
1738724434389 169.0571381333639 8
1738724434393 170.72708358220797 9
1738724434396 168.94337047038948 10
1738724434401 168.79952554064772 11
1738724434404 169.41583423082383 12
1738724434407 167.73579967191185 13
1738724434411 167.6531631018551 14
1738724434414 171.1872917912562 15
1738724434417 166.0549094891567 16
1738724434422 170.22932598684693 17
1738724434425 168.45723678909218 18
1738724434429 170.30678555575 19
1738724434432 167.0939792186532 20
1738724434436 167.8406865709489 21
1738724434439 167.5462315885358 22
1738724434442 167.5084002223619 23
1738724434446 171.5117344326624 24
