1738722855367 170.16226560318296 0
1738722855370 168.6819616883442 1
1738722855372 169.96032034395387 2
1738722855374 168.64531575123235 3
1738722855376 167.5912180774833 4
1738722855379 169.4707968633265 5
1738722855381 169.7841901100964 6
1738722855383 168.66215593197535 7
1738722855385 167.72134559924058 8
1738722855389 169.7343295676253 9
1738722855392 168.48927257091955 10
1738722855394 168.5192238718308 11
1738722855397 168.97807702794643 12
1738722855399 170.48631304997392 13
1738722855402 170.860255174492 14
1738722855404 169.88319344205343 15
1738722855406 168.9094547153162 16
