1738724149363 168.47135926858897 0
1738724149366 169.5142551240885 1
1738724149369 168.8387760348095 2
1738724149372 166.69933144297045 3
1738724149375 170.8430914138698 4
1738724149378 171.97304019344799 5
1738724149381 168.4059073869084 6
1738724149383 169.39482953405894 7
1738724149386 167.4727264439729 8
1738724149389 168.58012312802606 9
1738724149392 168.86649267365507 10
1738724149394 167.97325486870577 11
1738724149397 166.55171630743527 12
1738724149400 170.3839550096098 13
1738724149403 168.75505570042722 14
1738724149406 168.3903835097652 15
1738724149409 169.7137712028352 16
1738724149411 167.30896662609484 17
1738724149414 168.18780628217814 18
1738724149417 165.9902584888768 19
1738724149420 167.49247328276076 20
1738724149422 168.12205776831533 21
1738724149425 171.37539568698435 22
1738724149428 167.3591956357936 23
1738724149431 167.00483295038597 24
1738724149433 167.94419169534677 25
1738724149436 168.01189429431125 26
1738724149439 168.12451837163286 27
1738724149442 168.8605129187163 28
1738724149444 167.81215644705975 29
1738724149447 166.73360488107195 30
1738724149450 167.70816085209034 31
1738724149453 168.05238669626172 32
1738724149455 169.65901687153482 33
1738724149458 168.01216526125108 34
1738724149461 170.01574627813855 35
1738724149464 168.35997796834604 36
1738724149466 167.496937838509 37
1738724149469 170.0064276268164 38
1738724149472 169.59429314945243 39
1738724149475 165.7419533959902 40
1738724149477 169.32449429619473 41
1738724149480 170.49562920641372 42
1738724149483 166.9058133207732 43
1738724149486 168.80855822599017 44
1738724149488 169.66129247948345 45
1738724149491 168.88815686381048 46
1738724149494 169.469608516973 47
1738724149496 167.88763049968088 48
1738724149499 165.86370840008394 49
1738724149502 168.33298656222857 50
1738724149505 169.5838597828923 51
1738724149507 166.71702456452758 52
1738724149510 168.31889575008722 53
1738724149513 169.60778858071976 54
1738724149516 168.8002389071315 55
1738724149518 168.89919617904346 56
1738724149521 166.77138671246482 57
1738724149524 169.16747748539674 58
1738724149527 170.31032618097348 59
1738724149529 168.69717255986373 60
1738724149532 168.75665907993132 61
1738724149535 168.06378567953286 62
1738724149538 170.43809502996714 63
1738724149540 166.3580602156774 64
1738724149543 168.8179182827516 65
1738724149546 166.95636987138212 66
1738724149549 172.62234529507245 67
1738724149551 167.06522675038144 68
1738724149554 169.4635527977886 69
1738724149557 169.39390027153368 70
1738724149560 169.96062110317843 71
1738724149563 166.47570516963802 72
1738724149566 170.0914924256024 73
1738724149568 168.17105288119984 74
1738724149571 168.77004472149434 75
1738724149574 167.80486018094953 76
1738724149577 168.8709175955159 77
1738724149579 167.9248008288295 78
1738724149582 169.6020184877302 79
1738724149585 169.7791467212563 80
1738724149588 166.94778532855028 81
1738724149590 169.19310286028855 82
1738724149593 169.48936002521808 83
1738724149596 165.9335558165775 84
