1738726712286 169.23884560674296 0
1738726712290 169.24226903229533 1
1738726712293 169.240166447656 2
1738726712296 169.23819657458216 3
1738726712300 169.23623294174854 4
1738726712303 169.23427830122293 5
1738726712306 169.23233254882376 6
1738726712309 169.230395643904 7
1738726712313 169.22846754460832 8
1738726712316 169.22654820931413 9
1738726712319 169.2246375965981 10
1738726712323 169.2227356652361 11
1738726712326 169.2208423742022 12
1738726712329 169.21895768266762 13
1738726712333 169.21708154999988 14
1738726712336 169.2152139357617 15
1738726712339 169.21335479971026 16
1738726712343 169.2115041017961 17
1738726712346 169.20966180216223 18
1738726712349 169.20782786114316 19
1738726712353 169.20600223926408 20
1738726712357 169.20418489723983 21
1738726712360 169.202375795974 22
1738726712364 169.20057489655812 23
1738726712367 169.19878216027058 24
1738726712370 169.19699754857578 25
1738726712374 169.19522102312334 26
1738726712378 169.19345254574702 27
1738726712381 169.19169207846406 28
1738726712385 169.18993958347406 29
1738726712388 169.1881950231582 30
1738726712391 169.18645836007835 31
1738726712394 169.18472955697627 32
1738726712398 169.18300857677258 33
1738726712401 169.18129538256605 34
1738726712404 169.17958993763258 35
1738726712407 169.1778922054246 36
1738726712411 169.1762021495698 37
1738726712414 169.17451973387074 38
1738726712418 169.17284492230363 39
1738726712421 169.1711776790178 40
1738726712424 169.1695179683346 41
1738726712427 169.16786575474669 42
1738726712431 169.16622100291724 43
1738726712434 169.16458367767905 44
1738726712437 169.16295374403367 45
1738726712441 169.1613311671508 46
1738726712444 169.15971591236712 47
1738726712447 169.1581079451859 48
1738726712451 169.15650723127584 49
1738726712454 169.15491373647046 50
1738726712458 169.15332742676728 51
1738726712461 169.15174826832694 52
1738726712464 169.1501762274725 53
1738726712467 169.14861127068863 54
1738726712471 169.1470533646208 55
1738726712474 169.1455024760746 56
1738726712477 169.1439585720147 57
1738726712480 169.14242161956446 58
1738726712484 169.1408915860049 59
1738726712487 169.13936843877394 60
1738726712490 169.13785214546584 61
1738726712493 169.13634267383017 62
1738726712497 169.13483999177132 63
1738726712500 169.1333440673475 64
1738726712503 169.1318548687702 65
1738726712506 169.1303723644034 66
1738726712509 169.12889652276272 67
1738726712513 169.12742731251478 68
1738726712516 169.12596470247652 69
1738726712519 169.12450866161439 70
1738726712522 169.1230591590436 71
1738726712526 169.1216161640275 72
1738726712529 169.12017964597672 73
1738726712532 169.11874957444869 74
1738726712535 169.11732591914665 75
1738726712539 169.11590864991913 76
1738726712542 169.11449773675923 77
1738726712545 169.1130931498039 78
1738726712548 169.11169485933308 79
1738726712552 169.11030283576935 80
1738726712555 169.10891704967693 81
1738726712558 169.1075374717612 82
1738726712562 169.10616407286778 83
1738726712565 169.10479682398224 84
1738726712568 169.10343569622893 85
1738726712572 169.1020806608707 86
1738726712575 169.10073168930813 87
1738726712578 169.09938875307873 88
1738726712582 169.0980518238564 89
1738726712585 169.0967208734508 90
1738726712588 169.09539587380658 91
1738726712591 169.09407679700277 92
1738726712595 169.0927636152522 93
1738726712598 169.09145630090077 94
1738726712601 169.09015482642684 95
1738726712605 169.08885916444055 96
1738726712608 169.0875692876833 97
1738726712612 169.0862851690269 98
1738726712615 169.08500678147314 99
1738726712619 169.08373409815317 100
1738726712622 169.0824670923267 101
1738726712626 169.08120573738142 102
1738726712630 169.0799500068326 103
1738726712633 169.07869987432215 104
1738726712637 169.0774553136182 105
1738726712641 169.07621629861458 106
1738726712644 169.0749828033299 107
1738726712648 169.07375480190726 108
1738726712651 169.07253226861351 109
1738726712655 169.0713151778386 110
1738726712658 169.07010350409507 111
1738726712662 169.06889722201748 112
1738726712665 169.06769630636174 113
1738726712669 169.06650073200456 114
1738726712672 169.06531047394282 115
1738726712675 169.06412550729314 116
1738726712679 169.06294580729107 117
1738726712683 169.06177134929078 118
1738726712686 169.06060210876421 119
1738726712689 169.0594380613007 120
1738726712693 169.05827918260633 121
1738726712696 169.05712544850348 122
1738726712700 169.05597683493002 123
1738726712704 169.054833317939 124
1738726712707 169.05369487369802 125
