1738724138309 171.32814692072552 0
1738724138343 174.33030780341545 1
1738724138376 185.46839314827224 2
1738724138410 161.7067969728365 3
1738724138443 176.31266367587367 4
1738724138476 168.91538156136798 5
1738724138511 169.8311851212619 6
1738724138544 158.9854850623404 7
1738724138578 177.61674545405594 8
1738724138612 168.58561234296917 9
1738724138645 173.361467891724 10
1738724138679 174.82630076632066 11
1738724138712 169.95202111425584 12
1738724138746 169.24208946151197 13
1738724138779 164.464427677365 14
1738724138813 175.01820493169345 15
1738724138846 185.18778348341922 16
1738724138880 163.40640819293904 17
1738724138914 167.5001075088224 18
1738724138947 149.0859247429258 19
1738724138980 163.28466472373938 20
1738724139014 177.36811181398966 21
1738724139047 162.6296192124902 22
1738724139080 175.7691310772235 23
1738724139113 169.81690225202078 24
1738724139146 156.65983910114397 25
1738724139179 165.3996364888944 26
1738724139213 178.9099629175171 27
1738724139246 171.9649890411596 28
1738724139279 171.67028880890263 29
1738724139313 178.75760811571826 30
1738724139346 161.89859824335124 31
1738724139379 159.8994967379921 32
1738724139413 167.25685226794258 33
1738724139446 181.46225125295055 34
1738724139479 167.67430630765173 35
1738724139513 164.7354489581547 36
1738724139546 197.16317026006183 37
1738724139579 163.63223697975954 38
1738724139612 172.5213831451484 39
1738724139645 183.10555471931255 40
1738724139678 166.9741609397666 41
1738724139711 166.54053569528608 42
1738724139744 167.97038166366605 43
1738724139777 176.42779156290183 44
1738724139810 170.46760980726248 45
1738724139843 168.6442694290179 46
1738724139876 178.1793733626314 47
1738724139909 162.05018302838928 48
