1738724548719 162.66603788474805 0
1738724548753 173.963011670737 1
1738724548787 177.028121302079 2
1738724548821 164.5853595941857 3
1738724548855 171.0201422321399 4
1738724548889 164.81680714882143 5
1738724548923 173.05124526860195 6
1738724548957 171.90424761486005 7
1738724548990 174.92719613831676 8
1738724549024 185.91771190844707 9
1738724549057 157.42266567237272 10
1738724549091 171.60514667310215 11
1738724549125 164.81254877143073 12
1738724549158 171.75005304633206 13
1738724549192 166.834926712029 14
1738724549227 174.21345082202757 15
1738724549262 173.25070131680616 16
1738724549296 170.8839407207402 17
1738724549330 179.13672458856473 18
1738724549363 189.37490638810314 19
1738724549397 152.46431893482978 20
1738724549430 160.25219675847055 21
1738724549464 168.49388245157098 22
1738724549498 165.48856545664256 23
1738724549532 169.9648454420579 24
1738724549566 175.2782919622833 25
1738724549600 162.9816143249532 26
1738724549633 165.94590111669513 27
1738724549667 179.49456330737627 28
1738724549700 169.52026139816329 29
1738724549734 174.86769923601864 30
1738724549767 176.8185010077594 31
1738724549801 184.04334270721242 32
1738724549834 178.52039559086293 33
1738724549867 177.0083584845013 34
1738724549901 174.56782293304823 35
1738724549934 182.8160366861288 36
1738724549968 175.5772962806498 37
1738724550002 166.01947989586628 38
1738724550035 171.92359212718762 39
1738724550068 166.44911677840577 40
1738724550102 160.253910474941 41
1738724550135 188.73562302636964 42
1738724550168 177.32273625676797 43
1738724550201 183.66646566074945 44
1738724550234 171.07463417392879 45
1738724550267 163.21745137087626 46
1738724550300 140.35270217126816 47
1738724550335 157.47107856709135 48
1738724550369 166.14013270338387 49
1738724550403 161.56752424849444 50
1738724550436 167.77673144198846 51
1738724550470 178.2444919337377 52
1738724550503 175.6723527692535 53
1738724550537 171.46131256409018 54
1738724550569 178.19291660768724 55
1738724550602 170.89426847445677 56
1738724550635 174.67588635108007 57
1738724550669 161.84234697696758 58
1738724550702 167.23596023564386 59
1738724550735 178.5688293110575 60
1738724550768 160.89977510863218 61
1738724550800 165.18491838182052 62
1738724550833 185.9592116576406 63
1738724550866 170.32455862835513 64
1738724550899 165.9570645815358 65
1738724550932 170.67704002441897 66
1738724550965 163.8771534668454 67
1738724550997 174.211053752042 68
1738724551030 162.71719269585773 69
1738724551063 172.0315398868858 70
1738724551096 169.5487009283825 71
1738724551129 164.6533764530173 72
1738724551161 165.46919461176495 73
1738724551194 179.8344632140653 74
1738724551227 153.54414416731188 75
