1738722353803 189.72366295317855 0
1738722353836 97.84565232544134 1
1738722353869 146.78063028759013 2
1738722353902 224.88377991636315 3
1738722353935 178.7593087021603 4
1738722353968 164.04033765038056 5
1738722354001 207.697643321934 6
1738722354034 126.0053738967337 7
1738722354066 287.5835415831863 8
1738722354099 235.85943215906454 9
1738722354132 199.43437112829383 10
1738722354164 106.12827360950993 11
1738722354197 182.69483744781692 12
1738722354230 221.11198085190264 13
1738722354262 144.16446753139 14
1738722354295 161.8167492169106 15
1738722354327 148.42016065124523 16
1738722354360 152.278732431546 17
1738722354392 115.34022785974342 18
1738722354425 169.4997730179944 19
1738722354457 158.45343146743522 20
1738722354490 206.00129063047908 21
1738722354523 204.71317592684895 22
1738722354555 185.82504096155782 23
1738722354588 85.09209335738954 24
1738722354620 227.71368746981318 25
1738722354652 201.00808102530902 26
1738722354685 131.7070812026145 27
1738722354717 177.50606853174915 28
1738722354750 155.43027937174594 29
1738722354782 155.30983599058615 30
1738722354814 147.27141800666112 31
1738722354847 135.4823472275031 32
1738722354879 130.44256369403624 33
1738722354911 205.60718641628452 34
1738722354944 137.8365558118827 35
1738722354976 206.0994102968223 36
1738722355009 198.2352305742928 37
1738722355041 161.5356776048551 38
1738722355073 139.918685283862 39
1738722355106 184.8518139353148 40
1738722355138 61.825793139138504 41
1738722355170 148.12220231889503 42
1738722355202 90.15971406825008 43
1738722355235 195.88937686384708 44
1738722355267 146.69212651264164 45
1738722355300 135.41345857685664 46
1738722355334 104.43069710291496 47
1738722355367 213.39728443343128 48
1738722355401 89.7092391333178 49
1738722355436 184.67971285999758 50
1738722355469 145.91457639648672 51
1738722355502 131.23379038008645 52
1738722355535 207.0501545786613 53
1738722355568 230.61638256019987 54
1738722355601 140.57466895429923 55
1738722355635 162.67802329185054 56
1738722355668 179.6623760601942 57
1738722355700 184.70357736280184 58
1738722355733 90.16432771806541 59
1738722355766 120.36051772045383 60
1738722355799 61.8333681340028 61
1738722355833 163.3480098803603 62
1738722355866 249.7346409630211 63
1738722355899 240.64335527230648 64
1738722355932 231.259384558241 65
1738722355965 161.9957804764899 66
1738722355998 115.83471166749752 67
1738722356030 210.42255249384226 68
1738722356063 195.74042508901064 69
1738722356096 163.32212828750562 70
1738722356129 322.13610082847737 71
1738722356162 89.82085623715604 72
1738722356194 188.29766333867687 73
1738722356227 23.421804657981678 74
1738722356259 119.13171617538723 75
1738722356292 110.8612708166462 76
1738722356325 182.67810649228355 77
1738722356357 183.66795006413622 78
1738722356390 118.814234371025 79
1738722356423 212.72181829801886 80
1738722356456 142.3120378132679 81
1738722356490 113.62700739138025 82
1738722356523 110.27568352710387 83
1738722356556 140.5249594154903 84
1738722356589 133.3726617121381 85
1738722356622 143.01631505009794 86
1738722356655 173.29380887682112 87
1738722356688 221.98936927450194 88
1738722356721 153.99839054339617 89
1738722356755 228.89556186800968 90
1738722356787 161.54355548946648 91
1738722356820 133.7012033964747 92
1738722356853 197.01311653888942 93
1738722356886 144.31436341652903 94
1738722356919 159.09999962594117 95
1738722356951 149.88262817343593 96
1738722356984 104.8106585005128 97
1738722357017 90.99919251584632 98
1738722357050 133.50163638378112 99
1738722357083 235.78144577109975 100
1738722357115 152.33187120996186 101
1738722357148 166.87258698090037 102
1738722357181 209.07366120169215 103
1738722357214 116.58185761497124 104
1738722357247 105.84340073429757 105
1738722357280 108.65813340732878 106
1738722357313 131.1638325110487 107
1738722357347 204.79250818275682 108
1738722357380 164.81757089492825 109
1738722357413 160.57023743341412 110
1738722357447 285.5717738005145 111
1738722357480 222.58559806900226 112
1738722357514 378.62241466472824 113
1738722357547 233.24582689127567 114
1738722357580 190.96336940101918 115
1738722357614 177.16645644296702 116
1738722357647 176.97887927407305 117
1738722357680 126.37576571657011 118
1738722357713 122.82215290400171 119
1738722357746 125.09155529367577 120
1738722357779 135.5680378537063 121
1738722357813 65.95975995145926 122
1738722357846 227.63786015738856 123
1738722357879 115.70312954903906 124
1738722357912 262.45692650365436 125
1738722357946 208.84909773808045 126
1738722357979 149.33594486116633 127
1738722358012 109.87828959857252 128
1738722358045 217.51537699826324 129
1738722358078 199.38362763571055 130
1738722358111 100.34137402619778 131
1738722358144 146.4157963779145 132
1738722358177 201.80823802608225 133
1738722358210 147.10239683561213 134
1738722358243 176.24585053149818 135
1738722358276 178.3683495498605 136
1738722358309 122.43503172718523 137
1738722358343 192.47527999106455 138
1738722358376 116.22755874425984 139
1738722358410 125.40313597336187 140
1738722358443 229.66869064591293 141
1738722358476 201.63815932387905 142
1738722358510 142.08806384191868 143
1738722358543 196.82363827106903 144
1738722358577 167.5880552571786 145
1738722358610 155.63493062050247 146
1738722358643 236.8990120860714 147
1738722358677 99.82690536035238 148
1738722358710 126.5570209106588 149
1738722358743 214.57549106318467 150
1738722358776 186.85168401957742 151
1738722358809 188.2837796200252 152
1738722358842 209.32631463460788 153
1738722358875 278.5361396684571 154
1738722358908 163.53608280396594 155
1738722358941 163.1978473263013 156
1738722358974 243.51584210308653 157
1738722359007 139.36118566345084 158
1738722359040 134.46972895388103 159
1738722359073 278.32545765988135 160
1738722359106 196.6401947591854 161
1738722359139 104.18007925699007 162
1738722359172 260.87035714848764 163
1738722359204 106.66153565065191 164
1738722359237 163.20889531486702 165
1738722359270 273.0761007286791 166
1738722359303 171.37535532525945 167
1738722359336 139.7471916438254 168
1738722359368 99.72543803266937 169
1738722359401 195.48494996848243 170
1738722359434 174.4319493760239 171
1738722359467 136.06928890228977 172
1738722359500 89.71252749602368 173
1738722359533 169.08020218083558 174
1738722359566 135.59510453015224 175
1738722359598 230.96156587037564 176
1738722359631 250.42178921776016 177
1738722359664 143.0921631902079 178
1738722359697 263.34842092071875 179
1738722359730 56.1339901024678 180
1738722359763 155.58762392320372 181
1738722359795 170.68575375788544 182
1738722359828 189.37261863324957 183
1738722359861 159.49947685959228 184
1738722359893 477.84233269090834 185
1738722359926 107.09858920864781 186
1738722359960 219.44668454863034 187
1738722359992 72.588613466525 188
1738722360025 149.17519822992216 189
1738722360058 46.55699203420847 190
1738722360091 119.24561895548763 191
1738722360124 168.78204875049212 192
1738722360156 198.03634542037503 193
1738722360189 158.24356111928998 194
1738722360222 258.35682209142254 195
1738722360254 193.55508875363194 196
1738722360287 259.573946787306 197
1738722360320 197.9314338840783 198
1738722360353 158.2272371274708 199
1738722360385 94.59498575691252 200
1738722360418 126.36213097777625 201
1738722360450 218.30392572073734 202
1738722360483 317.73654455296315 203
1738722360516 160.2422031061878 204
1738722360549 228.07812779288528 205
1738722360581 184.99644689689316 206
1738722360614 144.12494198440504 207
1738722360647 168.3623582725336 208
1738722360679 226.35398646646857 209
1738722360712 116.08811380301529 210
1738722360744 334.7764581560872 211
1738722360777 230.0450930133189 212
1738722360809 124.19245817011222 213
1738722360842 195.3461986006758 214
1738722360875 75.62620352342111 215
1738722360907 148.89874618839565 216
1738722360940 195.33025297244137 217
1738722360972 119.32173027114864 218
1738722361005 187.89794376541144 219
1738722361037 139.79254996283194 220
1738722361070 195.62351076969006 221
1738722361102 176.5423046246786 222
1738722361135 306.6848501007496 223
1738722361167 129.242424784876 224
1738722361200 117.22985758177806 225
1738722361232 145.9270370371071 226
1738722361265 197.35254762595847 227
1738722361297 173.60506033953862 228
1738722361330 176.04236487604533 229
1738722361362 103.20896226860427 230
1738722361395 227.09981046385514 231
1738722361427 201.631626343463 232
1738722361460 208.55902560388148 233
1738722361492 150.8551435785482 234
1738722361524 165.61020837665276 235
1738722361557 315.34700870149834 236
1738722361589 278.44764611156097 237
1738722361622 214.68225509219303 238
1738722361654 234.43273071619382 239
1738722361686 43.02240454530462 240
1738722361719 122.86314428070627 241
1738722361751 231.7643752140496 242
1738722361783 181.2455547435656 243
1738722361816 378.6096864045506 244
1738722361848 276.6655147806716 245
1738722361881 158.02528816068238 246
1738722361913 201.6200799224211 247
1738722361945 135.91809976819266 248
1738722361978 215.6012216570237 249
1738722362010 137.02441067063882 250
1738722362043 139.46052488710063 251
1738722362075 121.60180174212697 252
1738722362108 156.32771766300118 253
1738722362140 227.75830909293256 254
1738722362172 304.17220234291347 255
1738722362205 166.27796747778046 256
1738722362237 276.93707909865384 257
1738722362269 176.7348417131307 258
1738722362301 122.97812144287555 259
1738722362333 115.99471434805544 260
1738722362366 98.04518202608384 261
1738722362399 151.13504303387057 262
1738722362432 145.2869830688917 263
1738722362465 202.20937951591256 264
1738722362498 228.75885589701065 265
1738722362531 104.67135448067965 266
1738722362564 158.81140741326843 267
1738722362597 186.672442865866 268
1738722362630 122.42172554184245 269
1738722362663 226.77472509486805 270
1738722362696 132.00922229710824 271
1738722362728 191.00823447054535 272
1738722362761 163.21991160759018 273
1738722362794 45.59276841469916 274
1738722362827 172.1872190404299 275
1738722362860 213.44847968561902 276
1738722362892 176.81218445211027 277
1738722362925 285.71287929473124 278
1738722362958 132.25597680044265 279
1738722362991 169.19515658145704 280
1738722363024 287.26376068093236 281
1738722363056 192.67712197365046 282
1738722363089 90.03213109427587 283
1738722363121 247.90174062686347 284
1738722363154 213.52061001758887 285
1738722363186 242.09354417700104 286
1738722363219 265.9438024410781 287
1738722363252 221.37803022379848 288
1738722363284 229.1702643517173 289
1738722363316 87.34714654209738 290
1738722363349 188.79796489969073 291
1738722363381 153.39303223108382 292
1738722363414 152.59482242447228 293
1738722363446 94.70254462427455 294
1738722363479 179.96823584422665 295
1738722363512 188.1098450918017 296
1738722363544 174.91313848055455 297
1738722363576 200.62729247609363 298
1738722363609 130.0193485479301 299
1738722363641 302.6511269704355 300
1738722363674 201.88989821941496 301
1738722363706 206.243646564001 302
1738722363739 155.2888481075544 303
1738722363771 142.26253360427816 304
1738722363803 144.56277307727512 305
1738722363836 180.6129934569311 306
1738722363868 202.65161252351555 307
1738722363900 115.30341987812848 308
1738722363933 227.18515223606587 309
1738722363965 166.33983158315007 310
1738722363997 176.92229141340275 311
1738722364030 119.42974448475088 312
1738722364062 214.61401342706253 313
1738722364095 230.7603621470677 314
1738722364127 106.57117654638847 315
1738722364159 188.1122336252479 316
1738722364192 197.85958449698822 317
1738722364224 205.85814146138168 318
1738722364256 213.57825374865965 319
1738722364289 150.56976097001066 320
1738722364322 164.73266957858058 321
1738722364355 120.0555571385105 322
1738722364388 139.37159310135212 323
1738722364421 140.26621442566096 324
1738722364454 79.57432385728605 325
1738722364487 142.8638830787391 326
1738722364520 223.55768602151971 327
1738722364553 84.87594887486442 328
1738722364586 212.76556358521546 329
1738722364619 80.74698259215984 330
1738722364652 129.02473656305958 331
1738722364686 109.49448710702355 332
1738722364718 196.54778771472573 333
1738722364751 189.24775816369845 334
1738722364784 262.0198805671064 335
1738722364817 332.1346534914487 336
1738722364850 210.1772428846147 337
1738722364884 79.73190615688502 338
1738722364917 262.91156763610377 339
1738722364950 274.03674400950683 340
1738722364984 142.97857178889265 341
1738722365017 207.29633146874914 342
1738722365050 198.57039562990832 343
1738722365083 152.42941375329366 344
1738722365116 82.65845480498105 345
1738722365149 149.89636958988913 346
1738722365181 143.6001687835373 347
1738722365214 155.3350336051004 348
1738722365247 158.6585224891763 349
1738722365280 158.7609247920481 350
1738722365313 345.66878693262197 351
1738722365345 76.05510387026168 352
1738722365378 450.45324633018544 353
1738722365411 352.85531899445124 354
1738722365444 249.99005995993463 355
1738722365476 150.59602628081473 356
1738722365509 49.05498593216532 357
1738722365542 141.09179182040867 358
1738722365574 157.8950227206102 359
1738722365607 159.35835743549202 360
1738722365639 184.56876504202964 361
1738722365672 148.73749479808376 362
1738722365704 142.19989122402825 363
1738722365737 159.94121047054506 364
1738722365769 195.41999263563196 365
1738722365803 97.81958581273608 366
1738722365836 152.54780474892817 367
1738722365869 198.78653971872228 368
1738722365902 170.44984713222567 369
1738722365935 176.46948648752243 370
1738722365968 395.5526505446981 371
1738722366001 159.9472184876071 372
1738722366033 227.54733278266792 373
1738722366066 175.22323882583203 374
1738722366099 158.57088008710153 375
1738722366132 81.36240946957241 376
1738722366165 238.7230373462123 377
1738722366197 84.74493772644745 378
1738722366230 300.1978641325598 379
1738722366262 154.57885963378592 380
1738722366295 105.82125713524164 381
1738722366328 167.9221686463188 382
1738722366360 128.82410496881332 383
1738722366393 150.57043355371493 384
1738722366425 185.3105536137431 385
1738722366458 221.42256876278398 386
1738722366490 239.43069251700678 387
1738722366523 196.46608674380596 388
1738722366556 146.42452006240367 389
1738722366590 116.88613831164629 390
1738722366622 200.54998697606928 391
1738722366655 190.0305075758894 392
1738722366688 130.97354754846305 393
1738722366721 108.10899687557608 394
1738722366754 143.99888919598493 395
1738722366786 123.17336461165384 396
1738722366819 186.16347658796283 397
1738722366852 104.21185398795313 398
1738722366885 202.63899686620942 399
1738722366917 109.13273105161443 400
1738722366950 153.45158291103198 401
1738722366983 170.58103058333876 402
1738722367015 99.36011612962245 403
1738722367048 101.20933409896955 404
1738722367081 166.70673117558317 405
1738722367114 189.3492921803445 406
1738722367146 210.4038482044188 407
1738722367179 179.9265153564216 408
1738722367212 192.41457081557178 409
1738722367244 138.10429027595356 410
1738722367277 1.7621871710933592 411
1738722367310 266.69328901525313 412
1738722367343 217.38674144276123 413
1738722367375 196.78219218974263 414
1738722367408 202.68085760131228 415
1738722367441 209.09524346497307 416
1738722367473 343.5621663402398 417
1738722367506 156.21651081302218 418
1738722367538 190.2873029053487 419
1738722367571 202.05209297559816 420
1738722367604 177.59436193420746 421
1738722367637 218.03198055756081 422
1738722367669 146.54731979161232 423
1738722367702 229.29426992161333 424
1738722367734 220.1545764353871 425
1738722367767 147.9022720340253 426
1738722367799 84.64368467470618 427
1738722367832 174.5629706219954 428
1738722367865 115.59629111432527 429
1738722367897 156.69598566716778 430
1738722367930 180.21856921161134 431
1738722367962 207.06687817330342 432
1738722367995 170.08888989293666 433
1738722368027 197.6838371023773 434
1738722368060 164.31331781040802 435
1738722368092 213.15047337984035 436
1738722368125 156.57120772141917 437
1738722368158 191.5676765639773 438
1738722368191 131.7223252234343 439
1738722368223 178.81374485177676 440
1738722368256 163.8677555400046 441
1738722368288 163.79732787621228 442
1738722368320 136.5243937565262 443
1738722368353 89.95791372029392 444
1738722368385 142.84070851773396 445
1738722368418 141.48014981614045 446
1738722368450 165.5992815875457 447
1738722368483 312.5182051112685 448
1738722368515 214.77530609827252 449
1738722368548 59.12667927663726 450
1738722368580 166.55770529777027 451
1738722368612 180.4923528095881 452
1738722368645 224.23418478526418 453
1738722368677 157.2447909775961 454
1738722368710 153.10306033357088 455
1738722368742 128.74316069430978 456
1738722368774 209.77052209547756 457
1738722368806 144.30524830565264 458
1738722368839 126.85701712182612 459
1738722368871 162.38862193156044 460
1738722368903 224.69893812130053 461
1738722368936 193.1420544198293 462
1738722368968 202.00974510839427 463
1738722369000 184.5719957565489 464
1738722369033 157.9830518412694 465
1738722369065 200.3369191065385 466
1738722369097 213.9028548130416 467
1738722369129 153.7315564623177 468
1738722369162 197.82610404829575 469
1738722369194 100.15255601480527 470
1738722369226 237.71359669733147 471
1738722369258 335.4381382868876 472
1738722369291 85.71812525825763 473
1738722369323 131.81974961303752 474
1738722369355 208.66373750433684 475
1738722369388 199.0405319614191 476
1738722369420 239.67305326018172 477
1738722369452 258.2089747582143 478
1738722369484 165.44579243399158 479
1738722369517 219.13322455361975 480
1738722369549 215.39858332081664 481
1738722369581 137.83560762004518 482
1738722369613 137.84559534388404 483
1738722369646 178.7170904681691 484
1738722369678 164.01416757705906 485
1738722369710 190.27696159934825 486
1738722369742 226.16501084486865 487
1738722369774 112.38702550721331 488
1738722369807 174.2357133671509 489
1738722369839 189.87867333352705 490
1738722369871 197.59219545303677 491
1738722369904 141.84726503243127 492
1738722369936 126.7616136869023 493
1738722369968 130.8902432498784 494
1738722370000 131.230556109445 495
1738722370032 225.57067061602893 496
1738722370065 368.54493394784566 497
1738722370097 143.56823439103167 498
1738722370129 161.90190178390165 499
