1738722389038 169.2631086956892 0
1738722389040 169.2614687507553 1
1738722389041 169.25983525049338 2
1738722389042 169.25820816753227 3
1738722389043 169.25658747462197 4
1738722389045 169.25497314463246 5
1738722389046 169.2533651505539 6
1738722389047 169.25176346549551 7
1738722389048 169.2501680626854 8
1738722389049 169.24857891546984 9
1738722389051 169.24699599731275 10
1738722389052 169.24541928179525 11
1738722389053 169.24384874261506 12
1738722389054 169.24228435358597 13
1738722389056 169.24072608863742 14
1738722389057 169.23917392181377 15
1738722389058 169.23762782727414 16
1738722389059 169.2360877792914 17
1738722389061 169.23455375225214 18
1738722389062 169.23302572065583 19
1738722389063 169.23150365911445 20
1738722389064 169.22998754235203 21
1738722389065 169.22847734520397 22
1738722389067 169.22697304261666 23
1738722389068 169.22547460964705 24
1738722389070 169.22398202146195 25
1738722389071 169.22249525333777 26
1738722389072 169.2210142806598 27
1738722389073 169.21953907892194 28
1738722389075 169.21806962372597 29
1738722389076 169.21660589078127 30
1738722389078 169.21514785590423 31
1738722389079 169.2136954950179 32
1738722389080 169.21224878415123 33
1738722389082 169.21080769943893 34
1738722389083 169.2093722171207 35
1738722389084 169.207942313541 36
1738722389086 169.20651796514844 37
1738722389087 169.20509914849532 38
1738722389088 169.20368584023717 39
1738722389089 169.2022780171324 40
1738722389090 169.2008756560416 41
1738722389092 169.19947873392735 42
1738722389093 169.19808722785353 43
1738722389095 169.196701114985 44
1738722389096 169.19532037258716 45
1738722389097 169.1939449780253 46
1738722389099 169.19257490876453 47
1738722389100 169.19121014236893 48
1738722389101 169.18985065650125 49
1738722389102 169.1884964289226 50
1738722389104 169.18714743749192 51
1738722389105 169.18580366016533 52
1738722389106 169.18446507499613 53
1738722389107 169.18313166013388 54
1738722389108 169.1818033938244 55
1738722389109 169.18048025440902 56
1738722389111 169.1791622203243 57
1738722389112 169.1778492701016 58
1738722389113 169.17654138236654 59
1738722389114 169.17523853583882 60
1738722389116 169.17394070933153 61
1738722389117 169.17264788175075 62
1738722389118 169.17136003209544 63
1738722389120 169.1700771394567 64
1738722389121 169.16879918301737 65
1738722389122 169.16752614205186 66
1738722389123 169.16625799592546 67
1738722389124 169.16499472409413 68
1738722389126 169.1637363061041 69
1738722389127 169.1624827215912 70
1738722389128 169.16123395028077 71
1738722389129 169.15998997198713 72
1738722389130 169.15875076661308 73
1738722389132 169.15751631414977 74
1738722389133 169.156286594676 75
1738722389134 169.155061588358 76
1738722389136 169.153841275449 77
1738722389137 169.15262563628892 78
