1738724143149 169.23884560674298 0
1738724143152 169.24226903229533 1
1738724143154 169.240166447656 2
1738724143156 169.23819657458216 3
1738724143158 169.23623294174854 4
1738724143160 169.23427830122293 5
1738724143162 169.23233254882376 6
1738724143164 169.23039564390402 7
1738724143166 169.22846754460832 8
1738724143168 169.22654820931413 9
1738724143171 169.2246375965981 10
1738724143173 169.2227356652361 11
1738724143175 169.2208423742022 12
1738724143177 169.21895768266762 13
1738724143179 169.21708154999988 14
1738724143181 169.2152139357617 15
1738724143184 169.21335479971026 16
1738724143186 169.2115041017961 17
1738724143188 169.2096618021622 18
1738724143190 169.20782786114316 19
1738724143192 169.20600223926408 20
1738724143195 169.20418489723983 21
1738724143197 169.20237579597404 22
1738724143199 169.20057489655815 23
1738724143201 169.19878216027058 24
1738724143203 169.19699754857575 25
1738724143205 169.1952210231233 26
1738724143207 169.193452545747 27
1738724143209 169.19169207846406 28
1738724143211 169.18993958347406 29
1738724143213 169.1881950231582 30
1738724143215 169.18645836007835 31
1738724143218 169.18472955697627 32
1738724143220 169.1830085767726 33
1738724143222 169.18129538256605 34
1738724143224 169.17958993763258 35
1738724143227 169.1778922054246 36
1738724143229 169.1762021495698 37
1738724143231 169.17451973387074 38
1738724143233 169.17284492230363 39
1738724143236 169.17117767901777 40
1738724143238 169.1695179683346 41
1738724143240 169.16786575474669 42
1738724143243 169.16622100291724 43
1738724143245 169.16458367767908 44
1738724143247 169.16295374403367 45
1738724143249 169.1613311671508 46
1738724143251 169.15971591236712 47
1738724143254 169.15810794518595 48
1738724143256 169.15650723127584 49
1738724143258 169.15491373647046 50
1738724143260 169.15332742676728 51
1738724143262 169.15174826832694 52
1738724143264 169.15017622747249 53
1738724143266 169.14861127068863 54
1738724143268 169.1470533646208 55
1738724143270 169.1455024760746 56
1738724143272 169.1439585720147 57
1738724143274 169.14242161956446 58
1738724143276 169.14089158600487 59
1738724143278 169.13936843877394 60
1738724143280 169.13785214546584 61
1738724143282 169.13634267383017 62
1738724143284 169.13483999177132 63
1738724143287 169.1333440673475 64
1738724143289 169.1318548687702 65
1738724143291 169.1303723644034 66
1738724143293 169.12889652276272 67
1738724143295 169.12742731251478 68
1738724143297 169.12596470247652 69
1738724143299 169.12450866161439 70
1738724143301 169.1230591590436 71
1738724143303 169.1216161640275 72
1738724143305 169.1201796459767 73
1738724143307 169.11874957444869 74
1738724143310 169.11732591914662 75
1738724143312 169.11590864991913 76
1738724143314 169.11449773675926 77
1738724143316 169.1130931498039 78
1738724143318 169.11169485933306 79
1738724143321 169.11030283576935 80
1738724143323 169.10891704967693 81
1738724143325 169.1075374717612 82
1738724143327 169.1061640728678 83
1738724143329 169.10479682398224 84
1738724143331 169.1034356962289 85
1738724143333 169.1020806608707 86
1738724143335 169.1007316893081 87
1738724143337 169.09938875307873 88
1738724143340 169.0980518238564 89
1738724143342 169.0967208734508 90
1738724143344 169.09539587380658 91
1738724143346 169.09407679700277 92
1738724143348 169.0927636152522 93
1738724143350 169.09145630090077 94
1738724143352 169.09015482642684 95
1738724143354 169.08885916444055 96
1738724143356 169.0875692876833 97
1738724143358 169.0862851690269 98
1738724143360 169.08500678147314 99
1738724143362 169.0837340981532 100
1738724143364 169.0824670923267 101
1738724143367 169.08120573738142 102
1738724143369 169.0799500068326 103
1738724143371 169.07869987432215 104
1738724143373 169.0774553136182 105
1738724143375 169.07621629861458 106
1738724143377 169.0749828033299 107
1738724143379 169.07375480190728 108
1738724143381 169.07253226861351 109
1738724143383 169.0713151778386 110
1738724143385 169.07010350409507 111
1738724143387 169.06889722201748 112
1738724143389 169.06769630636174 113
1738724143392 169.06650073200456 114
1738724143394 169.06531047394284 115
1738724143396 169.06412550729314 116
1738724143398 169.06294580729107 117
1738724143400 169.06177134929078 118
1738724143402 169.06060210876421 119
1738724143404 169.0594380613007 120
1738724143406 169.05827918260633 121
1738724143408 169.05712544850348 122
1738724143410 169.05597683493002 123
1738724143412 169.054833317939 124
1738724143414 169.05369487369802 125
