1738724586612 159.9040456655753 0
1738724586644 163.3063946421548 1
1738724586676 175.84003994585186 2
1738724586707 187.99965500764515 3
1738724586739 170.0828286652463 4
1738724586771 154.8353923684513 5
1738724586804 166.4349489653169 6
1738724586836 163.95989108522372 7
1738724586868 170.1811977285128 8
1738724586900 186.17067458275295 9
1738724586932 174.3925624304862 10
1738724586963 179.67863934890448 11
1738724586995 165.68804594277356 12
1738724587027 180.115477541044 13
1738724587059 186.0252780974895 14
1738724587091 148.8516647991939 15
1738724587123 140.8044313871588 16
1738724587154 182.07666937561572 17
1738724587186 142.31029048366653 18
1738724587218 125.03401741180464 19
1738724587249 154.8038708954846 20
1738724587281 164.44436124859917 21
1738724587313 134.1294950058511 22
1738724587344 167.62451755636988 23
1738724587376 178.4730000627959 24
1738724587407 156.73809518270474 25
1738724587439 199.91608104212023 26
1738724587471 174.49777936665305 27
1738724587502 163.40004373334196 28
1738724587534 181.37138013143937 29
1738724587565 162.71164270722323 30
1738724587597 135.57270220121515 31
1738724587629 156.30052090486146 32
1738724587660 175.0243584929117 33
1738724587692 186.12462370932275 34
1738724587723 176.99706768553304 35
1738724587755 160.14098860647354 36
1738724587787 123.0217396872052 37
1738724587818 187.95323612308601 38
1738724587850 176.6123519941303 39
1738724587881 156.2966411779023 40
1738724587913 134.3110842799091 41
1738724587945 162.7988289421473 42
1738724587976 182.0528985231702 43
1738724588008 169.81590547296972 44
1738724588040 154.82183295073605 45
1738724588071 173.7515269110256 46
1738724588103 181.19235022989233 47
1738724588135 186.88324936024682 48
1738724588167 193.98200406808704 49
1738724588199 181.57221334325462 50
1738724588231 134.07700170065516 51
1738724588263 179.1668923266332 52
1738724588295 183.49424679623786 53
1738724588351 168.6976411818268 54
1738724588383 177.586277458308 55
1738724588415 170.9940767593331 56
1738724588447 181.73591985415277 57
1738724588479 189.08933412717596 58
1738724588512 155.98893081672875 59
1738724588544 164.41043021146987 60
1738724588576 149.51059720294663 61
1738724588608 187.49733009872762 62
1738724588640 128.4293319544328 63
1738724588672 168.42479477656138 64
1738724588704 175.73119714731695 65
1738724588735 207.45527325774464 66
1738724588767 182.43982994661738 67
1738724588799 159.21902698241982 68
1738724588831 179.36556500202678 69
1738724588863 160.39239803276698 70
1738724588894 158.27545568081834 71
1738724588926 184.98811618319868 72
1738724588958 159.3503527402259 73
1738724588990 172.7289210052419 74
1738724589022 164.09200821780348 75
1738724589053 187.89374754951663 76
1738724589085 142.08956357094937 77
1738724589117 183.99718988883959 78
1738724589148 150.15472406864714 79
1738724589180 161.12397580857663 80
1738724589211 167.36713667223052 81
1738724589243 175.4806683290503 82
1738724589275 158.89057783452213 83
1738724589306 169.4190678272825 84
1738724589338 167.10781224806874 85
1738724589370 158.80935790475505 86
1738724589401 150.18106923322756 87
1738724589433 194.07087312639828 88
1738724589464 207.45590179000885 89
1738724589496 163.82075770663255 90
1738724589528 152.11741900018308 91
1738724589559 182.6470975974588 92
1738724589591 151.14257198765097 93
1738724589622 123.51820907565696 94
1738724589654 175.37428437633378 95
1738724589685 171.68069802137094 96
1738724589717 165.46738870247938 97
1738724589748 156.15705440180187 98
1738724589780 158.54534282086806 99
1738724589811 143.50612224289029 100
1738724589843 174.45949251101615 101
1738724589875 176.11635221427053 102
1738724589906 175.61856863896108 103
1738724589938 157.23616825962438 104
1738724589969 175.04644231912687 105
1738724590001 176.6575350104532 106
1738724590033 175.44214383147792 107
1738724590064 192.70194857464563 108
1738724590096 167.62426756371946 109
1738724590127 216.31397766870796 110
1738724590159 154.94324787912495 111
1738724590190 152.44448738711884 112
1738724590222 172.86185590582792 113
1738724590253 142.38382386878823 114
1738724590285 145.84155475571092 115
1738724590317 167.66875991004284 116
1738724590348 157.03636719622725 117
1738724590380 156.72615727632416 118
1738724590411 158.14484895495158 119
1738724590442 157.41829429425283 120
1738724590474 186.46561304303674 121
1738724590505 152.12692564068126 122
1738724590537 177.92997654994468 123
1738724590569 173.57041814743323 124
1738724590600 172.2385683252301 125
1738724590632 154.79508341134496 126
1738724590663 168.84403409146356 127
1738724590695 147.4810144472818 128
1738724590726 184.82322040080092 129
1738724590758 126.47856686704822 130
1738724590789 160.9601374796593 131
1738724590821 173.192477093643 132
1738724590852 155.1738457284821 133
1738724590884 177.12027933566833 134
1738724590915 191.80410324343677 135
1738724590947 169.36757552224066 136
1738724590978 159.9743745632684 137
1738724591010 169.92454274065312 138
1738724591041 194.71037920849085 139
1738724591073 196.55067595766386 140
1738724591104 147.36627125565786 141
1738724591136 134.4033678455236 142
1738724591167 164.46219158053148 143
1738724591199 168.096532152916 144
1738724591230 165.7560687419169 145
1738724591261 177.8986039392619 146
1738724591293 160.03300040863115 147
1738724591324 175.5947880712812 148
1738724591355 167.6504480235226 149
1738724591387 120.95235678248221 150
1738724591419 164.0539548276224 151
1738724591450 155.04124973718447 152
1738724591481 149.42761035119008 153
1738724591513 173.6703631218493 154
1738724591544 171.4796478772421 155
1738724591576 149.96663700034796 156
1738724591607 170.5940687403623 157
1738724591639 164.05364457311688 158
1738724591670 172.49645928624008 159
1738724591702 187.6406271597157 160
1738724591733 181.778499053211 161
1738724591765 164.40994124029856 162
1738724591796 161.39980836598994 163
1738724591828 153.32881655722312 164
1738724591859 188.22125595359202 165
1738724591890 175.96901012093267 166
1738724591922 171.26589932974213 167
1738724591953 207.796531964976 168
1738724591985 179.33522861699447 169
1738724592016 181.40988013369207 170
1738724592047 150.8438951019046 171
1738724592079 207.56246917449303 172
1738724592110 167.64371751140774 173
1738724592142 155.30880929576486 174
1738724592173 160.86816775940005 175
1738724592204 214.96747516497996 176
1738724592236 128.6794100436622 177
1738724592267 187.5527436393201 178
1738724592299 161.21468540252167 179
1738724592330 167.03689269331431 180
1738724592361 182.22605040729482 181
1738724592393 175.67131827893022 182
1738724592424 198.30730754016267 183
1738724592456 268.551185533305 184
1738724592487 186.80574454831768 185
1738724592519 149.56824577954694 186
1738724592550 165.91972988167652 187
1738724592581 162.95578621624975 188
1738724592613 151.18300149948996 189
1738724592645 178.85042414423714 190
1738724592676 195.1704817855495 191
1738724592708 162.20276409178885 192
1738724592739 176.65463606035524 193
1738724592770 157.59598706350064 194
1738724592802 126.76486956523875 195
1738724592833 215.82004961561876 196
1738724592864 152.19073866745924 197
1738724592896 165.4643586491905 198
1738724592927 147.47476329521254 199
1738724592959 168.89469761042528 200
1738724592990 182.81170417557783 201
1738724593021 195.97290651841445 202
1738724593053 171.76397741791754 203
1738724593084 147.34365980133683 204
1738724593115 177.75280590443546 205
1738724593147 106.96847704244934 206
1738724593178 154.0328919622691 207
1738724593209 182.63167624378633 208
1738724593241 200.16324336490248 209
1738724593272 187.1185615822279 210
1738724593303 190.76784193369645 211
1738724593335 185.0672198740435 212
1738724593366 174.3141085369132 213
1738724593397 178.63200868454337 214
1738724593428 192.3831516497945 215
1738724593460 169.81292465409322 216
1738724593491 192.14394402787573 217
1738724593522 161.63925122004676 218
1738724593554 173.5126286425023 219
1738724593585 160.05840066461235 220
1738724593616 193.42908145051678 221
1738724593648 210.8387568050643 222
1738724593679 153.99014628992722 223
1738724593710 149.16680332652362 224
1738724593742 180.4013725241542 225
1738724593773 179.53509725026063 226
1738724593804 177.00297509607276 227
1738724593836 203.281320287155 228
1738724593867 151.62508814619522 229
1738724593898 163.97912857978727 230
1738724593930 176.04090959206206 231
1738724593961 169.5986749581004 232
1738724593992 141.4241447606982 233
1738724594024 192.9530727492675 234
1738724594055 171.95975284327653 235
1738724594086 124.39197950589272 236
1738724594118 173.603553151083 237
1738724594149 188.89802973780488 238
1738724594180 165.52787720929754 239
1738724594212 179.52128967196896 240
1738724594243 184.92014578962153 241
1738724594274 166.7742205603498 242
1738724594306 153.91923826469784 243
1738724594337 187.82146819512553 244
1738724594368 173.5863124761845 245
1738724594399 177.0327596956015 246
1738724594431 190.463144040223 247
1738724594462 199.96223977294525 248
1738724594493 166.78101211327908 249
1738724594525 210.10331045197674 250
1738724594556 117.24800028400082 251
1738724594587 171.3949447460007 252
1738724594619 164.67919993970352 253
1738724594650 166.95923289292705 254
1738724594682 181.83887328055943 255
1738724594714 171.4550360973039 256
1738724594745 185.12868155773853 257
1738724594776 185.41565196756304 258
1738724594808 201.29409972802296 259
1738724594839 184.86186359575254 260
1738724594870 158.35058488966544 261
1738724594902 191.64812039393283 262
1738724594933 165.89855354795205 263
1738724594964 168.29094482837255 264
1738724594996 189.3268348759611 265
1738724595027 114.65134813613712 266
1738724595058 141.400659132476 267
1738724595090 171.53592670147862 268
1738724595121 168.63457186890594 269
1738724595152 175.04375584877306 270
1738724595183 182.3696923743996 271
1738724595215 230.77824827858916 272
1738724595246 193.6033179376271 273
1738724595277 187.59078545523096 274
1738724595309 154.48914984592216 275
1738724595340 155.45122917485415 276
1738724595371 166.9391547798178 277
1738724595403 170.28426074353547 278
1738724595434 189.25054503595348 279
1738724595465 188.07276731178308 280
1738724595496 170.7501474484131 281
1738724595528 152.07987874185372 282
1738724595559 159.94482803282213 283
1738724595590 146.9768618618381 284
1738724595621 152.65241632989128 285
1738724595653 159.13943756688482 286
1738724595684 144.2844385360729 287
1738724595715 188.14227835582403 288
1738724595746 152.45323538911157 289
1738724595778 158.6838335536023 290
1738724595809 191.82924390021523 291
1738724595840 151.5855678672516 292
1738724595871 182.67539682091638 293
1738724595902 164.98396876169204 294
1738724595934 214.46782934996725 295
1738724595965 176.19360955917762 296
1738724595996 141.78681219698498 297
1738724596027 160.12516841042353 298
1738724596059 185.12888622171798 299
1738724596090 171.37218666224788 300
1738724596121 167.99900816105932 301
1738724596152 172.88152962115333 302
1738724596184 151.24649960005928 303
1738724596215 171.47714575325483 304
1738724596246 203.16425474340215 305
1738724596277 195.28982895853926 306
1738724596309 162.18215780686407 307
1738724596341 171.24376520467746 308
1738724596372 155.87309020847894 309
1738724596403 161.24032743895054 310
1738724596435 172.23059072458005 311
1738724596466 161.59358728451522 312
1738724596497 207.43471356323857 313
1738724596528 181.07478726472974 314
1738724596560 170.1919435758732 315
1738724596591 142.37339370629806 316
1738724596622 189.9380149972267 317
1738724596654 171.58086859891782 318
1738724596685 145.9491665374139 319
1738724596717 170.45218557947405 320
1738724596748 168.98863525204987 321
1738724596780 159.00840014257338 322
1738724596811 165.23773771742208 323
1738724596842 110.31898306491239 324
1738724596873 138.4840778902999 325
1738724596904 172.50589607159847 326
1738724596936 159.22356180677843 327
1738724596967 183.93434619164532 328
1738724596998 197.75612371904575 329
1738724597030 160.98531799878256 330
1738724597061 154.6175542667877 331
1738724597092 129.85398740456563 332
1738724597124 177.20656186901292 333
1738724597155 202.08419740262522 334
1738724597186 183.11437749902825 335
1738724597217 154.09412614608297 336
1738724597248 109.80866317946084 337
1738724597280 176.84536188569925 338
1738724597311 167.81821892281332 339
1738724597342 187.929572308556 340
1738724597374 172.27536381558753 341
1738724597405 163.0521736312451 342
1738724597436 160.77780552154894 343
1738724597467 184.60689855698206 344
1738724597499 173.4411075595721 345
1738724597530 217.99169517923966 346
1738724597561 166.47186700433448 347
1738724597592 156.16066904755428 348
1738724597623 171.7586000088359 349
1738724597655 172.4053290259749 350
1738724597686 155.3567045008626 351
1738724597717 143.7649089200105 352
1738724597748 168.37690505751482 353
1738724597780 168.9415775147418 354
1738724597811 180.5790657124167 355
1738724597842 151.92564910596468 356
1738724597873 164.77505802550124 357
1738724597904 196.99879090044016 358
1738724597936 202.08853469061344 359
1738724597967 175.54115702819036 360
1738724597998 168.38021816555204 361
1738724598029 125.00282877700472 362
1738724598061 170.2135361937633 363
1738724598092 174.1468345670346 364
1738724598123 183.799658765883 365
1738724598155 174.3672111950749 366
1738724598186 150.10262570242304 367
1738724598217 169.19688349247537 368
1738724598248 154.04161002180604 369
1738724598280 177.29474886473105 370
1738724598311 160.9323695434237 371
1738724598342 175.0891082251509 372
1738724598374 193.9573947998273 373
1738724598405 200.0880921360056 374
1738724598436 157.69879214936563 375
1738724598467 171.35409185235557 376
1738724598499 157.26342276871972 377
1738724598531 201.81375713341558 378
1738724598564 185.54633651351233 379
1738724598597 172.65399309765442 380
1738724598629 195.10014465692205 381
1738724598662 172.85189195660556 382
1738724598694 166.18543755116562 383
1738724598727 182.5570242664207 384
1738724598760 175.72069991468885 385
1738724598792 183.3409976249372 386
1738724598824 153.22125245770485 387
1738724598856 191.31492640792302 388
1738724598889 154.44987420897266 389
1738724598921 145.0291016827378 390
1738724598953 170.39162987187774 391
1738724598985 158.65827867671075 392
1738724599017 166.97211032323762 393
1738724599049 159.53711287650202 394
1738724599081 210.93664692753808 395
1738724599114 231.1719501767719 396
1738724599146 158.7054808616423 397
1738724599178 187.3538142969473 398
1738724599210 167.65066018981244 399
1738724599242 147.58776909210516 400
1738724599274 175.66993292684742 401
1738724599306 179.93214251360936 402
1738724599338 165.21289115194432 403
