1738724148534 168.58061076083257 0
1738724148538 169.62977572339565 1
1738724148541 168.9103035603586 2
1738724148544 169.31086309808623 3
1738724148547 168.64255469739703 4
1738724148550 170.30050665379338 5
1738724148553 168.17557481303365 6
1738724148556 168.74705031924455 7
1738724148559 166.74608706298235 8
1738724148562 169.94600468224215 9
1738724148565 168.87391498084585 10
1738724148567 165.7684538653729 11
1738724148570 171.22448789292702 12
1738724148574 168.06708585090902 13
1738724148577 170.23827694917625 14
1738724148579 169.486585986584 15
1738724148582 168.93367430639483 16
1738724148585 166.65374492126458 17
1738724148589 169.67154249687425 18
1738724148592 168.1510176845415 19
1738724148596 166.15488561023605 20
1738724148599 168.3821467842033 21
1738724148612 169.9490253434146 22
1738724148616 170.18441683473347 23
1738724148619 168.53919596060774 24
1738724148625 169.85823240527571 25
1738724148630 170.13095023472982 26
1738724148633 167.25603505750115 27
1738724148636 168.33142199265788 28
1738724148639 167.90618146045043 29
1738724148642 168.83322308463354 30
1738724148644 170.954608861456 31
1738724148647 170.18742478256712 32
1738724148650 169.73115030564966 33
1738724148653 168.3767769841781 34
1738724148655 169.15189157111766 35
1738724148658 170.33213476502755 36
1738724148661 170.77695910761167 37
1738724148664 167.24379405752086 38
1738724148666 170.66813039742772 39
1738724148669 170.99701396486194 40
1738724148672 170.509985300153 41
1738724148675 168.13710215648038 42
1738724148677 167.9887255802241 43
1738724148680 169.65514618879683 44
1738724148683 168.8605510620081 45
1738724148686 172.2247775472498 46
1738724148688 167.64610309517033 47
1738724148691 168.9477880994949 48
1738724148694 167.66787182054694 49
1738724148697 167.04112026453183 50
1738724148699 170.1286403974004 51
1738724148702 169.54266554080644 52
1738724148705 166.5752480019316 53
1738724148708 168.50001338650407 54
1738724148710 169.47233757925665 55
1738724148713 169.55717742229055 56
1738724148716 168.16617088438318 57
1738724148719 167.28941736946487 58
1738724148722 167.31492112079738 59
1738724148725 171.09252187743184 60
1738724148727 168.69943469541994 61
1738724148730 169.55328512118083 62
1738724148733 169.10234479854742 63
1738724148736 168.13312874149148 64
1738724148739 170.82023456577343 65
1738724148741 166.1497743488401 66
1738724148744 169.2430448979093 67
1738724148747 169.7814209062897 68
1738724148750 167.35036996052284 69
1738724148752 169.75794111878787 70
1738724148755 168.60944605483922 71
1738724148758 168.31064797405153 72
1738724148761 169.59337433664356 73
1738724148763 168.65256820440297 74
1738724148766 173.0158208306611 75
1738724148769 168.85314566256375 76
1738724148772 170.11570627028968 77
1738724148775 166.52721241004716 78
1738724148777 169.6074091424128 79
1738724148780 169.89293791479614 80
1738724148783 169.58716465001072 81
1738724148786 170.3530899575719 82
1738724148788 170.48882463431366 83
1738724148791 169.14107377235771 84
1738724148794 169.02754066367424 85
1738724148797 169.67218470606355 86
1738724148799 168.29116258330475 87
1738724148802 167.50705401981855 88
1738724148805 168.75962689912149 89
1738724148808 169.5589488405065 90
1738724148810 168.73992443997454 91
1738724148813 169.42517030386972 92
1738724148816 169.72135850565311 93
1738724148819 168.34419421283695 94
1738724148821 169.38800836392497 95
1738724148824 165.47411381938974 96
1738724148827 167.95921762205984 97
1738724148830 168.93010499518226 98
1738724148832 165.77457212813215 99
1738724148835 170.51834934987622 100
1738724148838 168.58195790566253 101
1738724148841 168.94227248973627 102
1738724148843 173.69488697032372 103
1738724148846 166.37689954980297 104
1738724148849 168.34667939416335 105
1738724148852 168.11488405840052 106
1738724148854 171.1312851857115 107
1738724148857 167.9155073373079 108
1738724148860 168.55422067460376 109
1738724148863 170.5528137017086 110
1738724148865 167.46379987362715 111
1738724148868 169.06705056349162 112
1738724148871 167.39556001384477 113
1738724148874 168.2197351311963 114
1738724148876 170.42730637353054 115
1738724148879 169.72502635947782 116
1738724148882 167.2415391875523 117
1738724148885 170.00710953630994 118
1738724148887 166.93770143842767 119
1738724148890 167.75645054052188 120
1738724148893 172.49295412212666 121
1738724148896 167.57982393935154 122
1738724148898 164.5126674104205 123
1738724148901 166.3853670305692 124
1738724148904 168.5511445455704 125
1738724148907 170.74815022715433 126
1738724148909 168.8920679742799 127
1738724148912 170.27447047635516 128
1738724148915 168.97521598203278 129
1738724148918 166.30474004344475 130
1738724148920 166.24569325449193 131
1738724148923 167.9441694078784 132
1738724148926 168.55537814859707 133
1738724148929 169.25609150372765 134
1738724148931 169.00058122424778 135
1738724148934 168.739858157534 136
1738724148937 168.57032667687852 137
1738724148940 167.61621273298113 138
1738724148942 167.84509506284516 139
1738724148945 168.33882729265684 140
1738724148948 172.42069628797486 141
1738724148951 168.99568030583015 142
1738724148953 166.77669529175625 143
1738724148956 168.01278264033215 144
1738724148959 167.76639492182107 145
1738724148961 170.52331813442515 146
1738724148964 168.89365197557885 147
1738724148967 170.48366677661696 148
1738724148970 168.84662299172547 149
1738724148972 168.78312027451085 150
1738724148975 168.31458992629777 151
1738724148978 165.9401465158912 152
1738724148981 170.20404343325995 153
1738724148983 167.29040639227838 154
1738724148986 168.12215281316628 155
1738724148989 169.89037510137112 156
1738724148992 169.65809549729408 157
1738724148994 170.4542181809126 158
1738724148997 165.87192237602616 159
1738724149000 169.0404010566467 160
1738724149003 168.6639743786755 161
1738724149005 171.11586503893665 162
1738724149008 167.63650765542243 163
1738724149011 169.3458447778545 164
1738724149014 168.58276320049984 165
1738724149016 168.44817291751448 166
1738724149019 168.9223340400419 167
1738724149022 169.46128636379495 168
1738724149025 170.69338532797593 169
1738724149027 169.55294382223073 170
1738724149030 168.03151731717753 171
1738724149033 167.6236994970157 172
1738724149036 169.3170970633999 173
1738724149038 169.84750429027304 174
1738724149041 171.07451708669268 175
1738724149044 167.40603038899297 176
1738724149047 169.0291811237407 177
1738724149049 169.18225269281623 178
1738724149052 169.35511802701228 179
1738724149055 169.53481840565985 180
1738724149058 170.14747564278125 181
1738724149060 169.8266438361818 182
