1738724722886 227.44382093276175 0
1738724722916 120.38370855869339 1
1738724722946 202.59183294417457 2
1738724722976 88.07324314111995 3
1738724723005 209.28868479867924 4
1738724723035 168.74845465477918 5
1738724723065 114.75752351020971 6
1738724723094 175.66703861844135 7
1738724723123 155.95817300605674 8
1738724723152 201.7477282615305 9
1738724723181 176.3608624511085 10
1738724723210 198.077043556568 11
1738724723239 198.5414941749253 12
1738724723268 192.4373317905234 13
1738724723297 80.66353756482289 14
1738724723327 107.58601572873545 15
1738724723357 191.53557628747427 16
1738724723386 127.87741195669214 17
1738724723415 119.24856375939454 18
1738724723444 203.01046215476947 19
1738724723474 141.2786160603333 20
1738724723503 173.18692052799383 21
1738724723532 260.53324285881325 22
1738724723561 159.03339798356296 23
1738724723591 182.45512829824264 24
1738724723620 217.7684337796224 25
1738724723650 181.17435916712094 26
1738724723680 172.2791371626406 27
1738724723711 193.25554197130936 28
1738724723740 149.41920267254667 29
1738724723770 177.48515822588712 30
1738724723799 206.25963149928606 31
1738724723828 89.33362834831419 32
1738724723857 226.6435103237505 33
1738724723886 249.35038391202067 34
1738724723915 206.3561367518841 35
1738724723944 164.34976721886324 36
1738724723973 174.7823110005138 37
1738724724002 98.15861707288963 38
1738724724031 137.38241926146188 39
1738724724060 119.4488294872495 40
1738724724089 145.82664545255375 41
1738724724118 163.26399304427093 42
1738724724147 149.06320132866824 43
1738724724176 122.3683071425379 44
1738724724205 188.4944161111384 45
1738724724234 260.86068811312543 46
1738724724263 171.67003931586268 47
1738724724292 200.76987487111688 48
1738724724321 213.8039793598058 49
1738724724351 177.77605733482133 50
1738724724380 210.13616432113906 51
1738724724409 87.50280958844728 52
1738724724438 157.57668520785535 53
1738724724467 182.98320051769446 54
1738724724495 114.09001175727467 55
1738724724524 134.06700710825834 56
1738724724553 218.99930244987246 57
1738724724582 181.36664424005164 58
1738724724611 191.94639243741545 59
1738724724640 337.30685348543165 60
1738724724669 121.97777544330773 61
1738724724698 61.82036967349005 62
1738724724727 115.38346475410228 63
1738724724755 182.80830941828197 64
1738724724784 313.9786310156341 65
1738724724813 157.11777142419723 66
1738724724842 143.09186559414684 67
1738724724871 159.88988587785653 68
1738724724899 144.05933146922195 69
1738724724928 148.71628781976344 70
1738724724956 124.93133120526981 71
1738724724985 218.71898120860126 72
1738724725014 257.53669531163695 73
1738724725045 213.63857112827628 74
1738724725073 177.37278088464748 75
1738724725105 147.11419494491895 76
1738724725133 213.5901733036276 77
1738724725161 166.2115337036017 78
1738724725190 52.26179598451642 79
1738724725218 218.9631127565586 80
1738724725246 129.5179191283039 81
1738724725275 96.50128379195927 82
1738724725318 168.9679922472229 83
1738724725358 194.3992328825831 84
1738724725387 183.23812093682253 85
1738724725416 140.8979304880673 86
1738724725444 135.33441134944738 87
1738724725472 192.95092641033844 88
1738724725501 268.72376067023174 89
1738724725529 183.64438868702425 90
1738724725558 197.984483575475 91
1738724725586 186.73883114542025 92
1738724725614 269.8219553628555 93
1738724725643 124.30023869692748 94
1738724725671 142.98340532614623 95
1738724725700 107.54352794145554 96
1738724725729 70.95476472476355 97
1738724725757 217.16323599760022 98
1738724725786 172.7245602583561 99
1738724725814 138.96851679550178 100
1738724725842 246.55602869349943 101
1738724725871 212.8908656914803 102
1738724725899 183.05977926270802 103
1738724725927 129.36959823063273 104
1738724725956 289.0553163489187 105
1738724725984 123.92236201850245 106
1738724726012 104.03417225192293 107
1738724726041 104.77610026157915 108
1738724726069 159.077153153316 109
1738724726098 104.64080930190994 110
1738724726126 161.17502334997607 111
1738724726154 137.24496555290486 112
1738724726183 205.72215630619442 113
1738724726211 139.63714681391863 114
1738724726239 182.1515312093821 115
1738724726268 69.22370193560707 116
1738724726296 99.71243216418974 117
1738724726324 141.09670651653207 118
1738724726353 216.8306407159506 119
1738724726381 329.8349327836199 120
1738724726409 101.1336901001217 121
1738724726438 182.37973969100403 122
1738724726466 236.33041251684008 123
1738724726494 146.99097831377057 124
1738724726522 199.70453179062503 125
1738724726551 199.9329103726438 126
1738724726579 256.9266945424848 127
1738724726607 149.77980840859817 128
1738724726635 112.81781020942336 129
1738724726663 140.0691972415587 130
1738724726692 194.458205549355 131
1738724726720 155.41999251357564 132
1738724726748 217.19134389449366 133
1738724726776 117.1656099351635 134
1738724726805 232.09920346820442 135
1738724726833 199.80757326087743 136
1738724726861 249.19850467826816 137
1738724726889 149.06146412294623 138
1738724726917 104.54412903398881 139
1738724726946 167.98566619992533 140
1738724726974 207.3369912762716 141
1738724727002 436.8875044371956 142
1738724727030 147.68482883108567 143
1738724727058 165.54693398037608 144
1738724727086 225.06037453342185 145
1738724727115 256.3874439479486 146
1738724727143 181.75641872358895 147
1738724727171 193.612185375333 148
1738724727199 207.97110607805502 149
1738724727228 147.94693542697232 150
1738724727256 147.6396246583706 151
1738724727284 176.65134680082346 152
1738724727312 225.2287824190009 153
1738724727341 109.85291781399545 154
1738724727369 177.37239170629113 155
1738724727397 137.81674493776777 156
1738724727425 143.90687764019503 157
1738724727454 87.29261092198382 158
1738724727482 135.86946846982133 159
1738724727510 167.80588538424442 160
1738724727538 225.49798122888737 161
1738724727567 120.91209920663093 162
1738724727595 122.93550087196638 163
1738724727623 191.25208276446503 164
1738724727651 190.20847594979028 165
1738724727679 134.25638484604508 166
1738724727708 197.07435203412933 167
1738724727736 123.9953763688212 168
1738724727765 47.94007729479278 169
1738724727793 138.57317475667745 170
1738724727821 205.58550703485358 171
1738724727850 177.02553023553293 172
1738724727878 137.71372091954362 173
1738724727906 367.48377777452635 174
1738724727934 154.93237301921576 175
1738724727962 142.85693903581665 176
1738724727990 152.45675419007136 177
1738724728018 143.53774647232865 178
1738724728046 185.46510327065482 179
1738724728074 195.66899384864553 180
1738724728102 180.45041504577324 181
1738724728130 199.2751521683108 182
1738724728158 145.59681593706958 183
1738724728187 379.42851460456814 184
1738724728215 155.73680671565938 185
1738724728244 67.69981721204337 186
1738724728273 197.9716824294167 187
1738724728302 154.63093010592772 188
1738724728331 97.01984122412892 189
1738724728360 157.27334930263964 190
1738724728388 194.03749410448611 191
1738724728418 186.53301699327798 192
1738724728446 279.314459811217 193
1738724728475 96.06174836699726 194
1738724728504 186.04246396321528 195
1738724728533 207.75182220683743 196
1738724728562 156.51510602395953 197
1738724728591 158.71346303867895 198
1738724728619 145.0967251254301 199
1738724728648 202.50293441987768 200
1738724728677 165.21045900124173 201
1738724728706 176.19380278604618 202
1738724728735 215.5994014614534 203
1738724728765 77.11353507536914 204
1738724728794 131.54789961118203 205
1738724728823 227.22958610480143 206
1738724728853 152.50460757536814 207
1738724728882 218.88308215727395 208
1738724728911 119.08705482614955 209
1738724728941 191.93098868163023 210
1738724728970 215.4367296369587 211
1738724728999 136.86674949941778 212
1738724729028 97.96428590666872 213
1738724729058 283.01553242850264 214
1738724729087 182.4865427584713 215
1738724729116 181.0284396655543 216
1738724729145 185.3529501917376 217
1738724729175 240.1449495054799 218
1738724729204 213.41833829737888 219
1738724729233 169.78558819473628 220
1738724729262 179.36715630847172 221
1738724729291 181.88871470655414 222
1738724729320 152.6960003538066 223
1738724729349 164.04592822351333 224
1738724729378 93.93490337175895 225
1738724729407 171.88738231408527 226
1738724729437 153.396306460649 227
1738724729466 209.4206377169271 228
1738724729496 127.00199993671582 229
1738724729525 161.62588374936644 230
1738724729554 188.4475535703618 231
1738724729583 148.65863610279254 232
1738724729612 177.3540856990874 233
1738724729641 171.0938079834721 234
1738724729670 210.67068900520044 235
1738724729699 268.7449595208103 236
1738724729728 103.1598532137138 237
1738724729758 163.22418705116547 238
1738724729787 171.10866970175573 239
1738724729816 124.81228454524071 240
1738724729845 149.56721576879275 241
1738724729874 105.61809115409216 242
1738724729903 166.14843265646778 243
1738724729932 160.9986069449381 244
1738724729961 108.07833065602888 245
1738724729990 151.22051875902199 246
1738724730019 113.70025920577874 247
1738724730048 373.92659048736357 248
1738724730076 178.53261679287462 249
1738724730105 221.56650486354084 250
1738724730134 236.4440401150252 251
1738724730163 156.41309989738687 252
1738724730192 119.55726016961583 253
1738724730220 249.89852841136957 254
1738724730249 144.3144592304207 255
1738724730278 151.25283451366317 256
1738724730306 93.34727232469132 257
1738724730335 220.89281748774016 258
1738724730364 64.98749513462306 259
1738724730392 208.52624169736043 260
1738724730421 140.93794117989398 261
1738724730450 135.297867945178 262
1738724730478 250.28823227548773 263
1738724730507 240.5151198572024 264
1738724730536 444.8181235504924 265
1738724730564 162.80745319872986 266
1738724730593 145.1950186287232 267
1738724730622 195.83963735833078 268
1738724730651 111.29134554670354 269
1738724730681 95.57303977226154 270
1738724730709 201.5323234371143 271
1738724730738 174.5856761309236 272
1738724730766 101.04226893648139 273
1738724730795 130.46299678302375 274
1738724730824 113.94205830558352 275
1738724730852 158.91857238409258 276
1738724730881 208.76701397430605 277
1738724730910 194.03936089149158 278
1738724730938 192.6616498980432 279
1738724730967 148.26759050876902 280
1738724730996 131.00551318860124 281
1738724731025 152.34539988810647 282
1738724731053 159.27806299951808 283
1738724731082 201.38207977325817 284
1738724731110 177.8266449219465 285
1738724731139 185.09288323630219 286
1738724731167 176.16466591152508 287
1738724731196 165.69872363953152 288
1738724731224 105.30511290606782 289
1738724731253 98.65001927080664 290
1738724731281 134.02306765402102 291
1738724731310 233.785521474609 292
1738724731338 178.95459890826697 293
1738724731367 149.70223559584485 294
1738724731395 164.85061677513693 295
1738724731424 147.15040025758856 296
1738724731452 141.1460990314143 297
1738724731480 158.46261921163452 298
1738724731509 128.70787021240602 299
1738724731537 167.7570005099463 300
1738724731566 201.30055580604218 301
1738724731594 167.4668429975461 302
1738724731622 94.89455996015197 303
1738724731651 162.8856811194775 304
1738724731679 95.39072592626691 305
1738724731708 191.35680807403855 306
1738724731736 343.5988462937257 307
1738724731764 159.9701361099618 308
1738724731793 147.9016646945337 309
1738724731821 112.16368089292205 310
1738724731850 139.45056138692587 311
1738724731879 332.1501905672768 312
1738724731907 281.5794903587051 313
1738724731936 233.57080356437206 314
1738724731964 250.95628139167806 315
1738724731992 79.3705894704948 316
1738724732021 140.99163403518324 317
1738724732049 189.29979144633649 318
1738724732077 194.79399365426244 319
1738724732106 197.28142634193162 320
1738724732134 249.39582517975066 321
1738724732162 159.2905483388965 322
1738724732191 238.90348915004395 323
1738724732219 228.01155989500685 324
1738724732247 133.57035956587515 325
1738724732276 137.42962568891002 326
1738724732304 132.4059486899194 327
1738724732332 146.54033741862295 328
1738724732361 159.62764794192225 329
1738724732389 82.96513599779118 330
1738724732417 161.7885460314426 331
1738724732446 149.84719864992672 332
1738724732474 126.12784006441117 333
1738724732503 130.14641181071474 334
1738724732531 87.20380089119509 335
1738724732560 228.04841408405912 336
1738724732588 15.408986057259808 337
1738724732617 165.03663921187433 338
1738724732645 206.71059137928233 339
1738724732674 257.3008605907162 340
1738724732702 148.45812162441035 341
1738724732730 221.69245843431474 342
1738724732759 171.58228207834227 343
1738724732787 160.17619038916717 344
1738724732816 168.79099687021917 345
1738724732845 214.03251114236366 346
1738724732873 216.01438353304763 347
1738724732902 168.07683425901666 348
1738724732930 198.91247287062282 349
1738724732958 52.98237237496985 350
1738724732987 88.79869965516924 351
1738724733015 210.1838115079061 352
1738724733043 165.94942437572212 353
1738724733072 175.7722838209827 354
1738724733100 169.20637735598245 355
1738724733129 204.91628966879853 356
1738724733157 37.63124356879431 357
1738724733186 143.86482288561058 358
1738724733214 228.37978140225073 359
1738724733242 153.97816562774696 360
1738724733271 173.0749151487485 361
1738724733299 152.4894142508593 362
1738724733327 113.79601013209766 363
1738724733356 74.02247378261258 364
1738724733384 174.6709043275239 365
1738724733412 124.74385063847639 366
1738724733440 352.554593758857 367
1738724733469 117.22661024290694 368
1738724733497 140.8540936858327 369
1738724733525 136.20473206920323 370
1738724733554 183.3097456241787 371
1738724733582 312.08009129908936 372
1738724733610 186.05954892544455 373
1738724733639 193.11996894889518 374
1738724733667 208.56975758370123 375
1738724733695 239.45660191855126 376
1738724733723 164.17880981365494 377
1738724733751 183.526381746242 378
1738724733779 219.36494583031305 379
1738724733808 234.96948409713934 380
1738724733836 172.57537608277156 381
1738724733865 126.4826458646475 382
1738724733893 433.81811753630626 383
1738724733922 148.80507085123378 384
1738724733950 92.29416344456585 385
1738724733978 195.3236423725451 386
1738724734006 163.4805295648308 387
1738724734035 149.68379868817527 388
1738724734063 107.31717573915984 389
1738724734091 215.0587846457552 390
1738724734119 98.73544473001569 391
1738724734147 116.70895749561903 392
1738724734175 288.59319254506255 393
1738724734204 84.93031758878014 394
1738724734232 143.4621227988549 395
1738724734260 133.54574857999515 396
1738724734288 112.84988301231627 397
1738724734317 141.53735206975747 398
1738724734345 172.1433791812026 399
1738724734373 145.1262931590529 400
1738724734402 250.22627724125573 401
1738724734432 190.89317570259257 402
1738724734461 143.7492095581871 403
1738724734490 202.48161564755105 404
1738724734519 148.9949244631912 405
1738724734548 6.625348535615489 406
1738724734577 180.7747760217138 407
1738724734607 251.25303364931867 408
1738724734636 208.28001278086782 409
1738724734665 145.623978940585 410
1738724734694 244.54404171476807 411
1738724734723 162.98177657828026 412
1738724734752 89.3071324441945 413
1738724734781 146.11949318574628 414
1738724734810 195.83411891211364 415
1738724734838 158.79188780164478 416
1738724734867 196.6974695271911 417
1738724734896 420.38086821701665 418
1738724734924 139.48650758471885 419
1738724734953 185.67196281314557 420
1738724734982 62.21688738097778 421
1738724735011 210.33913345611654 422
1738724735040 161.58312792332893 423
1738724735069 220.8118699700301 424
1738724735097 181.85794241169654 425
1738724735126 169.59415116613852 426
1738724735155 250.35485235721615 427
1738724735184 178.48306886602884 428
1738724735212 252.1006646923923 429
1738724735241 183.3038346412867 430
1738724735269 259.90848745171405 431
1738724735298 182.73188005142984 432
1738724735326 384.5865763468145 433
1738724735355 180.09778085221012 434
1738724735384 192.36572297149914 435
1738724735412 130.25459374822705 436
1738724735441 204.40488319887297 437
1738724735470 137.38467001791406 438
1738724735498 219.01157386212225 439
1738724735526 191.77513711859146 440
1738724735555 193.08989079620116 441
1738724735584 89.41844157514092 442
1738724735612 111.30740154593086 443
1738724735641 167.57155095201978 444
1738724735669 107.26280788782243 445
1738724735698 137.22203055845205 446
1738724735727 94.57732288769562 447
1738724735755 161.7874907919266 448
1738724735784 166.1443677031715 449
1738724735812 113.45937524709892 450
1738724735841 61.080798096524646 451
1738724735869 138.15323278457151 452
1738724735898 199.4160562403806 453
1738724735926 97.3234533718032 454
1738724735955 174.6329654928958 455
1738724735984 238.09095426275854 456
1738724736012 153.93049376557298 457
1738724736041 156.0643851865991 458
1738724736069 57.507732865945215 459
1738724736097 164.78560505164134 460
1738724736126 144.3558519848754 461
1738724736155 134.81964403126335 462
1738724736184 171.638886138696 463
1738724736212 178.57915932864387 464
1738724736241 199.36160288393532 465
1738724736270 157.2270496023383 466
1738724736299 143.1499065707918 467
1738724736329 201.46157278804415 468
1738724736358 142.6200739926005 469
1738724736387 188.208943090782 470
1738724736416 165.970506214081 471
1738724736445 196.63884420706097 472
1738724736474 234.82859147483072 473
1738724736503 170.96421733448506 474
1738724736532 91.90013847124855 475
1738724736561 188.85375564640387 476
1738724736590 82.23149658149656 477
1738724736619 108.3095264847264 478
1738724736648 223.47399558056702 479
1738724736677 263.4809185812017 480
1738724736706 115.27056945192923 481
1738724736735 189.12136208870012 482
1738724736763 186.95877186674107 483
1738724736792 160.7972183396329 484
1738724736821 194.07848661100468 485
1738724736850 141.4699975535135 486
1738724736878 89.8411299752834 487
1738724736907 147.4784912019256 488
1738724736936 189.78100353585725 489
1738724736964 71.30712966799017 490
1738724736993 115.32896888860995 491
1738724737022 167.48438413443455 492
1738724737051 312.01366619463545 493
1738724737079 146.0684989709449 494
1738724737108 218.5340201079696 495
1738724737137 202.42422736160484 496
1738724737166 162.02852305283366 497
1738724737195 171.50897687913405 498
1738724737223 165.22253952256358 499
