1738722389194 169.5047114999601 0
1738722389195 169.5025704788696 1
1738722389197 169.50043637465993 2
1738722389198 169.4983091620382 3
1738722389199 169.49618881581281 4
1738722389200 169.494075310893 5
1738722389201 169.49196862228834 6
1738722389203 169.48986872510847 7
1738722389204 169.48777559456246 8
1738722389205 169.4856892059586 9
1738722389206 169.4836095347039 10
1738722389207 169.48153655630358 11
1738722389209 169.47947024636088 12
1738722389210 169.47741058057628 13
1738722389211 169.4753575347476 14
1738722389213 169.47331108476902 15
1738722389214 169.47127120663117 16
1738722389215 169.4692378764204 17
1738722389216 169.46721107031854 18
1738722389217 169.46519076460243 19
1738722389218 169.4631769356434 20
1738722389220 169.46116955990723 21
1738722389221 169.45916861395335 22
1738722389222 169.45717407443473 23
1738722389223 169.45518591809724 24
1738722389224 169.45320412177955 25
1738722389225 169.45122866241243 26
1738722389227 169.44925951701865 27
1738722389228 169.4472966627123 28
1738722389229 169.44534007669867 29
1738722389230 169.44338973627382 30
1738722389231 169.4414456188239 31
1738722389232 169.43950770182522 32
1738722389234 169.43757596284354 33
1738722389235 169.43565037953383 34
1738722389236 169.43373092963992 35
1738722389237 169.43181759099403 36
1738722389239 169.42991034151638 37
1738722389240 169.42800915921498 38
1738722389241 169.42611402218515 39
1738722389242 169.42422490860912 40
1738722389244 169.42234179675577 41
1738722389245 169.42046466498016 42
1738722389246 169.41859349172313 43
1738722389247 169.41672825551126 44
1738722389248 169.41486893495605 45
1738722389249 169.41301550875386 46
1738722389251 169.41116795568544 47
1738722389252 169.40932625461576 48
1738722389253 169.4074903844933 49
1738722389254 169.40566032435004 50
1738722389255 169.40383605330092 51
1738722389257 169.40201755054363 52
1738722389258 169.40020479535804 53
1738722389259 169.39839776710616 54
1738722389260 169.3965964452315 55
1738722389261 169.39480080925887 56
1738722389262 169.3930108387941 57
1738722389264 169.3912265135236 58
1738722389265 169.38944781321405 59
1738722389266 169.38767471771203 60
1738722389267 169.3859072069437 61
1738722389268 169.38414526091458 62
1738722389270 169.38238885970904 63
1738722389271 169.38063798349 64
1738722389272 169.37889261249887 65
1738722389273 169.37715272705472 66
1738722389274 169.3754183075544 67
1738722389275 169.37368933447203 68
1738722389277 169.37196578835866 69
1738722389278 169.370247649842 70
1738722389279 169.36853489962616 71
1738722389280 169.36682751849105 72
1738722389282 169.36512548729252 73
1738722389283 169.36342878696155 74
1738722389284 169.36173739850437 75
1738722389285 169.3600513030018 76
1738722389286 169.35837048160917 77
1738722389287 169.3566949155559 78
1738722389289 169.3550245861452 79
1738722389290 169.3533594747538 80
1738722389291 169.3516995628316 81
1738722389293 169.3500448319014 82
1738722389294 169.34839526355856 83
1738722389295 169.34675083947067 84
1738722389297 169.34511154137738 85
1738722389298 169.34347735108994 86
1738722389299 169.34184825049104 87
1738722389300 169.34022422153436 88
1738722389302 169.33860524624444 89
1738722389303 169.33699130671616 90
1738722389304 169.3353823851148 91
1738722389305 169.33377846367532 92
1738722389306 169.3321795247025 93
1738722389308 169.33058555057013 94
1738722389309 169.32899652372137 95
1738722389310 169.32741242666785 96
1738722389312 169.32583324198976 97
1738722389313 169.32425895233544 98
1738722389314 169.32268954042107 99
1738722389315 169.32112498903044 100
1738722389316 169.31956528101475 101
1738722389318 169.31801039929206 102
1738722389320 169.31646032684728 103
1738722389321 169.3149150467318 104
1738722389322 169.31337454206323 105
1738722389324 169.311838796025 106
1738722389325 169.31030779186625 107
1738722389327 169.3087815129015 108
1738722389328 169.3072599425104 109
1738722389330 169.30574306413732 110
1738722389331 169.3042308612913 111
1738722389332 169.30272331754568 112
1738722389334 169.30122041653772 113
1738722389335 169.29972214196854 114
1738722389336 169.29822847760266 115
1738722389338 169.2967394072679 116
1738722389339 169.29525491485506 117
1738722389340 169.29377498431757 118
1738722389342 169.29229959967134 119
1738722389343 169.29082874499449 120
1738722389344 169.28936240442707 121
1738722389346 169.2879005621707 122
1738722389347 169.2864432024885 123
1738722389348 169.2849903097048 124
1738722389350 169.28354186820465 125
1738722389351 169.28209786243397 126
1738722389352 169.28065827689895 127
1738722389354 169.2792230961659 128
1738722389355 169.27779230486112 129
1738722389357 169.27636588767055 130
1738722389358 169.2749438293394 131
1738722389360 169.27352611467222 132
1738722389361 169.27211272853242 133
1738722389363 169.27070365584194 134
1738722389365 169.26929888158134 135
1738722389366 169.26789839078924 136
1738722389367 169.26650216856223 137
1738722389369 169.26511020005458 138
1738722389370 169.26372247047803 139
1738722389371 169.26233896510166 140
1738722389372 169.26095966925132 141
1738722389373 169.25958456830978 142
1738722389374 169.25821364771622 143
1738722389376 169.2568468929662 144
1738722389377 169.25548428961122 145
1738722389378 169.25412582325873 146
1738722389379 169.2527714795716 147
1738722389380 169.25142124426824 148
1738722389381 169.25007510312204 149
1738722389383 169.24873304196134 150
1738722389384 169.2473950466691 151
1738722389385 169.2460611031829 152
1738722389386 169.2447311974944 153
1738722389388 169.24340531564917 154
1738722389389 169.2420834437468 155
1738722389390 169.24076556794017 156
1738722389391 169.2394516744357 157
1738722389392 169.23814174949285 158
1738722389394 169.23683577942387 159
1738722389395 169.23553375059387 160
1738722389396 169.23423564942024 161
1738722389397 169.23294146237274 162
1738722389399 169.23165117597304 163
1738722389400 169.23036477679477 164
1738722389401 169.22908225146298 165
1738722389402 169.22780358665426 166
1738722389403 169.22652876909626 167
1738722389405 169.22525778556763 168
1738722389406 169.2239906228978 169
1738722389407 169.22272726796663 170
1738722389408 169.22146770770453 171
