1738724775815 169.75348568067886 0
1738724775817 169.74989932889713 1
1738724775820 169.74632783828582 2
1738724775823 169.74277114360066 3
1738724775825 169.7392291798909 4
1738724775828 169.73570188249792 5
1738724775830 169.73218918705388 6
1738724775833 169.72869102948047 7
1738724775836 169.7252073459876 8
1738724775838 169.721738073072 9
1738724775841 169.71828314751605 10
1738724775843 169.71484250638625 11
1738724775846 169.71141608703215 12
1738724775848 169.70800382708504 13
1738724775851 169.70460566445652 14
1738724775854 169.70122153733746 15
1738724775856 169.69785138419644 16
1738724775859 169.6944951437787 17
1738724775861 169.6911527551048 18
1738724775864 169.68782415746946 19
1738724775867 169.68450929044022 20
1738724775870 169.68120809385613 21
1738724775873 169.6779205078267 22
1738724775875 169.6746464727306 23
1738724775878 169.6713859292143 24
1738724775880 169.668138818191 25
1738724775883 169.66490508083953 26
1738724775886 169.66168465860287 27
1738724775888 169.65847749318698 28
1738724775891 169.6552835265599 29
1738724775893 169.65210270095028 30
1738724775896 169.6489349588462 31
1738724775899 169.6457802429942 32
1738724775901 169.64263849639784 33
1738724775904 169.63950966231678 34
1738724775907 169.63639368426539 35
1738724775909 169.63329050601175 36
1738724775912 169.6302000715765 37
1738724775915 169.62712232523154 38
1738724775917 169.62405721149904 39
1738724775920 169.6210046751503 40
1738724775923 169.61796466120444 41
1738724775925 169.6149371149275 42
1738724775928 169.61192198183122 43
1738724775930 169.60891920767187 44
1738724775933 169.60592873844928 45
1738724775936 169.6029505204055 46
1738724775938 169.599984500024 47
1738724775941 169.59703062402832 48
1738724775943 169.59408883938113 49
1738724775946 169.59115909328307 50
1738724775949 169.5882413331717 51
1738724775951 169.58533550672038 52
1738724775954 169.58244156183724 53
1738724775957 169.57955944666418 54
1738724775959 169.57668910957563 55
1738724775962 169.5738304991777 56
1738724775965 169.57098356430689 57
1738724775967 169.56814825402932 58
1738724775970 169.5653245176395 59
1738724775972 169.5625123046593 60
1738724775975 169.55971156483696 61
1738724775978 169.5569222481461 62
1738724775980 169.55414430478461 63
1738724775983 169.55137768517378 64
1738724775986 169.548622339957 65
1738724775988 169.54587821999908 66
1738724775991 169.54314527638508 67
1738724775994 169.54042346041925 68
1738724775996 169.53771272362417 69
1738724775999 169.53501301773974 70
1738724776002 169.53232429472203 71
1738724776004 169.52964650674252 72
1738724776007 169.52697960618704 73
1738724776009 169.52432354565468 74
1738724776012 169.52167827795702 75
1738724776015 169.5190437561171 76
1738724776017 169.5164199333682 77
1738724776020 169.5138067631534 78
1738724776023 169.51120419912422 79
1738724776025 169.5086121951397 80
1738724776028 169.50603070526574 81
1738724776031 169.50345968377385 82
1738724776033 169.5008990851403 83
1738724776036 169.4983488640454 84
1738724776038 169.49580897537228 85
1738724776041 169.49327937420608 86
1738724776044 169.4907600158331 87
1738724776046 169.4882508557399 88
1738724776049 169.48575184961217 89
1738724776051 169.48326295333405 90
1738724776054 169.4807841229873 91
1738724776057 169.47831531485002 92
1738724776059 169.47585648539615 93
1738724776062 169.47340759129446 94
1738724776065 169.4709685894076 95
1738724776067 169.46853943679116 96
1738724776070 169.46612009069312 97
1738724776072 169.46371050855257 98
1738724776075 169.46131064799906 99
1738724776078 169.4589204668518 100
1738724776080 169.45653992311856 101
1738724776083 169.45416897499507 102
1738724776086 169.45180758086397 103
1738724776088 169.4494556992942 104
1738724776091 169.44711328903978 105
1738724776093 169.44478030903934 106
1738724776096 169.44245671841514 107
1738724776099 169.44014247647212 108
1738724776101 169.4378375426973 109
1738724776104 169.43554187675883 110
1738724776107 169.43325543850506 111
1738724776109 169.43097818796397 112
1738724776112 169.42871008534217 113
1738724776114 169.42645109102412 114
1738724776117 169.42420116557145 115
1738724776120 169.42196026972186 116
1738724776122 169.41972836438876 117
1738724776125 169.41750541066008 118
1738724776128 169.41529136979761 119
1738724776130 169.4130862032363 120
1738724776133 169.4108898725834 121
1738724776135 169.40870233961766 122
1738724776138 169.40652356628857 123
1738724776141 169.4043535147156 124
1738724776143 169.4021921471875 125
1738724776146 169.40003942616124 126
1738724776148 169.39789531426175 127
1738724776151 169.39575977428066 128
1738724776153 169.39363276917584 129
1738724776156 169.39151426207053 130
1738724776159 169.38940421625261 131
1738724776161 169.38730259517396 132
1738724776164 169.38520936244956 133
1738724776166 169.38312448185673 134
1738724776169 169.3810479173346 135
1738724776172 169.37897963298323 136
1738724776174 169.37691959306284 137
1738724776177 169.37486776199324 138
1738724776179 169.372824104353 139
1738724776182 169.37078858487868 140
1738724776185 169.3687611684643 141
1738724776187 169.3667418201603 142
1738724776190 169.36473050517336 143
1738724776193 169.36272718886502 144
1738724776195 169.3607318367516 145
1738724776198 169.3587444145031 146
1738724776200 169.35676488794263 147
1738724776203 169.35479322304582 148
1738724776206 169.3528293859399 149
1738724776208 169.35087334290324 150
1738724776211 169.34892506036454 151
1738724776213 169.34698450490214 152
1738724776216 169.3450516432434 153
1738724776219 169.34312644226407 154
1738724776221 169.34120886898745 155
1738724776224 169.3392988905839 156
1738724776226 169.33739647437002 157
1738724776229 169.33550158780818 158
1738724776231 169.33361419850564 159
1738724776234 169.33173427421406 160
1738724776237 169.32986178282877 161
1738724776239 169.32799669238813 162
1738724776242 169.32613897107285 163
1738724776244 169.32428858720553 164
1738724776247 169.3224455092497 165
1738724776250 169.3206097058094 166
1738724776252 169.31878114562863 167
1738724776255 169.31695979759036 168
1738724776258 169.3151456307163 169
1738724776260 169.313338614166 170
1738724776263 169.31153871723643 171
1738724776266 169.30974590936114 172
1738724776268 169.30796016010981 173
1738724776271 169.30618143918758 174
1738724776274 169.30440971643432 175
1738724776276 169.3026449618244 176
1738724776279 169.3008871454655 177
1738724776281 169.2991362375986 178
1738724776284 169.2973922085969 179
1738724776287 169.2956550289655 180
1738724776289 169.29392466934075 181
1738724776292 169.29220110048956 182
1738724776294 169.290484293309 183
1738724776297 169.2887742188254 184
1738724776300 169.2870708481942 185
1738724776302 169.28537415269892 186
1738724776305 169.28368410375083 187
1738724776307 169.28200067288844 188
1738724776310 169.28032383177666 189
1738724776312 169.27865355220646 190
1738724776315 169.2769898060942 191
1738724776318 169.27533256548108 192
1738724776320 169.2736818025326 193
1738724776323 169.27203748953795 194
1738724776325 169.27039959890948 195
1738724776328 169.2687681031821 196
1738724776331 169.2671429750129 197
1738724776333 169.26552418718023 198
1738724776336 169.26391171258362 199
1738724776338 169.26230552424286 200
1738724776341 169.2607055952976 201
1738724776344 169.2591118990069 202
1738724776346 169.2575244087485 203
1738724776349 169.25594309801832 204
1738724776351 169.25436794043014 205
1738724776354 169.25279890971478 206
1738724776357 169.25123597971972 207
1738724776359 169.24967912440863 208
1738724776362 169.24812831786065 209
1738724776364 169.24658353427003 210
1738724776367 169.24504474794563 211
1738724776369 169.2435119333102 212
1738724776372 169.24198506490015 213
1738724776375 169.2404641173648 214
1738724776377 169.238949065466 215
1738724776380 169.23743988407747 216
1738724776382 169.23593654818458 217
1738724776385 169.23443903288347 218
1738724776387 169.232947313381 219
1738724776390 169.23146136499372 220
1738724776393 169.2299811631479 221
1738724776395 169.22850668337853 222
1738724776398 169.2270379013294 223
1738724776400 169.225574792752 224
1738724776403 169.22411733350552 225
1738724776406 169.22266549955606 226
1738724776408 169.22121926697636 227
