1738723949170 195.79300378785908 0
1738723949204 139.698954044491 1
1738723949237 144.53523837944695 2
1738723949270 161.78648823321848 3
1738723949305 189.68586074194977 4
1738723949339 195.70636977453302 5
1738723949374 276.24275265157894 6
1738723949408 91.88493170369142 7
1738723949443 126.37051231535628 8
1738723949478 155.55649167860747 9
1738723949512 117.80991875140687 10
1738723949547 207.54802563723908 11
1738723949581 227.3971032970704 12
1738723949615 206.98441225813835 13
1738723949649 191.53827113326858 14
1738723949683 228.37136289451388 15
1738723949717 216.2365454297048 16
1738723949751 176.41574309930047 17
1738723949785 199.34438128013386 18
1738723949819 165.7487672734064 19
1738723949853 86.83804753889346 20
1738723949887 327.9228137235753 21
1738723949921 123.71388800049837 22
1738723949955 212.96966051518376 23
1738723949988 177.4350908807254 24
1738723950022 83.24386724053478 25
1738723950056 116.11583065469574 26
1738723950090 134.45133976553257 27
1738723950124 112.4943717124186 28
1738723950157 315.4895360480135 29
1738723950191 226.67496758486706 30
1738723950225 182.5335529465032 31
1738723950258 225.68596855799825 32
1738723950292 178.94795719481777 33
1738723950325 101.07701093479349 34
1738723950359 214.9574762042989 35
1738723950392 211.0295922196909 36
1738723950426 129.26708805726167 37
1738723950460 212.64249661954022 38
1738723950494 154.98548744439177 39
1738723950527 199.599770988518 40
1738723950561 208.77866756165267 41
1738723950595 125.91865051959915 42
1738723950629 116.69597834004205 43
1738723950662 154.358402893221 44
1738723950696 116.56974143969363 45
1738723950731 191.28634865259005 46
1738723950766 210.15087974186778 47
1738723950800 130.733351140437 48
1738723950834 89.6401048210565 49
1738723950868 107.32126993407743 50
1738723950902 122.06169999451437 51
1738723950936 243.55297595347997 52
1738723950970 163.78172331145393 53
1738723951004 105.2560929513961 54
1738723951038 95.54945592162436 55
1738723951071 78.28992177137465 56
1738723951105 97.83769138755494 57
1738723951139 94.7517540081924 58
1738723951173 177.8182682172679 59
1738723951206 190.25401995760677 60
1738723951240 197.61850719118203 61
1738723951273 302.38914608302383 62
1738723951307 136.81891777254918 63
1738723951342 112.78516661427423 64
1738723951376 183.97984881617242 65
1738723951416 349.0201502689166 66
1738723951452 124.77137370620159 67
1738723951487 98.87102459798383 68
1738723951522 132.91268866264167 69
1738723951557 223.97209065896593 70
1738723951592 256.6589765414501 71
1738723951626 260.04626511168493 72
1738723951661 168.00530093743063 73
1738723951694 230.17451043553478 74
1738723951728 162.0162483656348 75
1738723951761 216.2050151637338 76
1738723951795 116.29178041888872 77
1738723951829 137.69760809722473 78
1738723951862 151.00382969399675 79
1738723951895 208.5674580623504 80
1738723951929 191.0990310705236 81
1738723951962 236.62272065058835 82
1738723951996 202.9138461053619 83
1738723952029 183.85367814760176 84
1738723952063 160.10680194406865 85
1738723952096 125.29505567488567 86
1738723952130 185.22307038605868 87
1738723952164 161.68988144795856 88
1738723952199 218.5795979365281 89
1738723952234 81.03061039432193 90
1738723952269 178.32325507913464 91
1738723952305 183.85930174468442 92
1738723952340 205.13648039113195 93
1738723952375 164.2951193361353 94
1738723952410 110.99437864115771 95
1738723952447 218.07705632519776 96
1738723952485 98.02329512098369 97
1738723952521 254.40232560176355 98
1738723952556 207.18199483916248 99
1738723952591 199.35159168204223 100
1738723952625 201.61910925149465 101
1738723952660 111.20058751374168 102
1738723952695 172.86088025507397 103
1738723952729 116.71551844358754 104
1738723952763 159.36257422839904 105
1738723952797 187.51554219866955 106
1738723952831 178.11913452637356 107
1738723952865 74.5546504230554 108
1738723952899 166.3992929796762 109
1738723952933 163.70367597614788 110
1738723952967 193.1799205977036 111
1738723953001 202.62463919530458 112
1738723953035 174.54532921553923 113
1738723953071 155.22960973780235 114
1738723953106 190.44540096240584 115
1738723953141 154.37871988169888 116
1738723953175 114.09039779760401 117
1738723953208 273.9032964800157 118
1738723953242 210.76529932869474 119
1738723953276 71.53872320105154 120
1738723953309 349.04471839048205 121
1738723953343 117.36963429606648 122
1738723953376 184.00681309110308 123
1738723953410 150.66370807250786 124
1738723953444 100.30706336529886 125
1738723953477 190.0807357004274 126
1738723953510 159.76081521682627 127
1738723953544 137.03054284981766 128
1738723953577 159.60385766741967 129
1738723953610 276.67898139900177 130
1738723953644 79.41620311568998 131
1738723953678 97.21172675941138 132
1738723953712 285.4394807184893 133
1738723953746 125.44223255009797 134
1738723953780 132.08767953236872 135
1738723953814 173.59323727121185 136
1738723953848 230.41338826782626 137
1738723953881 198.27553829258886 138
1738723953915 201.33536981428364 139
1738723953949 183.35050077271165 140
1738723953982 189.66313655120507 141
1738723954016 229.5265558537168 142
1738723954050 202.38621866078665 143
1738723954083 120.12173460467227 144
1738723954117 101.56587864634413 145
1738723954151 195.00302664958906 146
1738723954184 75.21227708648196 147
1738723954218 144.51289406756632 148
1738723954252 160.76513215162777 149
1738723954285 192.6443475716428 150
1738723954319 172.56477915165675 151
1738723954353 238.68968307509732 152
1738723954386 207.55598969003444 153
1738723954420 243.39990945334057 154
1738723954454 181.6682533979428 155
1738723954489 136.85080529969568 156
1738723954523 119.72229184694702 157
1738723954558 116.61218378576892 158
1738723954592 156.0789176216034 159
1738723954626 221.0751095122574 160
1738723954660 216.68033150028978 161
1738723954694 156.76796779822382 162
1738723954729 150.27905575702326 163
1738723954763 223.44642749947968 164
1738723954797 162.7077252228516 165
1738723954831 196.95131083419793 166
1738723954865 229.04334579929096 167
1738723954899 54.643332306828 168
1738723954934 138.87720403321254 169
1738723954969 284.88770427193253 170
1738723955003 151.97629450902724 171
1738723955038 298.074967152522 172
1738723955072 421.643769326268 173
1738723955106 219.1103637388923 174
1738723955141 155.87629342767696 175
1738723955175 186.25806544326338 176
1738723955209 236.83397105920847 177
1738723955243 144.25396889481993 178
1738723955277 114.3502302779937 179
1738723955311 185.34160411050738 180
1738723955346 195.63094408520783 181
1738723955379 149.79479623072413 182
1738723955413 176.60090682194866 183
1738723955447 205.7923252468764 184
1738723955480 214.6486019820651 185
1738723955514 202.97965169096696 186
1738723955547 211.54987947453674 187
1738723955581 51.055300871715446 188
1738723955614 184.23171053111528 189
1738723955647 220.24174162090424 190
1738723955681 183.68422826606997 191
1738723955715 157.68411653782385 192
1738723955748 149.11040922337943 193
1738723955782 147.75333239440033 194
1738723955815 182.14516244637642 195
1738723955848 140.88073497839116 196
1738723955882 168.79296433547012 197
1738723955915 159.15812432471802 198
1738723955948 239.3901749250371 199
1738723955982 366.1949597582998 200
1738723956015 176.26510961431418 201
1738723956048 206.8647948930741 202
1738723956082 158.46481850870734 203
1738723956116 143.85148788059388 204
1738723956150 166.03772364781983 205
1738723956184 172.9188347332901 206
1738723956218 514.636986009839 207
1738723956252 129.17330263673972 208
1738723956286 153.85584421276434 209
1738723956320 19.932419304174154 210
1738723956353 188.39299414294965 211
1738723956387 193.25382541620968 212
1738723956421 204.28957792354169 213
1738723956455 203.3156313735941 214
1738723956505 171.33195839432605 215
1738723956539 222.75543332869918 216
1738723956573 280.0253580556523 217
1738723956607 201.47729936133388 218
1738723956640 166.4383190528898 219
1738723956675 191.9088110041092 220
1738723956708 67.79542327246402 221
1738723956742 164.1727555603191 222
1738723956776 129.2779798888106 223
1738723956809 132.1881293154927 224
1738723956842 163.08929646076623 225
1738723956876 216.58654584685084 226
1738723956910 235.616098563042 227
1738723956943 136.8759903499655 228
1738723956977 155.71905536296126 229
1738723957010 169.11098390011475 230
1738723957043 273.26910372666777 231
1738723957077 153.97920620137936 232
1738723957110 175.41890520037535 233
1738723957143 223.1793678101249 234
1738723957177 137.29290426843772 235
1738723957210 121.53840716182512 236
1738723957243 138.3282062830747 237
1738723957277 214.3234087224817 238
1738723957311 199.6800473081979 239
1738723957345 116.21616228514475 240
1738723957379 260.14747176817167 241
1738723957413 152.35589061053173 242
1738723957447 137.39861308744773 243
1738723957481 258.55374071077284 244
1738723957515 156.72290645167703 245
1738723957549 299.70115558961254 246
1738723957583 166.60641513539585 247
1738723957617 136.49267302722018 248
1738723957650 414.6786547072505 249
1738723957684 80.2447452973002 250
1738723957718 142.051808920871 251
1738723957753 223.09912972492725 252
1738723957787 339.07626610849815 253
1738723957821 254.744410167609 254
1738723957854 171.16063227330102 255
1738723957888 217.2709963254261 256
1738723957922 205.17752208441468 257
1738723957956 188.6592116872598 258
1738723957989 197.93043205639017 259
1738723958023 255.09763674470594 260
1738723958057 175.20346995918095 261
1738723958091 119.89601765752838 262
1738723958124 189.54068479403563 263
1738723958158 182.01838557507867 264
1738723958192 246.60565319378043 265
1738723958225 185.61423599708195 266
1738723958259 118.24177221033176 267
1738723958293 139.1501175945711 268
1738723958326 148.50938161207392 269
1738723958360 288.92159237017563 270
1738723958393 235.04676904465416 271
1738723958427 248.65807119498984 272
1738723958460 225.99857374818785 273
1738723958494 187.17708517197093 274
1738723958527 149.85197442921785 275
1738723958561 166.7850876305275 276
1738723958596 197.26860385909856 277
1738723958629 144.52829878425743 278
1738723958663 213.40760545843222 279
1738723958697 123.42849301052493 280
1738723958730 291.01976487791717 281
1738723958764 375.97159299251587 282
1738723958797 155.3105328935374 283
1738723958831 178.37703741694585 284
1738723958864 131.10581499119627 285
1738723958898 146.91832769124846 286
1738723958932 149.8912532735892 287
1738723958965 174.19653176166344 288
1738723958999 171.02268050266517 289
1738723959033 166.1540094234077 290
1738723959066 67.81685771432453 291
1738723959100 607.6926202459496 292
1738723959133 171.474845879814 293
1738723959167 232.009841311823 294
1738723959200 175.43799488918822 295
1738723959234 230.7509837879178 296
1738723959267 84.67948054562841 297
1738723959300 139.99062791980668 298
1738723959334 139.2745508170616 299
1738723959367 254.4550270211294 300
1738723959401 176.6922097173815 301
1738723959434 147.28568937844062 302
1738723959467 192.0308087435166 303
1738723959501 178.41428308638817 304
1738723959534 138.25184640454896 305
1738723959567 105.64317040414295 306
1738723959601 184.421463189955 307
1738723959634 56.38834117059062 308
1738723959667 320.3151792010034 309
1738723959701 209.22658569758755 310
1738723959734 83.32216250219345 311
1738723959767 61.24652683291686 312
1738723959801 206.78854754194992 313
1738723959835 192.8942092354543 314
1738723959868 146.15693756168312 315
1738723959902 164.16077696980983 316
1738723959935 160.02383630503394 317
1738723959968 182.24503170647043 318
1738723960001 118.58343244620808 319
1738723960035 267.47685660415374 320
1738723960068 159.53843716064554 321
1738723960101 233.37674244168483 322
1738723960135 123.8737752675825 323
1738723960168 181.2740833240597 324
1738723960201 204.75406418420397 325
1738723960234 263.24967394033587 326
1738723960268 144.93724465369627 327
1738723960301 155.82692854832214 328
1738723960334 199.36019527738233 329
1738723960367 191.98093013296133 330
1738723960400 147.08436482530757 331
1738723960434 104.04024646330625 332
1738723960467 160.81609159029713 333
1738723960500 99.382411545465 334
1738723960533 220.37518518951637 335
1738723960566 178.36197441594993 336
1738723960600 139.3816606181109 337
1738723960633 255.85563952902572 338
1738723960666 271.91011105173567 339
1738723960699 139.36720066001885 340
1738723960733 730.6081062560877 341
1738723960766 165.86175406580068 342
1738723960799 231.76857510858198 343
1738723960832 23.816595384302644 344
1738723960866 136.04815200996487 345
1738723960899 209.6341909879599 346
1738723960932 200.53253107659796 347
1738723960965 172.9988550804291 348
1738723960999 58.44944037190257 349
1738723961032 137.22326205049788 350
1738723961065 216.7069337594065 351
1738723961098 234.79705268543887 352
1738723961132 112.7595461883603 353
1738723961165 128.18706727529778 354
1738723961198 177.81236452103758 355
1738723961231 187.66683619332701 356
1738723961264 206.52273580603287 357
1738723961297 192.45762983022348 358
1738723961330 213.5902931504485 359
1738723961363 139.67661826797752 360
1738723961396 158.5113120765938 361
1738723961431 214.62186460206192 362
1738723961464 189.3407710804491 363
1738723961497 187.6400252983994 364
1738723961530 174.32856067667703 365
1738723961563 134.84581290291905 366
1738723961597 137.26006019469756 367
1738723961630 189.13081031651643 368
1738723961663 175.6282955802825 369
1738723961696 85.28972031356572 370
1738723961729 174.44690519450032 371
1738723961762 191.55297984998487 372
1738723961796 122.5901402824415 373
1738723961829 94.15871107730128 374
1738723961862 75.25256196089197 375
1738723961896 83.54708274818441 376
1738723961929 196.94451601956658 377
1738723961962 103.62654076155295 378
1738723961995 175.58008436442444 379
1738723962028 164.75925408846348 380
1738723962061 158.04032976947704 381
1738723962094 171.62497907904876 382
1738723962127 225.6993937406505 383
1738723962160 178.88850044817946 384
1738723962193 203.83245512513923 385
1738723962226 186.48496537077378 386
1738723962259 278.43988739260925 387
1738723962293 153.0138328928013 388
1738723962326 206.62796094395122 389
1738723962359 171.52613455715198 390
1738723962392 241.48035748177446 391
1738723962425 164.02142236549645 392
1738723962458 57.603167625290716 393
1738723962491 153.82533889761075 394
1738723962527 100.1259830910327 395
1738723962560 117.38862963863542 396
1738723962594 164.8510636699848 397
1738723962628 202.00871435277423 398
1738723962662 92.87504570284672 399
1738723962696 219.0225249148064 400
1738723962730 306.34297745267855 401
1738723962763 179.7153328987815 402
1738723962797 117.2099187056203 403
1738723962830 220.2439432403553 404
1738723962864 190.89263420103603 405
1738723962897 173.20330925063544 406
1738723962931 198.97162840165373 407
1738723962964 166.8679133260572 408
1738723962997 246.31153593491348 409
1738723963030 194.8432460697893 410
1738723963064 142.7212898465567 411
1738723963097 217.56808527745372 412
1738723963132 148.84107281182997 413
1738723963167 269.1727208742321 414
1738723963201 171.03070853296273 415
1738723963234 266.7885565918762 416
1738723963268 182.39826265605586 417
1738723963302 211.13168763701475 418
1738723963335 185.36018849951716 419
1738723963369 181.08548373783034 420
1738723963403 117.02863602176522 421
1738723963436 188.45063159950553 422
1738723963470 236.0885009555738 423
1738723963503 120.62480529208061 424
1738723963537 107.74522116594608 425
1738723963570 200.85004523963235 426
1738723963604 120.51444397153904 427
1738723963637 211.1205325373587 428
1738723963671 74.41453726382501 429
1738723963705 196.23312172994903 430
1738723963738 146.18410382962804 431
1738723963771 193.56506426112023 432
1738723963805 118.16176951798228 433
1738723963838 122.08976877575043 434
1738723963872 217.80835089117576 435
1738723963906 135.39988155489786 436
1738723963940 273.80201561389373 437
1738723963973 145.07576859597222 438
1738723964007 292.14431787235577 439
1738723964040 240.79240550201322 440
1738723964074 194.33554132019654 441
1738723964107 231.68934863667675 442
1738723964141 140.84109924713223 443
1738723964174 146.76837403059722 444
1738723964208 207.87585154323745 445
1738723964241 34.61606018144333 446
1738723964275 191.54278774565066 447
1738723964309 241.10463816123428 448
1738723964343 184.92292618830587 449
1738723964376 155.66729737587963 450
1738723964410 179.84516822908068 451
1738723964443 157.25848434686046 452
1738723964476 150.19323841578475 453
1738723964509 242.91647909089906 454
1738723964543 193.26857525547243 455
1738723964576 156.58784043152767 456
1738723964610 206.0052641832356 457
1738723964643 148.00495102687245 458
1738723964676 192.73341720905813 459
1738723964709 10.144796983989707 460
1738723964742 170.69230996104923 461
1738723964775 200.35244531499706 462
1738723964809 127.34524644445665 463
1738723964842 103.22671313400767 464
1738723964876 186.07394480234296 465
1738723964909 161.56425742401711 466
1738723964942 200.3632690446898 467
1738723964976 127.82102918866663 468
1738723965009 216.36902952300778 469
1738723965042 229.16472217780026 470
1738723965075 156.61425578304159 471
1738723965109 193.92166385971572 472
1738723965145 112.0951792289656 473
1738723965180 507.3623621825537 474
1738723965214 194.085524022022 475
1738723965248 163.30019583342212 476
1738723965282 173.65411158724285 477
1738723965316 144.83383097208997 478
1738723965350 134.85389281023666 479
1738723965383 109.11878724756038 480
1738723965417 345.41277823392574 481
1738723965451 204.7881532106028 482
1738723965485 199.66960061620327 483
1738723965518 223.56630104347124 484
1738723965552 126.35250963004106 485
1738723965586 246.95531125768952 486
1738723965620 86.2953272674144 487
1738723965654 243.27194219040223 488
1738723965688 218.66286187128918 489
1738723965722 173.5672536692047 490
1738723965756 94.48882439418205 491
1738723965790 172.15609883269622 492
1738723965824 171.9816725962224 493
1738723965858 162.5258773102191 494
1738723965892 151.02076716559225 495
1738723965926 189.09199175806052 496
1738723965961 267.9468302549996 497
1738723965995 223.0718408602724 498
1738723966028 313.2020994622514 499
