1738724006794 172.03187343347915 0
1738724006832 175.439159920694 1
1738724006870 186.44989245917046 2
1738724006907 158.66480610113757 3
1738724006945 163.48806020537805 4
1738724006983 173.62415567585862 5
1738724007020 168.19326045170658 6
1738724007058 166.73392086407932 7
1738724007096 181.18215929587157 8
1738724007133 180.6344877332599 9
1738724007170 172.71442772402543 10
1738724007207 157.537464059483 11
1738724007245 171.10341656677502 12
1738724007282 144.27342658859564 13
1738724007319 167.07601098545976 14
1738724007356 173.0044264825135 15
1738724007393 179.18625995408294 16
1738724007430 171.58720110190941 17
1738724007467 195.2744093413684 18
1738724007504 160.60800764990736 19
1738724007541 174.5535271808209 20
1738724007579 161.20992523710746 21
1738724007616 167.12727375973265 22
1738724007653 174.58616324218545 23
1738724007691 176.98521848233648 24
1738724007728 170.01780411708137 25
1738724007765 197.23272113538627 26
1738724007802 175.71899850746382 27
1738724007839 172.11735433950776 28
1738724007876 161.71833837833145 29
1738724007913 177.67726363866257 30
1738724007951 159.1137647303306 31
1738724007988 169.60259882171897 32
1738724008025 165.75687180727235 33
1738724008063 167.56104900768074 34
1738724008100 169.60500883818113 35
1738724008137 171.04229597177405 36
1738724008174 172.47459125297908 37
1738724008211 166.49481973496282 38
1738724008248 173.7373847304219 39
1738724008285 172.04882342379796 40
1738724008322 160.4530136865487 41
1738724008359 177.45088307300983 42
1738724008396 171.47465134224888 43
1738724008433 166.40109074872348 44
1738724008470 175.1115959218765 45
1738724008507 154.6496355177879 46
1738724008544 170.7964108724393 47
1738724008581 172.6895995113607 48
1738724008618 170.15399505557156 49
1738724008655 186.44802030700544 50
1738724008692 166.06655309794508 51
1738724008729 180.3053364735026 52
1738724008766 175.7339007430623 53
1738724008802 165.49376089680624 54
1738724008839 160.78939274769675 55
1738724008876 160.75188200857548 56
1738724008913 162.13632721230098 57
1738724008951 166.0120646172916 58
1738724008988 166.60178622912426 59
1738724009025 150.0672737842355 60
1738724009062 155.37829760031946 61
1738724009098 168.6956933755835 62
1738724009135 181.44116105152327 63
1738724009171 171.20415346185473 64
1738724009207 160.872965135007 65
1738724009244 152.62269303242405 66
1738724009280 172.2956694775409 67
1738724009317 182.40838058640824 68
1738724009354 175.0476842421243 69
1738724009390 167.375865524247 70
1738724009426 169.65777359656437 71
1738724009462 164.5967114698792 72
1738724009499 171.7230740948188 73
1738724009537 162.82930438597236 74
1738724009575 165.88309468605493 75
1738724009612 166.62820067623358 76
1738724009649 169.98024583399373 77
1738724009686 179.0056029975708 78
1738724009723 162.93385439739404 79
1738724009760 154.8079434700698 80
1738724009797 172.22737055004538 81
1738724009834 164.24492804531027 82
1738724009871 176.74151947734066 83
1738724009908 169.78177496415384 84
1738724009944 167.25928673218712 85
1738724009981 177.7850544883471 86
1738724010018 169.7284276733964 87
1738724010055 173.95777094031362 88
1738724010091 170.57186361389756 89
1738724010128 156.8850706239047 90
1738724010164 164.9683596108615 91
1738724010201 173.40189051134874 92
1738724010238 175.32076190111925 93
1738724010274 161.69438571871083 94
1738724010311 170.3806300951638 95
1738724010347 163.33182081671487 96
1738724010385 166.78943069991243 97
1738724010422 165.13749995054087 98
1738724010459 161.00416677747023 99
1738724010496 167.53093067113446 100
1738724010533 171.68529391426063 101
1738724010570 172.11063822146005 102
1738724010606 173.1073068185828 103
1738724010642 175.9932844874404 104
1738724010678 163.89609790265584 105
1738724010715 165.46185333855416 106
1738724010751 169.9716476366173 107
1738724010787 169.48780595295605 108
1738724010824 178.47564853696105 109
1738724010860 170.230584947159 110
1738724010896 175.2472953700385 111
1738724010933 156.84692587684495 112
1738724010969 149.6596729191296 113
1738724011006 155.2843265381153 114
1738724011042 163.87393350202072 115
1738724011079 170.96196903536148 116
1738724011115 165.18624207196035 117
1738724011151 182.91292762738647 118
1738724011187 183.82819991899572 119
1738724011223 158.35465739577614 120
1738724011260 169.6955307406185 121
1738724011296 163.01619642343752 122
1738724011332 167.51516401776027 123
1738724011368 171.15134563091945 124
1738724011405 164.96907836973202 125
1738724011441 173.19256932426768 126
1738724011478 168.9346106411861 127
1738724011514 169.20099325809124 128
1738724011550 160.30234591362984 129
1738724011587 171.8534519693769 130
1738724011623 204.22229261506104 131
1738724011659 164.73447910690004 132
1738724011696 165.7841606764122 133
1738724011732 182.20383175710617 134
1738724011768 155.96736252792002 135
1738724011804 155.3064667534473 136
1738724011840 160.10994378943255 137
1738724011876 161.4134718863837 138
1738724011912 171.4967896688378 139
1738724011948 170.6991738134739 140
1738724011984 170.6342874506086 141
1738724012020 149.20837537073712 142
1738724012056 162.48225415948826 143
1738724012092 166.4940748493687 144
1738724012146 165.9926757570791 145
1738724012214 167.36864746171563 146
1738724012251 165.6430311102524 147
1738724012288 172.2394230306584 148
1738724012325 180.93800172483066 149
1738724012361 167.34702567461395 150
1738724012398 177.70829430964733 151
1738724012435 193.30888757895758 152
1738724012471 202.7858291812824 153
1738724012507 158.0749557882299 154
1738724012544 180.76783279269773 155
1738724012581 171.97075721208424 156
1738724012617 171.68709944518673 157
1738724012653 171.1999530655807 158
1738724012690 170.6363143473838 159
1738724012726 165.21580301115978 160
1738724012763 149.80557762385982 161
1738724012799 164.1809091356048 162
1738724012835 170.36134205746407 163
1738724012872 162.61679396984476 164
1738724012908 158.76779104037533 165
1738724012945 162.3205103910922 166
1738724012981 170.1321269012455 167
1738724013018 176.44855589422005 168
1738724013055 181.9060505319198 169
1738724013091 172.42651750946567 170
1738724013127 168.70940048269694 171
1738724013164 171.12186275390007 172
1738724013200 170.25020773863668 173
1738724013236 164.96814384676625 174
1738724013272 160.78843751330416 175
