1738726211364 153.35113402797768 0
1738726211403 181.17457375991793 1
1738726211441 138.59051426926652 2
1738726211479 165.81458336664616 3
1738726211518 145.5341466828222 4
1738726211557 174.18185751166416 5
1738726211595 180.82461881523784 6
1738726211633 167.56356155569338 7
1738726211671 167.51508609851126 8
1738726211709 142.21378395176606 9
1738726211747 143.67694684624067 10
1738726211784 191.00538288930204 11
1738726211822 152.94009459248844 12
1738726211859 190.8806331938031 13
1738726211897 155.8627042153033 14
1738726211934 184.6653557011924 15
1738726211972 167.82795237517036 16
1738726212010 206.6980517968213 17
1738726212047 180.2490895051117 18
1738726212084 197.75830844527388 19
1738726212122 146.9026646026336 20
1738726212159 184.74993982240915 21
1738726212197 169.6699538459895 22
1738726212234 169.21315733347015 23
1738726212271 155.10481889504587 24
1738726212308 176.2428192660741 25
1738726212346 174.27235988999607 26
1738726212389 178.3395236881506 27
1738726212428 171.41051488445663 28
1738726212467 149.18055912147312 29
1738726212505 192.9656984767209 30
1738726212543 195.5023660653817 31
1738726212581 200.98111857894438 32
1738726212619 186.9520823963618 33
1738726212657 185.61549755176048 34
1738726212695 172.79363850639854 35
1738726212733 164.50821970986723 36
1738726212770 179.40163518641998 37
1738726212808 165.54267069375013 38
1738726212846 214.82017447213786 39
1738726212883 175.17814104193303 40
1738726212921 175.4890561909473 41
1738726212959 157.27084520475427 42
1738726212996 155.93205470039646 43
1738726213034 143.18345686966146 44
1738726213071 143.1632557903125 45
1738726213109 143.23712003042002 46
1738726213146 187.9601767416011 47
1738726213184 162.25302114931733 48
1738726213221 174.3350437789597 49
1738726213259 166.30297150741424 50
1738726213296 172.82465561848176 51
1738726213334 149.8894987650039 52
1738726213372 187.60198090710628 53
1738726213409 193.63623139547826 54
1738726213447 156.42839381241055 55
1738726213484 166.65369915753334 56
1738726213523 180.2297979128437 57
1738726213562 172.6400152521995 58
1738726213601 149.8822293430743 59
1738726213641 186.73745905852567 60
1738726213679 172.90465356119608 61
1738726213717 140.3544059538725 62
1738726213755 133.26353705741985 63
1738726213793 189.98271379389845 64
1738726213830 156.97817535614752 65
1738726213868 171.87519634552646 66
1738726213906 172.75588846055393 67
1738726213943 196.07302571414775 68
1738726213981 175.1061211436928 69
1738726214019 167.6016041677573 70
1738726214056 182.18042595593468 71
1738726214096 150.86831191373722 72
1738726214134 200.37590533457129 73
1738726214173 186.9623708591525 74
1738726214210 169.88733298564202 75
1738726214249 168.17860432056233 76
1738726214286 168.48367473246438 77
1738726214324 147.80730468107888 78
1738726214362 180.3744117294037 79
1738726214400 151.8031948705356 80
1738726214438 155.2190627617937 81
1738726214476 158.37642175268593 82
1738726214514 178.15519770458087 83
1738726214552 165.59638701572814 84
1738726214590 132.2756300466443 85
1738726214628 162.97998880697585 86
1738726214666 191.15707009316833 87
1738726214704 164.30204253628048 88
1738726214742 125.25550037063522 89
1738726214779 169.74850463094222 90
1738726214817 162.77433414537558 91
1738726214855 155.92302007198268 92
1738726214892 186.76293542282346 93
1738726214930 172.95634718247075 94
1738726214967 177.2565654938844 95
1738726215004 191.9530555822425 96
1738726215042 160.95593773617583 97
1738726215079 179.66111250091046 98
1738726215116 158.16170877359323 99
1738726215154 181.39901847958419 100
1738726215191 178.2534764718789 101
1738726215228 189.5962342429123 102
1738726215265 169.4893096897114 103
1738726215303 155.23940027226823 104
1738726215340 166.82312069236494 105
1738726215377 180.20447445049012 106
1738726215414 177.72519667178076 107
1738726215452 149.15595441126356 108
1738726215489 161.2264940293876 109
1738726215526 137.7407318093192 110
1738726215563 245.10640814986652 111
1738726215601 168.0366367278991 112
1738726215638 174.18861962718927 113
1738726215676 179.8032410376009 114
1738726215714 137.11139452792278 115
1738726215752 164.55526543338004 116
1738726215790 167.68504400181573 117
1738726215828 163.76008739453624 118
1738726215866 164.2068049642229 119
1738726215903 176.57691743628632 120
1738726215941 150.23460220448234 121
1738726215979 172.0510749168939 122
1738726216016 157.8004623382326 123
1738726216054 154.58040197117856 124
1738726216091 144.15257589431877 125
1738726216129 163.60338198702203 126
1738726216166 229.82516536636675 127
1738726216204 173.07092398610422 128
1738726216241 108.70131715777528 129
1738726216279 156.6671293418835 130
1738726216316 184.3722563026024 131
1738726216353 159.5861140577728 132
1738726216390 158.905175152674 133
1738726216428 164.3790666451441 134
1738726216465 185.55171653547234 135
1738726216503 175.41461281855672 136
1738726216540 144.15930820307247 137
1738726216578 144.90089134833755 138
1738726216615 205.90093603210576 139
1738726216652 183.13777275133754 140
1738726216690 182.57119500759157 141
1738726216727 187.24920984869846 142
1738726216766 151.38940932788125 143
1738726216822 159.7359124129585 144
1738726216868 176.66330328732346 145
1738726216910 170.88734006769346 146
1738726216953 156.3633451085628 147
1738726216992 163.6439221958863 148
1738726217031 155.6895365908398 149
1738726217070 138.86511632071355 150
1738726217108 201.6962445158295 151
1738726217147 167.36972279252223 152
1738726217186 184.9312956744091 153
1738726217224 201.6180471392613 154
1738726217262 184.4140636666194 155
1738726217300 158.15173588740703 156
1738726217338 174.97613082653461 157
1738726217377 177.33825221505325 158
1738726217415 176.8409532403456 159
1738726217454 185.2550817227816 160
1738726217492 179.10473763272523 161
1738726217531 153.9774673590845 162
1738726217569 161.58189479536577 163
1738726217607 153.56622942969102 164
1738726217646 165.31112274536338 165
1738726217684 146.87824870967071 166
1738726217722 151.31364627403622 167
1738726217761 157.40707121272567 168
1738726217808 168.38249602999858 169
1738726217851 174.88455295839069 170
1738726217890 161.61418209697808 171
1738726217930 181.09099485687588 172
1738726217969 173.75814788149066 173
1738726218008 170.9970764693237 174
1738726218046 176.56658789205906 175
1738726218086 178.72105359074308 176
1738726218125 165.27403416144296 177
1738726218164 188.63075203177874 178
1738726218202 152.75791406409869 179
1738726218241 157.579937651149 180
1738726218279 111.75905402559384 181
1738726218317 181.4976431249757 182
1738726218355 170.1366916094665 183
1738726218393 169.40602242876963 184
1738726218431 184.37480311081575 185
1738726218470 192.22393247063664 186
1738726218508 157.63399116726237 187
1738726218576 156.49570524282854 188
1738726218616 180.77667596476445 189
1738726218656 186.8837627991304 190
1738726218698 135.2003538352882 191
1738726218740 152.29711429563088 192
1738726218781 152.3117839544611 193
1738726218820 195.3933603473284 194
1738726218860 172.851216281989 195
1738726218900 201.5212775868402 196
1738726218940 189.09963837658077 197
1738726218983 194.73911474321682 198
1738726219024 162.03449945952826 199
1738726219065 155.52311616243807 200
1738726219106 150.4627916126857 201
1738726219148 163.6992359881319 202
1738726219187 159.3980819666331 203
1738726219226 180.74357945704276 204
1738726219267 151.6033945457321 205
1738726219307 163.3228712603198 206
1738726219347 191.18375487642786 207
1738726219387 186.89587519349922 208
1738726219427 172.132828387714 209
1738726219466 205.98740468645235 210
1738726219515 186.86644872414723 211
1738726219574 158.0305543554861 212
1738726219619 178.72931705369004 213
1738726219659 146.45215986632576 214
1738726219699 164.18728626853903 215
1738726219739 171.45708328550867 216
1738726219780 161.34972364209284 217
1738726219822 186.58722885951866 218
1738726219863 169.78784179200355 219
1738726219905 162.76228533166184 220
1738726219945 154.53374655448198 221
1738726219984 172.57867546948526 222
1738726220023 155.5945135648371 223
1738726220063 155.24897851591342 224
1738726220103 162.22960000384228 225
1738726220143 162.53362230158206 226
1738726220184 145.63624368847982 227
1738726220227 179.07338115898293 228
1738726220267 164.8089927536756 229
1738726220307 194.14440124497992 230
1738726220348 186.74902251009456 231
1738726220388 184.3285159394656 232
1738726220428 172.87725387828215 233
1738726220467 191.09668779474043 234
1738726220507 179.3735195775633 235
1738726220547 181.11613429700245 236
1738726220587 156.73510119883343 237
1738726220626 159.08041971959878 238
1738726220666 147.97905377241932 239
1738726220707 187.0370660613292 240
1738726220747 153.06487652341417 241
1738726220788 179.88349006563507 242
1738726220829 163.63068055473266 243
1738726220871 181.0080199735434 244
1738726220911 169.85821548642429 245
1738726220950 181.5751181685276 246
1738726220989 184.12312337144692 247
1738726221028 173.34135944373816 248
1738726221066 168.62529610030023 249
1738726221105 166.06276332383223 250
1738726221143 176.11419706917826 251
1738726221182 189.70813776356462 252
1738726221220 173.33904306460317 253
1738726221258 150.0697726310991 254
1738726221297 169.9082476873391 255
1738726221337 159.84385869234782 256
1738726221377 148.32559036035835 257
1738726221416 204.42096713132378 258
1738726221457 178.94221413650908 259
1738726221497 157.9069747877867 260
1738726221536 174.72091638213942 261
1738726221576 157.85784644095034 262
1738726221616 165.6762926242325 263
1738726221657 198.18437212890686 264
1738726221697 161.82232703607536 265
1738726221739 239.4578619646231 266
1738726221780 174.07884013946568 267
1738726221819 174.41805731920962 268
1738726221858 161.69471955271916 269
1738726221896 187.84199196368587 270
1738726221933 171.61770802409308 271
1738726221971 160.46800124847587 272
1738726222010 188.2325789202664 273
1738726222048 173.46612781603562 274
1738726222086 180.5521632842207 275
1738726222124 173.62256183672125 276
1738726222161 154.6568663687163 277
1738726222199 168.04290542110869 278
1738726222237 139.15442108864167 279
1738726222274 168.30631916328784 280
1738726222312 121.78842318741313 281
1738726222349 161.50238126118606 282
1738726222388 153.22516622816565 283
1738726222426 143.64988101252976 284
1738726222464 177.1170916388587 285
1738726222502 165.62548241992408 286
1738726222553 178.56609755080873 287
1738726222606 176.39107381584378 288
1738726222646 155.1248827010216 289
1738726222686 171.94284950837456 290
1738726222727 174.7828075452007 291
1738726222768 165.83416605096133 292
1738726222808 166.8153085853398 293
1738726222849 165.93929119906588 294
1738726222889 164.46562137504907 295
1738726222928 128.57504432612558 296
1738726222969 166.77821166413332 297
1738726223008 170.3314575466996 298
1738726223048 165.41416940241086 299
1738726223089 169.78243247588497 300
1738726223130 166.75051230004317 301
1738726223172 165.50090419490704 302
1738726223211 174.45051707062265 303
1738726223251 166.42526573526496 304
1738726223290 184.55917769565463 305
1738726223330 164.67179873400795 306
1738726223368 149.81465742977102 307
1738726223407 183.55460200659115 308
1738726223445 174.93716699303877 309
1738726223484 178.729003055941 310
1738726223522 147.4963512515205 311
1738726223561 164.94347961218628 312
1738726223599 157.81862285724952 313
1738726223639 179.97341065159094 314
1738726223678 158.05935992624399 315
1738726223718 153.2312904305544 316
1738726223757 159.7715226898359 317
1738726223796 148.26346469519103 318
1738726223835 158.62784007914098 319
1738726223875 163.0212533088405 320
1738726223914 172.765615601423 321
1738726223953 190.9268200565185 322
1738726223991 152.2789715649857 323
1738726224029 135.62195023074557 324
1738726224067 173.23570506619677 325
1738726224105 154.32138803975917 326
1738726224143 140.35412678724703 327
1738726224181 171.13526236376347 328
1738726224218 180.23682010117446 329
1738726224256 162.21745800099447 330
1738726224294 157.56037923443867 331
1738726224331 214.83948477227403 332
1738726224369 170.51366730204413 333
1738726224407 149.4193433862998 334
1738726224447 160.7404596949373 335
1738726224486 157.6769772712438 336
1738726224532 157.7243741271443 337
1738726224573 167.6025180914349 338
1738726224612 233.20512219743222 339
1738726224651 167.21379897819472 340
1738726224690 185.45740549356915 341
1738726224729 170.49577277649274 342
1738726224767 184.38650064760435 343
1738726224806 160.92764333301875 344
1738726224844 172.83275833297637 345
1738726224882 173.17439203383717 346
1738726224920 156.10116780020792 347
1738726224958 173.96333402766152 348
1738726224996 165.42354420824088 349
1738726225035 136.34634639993192 350
1738726225073 181.3249261624367 351
1738726225112 170.11266406342827 352
1738726225150 141.42702624640992 353
1738726225189 165.164594444125 354
1738726225228 182.60390547512512 355
1738726225278 181.1039631268338 356
1738726225323 159.37198573589146 357
1738726225375 174.59743789549773 358
1738726225415 185.63721659585522 359
1738726225455 179.1617911596536 360
1738726225493 170.77986968882422 361
1738726225534 176.94749996231604 362
1738726225572 230.85752968500685 363
1738726225612 170.06532188169578 364
1738726225651 135.14526116966078 365
1738726225690 172.70936043087002 366
1738726225728 145.21696581711046 367
1738726225767 173.29416943247745 368
1738726225806 188.56915937474193 369
1738726225845 157.81858654485202 370
1738726225884 170.07500513992045 371
1738726225923 180.54392124093127 372
1738726225962 165.16029266969127 373
1738726226000 157.4995269306857 374
1738726226039 154.4059662961749 375
1738726226096 141.75803027600762 376
1738726226150 185.04446253374664 377
1738726226224 168.5416683766257 378
1738726226264 216.4338000983189 379
1738726226308 209.7515976350133 380
1738726226354 151.48337430879485 381
1738726226406 169.1715712644782 382
1738726226463 226.11305172545528 383
1738726226505 169.99942815448625 384
1738726226544 158.97945278447827 385
1738726226585 162.1802911120137 386
1738726226628 162.88739616535182 387
1738726226669 186.73796196737425 388
1738726226710 167.55976478733828 389
1738726226751 192.19334436119513 390
1738726226794 183.40079765753123 391
1738726226838 166.33812609348783 392
1738726226877 170.78860377067656 393
1738726226917 172.25764246214797 394
1738726226955 124.51839481471603 395
1738726226996 166.2358009596779 396
1738726227036 193.91636114454056 397
1738726227075 145.57798192360835 398
1738726227116 181.28434587399778 399
1738726227157 204.6640753079964 400
1738726227202 159.401343172247 401
1738726227246 171.28756631857374 402
1738726227286 167.11544960684347 403
1738726227325 141.30380980148732 404
1738726227364 176.63574402035465 405
1738726227404 151.0602711655177 406
1738726227444 156.91572341130734 407
1738726227483 166.31269172516105 408
1738726227523 142.92306977511208 409
1738726227565 178.8818988338547 410
1738726227603 155.90802310146603 411
1738726227643 151.9978013966753 412
1738726227682 183.5557465729255 413
1738726227721 165.49311326098498 414
1738726227762 175.45240597105374 415
1738726227802 161.44249136674185 416
1738726227840 181.0334052368066 417
1738726227881 142.84767016123632 418
1738726227921 188.62869505027044 419
1738726227960 158.1711644695672 420
1738726227998 198.07686448460743 421
1738726228038 170.50165916304832 422
1738726228077 170.99390752321392 423
1738726228116 177.64052586492065 424
1738726228165 153.3759051691723 425
1738726228238 189.64500523084527 426
1738726228283 186.43206194223296 427
1738726228322 169.6007851368819 428
1738726228361 149.87088112604445 429
1738726228400 159.77032208382792 430
1738726228440 156.43497311123747 431
1738726228480 163.5018729345507 432
1738726228519 179.7330211949255 433
1738726228558 186.52853882673833 434
1738726228596 187.3661880000232 435
1738726228635 180.3105669568149 436
1738726228673 168.20235019422694 437
1738726228712 176.47963875734385 438
1738726228751 163.19459391360823 439
1738726228789 184.1149178161168 440
1738726228828 178.52229750721693 441
1738726228866 210.31533319141948 442
1738726228905 200.2625232395391 443
1738726228943 173.00650503169504 444
1738726228982 195.23038191724802 445
1738726229020 187.11516559590058 446
1738726229059 148.73381295480888 447
1738726229097 175.39188067817412 448
1738726229136 147.28458108061938 449
1738726229175 178.44567875909402 450
1738726229213 168.23836008093744 451
1738726229252 164.31634520023604 452
1738726229292 165.5737356637892 453
1738726229333 184.7449794148019 454
1738726229374 161.63569961082035 455
1738726229414 182.66650550485528 456
1738726229454 158.86362489586375 457
1738726229493 149.38927930073646 458
1738726229531 161.16206381292915 459
1738726229570 135.36417263580552 460
1738726229610 183.47498467244063 461
1738726229650 172.67041436031002 462
1738726229689 180.98863701059378 463
1738726229727 182.26276901373944 464
1738726229766 163.02150007835536 465
1738726229805 174.14907711107395 466
1738726229845 160.06726074923424 467
1738726229888 160.67137121511766 468
1738726229931 164.3420576883451 469
1738726229970 192.78498213390156 470
1738726230009 185.1203352757804 471
1738726230047 176.14115497982877 472
1738726230086 182.0812333370517 473
1738726230125 170.19460251762115 474
1738726230163 147.63161409878117 475
1738726230201 160.03888019367542 476
1738726230239 145.39124969163797 477
1738726230277 229.82726909713276 478
1738726230315 164.594812750097 479
1738726230354 174.7751271075176 480
1738726230421 184.98319295888604 481
1738726230461 165.2708501227088 482
1738726230500 156.0910874738247 483
1738726230538 158.56493424740944 484
1738726230577 164.5978155672186 485
1738726230615 189.20051706485475 486
1738726230654 147.27018339036914 487
1738726230694 149.95893252788642 488
1738726230735 150.59573266371495 489
1738726230774 180.00218730334817 490
1738726230814 238.02545497740584 491
1738726230853 165.84773803921615 492
1738726230892 162.14173846983982 493
1738726230931 181.9451215384174 494
1738726230970 161.94915323615908 495
1738726231009 177.25234679711738 496
1738726231048 172.16515676117686 497
1738726231087 151.79066481791318 498
1738726231125 171.80079543406947 499
