1738722113078 169.74987688823265 0
1738722113080 168.86628003148675 1
1738722113082 170.7637917257219 2
1738722113084 170.0204554376321 3
1738722113086 166.86365544725015 4
1738722113088 168.6826576025742 5
1738722113089 170.17710059801087 6
1738722113091 167.15784431121125 7
1738722113093 169.14982589735618 8
1738722113095 166.6445727851609 9
1738722113097 166.36083668143598 10
1738722113098 168.6764737828785 11
1738722113100 166.7936807627471 12
1738722113102 169.77150658296335 13
1738722113104 168.17587069586585 14
1738722113106 168.39201745865628 15
1738722113108 166.95984546264117 16
1738722113110 169.80438247884143 17
1738722113112 170.33686377293307 18
1738722113114 165.62630944011227 19
1738722113116 167.38495998533645 20
1738722113118 166.75952759153043 21
1738722113120 167.19548713157258 22
1738722113121 170.42341815682013 23
1738722113123 169.5890851764413 24
1738722113125 168.93208158542046 25
1738722113127 167.7290492240084 26
1738722113129 167.6917359280727 27
1738722113131 168.76978131367247 28
1738722113132 170.62095196027897 29
1738722113134 168.1100382514 30
1738722113136 169.78670870929025 31
1738722113138 170.5122509223882 32
1738722113140 167.1173870640686 33
1738722113142 169.0349211171504 34
1738722113144 168.93111209943615 35
1738722113145 170.1771520064774 36
1738722113147 169.35770464880434 37
1738722113149 169.05819488104768 38
