1738722946697 179.98317545816963 0
1738722946729 173.27059480340856 1
1738722946760 188.93758193498124 2
1738722946791 184.43595516306527 3
1738722946822 167.2704322011403 4
1738722946854 198.48575020569223 5
1738722946886 156.62126582869567 6
1738722946918 164.7902559820902 7
1738722946951 173.68091218754032 8
1738722946983 183.3949076002115 9
1738722947015 185.2448982967222 10
1738722947047 186.14026290135504 11
1738722947079 165.1901315970807 12
1738722947111 165.14913002267087 13
1738722947143 173.97724059232547 14
1738722947176 157.84652435581933 15
1738722947210 170.22312826178455 16
1738722947242 168.40552014486306 17
1738722947274 146.0918475057954 18
1738722947307 162.65985221192875 19
1738722947340 185.17045071891476 20
1738722947373 149.3455515887831 21
1738722947405 149.8126668972497 22
1738722947437 164.97368803310056 23
1738722947470 162.95216168649105 24
1738722947502 151.71427481612665 25
1738722947534 178.51897658438526 26
1738722947567 163.88346065793993 27
1738722947599 162.02463410354503 28
1738722947632 172.85890338757693 29
1738722947664 180.95441055816792 30
1738722947696 203.9564544939207 31
1738722947728 166.37686989114684 32
1738722947760 181.13620294224387 33
1738722947792 163.47170084401745 34
1738722947824 174.75691332902892 35
1738722947857 190.0156506506643 36
1738722947898 166.1582420218412 37
1738722947937 199.93803020585287 38
1738722947974 190.3609246890145 39
1738722948010 172.541223542021 40
1738722948043 189.64791949926308 41
1738722948076 171.81851416169485 42
1738722948109 160.6897779772009 43
1738722948141 166.53337260301444 44
1738722948173 168.59368408574647 45
1738722948206 182.42611741399355 46
1738722948238 180.74887817711019 47
1738722948270 186.75734721357762 48
1738722948302 167.38490015417423 49
1738722948335 161.95774591038673 50
1738722948367 174.73350873597641 51
1738722948398 170.5122963522221 52
1738722948430 174.16559006049692 53
1738722948462 171.50499038940774 54
1738722948494 182.60850793994476 55
1738722948526 147.24687890268467 56
1738722948558 176.34103759733952 57
