1738722854592 169.4035234045466 0
1738722854594 169.40104107736553 1
1738722854596 169.39857008164137 2
1738722854597 169.39611036258353 3
1738722854599 169.39366186567187 4
1738722854600 169.3912245366551 5
1738722854602 169.38879832154967 6
1738722854603 169.38638316663818 7
1738722854605 169.38397901846827 8
1738722854606 169.38158582385128 9
1738722854608 169.37920352986077 10
1738722854610 169.37683208383143 11
1738722854611 169.37447143335757 12
1738722854613 169.3721215262921 13
1738722854615 169.369782310745 14
1738722854616 169.36745373508214 15
1738722854618 169.36513574792403 16
1738722854619 169.3628282981444 17
1738722854621 169.36053133486928 18
1738722854622 169.3582448074753 19
1738722854624 169.3559686655889 20
1738722854625 169.35370285908468 21
1738722854627 169.35144733808445 22
1738722854629 169.34920205295586 23
1738722854630 169.34696695431126 24
1738722854632 169.34474199300635 25
1738722854633 169.34252712013918 26
1738722854635 169.3403222870488 27
1738722854636 169.33812744531403 28
1738722854638 169.3359425467524 29
1738722854639 169.33376754341882 30
1738722854641 169.33160238760453 31
1738722854642 169.32944703183588 32
1738722854644 169.32730142887314 33
1738722854645 169.32516553170933 34
1738722854647 169.32303929356905 35
1738722854648 169.32092266790744 36
1738722854650 169.31881560840893 37
1738722854651 169.3167180689861 38
1738722854653 169.31463000377852 39
1738722854654 169.31255136715183 40
1738722854656 169.31048211369637 41
1738722854657 169.30842219822605 42
1738722854659 169.30637157577758 43
1738722854660 169.30433020160893 44
1738722854662 169.30229803119855 45
1738722854663 169.30027502024402 46
1738722854665 169.29826112466125 47
1738722854666 169.2962563005831 48
1738722854668 169.29426050435856 49
1738722854669 169.29227369255148 50
1738722854671 169.29029582193957 51
1738722854672 169.28832684951342 52
1738722854674 169.2863667324753 53
1738722854676 169.28441542823828 54
1738722854677 169.28247289442493 55
1738722854678 169.2805390888665 56
1738722854680 169.27861396960196 57
1738722854682 169.27669749487652 58
1738722854683 169.2747896231412 59
1738722854685 169.2728903130513 60
1738722854686 169.2709995234658 61
1738722854688 169.26911721344592 62
1738722854689 169.26724334225457 63
1738722854691 169.265377869355 64
1738722854695 169.26352075441 65
1738722854696 169.26167195728064 66
1738722854698 169.25983143802577 67
1738722854699 169.25799915690055 68
1738722854701 169.25617507435578 69
1738722854702 169.25435915103677 70
1738722854704 169.2525513477824 71
1738722854705 169.25075162562428 72
1738722854707 169.24895994578566 73
1738722854708 169.2471762696804 74
1738722854710 169.2454005589124 75
1738722854711 169.2436327752741 76
1738722854713 169.24187288074614 77
1738722854714 169.24012083749585 78
1738722854716 169.2383766078768 79
1738722854717 169.2366401544276 80
1738722854719 169.234911439871 81
1738722854720 169.23319042711313 82
1738722854722 169.23147707924252 83
1738722854724 169.22977135952902 84
1738722854725 169.22807323142314 85
1738722854727 169.2263826585551 86
1738722854728 169.22469960473381 87
1738722854730 169.22302403394613 88
1738722854732 169.2213559103559 89
1738722854733 169.21969519830304 90
1738722854735 169.2180418623029 91
1738722854736 169.21639586704498 92
1738722854738 169.2147571773925 93
1738722854739 169.21312575838118 94
1738722854741 169.2115015752187 95
1738722854743 169.20988459328353 96
1738722854744 169.20827477812435 97
1738722854746 169.20667209545903 98
1738722854747 169.2050765111739 99
1738722854749 169.20348799132282 100
1738722854751 169.20190650212652 101
1738722854752 169.20033200997148 102
1738722854754 169.19876448140937 103
1738722854755 169.19720388315613 104
1738722854757 169.19565018209116 105
1738722854759 169.19410334525654 106
1738722854761 169.1925633398561 107
1738722854762 169.19103013325486 108
1738722854764 169.1895036929779 109
1738722854766 169.18798398670992 110
1738722854767 169.1864709822941 111
1738722854789 169.18496464773176 112
1738722854799 169.18346495118098 113
1738722854801 169.18197186095637 114
1738722854803 169.180485345528 115
1738722854812 169.17900537352065 116
1738722854814 169.17753191371318 117
1738722854815 169.17606493503766 118
1738722854817 169.17460440657857 119
1738722854819 169.17315029757214 120
1738722854820 169.17170257740557 121
1738722854822 169.1702612156162 122
1738722854823 169.16882618189095 123
1738722854825 169.1673974460654 124
1738722854826 169.16597497812305 125
1738722854828 169.16455874819474 126
1738722854829 169.1631487265579 127
1738722854831 169.16174488363552 128
