1738724530713 168.3851076232992 0
1738724530717 165.7617039488279 1
1738724530720 172.00745937669748 2
1738724530723 168.30758982326262 3
1738724530727 170.9554814704632 4
1738724530730 168.26831624595016 5
1738724530733 169.1496311623219 6
1738724530736 169.27429971969684 7
1738724530739 175.02547397618474 8
1738724530743 169.48575001318187 9
1738724530746 170.51624647191727 10
1738724530750 169.34513463120146 11
1738724530753 166.4963664731531 12
1738724530757 170.59689459749478 13
1738724530762 168.0222340991368 14
1738724530765 167.81465545769652 15
1738724530769 168.61259783474637 16
1738724530773 168.63876524738356 17
1738724530777 166.3289207167474 18
1738724530781 168.95289740222412 19
1738724530784 168.8234771406361 20
1738724530788 172.73356575363425 21
1738724530791 168.2502877166645 22
1738724530795 170.02411175610382 23
1738724530799 166.51550896912434 24
1738724530802 169.61330205749215 25
1738724530805 168.5443605538714 26
1738724530808 170.73639289309514 27
1738724530812 168.74114414635412 28
1738724530815 168.67471476815058 29
1738724530819 170.34808439865276 30
1738724530822 170.23574537639178 31
1738724530826 170.1392669448456 32
1738724530830 170.1747059445505 33
1738724530833 168.97318238171917 34
1738724530837 171.09261772112617 35
1738724530841 165.8770460258823 36
1738724530844 169.14562110419917 37
1738724530848 167.9982930341582 38
1738724530851 165.81751715076794 39
1738724530855 169.5822959949201 40
1738724530859 166.34775979593508 41
1738724530862 164.3911320064658 42
1738724530866 167.12702499275352 43
1738724530869 171.32607248459053 44
1738724530872 168.84607442369466 45
1738724530876 168.41893928393975 46
1738724530879 168.92997707391424 47
1738724530883 171.7899657218323 48
1738724530887 170.59594702720898 49
1738724530890 167.0770112352419 50
1738724530894 168.6785651291003 51
1738724530898 169.4816119332159 52
1738724530901 167.23229096466665 53
1738724530905 165.26526884412647 54
1738724530908 167.21392254541706 55
1738724530912 167.35561605491318 56
1738724530916 168.15383715949963 57
1738724530919 169.94895183716787 58
1738724530923 166.6135700923981 59
1738724530926 168.9682077846049 60
1738724530930 169.97126778207848 61
1738724530933 167.74661127277085 62
1738724530937 166.3263879403234 63
1738724530941 167.17761755228562 64
1738724530944 171.4588733815673 65
1738724530948 169.42755124224433 66
1738724530951 165.40264629356383 67
1738724530955 167.53902470848516 68
1738724530958 169.8210436332916 69
1738724530962 169.60079847598965 70
1738724530965 169.65095651145342 71
1738724530969 167.46316819827206 72
1738724530973 168.2319329778773 73
1738724530976 169.19784158594655 74
1738724530980 168.3783638570132 75
1738724530983 167.2341179036253 76
1738724530987 166.44494307640593 77
1738724530991 167.93560317377185 78
1738724530994 166.56949960303066 79
1738724530998 168.15665474445726 80
1738724531001 167.25541061642662 81
1738724531005 168.05354192612052 82
1738724531009 168.5585740713786 83
1738724531013 173.55268527607583 84
1738724531018 169.95996172721064 85
1738724531021 169.30543943301623 86
1738724531024 168.66697559343976 87
