1738722981499 162.31277581971128 0
1738722981532 158.46519473110206 1
1738722981564 176.38133208619797 2
1738722981596 171.3890672072719 3
1738722981629 163.29979942602608 4
1738722981661 167.83979395089807 5
1738722981694 160.5654695770279 6
1738722981726 178.13737364786846 7
1738722981757 172.1375580634217 8
1738722981789 174.9599548748141 9
1738722981822 171.4248495915646 10
1738722981854 171.9685130533412 11
1738722981886 160.68561931363826 12
1738722981918 158.82518780935362 13
1738722981950 157.1078422893491 14
1738722981982 164.60769201534558 15
1738722982014 152.6864260204604 16
1738722982045 148.4778495137893 17
