1738722321154 88.5841681723762 0
1738722321187 148.35113430363867 1
1738722321220 164.89725364202573 2
1738722321253 169.05612395705487 3
1738722321286 155.8765135547703 4
1738722321320 190.363759336948 5
1738722321353 145.29867400376514 6
1738722321386 120.78207841835561 7
1738722321419 167.7766094573328 8
1738722321452 176.13648754432685 9
1738722321485 158.08055297869726 10
1738722321518 327.28617150613474 11
1738722321551 226.6617592950603 12
1738722321584 192.89320570856626 13
1738722321619 143.7904394255914 14
1738722321653 201.8184912111479 15
1738722321686 140.38229479546487 16
1738722321719 155.71427647020275 17
1738722321752 164.70586737730682 18
1738722321785 233.33026741312958 19
1738722321818 154.8753472190047 20
1738722321851 244.01625758232404 21
1738722321884 215.27302202696035 22
1738722321917 119.77961501267693 23
1738722321950 136.4708528808594 24
1738722321983 278.68682375566476 25
1738722322016 191.69653823859267 26
1738722322048 312.9421897669517 27
1738722322081 275.68585068546537 28
1738722322113 188.99242680275918 29
1738722322166 317.5748368965446 30
1738722322203 170.90665679974504 31
1738722322236 225.00703513481983 32
1738722322269 157.05948296533057 33
1738722322310 127.07468416958609 34
1738722322344 165.973079963584 35
1738722322378 132.7081643279475 36
1738722322413 163.74822818634718 37
1738722322446 169.31819439175212 38
1738722322479 134.7433618277502 39
1738722322511 243.28747083499448 40
1738722322544 61.275255129710104 41
1738722322577 143.0788336254968 42
1738722322610 138.04544022351268 43
1738722322642 188.47724574554758 44
1738722322675 100.53052570903935 45
1738722322707 111.41358554807367 46
1738722322740 217.69234937402783 47
1738722322772 155.87950802416876 48
1738722322805 149.3800314683845 49
1738722322838 142.20796957981946 50
1738722322870 254.47970107588208 51
1738722322903 164.1697522934012 52
1738722322935 177.5457552337891 53
1738722322968 155.8963420780206 54
1738722323001 102.35374951426398 55
1738722323033 129.97986910280247 56
1738722323065 192.7096751553293 57
1738722323098 166.71253656491888 58
1738722323132 141.56962432547942 59
1738722323164 168.64276854128886 60
1738722323197 78.06104988549278 61
1738722323230 124.2378867597139 62
1738722323262 193.05845478290897 63
1738722323295 143.79912028425488 64
1738722323327 89.74072627715073 65
1738722323360 140.24668755734643 66
1738722323392 190.94282807423744 67
1738722323424 299.54327384592153 68
1738722323457 125.8579997374476 69
1738722323490 134.19935787747733 70
1738722323523 137.3167692063486 71
1738722323555 82.98864108813817 72
1738722323588 187.7090238095482 73
1738722323621 168.6295091282702 74
1738722323654 252.9677045770789 75
1738722323686 144.63270972914907 76
1738722323719 142.58964911830319 77
1738722323752 140.81295764652137 78
1738722323785 185.24172720729695 79
1738722323818 102.17132952886283 80
1738722323851 188.99672899272184 81
1738722323883 106.7600174829679 82
1738722323915 240.82044444501165 83
1738722323948 197.66722446700572 84
1738722323980 134.53991263182232 85
1738722324013 224.7865471645794 86
1738722324045 268.31859702988965 87
1738722324078 152.32179616633033 88
1738722324110 246.3828187387991 89
1738722324143 155.57069630279227 90
1738722324175 135.0698790123268 91
1738722324207 187.07274992001211 92
1738722324240 188.93379174383747 93
1738722324272 128.2878948950266 94
1738722324304 208.53403221680475 95
1738722324337 154.05532868912454 96
1738722324369 137.54252888737184 97
1738722324401 208.44793227748326 98
1738722324434 177.44407981333788 99
1738722324466 162.02651635802377 100
1738722324498 599.0512665083877 101
1738722324530 150.1174573426602 102
1738722324563 242.3988778232538 103
1738722324595 277.47906347888426 104
1738722324627 176.66446098561738 105
1738722324659 175.17060805806824 106
1738722324692 323.942149902513 107
1738722324724 120.64469727261731 108
1738722324756 64.17853791848573 109
1738722324789 183.97308955287718 110
1738722324821 232.04776709108745 111
1738722324853 132.8290285862315 112
1738722324885 158.54341561574174 113
1738722324917 146.71551061558065 114
1738722324950 115.33432102361088 115
1738722324982 154.42672812283223 116
1738722325015 184.65761895556892 117
1738722325047 102.24788442336441 118
1738722325080 129.1267935171455 119
1738722325112 204.74867625817538 120
1738722325146 125.19236042881194 121
1738722325180 162.75403356164645 122
1738722325213 173.4137666101181 123
1738722325245 361.0701496466269 124
1738722325277 150.11693782309635 125
1738722325310 148.85946041195245 126
1738722325342 151.14051793672962 127
1738722325374 137.66974268960308 128
1738722325406 227.97426882757495 129
1738722325439 139.17690931300737 130
1738722325471 119.0879600186978 131
1738722325503 167.49554453793715 132
1738722325535 183.3942906717444 133
1738722325567 159.45455550538227 134
1738722325600 271.0343190817085 135
1738722325632 188.89017074894133 136
1738722325664 351.7645280080002 137
1738722325696 146.50797624539803 138
1738722325728 260.2732856321873 139
1738722325760 228.06336620686227 140
1738722325793 109.96571645989904 141
1738722325825 144.69979620814894 142
1738722325859 172.39380739596643 143
1738722325892 142.29540059719707 144
1738722325924 191.2654907699016 145
1738722325956 182.61617377932905 146
1738722325989 144.0085699155494 147
1738722326021 156.1907849197964 148
1738722326053 232.10972752497497 149
1738722326085 204.42391632575485 150
1738722326117 176.07412726251837 151
1738722326149 265.7908539493655 152
1738722326181 160.44135210324313 153
1738722326213 155.15483527895546 154
1738722326246 135.09107935512316 155
1738722326278 135.85352866249187 156
1738722326311 178.63232303840542 157
1738722326360 132.74509963179204 158
1738722326394 181.21368881353268 159
1738722326428 286.6242056686409 160
1738722326461 98.47069663041384 161
1738722326495 148.38062247391838 162
1738722326528 165.0618899395467 163
1738722326561 106.46167573464204 164
1738722326594 197.69062114033196 165
1738722326627 193.21061777181694 166
1738722326659 190.05430734915393 167
1738722326692 139.0205355747977 168
1738722326725 168.37467317359858 169
1738722326757 206.3193215254139 170
1738722326790 89.1399866007536 171
1738722326823 210.2899119360033 172
1738722326856 182.68480383835683 173
1738722326889 91.08689067718211 174
1738722326922 140.4276726153129 175
1738722326955 186.21629912578587 176
1738722326988 316.2838303580617 177
1738722327021 208.96455457809486 178
1738722327054 136.5877034392963 179
1738722327087 154.5574727749492 180
1738722327120 181.94014150831538 181
1738722327153 115.9811222228742 182
1738722327186 97.2095926825649 183
1738722327219 126.50539109282606 184
1738722327251 164.76845645622677 185
1738722327284 265.5764084742254 186
1738722327316 204.70889742563122 187
1738722327348 232.96545080166877 188
1738722327381 164.3046566101839 189
1738722327413 133.31677334072353 190
1738722327445 265.8171580430129 191
1738722327478 188.9280283097623 192
1738722327510 169.3444481106508 193
1738722327542 189.35632516004225 194
1738722327575 304.7258255884641 195
1738722327607 104.47314653243926 196
1738722327639 116.06488384253173 197
1738722327672 209.59780919983424 198
1738722327704 155.22461970227047 199
1738722327736 164.51944115953864 200
1738722327768 196.34897719775685 201
1738722327801 139.34052051183377 202
1738722327833 139.38557858659968 203
1738722327865 173.92404521259766 204
1738722327897 146.0314844595674 205
1738722327930 300.0956510648267 206
1738722327962 147.7026868405041 207
1738722327994 168.51559945864378 208
1738722328027 198.02505376117486 209
1738722328059 168.58256498349476 210
1738722328092 185.01977858372624 211
1738722328124 100.63247658921199 212
1738722328156 225.71270410911913 213
1738722328188 236.3817717172217 214
1738722328221 183.466394319376 215
1738722328253 199.9639531212092 216
1738722328285 220.0560385820629 217
1738722328317 120.8450897435669 218
1738722328350 184.18923871617 219
1738722328384 144.64041114805 220
1738722328417 186.71728529955982 221
1738722328450 288.97687845480203 222
1738722328482 241.00777652646664 223
1738722328515 296.1072224653155 224
1738722328548 181.89179025440788 225
1738722328581 241.01978339516734 226
1738722328614 165.90038072011964 227
1738722328646 154.653411334797 228
1738722328679 193.48161922539603 229
1738722328712 200.03966075238358 230
1738722328744 330.2284871063499 231
1738722328777 105.38348342653916 232
1738722328810 209.52073094544315 233
1738722328842 230.4545479889203 234
1738722328875 185.62745598566786 235
1738722328908 81.37536209170949 236
1738722328940 186.4470276208115 237
1738722328973 224.4692669989035 238
1738722329005 150.73140930375587 239
1738722329038 138.73423876781416 240
1738722329070 153.7244978960488 241
1738722329103 137.41424143205506 242
1738722329135 187.62397599501222 243
1738722329168 195.43467399040472 244
1738722329200 427.8994081826772 245
1738722329233 175.77520789151765 246
1738722329265 221.1877159018178 247
1738722329298 176.63190730346707 248
1738722329332 228.7643157192092 249
1738722329365 190.75681003080544 250
1738722329398 187.18225323799396 251
1738722329430 157.6451487982735 252
1738722329463 186.53457463081236 253
1738722329495 136.38000042216973 254
1738722329528 144.6519701454416 255
1738722329560 215.86368424256395 256
1738722329593 114.81051385321058 257
1738722329625 159.23245483079333 258
1738722329658 196.4007253357992 259
1738722329691 152.07561982467593 260
1738722329723 196.61887168151918 261
1738722329756 180.01626332348394 262
1738722329788 214.42205864197706 263
1738722329821 139.77616748824946 264
1738722329853 137.5964223056737 265
1738722329886 202.80195999381098 266
1738722329918 167.17839178102233 267
1738722329951 16.816124669484427 268
1738722329983 204.8394303471505 269
1738722330016 177.7395038548343 270
1738722330048 248.802004511722 271
1738722330081 174.6361837403653 272
1738722330113 115.01312338910458 273
1738722330145 141.91110039366995 274
1738722330178 121.42006356654984 275
1738722330210 216.42736121658456 276
1738722330243 194.68584015681282 277
1738722330275 106.2456663394305 278
1738722330308 171.0651156190946 279
1738722330340 129.29224272461644 280
1738722330372 112.65965839657156 281
1738722330405 193.30729931613175 282
1738722330437 156.67280543469226 283
1738722330469 133.09036323157304 284
1738722330502 134.56837267059478 285
1738722330534 223.81974628921492 286
1738722330566 185.59636236777217 287
1738722330599 139.98610549417157 288
1738722330631 166.65536658633593 289
1738722330663 152.14840329484156 290
1738722330696 195.67557199282498 291
1738722330728 219.04304124731044 292
1738722330760 154.73085520845046 293
1738722330792 171.42929157053308 294
1738722330825 239.3459668784148 295
1738722330857 253.30491067588395 296
1738722330889 167.72664246609918 297
1738722330922 144.9416360020099 298
1738722330955 193.62129593469018 299
1738722330988 120.05644323299859 300
1738722331020 62.78208444571621 301
1738722331053 189.72389264228974 302
1738722331086 93.99662807642224 303
1738722331118 218.54203817239198 304
1738722331151 269.11507759502587 305
1738722331184 216.94940975420036 306
1738722331216 154.84082679998446 307
1738722331249 238.54058983575592 308
1738722331282 198.19802052575167 309
1738722331315 129.91761404204678 310
1738722331347 185.35330383625504 311
1738722331380 85.80573601043217 312
1738722331413 136.01683208661936 313
1738722331445 147.13985469301383 314
1738722331477 184.59373472252136 315
1738722331510 211.61525379048607 316
1738722331542 183.8565173149115 317
1738722331575 63.64421244337004 318
1738722331607 179.18003934934524 319
1738722331640 152.57082491434792 320
1738722331672 181.41891407676118 321
1738722331705 200.33781351019147 322
1738722331737 102.10250740409198 323
1738722331770 147.23103414392304 324
1738722331802 332.76891168448077 325
1738722331835 153.6311628789127 326
1738722331868 174.62997777722185 327
1738722331900 170.06441566211572 328
1738722331932 178.49700618934753 329
1738722331965 168.8039896318037 330
1738722331997 201.20793916718208 331
1738722332029 229.0850003759182 332
1738722332061 121.48165508718245 333
1738722332094 211.29169333832135 334
1738722332126 179.88315618889646 335
1738722332158 129.46015593561575 336
1738722332190 110.6208398909133 337
1738722332223 156.60939220250904 338
1738722332255 170.2311479148141 339
1738722332287 240.63404958555438 340
1738722332320 210.6825460541926 341
1738722332352 251.2728348998549 342
1738722332385 181.3923719150224 343
1738722332417 127.22219109209337 344
1738722332449 250.99216744010957 345
1738722332482 234.73110043055019 346
1738722332514 184.88185891165534 347
1738722332547 155.46540543420295 348
1738722332579 144.4994688398482 349
1738722332611 164.59719783303936 350
1738722332644 122.65250733121262 351
1738722332676 145.00366156310923 352
1738722332709 147.66668271809314 353
1738722332741 189.88758475872189 354
1738722332773 165.28340072287742 355
1738722332806 180.37607383755676 356
1738722332838 166.9673401159506 357
1738722332870 100.35469619947743 358
1738722332904 260.43169997219076 359
1738722332937 102.31827942644078 360
1738722332971 158.6839147868449 361
1738722333005 241.27160457818653 362
1738722333040 168.06411453656162 363
1738722333075 175.94143520479682 364
1738722333129 174.53217687360615 365
1738722333163 159.7511539074525 366
1738722333197 115.69289007026464 367
1738722333231 222.78385298051452 368
1738722333265 203.77562766868053 369
1738722333299 152.0042791228919 370
1738722333332 113.91877675049359 371
1738722333366 138.20394475070174 372
1738722333399 75.03558108582976 373
1738722333432 184.0957183450489 374
1738722333465 256.6847700013055 375
1738722333498 119.46434373592115 376
1738722333531 201.11274868384297 377
1738722333564 112.86764291411868 378
1738722333596 49.308448282960576 379
1738722333629 165.0667617935273 380
1738722333662 167.02812900860383 381
1738722333696 213.06656234656842 382
1738722333730 197.8805260669282 383
1738722333762 128.58519697237844 384
1738722333795 188.19383859012987 385
1738722333828 132.28413457557974 386
1738722333860 150.59171170327508 387
1738722333893 191.39671387818356 388
1738722333926 243.62367731354547 389
1738722333958 172.33146537626 390
1738722333991 183.48968284126212 391
1738722334023 196.61145398217758 392
1738722334056 123.53639446108524 393
1738722334088 199.60479824905204 394
1738722334121 175.89758969323378 395
1738722334153 194.38309199249161 396
1738722334186 162.1404012726189 397
1738722334219 184.96469579242756 398
1738722334251 209.30504106434714 399
1738722334283 215.65882726676696 400
1738722334316 94.7855587318536 401
1738722334348 177.463622873736 402
1738722334381 174.0672530853646 403
1738722334413 209.4889399939095 404
1738722334446 232.44598003615667 405
1738722334478 175.4731025436632 406
1738722334511 129.05433806792482 407
1738722334543 136.0698968714464 408
1738722334575 226.3671857566795 409
1738722334608 186.34778911070677 410
1738722334640 209.65772243074477 411
1738722334672 184.25906551946431 412
1738722334705 98.55647104604303 413
1738722334737 168.6169197215829 414
1738722334770 137.2537535181196 415
1738722334802 144.260792940047 416
1738722334834 184.54712083670455 417
1738722334867 59.840803318739646 418
1738722334899 93.26357365723204 419
1738722334932 130.75481386319385 420
1738722334964 146.69716941513127 421
1738722334996 186.18601588868447 422
1738722335029 175.6450146184299 423
1738722335061 218.5383560618217 424
1738722335093 190.4649354537407 425
1738722335125 229.42963117873117 426
1738722335158 138.31231102845882 427
1738722335190 190.85421172943168 428
1738722335222 152.87553765303136 429
1738722335255 305.08008460837283 430
1738722335287 182.68005493731462 431
1738722335319 231.4734296900221 432
1738722335352 127.32401220739894 433
1738722335384 350.16665573310604 434
1738722335417 143.25625533430267 435
1738722335449 220.50464932586144 436
1738722335481 158.10157621896147 437
1738722335513 226.73214865700137 438
1738722335546 119.91011950031348 439
1738722335578 108.39707309886789 440
1738722335610 159.8894310250347 441
1738722335642 77.78136287200333 442
1738722335674 153.82268803664792 443
1738722335707 159.99861663563684 444
1738722335739 146.62103047177186 445
1738722335771 157.11034321320108 446
1738722335803 194.8719442253954 447
1738722335835 169.61084414012396 448
1738722335868 171.8722435507528 449
1738722335900 174.33271468722964 450
1738722335932 206.25817675597727 451
1738722335964 249.573858340796 452
1738722335996 136.89917573656655 453
1738722336029 168.27002694226147 454
1738722336061 179.23657183429756 455
1738722336093 209.63778041521346 456
1738722336126 107.25181669110614 457
1738722336159 181.35115887458144 458
1738722336192 174.38659599683152 459
1738722336225 118.1884803354208 460
1738722336258 227.18351827586037 461
1738722336292 173.3940258695427 462
1738722336325 167.26075437398515 463
1738722336358 226.3033935450519 464
1738722336391 175.5622252799649 465
1738722336424 155.3777710903686 466
1738722336457 172.90227570722837 467
1738722336489 201.86835673771787 468
1738722336522 112.67021974667452 469
1738722336555 193.17640916237866 470
1738722336587 169.0590670442033 471
1738722336619 254.78165269637114 472
1738722336652 223.08478813944197 473
1738722336684 236.7432639164094 474
1738722336717 179.6675900178184 475
1738722336749 122.871123619688 476
1738722336782 153.44089152482738 477
1738722336814 133.97399088597234 478
1738722336847 197.05050826604247 479
1738722336879 211.8101198688055 480
1738722336912 183.03540442969322 481
1738722336944 122.93437933104762 482
1738722336976 153.00162427721654 483
1738722337009 124.62309815499601 484
1738722337041 191.00391719763618 485
1738722337073 179.70874821820922 486
1738722337106 269.87141621516986 487
1738722337138 184.84811429315369 488
1738722337170 239.50704510092308 489
1738722337203 103.08383150595066 490
1738722337235 80.65069132218066 491
1738722337267 228.75804957057096 492
1738722337300 195.13766758968652 493
1738722337332 161.45615501254014 494
1738722337365 97.85127408897989 495
1738722337397 172.2412454611835 496
1738722337429 156.43421768715817 497
1738722337462 237.4746810020064 498
1738722337495 138.3556293107645 499
