1738722866389 180.24609607912478 0
1738722866424 170.28693989690223 1
1738722866460 184.97739260348567 2
1738722866495 169.71464243107224 3
1738722866531 178.17327760281952 4
1738722866567 161.82651324868797 5
1738722866603 165.2119768952622 6
1738722866638 173.71402605704228 7
1738722866674 165.46019987734493 8
1738722866709 165.44923526177112 9
1738722866744 167.57186993054003 10
1738722866779 178.19880410823998 11
1738722866815 174.04892967203736 12
1738722866862 150.83469652382905 13
1738722866901 169.51059569233075 14
1738722866956 165.04335241427876 15
1738722866993 184.28259723496436 16
1738722867030 162.94673233042835 17
1738722867067 173.41020426630004 18
1738722867103 164.87683156342334 19
1738722867140 152.5707760095884 20
1738722867176 179.53558382003695 21
1738722867213 161.24980457053857 22
1738722867249 174.06253958208066 23
1738722867286 162.21042010996726 24
1738722867322 174.73758565424737 25
1738722867359 151.31862198666107 26
1738722867395 177.06077251754513 27
1738722867432 178.46983141601973 28
