1738724879204 171.21115180002758 0
1738724879233 178.73176301213522 1
1738724879262 164.47445405935972 2
1738724879291 148.95523146748448 3
1738724879321 194.39432474200197 4
1738724879350 173.21615519192892 5
1738724879380 188.88579664841168 6
1738724879413 181.90027082390873 7
1738724879441 194.26276235434008 8
1738724879470 164.4413735978331 9
1738724879498 172.74122919697285 10
1738724879527 183.8613384683553 11
1738724879556 134.4938270009393 12
1738724879586 188.93184834792592 13
1738724879615 168.73019127651372 14
1738724879644 157.60268957317663 15
1738724879673 167.24425621599772 16
1738724879702 145.69485345167826 17
1738724879731 168.1150071572554 18
1738724879760 166.03697561145586 19
1738724879789 162.10817644368015 20
1738724879818 166.9445527933089 21
1738724879847 176.9863116363431 22
1738724879876 167.8160732539565 23
1738724879905 173.39665245474066 24
1738724879934 207.34067527897548 25
1738724879962 188.58443040153787 26
1738724879991 176.60922785345042 27
1738724880020 178.463891762619 28
1738724880049 160.81821461847244 29
1738724880078 177.9672572352102 30
1738724880107 168.88443266332598 31
1738724880136 143.0155975746526 32
1738724880165 171.7803582238923 33
1738724880193 170.56168402820362 34
1738724880222 173.2725966904173 35
1738724880251 155.78292398148167 36
1738724880280 221.06021560548294 37
1738724880309 163.88244725820076 38
1738724880337 168.14840961506238 39
1738724880366 177.13506701366384 40
1738724880395 149.7412802398755 41
1738724880424 188.1639007426306 42
1738724880453 178.67073402984497 43
1738724880481 165.0634006218942 44
1738724880510 147.30387159677028 45
1738724880539 192.82129719858648 46
1738724880568 152.81841042556022 47
1738724880596 147.35780436152743 48
1738724880625 191.9082767093998 49
1738724880654 136.86564168509693 50
1738724880684 238.25279979697183 51
1738724880713 174.21274636344748 52
1738724880742 140.1815315131406 53
1738724880770 162.4799598642226 54
1738724880799 181.66329671405802 55
1738724880827 173.6869731503815 56
1738724880856 159.11749303948682 57
1738724880885 151.75838698461027 58
1738724880914 178.73909590835896 59
1738724880942 149.28254036299597 60
1738724880971 175.84176805576973 61
1738724880999 189.75757710788287 62
1738724881028 165.64280665151304 63
1738724881056 179.26980006614545 64
1738724881085 165.8718186506918 65
1738724881113 166.14476061089667 66
1738724881142 202.63097889460477 67
1738724881171 163.96743097169508 68
1738724881200 179.76509798292204 69
1738724881228 182.1168611498595 70
1738724881257 149.94535985487104 71
1738724881285 168.74003565584988 72
1738724881314 176.9581666817072 73
1738724881343 154.16148972163904 74
1738724881372 182.090118025808 75
1738724881400 158.80637396604985 76
1738724881429 151.65755224466196 77
1738724881457 156.92363232461997 78
1738724881486 130.18534440937697 79
1738724881514 164.76614831675244 80
1738724881543 180.02329028571015 81
1738724881571 178.64836559520697 82
1738724881600 156.67209582270772 83
1738724881628 173.26023948332272 84
1738724881657 138.98261814777746 85
1738724881685 183.39177174130765 86
1738724881714 162.72448821726866 87
1738724881742 170.6926074726543 88
1738724881771 208.60802685334193 89
1738724881799 190.35611571413386 90
1738724881827 150.2832978546249 91
1738724881856 179.9621625271176 92
1738724881884 188.35017649591953 93
1738724881913 154.44571412995552 94
1738724881941 177.68017790492567 95
1738724881969 160.09717269969744 96
1738724881998 165.68333137753768 97
1738724882026 158.83568259312003 98
1738724882055 167.3136432894466 99
1738724882083 164.29261082806428 100
1738724882112 169.52955969788727 101
1738724882140 149.69085755064802 102
1738724882169 159.52238067250354 103
1738724882197 155.8475738453308 104
1738724882225 147.74673524501853 105
1738724882254 147.71547017481794 106
1738724882282 158.4543020781389 107
1738724882311 144.33237509162552 108
1738724882339 160.710711281548 109
1738724882370 217.8519361537883 110
1738724882400 186.5201414534256 111
1738724882429 130.28629661208825 112
1738724882458 188.44673174110505 113
1738724882487 172.41875610111657 114
1738724882517 188.13781735357696 115
1738724882546 150.46042156047423 116
1738724882576 163.1555266341182 117
1738724882605 180.52655093178942 118
1738724882635 155.78883710889568 119
1738724882664 182.58608366906194 120
1738724882693 158.47498021991046 121
1738724882723 175.38097515723976 122
1738724882752 152.41743747596965 123
1738724882781 173.77564303565416 124
1738724882811 181.6062549953217 125
1738724882840 156.76890256637293 126
1738724882869 183.52026805302702 127
1738724882899 166.97037179709648 128
1738724882928 191.8043869476108 129
1738724882957 145.07025299132155 130
1738724882987 154.48921960077013 131
1738724883016 168.02787225172995 132
1738724883045 155.1953584352926 133
1738724883074 170.26799443725676 134
1738724883103 169.3972808803852 135
1738724883133 135.05242871923647 136
1738724883162 176.2522033240204 137
1738724883191 172.60667664448698 138
1738724883220 186.41678856337572 139
1738724883249 164.2551463709214 140
1738724883279 169.53068203639592 141
1738724883307 162.59886266257405 142
1738724883337 166.58423412063982 143
1738724883366 174.5766295306633 144
1738724883396 158.20996983635257 145
1738724883425 171.34191054653357 146
1738724883454 166.80985371996397 147
1738724883483 172.1175941544569 148
1738724883512 159.8754857991766 149
1738724883541 163.45494547850726 150
1738724883569 190.87667858160702 151
1738724883598 165.50849652399097 152
1738724883627 179.9293798551623 153
1738724883656 176.31813830232093 154
1738724883685 173.3962420109734 155
1738724883713 182.82092354964405 156
1738724883742 234.65959262442212 157
1738724883771 150.06893017020025 158
1738724883800 171.1954211291857 159
1738724883828 197.70681305970413 160
1738724883857 170.3938899668675 161
1738724883885 151.16415743127345 162
1738724883914 149.6228719579485 163
1738724883943 162.4086249373777 164
1738724883972 170.92109333803748 165
1738724884000 173.5338758461975 166
1738724884029 177.17986832251836 167
1738724884058 161.86155974958334 168
1738724884086 171.82856787739271 169
1738724884115 168.65981312801736 170
1738724884144 181.9589443212572 171
1738724884172 171.53601076611406 172
1738724884201 245.3443830298622 173
1738724884229 173.57635528921628 174
1738724884258 174.75127210288773 175
1738724884287 163.8974336256723 176
1738724884315 170.40496002585812 177
1738724884344 172.63462835938796 178
1738724884373 161.2058546459217 179
1738724884401 173.19289394764363 180
1738724884430 169.65229125090715 181
1738724884458 170.47004704352346 182
1738724884487 218.63698707472645 183
1738724884515 202.82797214898295 184
1738724884544 159.85095277820042 185
1738724884573 173.79158304906218 186
1738724884601 148.89425785641544 187
1738724884630 168.39558409137325 188
1738724884658 176.41199305487916 189
1738724884687 187.57826137324588 190
1738724884715 153.71519413211624 191
1738724884744 140.6503323181275 192
1738724884772 171.8462767328348 193
1738724884801 166.82613819253123 194
1738724884829 171.55595132799618 195
1738724884857 169.84259286163427 196
1738724884886 180.11424514756877 197
1738724884914 165.83498216060082 198
1738724884943 161.6951869503354 199
1738724884971 162.16925313331106 200
1738724884999 163.87616303652115 201
1738724885028 184.85349052661414 202
1738724885056 174.60085269441487 203
1738724885084 198.23758459563422 204
1738724885113 181.59791268004665 205
1738724885141 180.97063128077284 206
1738724885169 158.07203182592067 207
1738724885198 156.31429797077158 208
1738724885226 183.8825181826055 209
1738724885254 159.89158567168855 210
1738724885283 170.5833031460375 211
1738724885311 169.53019770822505 212
1738724885340 173.70534323755888 213
1738724885368 177.7008414321089 214
1738724885397 163.30887382801424 215
1738724885425 149.51082647693437 216
1738724885454 214.40585237429204 217
1738724885482 182.06089950471386 218
1738724885510 189.37853995504452 219
1738724885539 164.62256837343082 220
1738724885567 186.0372233115622 221
1738724885595 131.31965150292098 222
1738724885624 166.60421328367875 223
1738724885652 160.76792217346093 224
1738724885681 147.7783201663227 225
1738724885709 145.1147406109582 226
1738724885737 197.36489549630167 227
1738724885766 146.27210755313297 228
1738724885794 177.75440705197207 229
1738724885823 156.923332346503 230
1738724885851 190.4793570055803 231
1738724885879 177.96561499310957 232
1738724885908 183.96346042020159 233
1738724885936 151.82653598551892 234
1738724885964 172.29648318970817 235
