1738724139956 165.7879447599185 0
1738724139989 166.76130219668445 1
1738724140023 176.6969441775382 2
1738724140056 167.00620531109232 3
1738724140089 168.70964464469387 4
1738724140123 163.38374023536505 5
1738724140156 179.1857486808457 6
1738724140190 196.31228101800474 7
1738724140223 192.65922361723608 8
1738724140256 179.60313105994888 9
1738724140289 175.18672059641017 10
1738724140323 182.93531841056299 11
1738724140356 179.55721847409168 12
1738724140389 170.77557371039094 13
1738724140422 171.01697118856336 14
1738724140455 162.07776132894486 15
1738724140489 172.8863944923433 16
1738724140522 158.4895504467519 17
1738724140555 172.49603333863797 18
1738724140588 166.326021694215 19
1738724140621 172.42832756159157 20
