1738722456045 139.4561632526274 0
1738722456078 168.13518793902642 1
1738722456110 180.86778971059687 2
1738722456143 178.49314099960233 3
1738722456175 163.22252928273386 4
1738722456208 184.8748385034674 5
1738722456242 166.47107499280696 6
1738722456275 206.7029048189426 7
1738722456307 175.19351022040297 8
1738722456340 137.11034986638055 9
1738722456373 181.8314124569431 10
1738722456405 213.08243374063724 11
1738722456438 165.36008188157538 12
1738722456471 171.51122181540654 13
1738722456503 167.3251079779652 14
1738722456537 179.1272596681486 15
1738722456570 165.09640787637446 16
1738722456602 169.87972463023812 17
1738722456635 129.03953182558462 18
1738722456668 175.1718184062008 19
1738722456701 173.20376515180487 20
1738722456733 174.70790907748787 21
1738722456766 175.6948801518765 22
1738722456799 185.89630814167097 23
1738722456832 166.44622655782922 24
1738722456864 165.91048910283737 25
1738722456897 172.33764072649558 26
1738722456930 175.43562808878883 27
1738722456963 156.61722246649478 28
1738722456995 155.62039913740873 29
1738722457028 152.989668519937 30
1738722457061 181.79377495865688 31
1738722457093 175.8448310987505 32
1738722457126 182.53724860877563 33
1738722457158 169.7017505185135 34
1738722457191 145.86880043939746 35
1738722457223 176.88163870535345 36
1738722457255 148.60645679864973 37
1738722457288 177.78899697417373 38
1738722457321 157.18726997410664 39
1738722457353 162.51415609164889 40
1738722457385 174.9547376441902 41
1738722457418 150.86295824947476 42
1738722457450 168.396276522388 43
1738722457482 157.53204536694813 44
1738722457515 160.82227066736385 45
1738722457547 193.59694394943892 46
1738722457579 162.11934243641258 47
1738722457611 163.17515834078347 48
1738722457644 190.4309321036241 49
1738722457676 161.31591845743168 50
1738722457708 176.05697360618902 51
1738722457741 163.05712374317324 52
1738722457773 139.39839727180836 53
1738722457805 156.33243768474983 54
1738722457837 184.51855912247717 55
1738722457869 155.4715043868159 56
1738722457902 165.2545829943666 57
1738722457934 164.8801024823045 58
1738722457966 168.60584283102796 59
1738722457998 170.1749306174198 60
1738722458030 121.17261933442946 61
1738722458062 173.99974795479574 62
1738722458095 182.73624215002482 63
1738722458127 156.0072594508112 64
1738722458159 179.89035939570962 65
1738722458191 144.7022624958463 66
1738722458223 183.60242325473357 67
1738722458255 131.71384221399376 68
1738722458288 171.83730764430504 69
1738722458320 161.4840262933308 70
1738722458352 168.2911950781134 71
1738722458384 156.99327934265378 72
1738722458416 163.4601137760081 73
1738722458448 171.4008981427732 74
1738722458480 166.63418763827542 75
1738722458513 159.6059287938966 76
1738722458545 193.46493154280137 77
1738722458577 176.7616157103446 78
1738722458609 170.43811490808375 79
1738722458641 163.74909672972908 80
1738722458673 185.28320008569187 81
1738722458705 186.32001231735143 82
1738722458737 198.73251820274282 83
1738722458769 166.7395251914934 84
1738722458801 160.68551919816395 85
1738722458833 162.89549413051895 86
1738722458865 126.81552788718602 87
1738722458897 162.16754183526288 88
1738722458929 175.39767074989678 89
1738722458961 216.1384515051118 90
1738722458993 144.17876179741918 91
1738722459025 155.79925091818652 92
1738722459057 188.62259355193646 93
1738722459089 220.89716867559434 94
1738722459121 159.6055350338103 95
1738722459153 163.51770256654734 96
1738722459185 151.09139567937078 97
1738722459217 136.51893401974309 98
1738722459249 144.5943162520062 99
1738722459281 214.54803210070946 100
1738722459313 169.55787070757128 101
1738722459345 177.60522062443226 102
1738722459377 141.3789910324529 103
1738722459409 193.92473733696187 104
1738722459441 169.38734583679894 105
1738722459473 165.20954288534088 106
1738722459505 161.63641728483105 107
1738722459537 162.0525008081083 108
1738722459569 173.66277651331973 109
1738722459601 159.5340014914547 110
1738722459633 160.25705946511647 111
1738722459665 180.89385457414883 112
1738722459697 165.8672318533729 113
1738722459729 161.01534772253638 114
1738722459761 164.83717237374924 115
1738722459793 179.89123399397715 116
1738722459825 188.93566833575468 117
1738722459857 171.2906596235529 118
1738722459888 182.75620349941593 119
1738722459920 170.40933538808684 120
1738722459952 172.2973642770203 121
1738722459984 183.8651242257848 122
1738722460016 169.4621879206642 123
1738722460048 173.61516343111285 124
1738722460080 159.4285569690599 125
1738722460112 205.2336685625656 126
1738722460144 174.29398097396387 127
1738722460176 147.81959641001683 128
1738722460208 162.57064679318782 129
1738722460240 168.8030435737371 130
1738722460272 156.6869197775401 131
1738722460304 172.1475759125043 132
1738722460337 153.05242218638165 133
1738722460369 181.35627204913396 134
1738722460401 168.58374853384987 135
1738722460433 177.93823978016584 136
1738722460465 154.348245778626 137
1738722460496 168.71690552651492 138
1738722460528 194.2305372631171 139
1738722460560 167.25657939331288 140
1738722460592 156.56417046899728 141
1738722460624 163.29888620629214 142
1738722460656 171.161843705042 143
1738722460688 158.39381156850698 144
1738722460720 149.29262721374695 145
1738722460752 167.08599840938734 146
1738722460784 177.66471300371964 147
1738722460816 164.65842849160032 148
1738722460849 138.67408242544175 149
1738722460881 166.13627435784915 150
1738722460914 158.77187427050936 151
1738722460946 207.1817329094569 152
1738722460979 191.71099783557918 153
1738722461011 155.20078003493333 154
1738722461044 152.63862632990214 155
1738722461076 184.3552752869017 156
1738722461109 155.47698236695393 157
1738722461141 198.04426677107074 158
1738722461174 131.93577121699545 159
1738722461206 172.0856947941273 160
1738722461238 155.29313170656707 161
1738722461271 159.3635210187299 162
1738722461303 230.32572118167977 163
1738722461335 131.5748173368594 164
1738722461368 173.73131229984412 165
1738722461400 184.86181307693695 166
1738722461432 172.15206825596243 167
1738722461465 185.88436010392343 168
1738722461497 141.0579997874672 169
1738722461529 156.87855186579728 170
1738722461561 159.6542822274867 171
1738722461593 182.4080347024383 172
1738722461625 179.4221818508739 173
1738722461657 173.62569769444744 174
1738722461689 158.09274560656198 175
1738722461722 168.66296256208483 176
1738722461754 145.36148926592023 177
1738722461786 178.1551012618739 178
1738722461818 144.575532609826 179
1738722461850 170.26150329281396 180
1738722461882 208.3607168836645 181
1738722461914 151.3584634965085 182
1738722461946 180.52725016331618 183
1738722461979 166.9452284143117 184
1738722462011 162.60206732375568 185
1738722462043 159.99118178577208 186
1738722462075 152.68098344643596 187
1738722462107 132.91180444068448 188
1738722462139 173.84560314441975 189
1738722462171 173.44628721568685 190
1738722462203 156.32617254854122 191
1738722462235 152.14688704226634 192
1738722462266 165.36812983402385 193
1738722462298 201.48322688963594 194
1738722462330 156.8978467427167 195
1738722462363 179.83698350564404 196
1738722462396 162.36063702008138 197
1738722462429 135.13132033653474 198
1738722462461 169.30822151821587 199
1738722462494 171.08856894994167 200
1738722462527 183.37434337519645 201
1738722462559 162.72145497266354 202
1738722462592 150.46329174021673 203
1738722462624 151.08797625485406 204
1738722462657 162.84766869688545 205
1738722462690 185.8039436266827 206
1738722462722 165.30823072689213 207
1738722462755 164.95495360567224 208
1738722462787 150.29227492165865 209
1738722462819 189.3814280490273 210
1738722462852 174.43746149392172 211
1738722462884 166.0364608438577 212
1738722462917 157.7166473217073 213
1738722462949 175.2876399533859 214
1738722462982 164.60535402219904 215
1738722463014 148.104636971495 216
1738722463047 236.74750912447126 217
1738722463079 161.01669515640702 218
1738722463112 159.53951024481944 219
1738722463144 168.6999509915123 220
1738722463176 163.6468885246457 221
1738722463208 185.2010927405622 222
1738722463241 146.14828386634503 223
1738722463273 166.27271390045914 224
1738722463305 145.08907093701902 225
1738722463339 168.69122053088137 226
1738722463372 185.56710269664006 227
1738722463405 194.6975240133404 228
1738722463437 162.79687092303564 229
1738722463470 158.78203453684984 230
1738722463502 177.58713969091474 231
1738722463535 145.1255893917005 232
1738722463567 170.83502378442108 233
1738722463600 164.17643155101115 234
1738722463633 176.52608036429166 235
1738722463665 177.12688377690546 236
1738722463698 172.82792081379154 237
1738722463730 183.2667488333725 238
1738722463763 174.3369722018734 239
1738722463795 154.6895272893023 240
1738722463828 140.12116567197054 241
1738722463861 145.41784603661614 242
1738722463893 168.64072811247934 243
1738722463926 154.3121178524545 244
1738722463958 171.82297144106727 245
1738722463991 176.582286250928 246
1738722464023 151.7799941798908 247
1738722464056 164.81248619706685 248
1738722464088 181.09947500730175 249
1738722464120 160.22545323643845 250
1738722464153 178.38792070414178 251
1738722464185 174.8279362245078 252
1738722464217 180.3325052053541 253
1738722464250 175.71601554835465 254
1738722464282 152.02140878846433 255
1738722464314 185.04378533705957 256
1738722464347 162.04462645108404 257
1738722464379 154.43863118547927 258
1738722464412 167.936785835967 259
1738722464445 163.36098771160317 260
1738722464478 160.97819482237372 261
1738722464511 127.57827667177308 262
1738722464543 174.45608876311505 263
1738722464576 207.46600401112792 264
1738722464608 163.9847536377419 265
1738722464641 185.81220173792468 266
1738722464673 208.28759324100236 267
1738722464706 163.80215434888305 268
1738722464738 195.56158721817144 269
1738722464771 166.86826623638714 270
1738722464803 160.256234726473 271
1738722464836 149.4892196713221 272
1738722464868 171.74133952256017 273
1738722464900 155.38334196294963 274
1738722464934 169.89435433343843 275
1738722464967 176.82956985994753 276
1738722465000 164.80202640396425 277
1738722465032 189.16639308251192 278
1738722465065 149.3398525010137 279
1738722465098 150.71757159018668 280
1738722465133 187.32772096340412 281
1738722465165 166.21241078409906 282
1738722465198 136.9513384580077 283
1738722465230 144.78754115440697 284
1738722465263 173.62601648176005 285
1738722465296 175.32720718357902 286
1738722465328 173.20340713101638 287
1738722465360 170.2733039723653 288
1738722465393 184.25168078215094 289
1738722465426 168.71411788539342 290
1738722465458 185.09342768288076 291
1738722465491 162.6322902879501 292
1738722465523 160.83435462345588 293
1738722465556 163.01623231607024 294
1738722465588 186.38672088009324 295
1738722465621 173.2186184838909 296
1738722465653 171.59298858788915 297
1738722465686 157.67787761878557 298
1738722465718 147.59260762904503 299
1738722465751 191.54538304609773 300
1738722465783 161.1520037259435 301
1738722465816 166.8426033903248 302
1738722465848 174.5154190295181 303
1738722465881 162.48929812809996 304
1738722465913 165.11311566081582 305
1738722465945 158.4028157622228 306
1738722465978 159.2462970326329 307
1738722466010 148.99426124439086 308
1738722466043 183.98808005186757 309
1738722466075 165.58083222511547 310
1738722466108 162.35682692046944 311
1738722466140 149.22296830595363 312
1738722466172 176.45011941441868 313
1738722466204 135.65278193800083 314
1738722466237 176.6614570534088 315
1738722466269 176.25821761888042 316
1738722466301 143.99844181383148 317
1738722466333 163.9336111773006 318
1738722466365 124.70944731265482 319
1738722466397 176.57968647216182 320
1738722466430 213.4863120939703 321
1738722466462 180.64796354339558 322
1738722466495 165.64697377509978 323
1738722466528 180.12112840059635 324
1738722466561 179.84385357622244 325
1738722466594 184.63696625641103 326
1738722466627 170.94103784447375 327
1738722466659 168.91797448366202 328
1738722466692 176.85526450534576 329
1738722466725 184.35722449860623 330
1738722466757 186.36654432580482 331
1738722466790 227.36987986353404 332
1738722466823 176.3961200219159 333
1738722466855 160.02142146862556 334
1738722466888 178.66966971648114 335
1738722466920 146.7730872637566 336
1738722466953 165.9335645483234 337
1738722466985 145.93700654340088 338
1738722467018 166.4314699383871 339
1738722467051 184.35998101412673 340
1738722467083 168.10150364867286 341
1738722467116 191.2525091125777 342
1738722467148 187.1002544180375 343
1738722467181 171.13763944160496 344
1738722467213 160.8557696593429 345
1738722467246 191.21075498838212 346
1738722467278 145.6877168231895 347
1738722467311 178.71805045806195 348
1738722467343 189.3090966633605 349
1738722467375 158.1581573799524 350
1738722467408 149.43021816037134 351
1738722467440 158.2023770362319 352
1738722467472 166.38575235627175 353
1738722467505 158.14630922633836 354
1738722467537 161.52949952122324 355
1738722467570 170.07562839351027 356
1738722467602 184.01812640778024 357
1738722467634 157.80946513176798 358
1738722467667 176.50642357981155 359
1738722467699 170.99539775273877 360
1738722467731 179.10881859084208 361
1738722467764 172.9956979350576 362
1738722467796 175.06935737274782 363
1738722467828 161.43929280542807 364
1738722467860 176.7796093805041 365
1738722467893 172.46001009018048 366
1738722467925 163.95376154045232 367
1738722467958 170.55589025385999 368
1738722467990 164.6465324380895 369
1738722468022 166.4825048687169 370
1738722468054 173.20859702894913 371
1738722468087 170.83339653755309 372
1738722468119 166.3915312485472 373
1738722468151 156.57309699089802 374
1738722468183 160.38483148146815 375
1738722468215 161.94145409720448 376
1738722468247 170.82960477352887 377
1738722468280 185.9415538268611 378
1738722468312 179.56798523997452 379
1738722468344 167.45978834744312 380
1738722468376 136.2782270842894 381
1738722468408 164.48443859389795 382
1738722468440 161.70880094042502 383
1738722468473 161.01434845612616 384
1738722468506 191.43669292276127 385
1738722468538 171.64930409081967 386
1738722468571 172.92489744336038 387
1738722468603 148.55037803314457 388
1738722468635 177.54513821262327 389
1738722468668 162.0481299974176 390
1738722468700 141.25904697331885 391
1738722468732 144.2616816048075 392
1738722468764 169.6770097506748 393
1738722468796 128.0535456522512 394
1738722468828 131.2184406944369 395
1738722468861 180.50146511642646 396
1738722468893 183.27531381892143 397
1738722468925 155.97723277661112 398
1738722468957 169.2062860988509 399
1738722468989 169.4685881906599 400
1738722469021 220.15112416616583 401
1738722469054 153.31817749774893 402
1738722469086 179.0590396840474 403
1738722469118 186.96146649498579 404
1738722469150 152.2937819811765 405
1738722469183 178.61991738498492 406
1738722469215 151.78050666261475 407
1738722469247 167.09696845762102 408
1738722469279 178.3455881857498 409
1738722469311 173.73574495196502 410
1738722469343 170.73907652066856 411
1738722469375 183.97589003024854 412
1738722469407 166.75270277516404 413
1738722469439 143.90344358885608 414
1738722469471 166.04888935533683 415
1738722469505 150.83271034417135 416
1738722469537 170.93842456022278 417
1738722469569 177.95979033045154 418
1738722469602 146.17754208415715 419
1738722469634 156.46052266453268 420
1738722469666 148.79972744748355 421
1738722469698 167.96735631539661 422
1738722469730 171.70462331720702 423
1738722469762 170.9841596640877 424
1738722469794 190.87819894114355 425
1738722469826 166.02078302018555 426
1738722469859 170.3837866770003 427
1738722469891 178.26911837361342 428
1738722469923 154.77224434479393 429
1738722469955 177.56630856547758 430
1738722469987 141.0352224010713 431
1738722470019 178.54888243233984 432
1738722470051 193.28934132205757 433
1738722470083 171.62586602763474 434
1738722470115 180.99172115787445 435
1738722470147 162.36465804249522 436
1738722470179 145.79882757619686 437
1738722470211 148.2586500963381 438
1738722470243 169.43584361628655 439
1738722470275 192.9136336351359 440
1738722470312 170.1194297774163 441
1738722470345 184.76864608633352 442
1738722470378 166.8759990662902 443
1738722470411 160.50517031511131 444
1738722470444 180.50011154180464 445
1738722470477 178.6780948345627 446
1738722470510 173.4304430307257 447
1738722470543 187.56063173221116 448
1738722470577 177.5832651393113 449
1738722470610 158.78008089234973 450
1738722470643 178.74619545516418 451
1738722470676 156.8225068400571 452
1738722470708 160.86834724828424 453
1738722470740 164.13987786231564 454
1738722470773 194.24778129774867 455
1738722470805 169.34594276381202 456
1738722470837 169.56184188809434 457
1738722470869 129.42022204995493 458
1738722470902 198.27438168348937 459
1738722470934 175.52505175216675 460
1738722470967 172.5708080046787 461
1738722470999 178.49005290177945 462
1738722471032 165.58429695824833 463
1738722471064 165.18778955301255 464
1738722471097 178.0370094709181 465
1738722471129 158.97116439236046 466
1738722471161 160.9298584290164 467
1738722471193 153.394866467733 468
1738722471226 169.93854280765336 469
1738722471258 163.76977571050784 470
1738722471290 161.33802249461385 471
1738722471323 171.56436265084835 472
1738722471355 181.68955522839812 473
1738722471387 162.16151160960663 474
1738722471419 164.85982444739943 475
1738722471451 165.69741210304397 476
1738722471483 177.28498991190563 477
1738722471515 162.43119453306784 478
1738722471548 182.38116781724202 479
1738722471580 160.1045355911699 480
1738722471612 193.89346831591482 481
1738722471644 149.02799928716453 482
1738722471676 163.78055523444425 483
1738722471708 163.71410047146378 484
1738722471740 181.1314565683044 485
1738722471772 160.5535889727245 486
1738722471804 167.86285095162972 487
1738722471836 181.26760670681858 488
1738722471869 198.16414860054326 489
1738722471901 164.40502131917563 490
1738722471933 166.24653771748774 491
1738722471965 209.51252872195812 492
1738722471997 190.44819060118255 493
1738722472029 154.83179058506767 494
1738722472061 168.67390630923205 495
1738722472093 174.24045223820713 496
1738722472125 173.61519387378272 497
1738722472157 171.00253983219602 498
1738722472189 157.1087031095234 499
