1738724146221 170.15523216226057 0
1738724146224 167.989156782854 1
1738724146227 168.14968795450028 2
1738724146229 169.69511637656095 3
1738724146232 169.14353571802664 4
1738724146235 169.4642649129372 5
1738724146238 165.4069593071158 6
1738724146241 168.22862982910755 7
1738724146243 169.91289681938272 8
1738724146246 168.77759237430413 9
1738724146249 168.00865969285934 10
1738724146252 167.97451175261835 11
1738724146255 167.48959638696454 12
1738724146258 167.84349862449915 13
1738724146261 170.79862161033807 14
1738724146264 166.949511619577 15
1738724146267 167.94220353421093 16
1738724146270 171.56155665645414 17
1738724146273 168.36166482975608 18
1738724146275 167.632385017021 19
1738724146278 169.97317762216076 20
1738724146281 168.9697959849579 21
1738724146285 167.3028802190541 22
1738724146287 167.86623765213383 23
1738724146290 169.62627372624814 24
1738724146293 168.85737972909877 25
1738724146296 168.6189398492145 26
1738724146299 170.00022237617478 27
1738724146301 167.13951059394864 28
1738724146304 167.86254168180716 29
1738724146307 169.13260148713724 30
1738724146310 169.15701550910578 31
1738724146313 169.25384842319912 32
1738724146315 168.68000782689248 33
1738724146318 169.94186961606445 34
1738724146321 170.9860526735053 35
1738724146324 168.90565727968152 36
1738724146326 170.51407313835082 37
1738724146329 167.03561354654974 38
1738724146332 167.31007446741458 39
1738724146335 169.0931691483854 40
1738724146338 167.29048130839158 41
1738724146340 167.82858912176872 42
1738724146343 166.9792485931672 43
1738724146346 168.8170515627688 44
1738724146349 169.34195357597676 45
1738724146351 168.22594952701732 46
1738724146354 170.28817316313098 47
1738724146357 170.06668589287548 48
1738724146360 170.18609386672833 49
1738724146363 169.50240409869747 50
1738724146365 168.788021561819 51
1738724146368 167.27323360074163 52
1738724146371 169.16277411829984 53
1738724146374 168.737428000302 54
1738724146376 166.9951205800263 55
1738724146379 169.81927425377634 56
1738724146382 169.4832845988409 57
1738724146385 171.4172130876474 58
1738724146387 168.41954946955065 59
1738724146390 167.88351979443516 60
1738724146393 166.87927910516416 61
1738724146396 170.57999592386133 62
1738724146399 169.5729961072317 63
1738724146401 169.2738275632224 64
1738724146404 169.11868285069414 65
1738724146407 167.41912694783719 66
1738724146410 169.29867125506829 67
1738724146413 169.0615103802349 68
1738724146416 170.89417958940356 69
1738724146418 169.66772101434563 70
1738724146421 168.87391036396795 71
1738724146424 169.70942167312108 72
1738724146427 170.50272324492906 73
1738724146430 167.14278917071522 74
1738724146433 167.65909914846614 75
1738724146436 169.21795524904246 76
1738724146438 168.6949274372383 77
1738724146441 169.15858261879941 78
1738724146444 168.49962766587103 79
1738724146447 169.47280096217685 80
1738724146449 168.3900240750866 81
1738724146452 168.53367078682567 82
1738724146455 169.97762562361854 83
1738724146458 170.73040999025065 84
1738724146461 169.43601758779772 85
1738724146463 167.40326295176806 86
1738724146466 167.07257815978622 87
1738724146469 167.64328515941736 88
1738724146472 168.7864081447938 89
1738724146475 168.7666674578459 90
1738724146477 169.9942333577778 91
1738724146480 167.82008887174152 92
1738724146483 170.19449477849173 93
1738724146486 169.8087549823993 94
1738724146489 168.96270416688307 95
1738724146491 169.38544013345063 96
1738724146494 166.003149299375 97
1738724146497 170.33033519796047 98
1738724146500 167.02150707916977 99
1738724146503 168.00164554642598 100
1738724146505 166.92829852395334 101
1738724146508 168.4741556092776 102
1738724146511 167.69875908382312 103
1738724146514 168.37374509923737 104
1738724146517 168.62706350478595 105
1738724146519 168.00825514250974 106
1738724146522 171.53119145094237 107
1738724146525 167.86367793787292 108
1738724146528 167.61250205523947 109
1738724146530 168.71243745487814 110
1738724146533 168.50022452494693 111
1738724146536 167.94623985280654 112
1738724146539 169.9526850611327 113
1738724146542 167.7263441556082 114
1738724146544 170.6729500826895 115
1738724146547 169.58963067859966 116
1738724146550 170.15299959846948 117
1738724146553 167.13962681986345 118
1738724146556 167.37494848562545 119
1738724146558 171.1251510807291 120
1738724146561 169.1208705586092 121
1738724146564 169.05969761706817 122
1738724146567 167.6285660247691 123
