1738726607731 171.38051984007743 0
1738726607769 169.3881506860754 1
1738726607808 167.75076283364365 2
1738726607846 168.3004290784283 3
1738726607884 172.55912426467597 4
1738726607923 173.7177516769021 5
1738726607962 169.14893278011925 6
1738726608001 149.8656237600338 7
1738726608040 166.04970158055372 8
1738726608078 166.66798454187168 9
1738726608116 164.72312071472356 10
1738726608154 170.72584182535311 11
1738726608193 147.37187375156574 12
1738726608232 162.51690962089742 13
1738726608271 170.14293256693693 14
1738726608309 171.17200841281016 15
1738726608348 155.4231300122152 16
1738726608386 178.30641766941233 17
1738726608424 165.11501122597636 18
1738726608462 197.32014697354705 19
1738726608500 157.05123517971924 20
1738726608538 146.90714698644408 21
1738726608576 171.99595308790148 22
1738726608614 168.96067412316842 23
1738726608651 177.10867093869666 24
1738726608689 157.40800612781746 25
1738726608727 170.6580363348142 26
1738726608766 166.27711115967094 27
1738726608805 166.7505840832493 28
1738726608843 172.44134660500686 29
1738726608882 167.6044176984097 30
1738726608920 169.5361088490639 31
1738726608958 163.16661719163608 32
1738726608997 171.1596402530274 33
1738726609035 161.6774240474162 34
1738726609073 170.96409231675705 35
1738726609110 177.47426049536787 36
1738726609148 162.0497108697608 37
1738726609186 174.17858966305465 38
1738726609224 174.69314860088122 39
1738726609262 164.22176432622646 40
1738726609301 191.80456822307627 41
1738726609339 147.8510447733076 42
1738726609379 191.37318359931805 43
1738726609417 144.08889200289948 44
1738726609455 172.4289730095628 45
1738726609493 167.67811278561766 46
1738726609530 173.43402031210562 47
1738726609569 164.31778584856406 48
1738726609608 162.46607754376544 49
1738726609646 158.71440671462076 50
1738726609685 193.19483781959335 51
1738726609723 152.259268946835 52
1738726609762 160.48474273870104 53
1738726609800 153.09383687213875 54
1738726609838 171.04759778133018 55
1738726609876 151.34009989293713 56
1738726609914 156.81827455012348 57
1738726609953 180.58507530254548 58
1738726609991 167.78378328600124 59
1738726610028 164.8905518499602 60
1738726610066 172.53870980416735 61
1738726610104 179.21975678385803 62
1738726610142 154.19980016096795 63
1738726610180 167.64979536980235 64
1738726610218 155.232034516092 65
1738726610255 176.73529557518606 66
1738726610293 163.61036758516954 67
1738726610331 175.1677924298786 68
1738726610368 165.97961661221126 69
1738726610407 139.89998838465385 70
1738726610445 178.04712455667763 71
1738726610484 182.78798343732652 72
1738726610522 165.69174848113363 73
1738726610560 165.24473008996503 74
1738726610599 166.16985660454148 75
1738726610636 173.98018658297946 76
1738726610674 169.04824977373622 77
1738726610712 172.45818441845503 78
1738726610750 159.62023993197127 79
1738726610788 169.69504393909617 80
1738726610827 155.99057791622042 81
1738726610865 165.8017027314141 82
1738726610903 159.15669815341664 83
1738726610941 162.53467614414097 84
1738726610980 170.12870625791118 85
1738726611019 167.45275955236914 86
1738726611057 166.03228291383968 87
1738726611095 163.98596453859724 88
1738726611133 157.97780444822766 89
1738726611171 171.50438508063215 90
1738726611209 169.97982705328525 91
1738726611247 177.98139886945822 92
1738726611285 169.84425777513744 93
