1738726454838 119.33108670951995 0
1738726454872 174.72952544127259 1
1738726454907 149.26948908956396 2
1738726454941 127.43570580540823 3
1738726454975 108.0094830598473 4
1738726455011 70.79639837872459 5
1738726455045 142.80804470540238 6
1738726455080 215.79534458544592 7
1738726455116 85.26434433941736 8
1738726455151 104.5954396530825 9
1738726455186 56.22998767940305 10
1738726455226 209.31486193416046 11
1738726455266 141.04560749850202 12
1738726455305 195.16439272225222 13
1738726455341 162.07638040233124 14
1738726455376 224.78030230841532 15
1738726455411 134.77407854393732 16
1738726455446 166.23857258558073 17
1738726455481 162.57653910105262 18
1738726455516 171.74202769980212 19
1738726455551 142.5787298661734 20
1738726455586 180.072942256774 21
1738726455621 155.92369682191813 22
1738726455656 134.20684648074896 23
1738726455690 144.58198141247993 24
1738726455724 134.02045547579016 25
1738726455759 248.65281112064062 26
1738726455793 160.83551995834708 27
1738726455827 148.91904136461866 28
1738726455861 142.64939532022152 29
1738726455895 133.64494656391423 30
1738726455929 98.26845082831998 31
1738726455963 210.02236353122385 32
1738726455997 99.13888867986907 33
1738726456031 179.346566548755 34
1738726456065 112.24317217235526 35
1738726456098 169.22514829002017 36
1738726456132 91.45360791207214 37
1738726456166 169.8299241471563 38
1738726456200 168.70077745718223 39
1738726456234 353.3125320661949 40
1738726456268 159.9737021468828 41
1738726456302 214.40359247262134 42
1738726456336 151.84386199101823 43
1738726456370 95.33338709339117 44
1738726456404 304.3534462997875 45
1738726456438 204.12010229280236 46
1738726456472 176.60679460685256 47
1738726456506 147.74287732642242 48
1738726456540 219.33833227034634 49
1738726456575 172.19140165717292 50
1738726456610 161.66824196164646 51
1738726456644 165.5654067777499 52
1738726456678 168.07518968363007 53
1738726456712 118.31529283257943 54
1738726456746 193.86709108833472 55
1738726456780 192.60353106665886 56
1738726456814 130.02897988979856 57
1738726456848 118.66284747642563 58
1738726456882 217.92992429207575 59
1738726456916 94.73927328622689 60
1738726456950 225.89842227544642 61
1738726456984 171.97846122703882 62
1738726457018 144.65491695465408 63
1738726457052 214.48663256247497 64
1738726457086 207.47091046556002 65
1738726457120 155.90080158129794 66
1738726457154 185.9701377983854 67
1738726457188 141.00102226159615 68
1738726457221 94.71977040540364 69
1738726457255 195.9042018096079 70
1738726457289 112.63264015308758 71
1738726457324 171.40196275068402 72
1738726457359 209.57076203159704 73
1738726457393 170.93930165597055 74
1738726457427 175.91620325425225 75
1738726457461 61.20724254419623 76
1738726457495 168.84870989789417 77
1738726457529 136.81559472937545 78
1738726457563 162.61910805812838 79
1738726457597 192.17615877561312 80
1738726457631 77.46917678545842 81
1738726457665 85.43357321473688 82
1738726457699 139.45368365758569 83
1738726457733 89.59270386341895 84
1738726457767 193.86916814649078 85
1738726457801 163.1370400008877 86
1738726457835 353.7044135340528 87
1738726457869 282.5198937140268 88
1738726457903 158.46509186443873 89
1738726457937 218.49158716122247 90
1738726457971 142.2675806310446 91
1738726458004 167.55485315355193 92
1738726458038 85.89958300792986 93
1738726458072 144.85625745520215 94
1738726458106 459.4120140849678 95
1738726458139 168.8721791718016 96
1738726458173 214.62230535845768 97
1738726458207 287.4875687903073 98
1738726458241 171.14955217609003 99
1738726458274 159.04349644525234 100
1738726458308 131.88576030638055 101
1738726458342 161.9398946059098 102
1738726458376 293.405726275109 103
1738726458410 209.73633485965854 104
1738726458443 160.76541433662038 105
1738726458478 214.36538218565784 106
1738726458513 200.5387052840975 107
1738726458549 210.79643531363837 108
1738726458584 173.0154522129364 109
1738726458619 154.83170294354903 110
1738726458653 234.93180051153365 111
1738726458688 216.7937833095713 112
1738726458723 193.92786578203274 113
1738726458757 181.2827686869454 114
1738726458792 225.62334676507524 115
1738726458826 135.21082295355492 116
1738726458860 255.01387274409478 117
1738726458894 148.72079498939374 118
1738726458929 136.36528697613886 119
1738726458963 167.78925842559445 120
1738726458998 130.28792425179776 121
1738726459032 224.7843944445777 122
1738726459067 137.89998074412708 123
1738726459101 132.71827215803734 124
1738726459135 161.3965575146971 125
1738726459169 182.39047945211695 126
1738726459203 165.21189591074517 127
1738726459237 209.285848172318 128
1738726459271 221.12228738330109 129
1738726459305 168.4355507869803 130
1738726459340 134.64890178942068 131
1738726459374 141.27193148430302 132
1738726459411 173.56645403569058 133
1738726459447 201.89528148031528 134
1738726459482 216.25456755186087 135
1738726459517 218.54450514221548 136
1738726459552 148.44420029705606 137
1738726459587 107.40107499249567 138
1738726459623 212.15542594892912 139
1738726459658 150.6932635453707 140
1738726459693 220.38649862399285 141
1738726459729 190.33512808065498 142
1738726459764 101.23250005210849 143
1738726459799 180.62865372992823 144
1738726459833 101.47626457742969 145
1738726459868 167.22438420241886 146
1738726459903 210.6830321290028 147
1738726459937 223.9116771284285 148
1738726459972 149.07695342596978 149
1738726460007 277.429890349133 150
1738726460041 225.4378972265834 151
1738726460076 129.22679894206934 152
1738726460110 100.26312509720984 153
1738726460145 156.1877073847899 154
1738726460179 180.88314426658872 155
1738726460214 175.61093487769375 156
1738726460248 128.9138904655702 157
1738726460284 217.23054099414327 158
1738726460319 167.77990736301751 159
1738726460355 132.87795124763048 160
1738726460391 114.0425674679785 161
1738726460426 170.055710030484 162
1738726460461 165.1458210830949 163
1738726460497 236.55281326608306 164
1738726460534 151.1271088459622 165
1738726460570 153.3029284697372 166
1738726460605 186.42346872442232 167
1738726460640 292.9182868161179 168
1738726460674 63.65698293519524 169
1738726460709 136.90239318382112 170
1738726460744 151.82123590684242 171
1738726460779 184.0178529702039 172
1738726460813 213.0815444742433 173
1738726460848 126.85379487122636 174
1738726460882 196.47916393208382 175
1738726460917 126.50593224061639 176
1738726460952 56.61666304148179 177
1738726460986 250.0184665273695 178
1738726461020 317.7075259170525 179
1738726461054 117.85764218234779 180
1738726461089 123.98226975077876 181
1738726461123 175.77983810885223 182
1738726461157 224.9507011235495 183
1738726461191 218.87515267454637 184
1738726461225 126.6272972852875 185
1738726461259 210.02046629951917 186
1738726461293 182.9809930427628 187
1738726461327 201.77577611764372 188
1738726461361 238.17388789640313 189
1738726461396 158.7318647754687 190
1738726461429 218.26782287485946 191
1738726461464 343.216964517071 192
1738726461498 178.52085428843247 193
1738726461532 154.12499247822373 194
1738726461565 179.25013122572648 195
1738726461599 169.0349250278933 196
1738726461633 191.48922154590005 197
1738726461667 260.8163670902998 198
1738726461700 101.67631562340244 199
1738726461734 202.4904513316841 200
1738726461768 130.8362573934827 201
1738726461802 143.08985307393843 202
1738726461836 210.8324320053801 203
1738726461870 123.148839076018 204
1738726461904 123.61486872586606 205
1738726461938 140.685006038575 206
1738726461971 156.37564737622367 207
1738726462005 251.5754715353953 208
1738726462039 168.18217829888752 209
1738726462073 270.08360086979076 210
1738726462107 194.12494248749928 211
1738726462141 184.00878629045948 212
1738726462175 268.20759195295665 213
1738726462210 296.37623647524833 214
1738726462244 150.67630389734452 215
1738726462279 184.7274426132778 216
1738726462313 181.17391758508742 217
1738726462347 138.71340688695568 218
1738726462381 162.16625812929456 219
1738726462415 115.72780338615611 220
1738726462449 171.54091497001934 221
1738726462484 117.59110898024336 222
1738726462518 155.7920022985148 223
1738726462552 185.6725511834583 224
1738726462586 198.96637657583426 225
1738726462620 232.06082011726264 226
1738726462654 201.63151777479783 227
1738726462688 181.76558194252195 228
1738726462722 227.6387783279894 229
1738726462756 146.63865106452553 230
1738726462790 197.77512056193217 231
1738726462824 150.1309137009871 232
1738726462858 123.93768857828366 233
1738726462892 206.64104564185345 234
1738726462926 93.33516275627319 235
1738726462960 149.87214929243706 236
1738726462993 237.13884138306136 237
1738726463027 110.92878388081769 238
1738726463061 158.48083767099723 239
1738726463095 175.1163431417061 240
1738726463129 136.51723688024322 241
1738726463164 108.9463130676849 242
1738726463199 170.81595248074584 243
1738726463235 155.81669644096883 244
1738726463270 181.08882349316846 245
1738726463306 144.08205863477176 246
1738726463342 149.3612931893901 247
1738726463378 161.73796820347803 248
1738726463414 172.74013705791572 249
1738726463450 173.89778657350956 250
1738726463486 114.5320717528728 251
1738726463521 155.62057986107035 252
1738726463557 132.8503227244286 253
1738726463592 139.79363424583534 254
1738726463628 136.9039734207228 255
1738726463664 190.67413813338368 256
1738726463703 226.96589628694755 257
1738726463740 144.66708368613251 258
1738726463775 558.0660592055924 259
1738726463811 140.54429267643664 260
1738726463847 150.8371964410417 261
1738726463883 198.31841102007863 262
1738726463919 133.81318201786448 263
1738726463955 156.50939224766725 264
1738726463990 120.17304366868346 265
1738726464026 117.07395234386622 266
1738726464060 188.6170669685561 267
1738726464095 157.7626222123523 268
1738726464129 202.001032739989 269
1738726464164 100.42370547609025 270
1738726464198 165.45086199198272 271
1738726464233 155.8484413861444 272
1738726464268 142.53358771746903 273
1738726464304 213.09998596333463 274
1738726464341 179.0112391227616 275
1738726464377 185.84913190575583 276
1738726464413 154.90244465819003 277
1738726464448 135.0123866414179 278
1738726464484 167.42550919885588 279
1738726464520 143.70851053310858 280
1738726464555 122.36209323921908 281
1738726464590 138.72310725889628 282
1738726464626 161.1776671025423 283
1738726464662 253.70278080646708 284
1738726464699 157.87077422323125 285
1738726464735 276.6592092837137 286
1738726464772 285.19980997182125 287
1738726464808 253.60914674995706 288
1738726464844 266.58715988365407 289
1738726464880 301.8403315752897 290
1738726464916 124.08735380034004 291
1738726464951 123.08484055864383 292
1738726464986 168.5766313166912 293
1738726465021 254.57771018132746 294
1738726465056 211.66535898871413 295
1738726465092 122.6298785154553 296
1738726465128 167.20276743220958 297
1738726465163 114.91966291361457 298
1738726465199 161.84155622057776 299
1738726465234 201.21022059863148 300
1738726465269 186.49522958418484 301
1738726465303 207.14203010659443 302
1738726465338 504.662344966624 303
1738726465373 320.76052526445534 304
1738726465409 290.11404892839766 305
1738726465444 150.64541013572594 306
1738726465479 184.22178403322206 307
1738726465513 143.8999807250485 308
1738726465548 176.15880775408544 309
1738726465582 103.1026813516002 310
1738726465617 186.60476697580563 311
1738726465652 197.42376146932514 312
1738726465686 170.69315619501515 313
1738726465721 183.05731570472253 314
1738726465755 244.83283960881872 315
1738726465790 122.5389705556698 316
1738726465824 187.1666557876489 317
1738726465859 204.01979290115287 318
1738726465894 111.07068119232477 319
1738726465928 243.60295316473872 320
1738726465963 242.33995832135278 321
1738726465997 162.4047904093154 322
1738726466031 183.8325238443157 323
1738726466065 138.27007248358734 324
1738726466099 121.6637775672604 325
1738726466133 148.0029251502752 326
1738726466168 264.3614365115748 327
1738726466202 158.9662132040931 328
1738726466237 250.74303463666888 329
1738726466273 163.82048542099386 330
1738726466309 127.98462078852438 331
1738726466344 193.00646719886421 332
1738726466380 140.02423787166362 333
1738726466415 207.28748017034258 334
1738726466450 99.62633018879751 335
1738726466484 195.14738376196888 336
1738726466519 123.44018022615454 337
1738726466553 130.64852726556236 338
1738726466588 194.78403765646559 339
1738726466623 204.22775930576637 340
1738726466657 203.8511197085512 341
1738726466691 156.13732984385993 342
1738726466725 168.1408112854656 343
1738726466760 214.96805906791494 344
1738726466794 175.18233503048083 345
1738726466828 132.01810071159045 346
1738726466863 78.98930411788005 347
1738726466897 79.90042466188999 348
1738726466931 253.39034414336683 349
1738726466966 240.30978583371893 350
1738726467002 93.08196227744028 351
1738726467037 143.38836072232064 352
1738726467072 116.0071511775338 353
1738726467107 121.03708696035618 354
1738726467142 230.77665512887984 355
1738726467176 188.3640809114284 356
1738726467211 111.15872150701425 357
1738726467246 166.36583582267875 358
1738726467281 145.64650037055006 359
1738726467316 156.9713412501291 360
1738726467351 165.4003440236216 361
1738726467386 190.62129191702957 362
1738726467420 63.84580103794841 363
1738726467454 145.07680357155343 364
1738726467488 175.06778056725872 365
1738726467523 213.62768125547177 366
1738726467557 78.18818430509808 367
1738726467591 164.30245603786005 368
1738726467627 284.42840113202374 369
1738726467663 172.8730785227942 370
1738726467699 120.80957760082886 371
1738726467734 128.85339561243507 372
1738726467769 183.14022451861987 373
1738726467805 167.5874572684176 374
1738726467841 111.62511457555152 375
1738726467877 203.04881126402745 376
1738726467913 273.42400765101706 377
1738726467949 124.17860004234164 378
1738726467985 167.5804593431516 379
1738726468021 149.12097109701364 380
1738726468056 202.8673014898956 381
1738726468092 144.70898508171905 382
1738726468128 135.1766527587082 383
1738726468164 240.84766804043673 384
1738726468200 144.25309024799617 385
1738726468235 115.73371824518284 386
1738726468271 221.64736012278615 387
1738726468307 151.11144039828554 388
1738726468343 169.97139609190702 389
1738726468378 259.73655399617166 390
1738726468414 138.09267171083846 391
1738726468450 179.1102747920961 392
1738726468487 189.1687314647665 393
1738726468524 264.860455188222 394
1738726468559 69.3924440624793 395
1738726468596 187.9306498047426 396
1738726468632 215.33738971980648 397
1738726468668 247.3560371868327 398
1738726468705 126.49180830420072 399
1738726468741 173.03496106036926 400
1738726468777 216.0516059630098 401
1738726468813 180.18039524392384 402
1738726468849 200.71712113640254 403
1738726468885 113.16581312686093 404
1738726468921 146.02064348507258 405
1738726468957 162.11286633806904 406
1738726468993 89.1334228981993 407
1738726469029 183.81776439264945 408
1738726469065 149.83015611795233 409
1738726469101 85.54531236515497 410
1738726469137 187.511457746371 411
1738726469173 211.75281082896285 412
1738726469208 194.2777953283595 413
1738726469244 139.70639628134825 414
1738726469280 271.9477980252495 415
1738726469316 196.52086193050627 416
1738726469354 247.2507540051078 417
1738726469391 148.83842456681882 418
1738726469427 100.9316054750548 419
1738726469463 158.59118281118157 420
1738726469498 127.46578904708262 421
1738726469533 177.10325457557374 422
1738726469569 143.8538492779412 423
1738726469605 127.00574521881529 424
1738726469641 178.54362891528905 425
1738726469677 151.7556516084392 426
1738726469713 237.1029362853596 427
1738726469749 125.0583814791679 428
1738726469785 184.2570959615246 429
1738726469821 81.72768805796042 430
1738726469857 148.3355304654395 431
1738726469892 230.0056300892501 432
1738726469927 224.87137794639537 433
1738726469964 182.1493072605056 434
1738726469999 176.5086718982389 435
1738726470035 127.88160626655504 436
1738726470071 92.24759968825109 437
1738726470107 242.04961839765215 438
1738726470142 218.37120617413353 439
1738726470178 184.82324917162055 440
1738726470213 212.03056876580564 441
1738726470248 161.6664535756776 442
1738726470284 163.46394263564525 443
1738726470320 240.54533135657456 444
1738726470357 176.97000754625626 445
1738726470392 212.21970924952583 446
1738726470428 181.21752739489486 447
1738726470463 215.6057152884066 448
1738726470497 247.33016718940442 449
1738726470533 122.21765133654725 450
1738726470568 208.488657966033 451
1738726470603 123.27714733131417 452
1738726470638 162.28811620516535 453
1738726470673 139.34500761111923 454
1738726470708 109.47762814323134 455
1738726470743 183.91634956119128 456
1738726470779 224.97319694735538 457
1738726470816 217.94786449227053 458
1738726470852 155.18164151868362 459
1738726470888 150.08445612720965 460
1738726470923 251.78665307344838 461
1738726470958 222.88996624631892 462
1738726470994 222.79124509504746 463
1738726471029 103.63284853524667 464
1738726471065 116.40138066434262 465
1738726471101 197.72959393112797 466
1738726471136 118.1473761780531 467
1738726471171 145.91422462446874 468
1738726471207 127.82952358956888 469
1738726471242 142.06863250589532 470
1738726471277 196.3224938044187 471
1738726471313 221.8294150147471 472
1738726471350 165.44109184725065 473
1738726471387 213.24670938647836 474
1738726471423 134.285938591505 475
1738726471459 191.71180362320536 476
1738726471495 228.11367654101036 477
1738726471531 142.37959693579813 478
1738726471567 203.3899991922502 479
1738726471605 178.27655864075248 480
1738726471642 154.92811504478004 481
1738726471678 246.545944182234 482
1738726471714 139.01669966742824 483
1738726471749 152.41292659326376 484
1738726471785 123.94048688638179 485
1738726471822 141.59309047624603 486
1738726471857 214.73913527245318 487
1738726471893 160.78520286007605 488
1738726471928 225.3824244127515 489
1738726471963 130.78092063472832 490
1738726471998 142.85237213060543 491
1738726472034 239.72590755391516 492
1738726472069 131.28066791329923 493
1738726472105 183.98021425620112 494
1738726472140 146.64359748330972 495
1738726472176 119.21721730847398 496
1738726472212 163.87767458401996 497
1738726472247 232.80322730476618 498
1738726472282 169.43129189844095 499
