1738724986722 164.7913636158852 0
1738724986755 180.58156558865332 1
1738724986788 173.09631637124093 2
1738724986821 163.51793957760506 3
1738724986854 172.56066472365004 4
1738724986887 176.45026734768825 5
1738724986921 176.78482741325047 6
1738724986955 166.03089163189733 7
1738724986989 170.79611043081192 8
1738724987023 173.26261994347843 9
1738724987055 168.0710856451364 10
1738724987088 157.34714806999997 11
1738724987121 165.0585315628289 12
1738724987154 178.74614759114178 13
1738724987187 162.73320922628213 14
1738724987221 149.85072024190163 15
1738724987254 166.80021594124182 16
1738724987288 175.3730844739714 17
1738724987321 183.02782955207886 18
1738724987355 159.84269443604225 19
1738724987388 174.11557868406481 20
1738724987421 176.819396056912 21
1738724987454 172.5507991101216 22
1738724987487 160.81221718105806 23
1738724987521 173.73314774005686 24
1738724987554 177.73518836543693 25
