1738726597315 168.65640455535572 0
1738726597354 167.19685306548442 1
1738726597392 156.36244348502308 2
1738726597431 165.41991364346188 3
1738726597471 171.954024199001 4
1738726597510 160.90480921571097 5
1738726597548 171.63925863942427 6
1738726597611 174.60454362406128 7
1738726597650 154.7178825333168 8
1738726597689 154.91517603927727 9
1738726597727 172.3326007683397 10
1738726597765 175.98025556222262 11
1738726597804 164.45712863498497 12
1738726597843 179.0434214958789 13
1738726597883 168.5659438972992 14
1738726597923 166.98391955225424 15
1738726597964 171.52255744213903 16
1738726598004 168.7237370826049 17
1738726598050 175.96760438613632 18
1738726598095 174.9441831972379 19
1738726598143 172.1140889912188 20
