1738724577362 229.37248147527293 0
1738724577395 190.29730378666807 1
1738724577427 176.31317885247182 2
1738724577462 164.19947037440073 3
1738724577496 149.8244124961368 4
1738724577529 140.90621312537755 5
1738724577565 165.8155580970752 6
1738724577598 166.2242676341438 7
1738724577630 158.29348333571218 8
1738724577662 174.7692853509794 9
1738724577694 180.7529341439464 10
1738724577727 175.81070554328295 11
1738724577759 174.15061944579156 12
1738724577791 161.44264165318427 13
1738724577823 153.72948171207773 14
1738724577855 153.65860268780597 15
1738724577887 141.7830119314232 16
1738724577919 142.00980751161458 17
1738724577951 133.37016707661869 18
1738724577983 167.4401290407357 19
1738724578015 169.05134482408894 20
1738724578048 118.00113824078093 21
1738724578080 141.6498870669985 22
1738724578112 180.6587571555905 23
1738724578145 171.30584893954568 24
1738724578177 159.98475675043824 25
1738724578209 203.95921722288284 26
1738724578241 173.45819948827588 27
1738724578273 160.07864589340636 28
1738724578305 227.01270657565235 29
1738724578337 143.16916396832474 30
1738724578369 156.37743825724954 31
1738724578401 159.70234750321583 32
1738724578433 153.30764874963654 33
1738724578464 190.97195575692658 34
1738724578496 162.74827853643154 35
1738724578528 127.4377533103253 36
1738724578560 161.8221374623167 37
1738724578592 161.3920552850134 38
1738724578624 169.45045923164855 39
1738724578656 167.47781584787148 40
1738724578688 173.73917741562028 41
1738724578720 206.5353550810678 42
1738724578752 174.70514830651618 43
1738724578784 180.89234844712945 44
1738724578816 170.74397927676225 45
1738724578848 150.50831556207896 46
1738724578880 159.76057983391297 47
1738724578912 187.44128996095256 48
1738724578944 187.98992332826367 49
1738724578976 164.85013037682324 50
1738724579008 177.98674495069565 51
1738724579040 157.42569188543868 52
1738724579072 189.3503538587342 53
1738724579103 184.44574283360026 54
1738724579135 165.81524815932153 55
1738724579167 187.74278226947482 56
1738724579199 164.64307119393806 57
1738724579231 182.79202942728307 58
1738724579262 155.0520650666878 59
1738724579294 187.27414440421262 60
1738724579326 170.56822281773117 61
1738724579358 147.00782941747414 62
1738724579424 167.4576047995885 63
1738724579479 141.08614484721267 64
1738724579511 227.4846112132068 65
1738724579543 244.85483745943222 66
1738724579575 162.80440736865296 67
1738724579607 135.83822816529388 68
1738724579639 123.17305649488885 69
1738724579671 125.42509468797903 70
1738724579703 167.42751733201885 71
1738724579735 164.07310294214787 72
1738724579767 143.00495523847925 73
1738724579799 170.6528579102038 74
1738724579830 159.9612469377175 75
1738724579862 190.82889811017557 76
1738724579893 144.80529444377387 77
1738724579924 156.0043624542809 78
1738724579956 170.3316525469848 79
1738724579987 172.32810527474805 80
1738724580018 165.40765443081617 81
1738724580050 188.26187406191272 82
1738724580081 170.64378342139443 83
1738724580112 160.86230501142106 84
1738724580144 157.8117599871459 85
1738724580175 158.0894164168059 86
1738724580206 138.94928031965117 87
1738724580238 189.87259094924585 88
1738724580269 181.43437800104968 89
1738724580300 191.59821552119902 90
1738724580332 173.24086795837664 91
1738724580365 153.463980586181 92
1738724580398 149.47960890404948 93
1738724580430 175.43667359379032 94
1738724580462 186.2954293859993 95
1738724580494 165.803490552369 96
1738724580526 191.9027808612552 97
1738724580558 167.97588424428164 98
1738724580590 151.68738516061987 99
1738724580622 180.30726192797349 100
1738724580654 140.9945502008443 101
1738724580686 158.13273676146642 102
1738724580718 156.21175112226737 103
1738724580750 169.55714256542979 104
1738724580782 155.9909641733424 105
1738724580814 164.2542226945627 106
1738724580846 161.45043677794436 107
1738724580878 173.3143827939341 108
1738724580909 188.66321897987356 109
1738724580941 176.3363855256844 110
1738724580973 141.03096723861307 111
1738724581005 156.5288426614081 112
1738724581037 160.9149275914573 113
1738724581069 171.58026299040532 114
1738724581101 180.41410711200416 115
1738724581133 241.4259930763266 116
1738724581165 165.80181741617707 117
1738724581197 138.323237273651 118
1738724581229 167.9727910968444 119
1738724581260 154.52057466468617 120
1738724581292 168.2581996770948 121
1738724581324 164.48323760002677 122
1738724581356 178.75767017195187 123
1738724581388 157.3152500935781 124
1738724581420 146.72724369028015 125
1738724581452 165.31426444609644 126
1738724581484 169.5264224612748 127
1738724581516 170.15547198560017 128
1738724581547 155.47041079293044 129
1738724581579 163.7294210958011 130
1738724581611 179.83039934441834 131
1738724581643 160.02898479259392 132
1738724581674 178.6712144884121 133
1738724581706 134.45820483056656 134
1738724581738 184.11787183933316 135
1738724581769 184.78442184310114 136
1738724581801 191.11155048616322 137
1738724581832 150.37974929088477 138
1738724581864 170.3649320168814 139
1738724581896 176.32067972077238 140
1738724581927 183.92363433682345 141
1738724581959 157.318013581352 142
1738724581990 168.2882239562545 143
1738724582022 164.9471550748771 144
1738724582054 218.9304252477023 145
1738724582085 158.2220620018018 146
1738724582117 171.7669799216857 147
1738724582148 172.3200981642272 148
1738724582180 157.20715825742158 149
1738724582212 203.2191852518049 150
1738724582243 171.36350407492222 151
1738724582275 173.16279255334163 152
1738724582307 183.86467557389284 153
1738724582338 168.9160685879649 154
1738724582370 186.90395712398717 155
1738724582402 158.56765333155093 156
1738724582434 199.91355406253402 157
1738724582466 148.63630670410484 158
1738724582497 185.73540305597467 159
1738724582529 150.03742218454573 160
1738724582560 150.95379903676206 161
1738724582592 201.03981331458706 162
1738724582624 183.4010942475091 163
1738724582655 174.49640317473217 164
1738724582687 174.77197714862942 165
1738724582718 163.8532312780062 166
1738724582750 176.93824046576069 167
1738724582782 180.48222394136556 168
1738724582813 180.46758529666184 169
1738724582845 176.14603231232311 170
1738724582877 177.5392210118989 171
1738724582908 161.30691557526697 172
1738724582940 167.90486075085053 173
1738724582972 186.2093643646856 174
1738724583003 170.02046920610593 175
1738724583035 159.07803316802153 176
1738724583066 194.84315663403834 177
1738724583098 179.96583584957045 178
1738724583130 142.99014849204747 179
