1738724982654 167.86351992587686 0
1738724982659 170.0588948021198 1
1738724982663 168.5047624646231 2
1738724982667 167.68617466607546 3
1738724982670 169.8397750524476 4
1738724982674 171.64777216685584 5
1738724982678 168.67957417417173 6
1738724982682 168.6386360213754 7
1738724982685 172.06855913531723 8
1738724982689 167.2946581481382 9
1738724982693 166.97527673323964 10
1738724982697 166.6886915594466 11
1738724982701 167.63475160253267 12
1738724982704 166.2645647099376 13
1738724982708 167.77580439023575 14
1738724982712 168.43815089348178 15
1738724982716 170.8676214167841 16
1738724982719 167.03697303773052 17
1738724982723 168.4906981526121 18
1738724982727 168.57415919988114 19
1738724982731 170.06105903800952 20
1738724982734 169.30454896455714 21
1738724982738 167.79389094447208 22
1738724982742 169.35319073054873 23
1738724982745 170.90275806701493 24
1738724982749 165.64780381440283 25
1738724982753 171.22234299604438 26
1738724982757 167.9873116136766 27
1738724982760 173.18751285036487 28
1738724982764 169.39607742010136 29
1738724982768 169.876459868607 30
1738724982772 168.28305632469085 31
1738724982775 167.5928832791825 32
1738724982779 169.17252901261645 33
1738724982784 168.38704744863279 34
1738724982787 168.17101289049987 35
1738724982791 167.09308514989226 36
1738724982795 169.97317192809092 37
1738724982799 168.74393750781562 38
1738724982802 169.9402619100697 39
1738724982806 167.55879615219067 40
1738724982810 168.40801645174736 41
1738724982813 170.4192150771877 42
1738724982817 170.46001704975 43
1738724982820 169.87600543327065 44
1738724982824 169.32976290818584 45
1738724982827 170.62578916320984 46
1738724982831 165.19998370391042 47
1738724982834 170.20198087949697 48
1738724982838 168.669760777197 49
1738724982842 168.3807589642959 50
1738724982845 168.06277240271493 51
1738724982849 168.5190190939322 52
