1738724507141 127.82139636014853 0
1738724507177 178.31331826670473 1
1738724507210 170.92142924884965 2
1738724507275 176.31418511448635 3
1738724507310 171.51360980262956 4
1738724507344 165.66243817803274 5
1738724507379 167.973059408803 6
1738724507413 153.35184673330082 7
1738724507447 131.3980702636868 8
1738724507481 170.66070237270407 9
1738724507514 168.62828670772836 10
1738724507548 158.48233258618416 11
1738724507582 180.99807301128294 12
1738724507614 157.9625724583339 13
1738724507648 167.9476027597105 14
1738724507681 196.32836831139056 15
1738724507713 170.98161158280206 16
1738724507746 161.23645128768382 17
1738724507779 166.63755598911496 18
1738724507811 161.2875587572055 19
1738724507844 177.50876366283347 20
1738724507876 181.5151223749519 21
1738724507909 153.76702238890437 22
1738724507941 161.17095616977574 23
1738724507973 134.86485611607281 24
1738724508005 153.44140310719564 25
1738724508037 175.47973142173817 26
1738724508069 152.93394432165505 27
1738724508101 156.79466983425695 28
1738724508133 173.24326516169177 29
1738724508165 161.28803847225714 30
1738724508197 153.66578578861336 31
1738724508229 172.21783277604587 32
1738724508261 187.55760881672407 33
1738724508293 186.30378645252497 34
1738724508327 185.8689931593104 35
1738724508362 172.3099084069038 36
1738724508396 162.55713853920253 37
1738724508430 172.14613259992575 38
1738724508464 209.32902667953235 39
1738724508503 168.5499020002335 40
1738724508536 162.41628587130262 41
1738724508570 138.9509105737336 42
1738724508603 162.7280999285669 43
1738724508635 186.68474469960105 44
1738724508668 158.77085922257874 45
1738724508700 160.01292133648678 46
1738724508732 160.02287687230432 47
1738724508765 178.44600401965948 48
1738724508797 186.18678410715106 49
1738724508829 155.86838535916175 50
1738724508861 181.9907951955407 51
1738724508893 162.1805949714985 52
1738724508926 150.3898879239404 53
1738724508958 180.31398737342246 54
1738724508990 180.87646288703536 55
1738724509022 149.12902441935177 56
1738724509056 166.83624763953392 57
1738724509089 190.93150735993794 58
1738724509122 174.0720316647683 59
1738724509155 173.67764480491383 60
1738724509188 109.6063037135136 61
1738724509221 165.07467053326144 62
1738724509253 182.80154128535972 63
1738724509288 149.13460746665638 64
1738724509321 153.25004433477463 65
1738724509354 179.5346142660836 66
1738724509387 168.88919349815944 67
1738724509419 160.87129111149656 68
1738724509452 163.10017956076933 69
1738724509484 169.5334902359399 70
1738724509517 186.2779944112215 71
1738724509549 163.8096982963436 72
1738724509582 168.1761483798906 73
1738724509616 169.13930337604552 74
1738724509652 169.16054939204122 75
1738724509697 147.03377235013653 76
1738724509799 162.67845992325215 77
1738724509833 171.5771103675237 78
1738724509867 171.21283248196565 79
1738724509901 181.85908674416532 80
1738724509935 172.66040623414207 81
1738724509968 152.78587356959613 82
1738724510002 174.24685764763765 83
1738724510035 245.71827008086652 84
1738724510068 153.97378885289686 85
1738724510101 169.30162278702596 86
1738724510133 170.98222850920698 87
1738724510166 165.66099689322579 88
1738724510199 185.0161912793012 89
1738724510232 201.21338448345895 90
1738724510265 166.29641779670777 91
1738724510297 166.65242891910836 92
1738724510330 163.33255331582492 93
1738724510362 175.0830879302035 94
1738724510395 173.36176300435844 95
1738724510427 157.16182810865882 96
1738724510459 164.3974439123865 97
1738724510492 177.20151771485303 98
1738724510525 163.28731613913658 99
1738724510558 174.97566441726642 100
1738724510591 165.50654130992146 101
1738724510626 206.86554813360027 102
1738724510662 162.52844635830098 103
1738724510696 171.7156181950073 104
1738724510730 166.3529592096309 105
1738724510763 137.8408579930438 106
1738724510797 169.98287757863628 107
1738724510830 150.87905906368155 108
1738724510864 169.41526400114702 109
1738724510897 174.07537469885762 110
1738724510930 166.45817828517977 111
1738724510964 179.01488340275435 112
1738724510997 177.52723489341193 113
1738724511030 218.5116474283732 114
1738724511064 164.36683168592688 115
1738724511099 186.24465293405189 116
1738724511133 154.1971798903109 117
1738724511168 169.05940729681797 118
1738724511201 177.21853269307476 119
1738724511235 189.60921685508578 120
1738724511268 165.49249320601695 121
1738724511301 143.05970213472708 122
1738724511334 132.0887284748753 123
1738724511366 148.29543005907357 124
1738724511399 167.55291996802003 125
1738724511431 160.6645861083582 126
1738724511464 169.4958540974292 127
1738724511496 169.13692471934513 128
1738724511528 168.77204741272945 129
1738724511562 126.52285962649201 130
1738724511594 175.20748013966704 131
1738724511627 182.52006482259574 132
1738724511660 187.86088818900794 133
1738724511694 179.61185351733977 134
1738724511729 152.50147750374114 135
1738724511764 158.1404718393321 136
1738724511798 166.8818247077318 137
1738724511833 174.88319417324414 138
1738724511869 169.57526969025793 139
1738724511904 189.33979535690256 140
1738724511939 168.32271334103154 141
1738724511973 175.05042333638875 142
1738724512008 190.45650822222805 143
1738724512042 167.12757764356488 144
1738724512076 182.28780057374325 145
1738724512110 164.45251905356398 146
1738724512143 162.5802189661531 147
1738724512176 148.26389006926155 148
1738724512209 141.6479278315071 149
1738724512243 180.2277915246392 150
1738724512277 186.5896687001437 151
1738724512310 157.50804143786308 152
1738724512343 187.85643848472805 153
1738724512376 162.53977147791772 154
1738724512409 168.82364181824948 155
1738724512441 162.8513479086672 156
1738724512475 187.08076070908237 157
1738724512509 163.52511814417846 158
1738724512542 166.67384201602275 159
1738724512576 160.38800191777162 160
1738724512609 171.62220772521462 161
1738724512642 158.7377069853718 162
1738724512677 182.06421697839411 163
1738724512710 200.57513534329541 164
1738724512744 162.65567042204296 165
1738724512777 166.92226379410718 166
1738724512809 194.86858908167645 167
1738724512843 150.8001409130847 168
1738724512876 180.95525426120182 169
1738724512909 188.96304903000373 170
1738724512941 145.22583518463605 171
1738724512974 196.8854065301187 172
1738724513006 172.43678507780652 173
1738724513039 186.28508972124172 174
1738724513071 170.23788885557263 175
1738724513104 198.77619151586183 176
1738724513136 171.97110076557743 177
1738724513168 157.88574211492403 178
1738724513200 174.88635847881145 179
1738724513232 169.13265909070537 180
1738724513264 180.1904304318104 181
1738724513297 167.93383323793918 182
1738724513331 177.1067115423801 183
1738724513364 170.31566636686156 184
1738724513397 171.74780823595836 185
1738724513430 171.250348688026 186
1738724513463 154.9820365845984 187
1738724513496 162.71804346118796 188
1738724513529 162.59973277156737 189
1738724513561 141.7404541800065 190
1738724513594 169.03427686049326 191
1738724513627 184.18692921983725 192
1738724513659 170.33738053437202 193
1738724513692 154.56992882943476 194
1738724513725 146.55186592086704 195
1738724513757 136.51433169638372 196
1738724513790 170.51603552316206 197
1738724513822 167.7467044740696 198
1738724513855 161.49216777885405 199
1738724513887 181.47722252556352 200
1738724513919 170.21352599838013 201
1738724513951 157.06095462797802 202
1738724513984 167.19321894819726 203
1738724514016 169.32788178018373 204
1738724514048 169.28049280363226 205
1738724514080 186.19280592221577 206
1738724514113 168.54850553857284 207
1738724514145 193.76417187486422 208
1738724514178 179.95118611298136 209
1738724514210 174.31818410591828 210
1738724514242 169.05637594839462 211
1738724514274 111.60204300613034 212
1738724514306 187.3589704218646 213
1738724514338 169.61308918649047 214
1738724514370 163.61042416104934 215
1738724514402 174.13955346105112 216
1738724514435 137.46755749572873 217
1738724514467 182.36972156746077 218
1738724514500 157.43719019354384 219
1738724514533 166.348853383955 220
1738724514566 146.89653760595274 221
1738724514598 173.90522260348612 222
1738724514631 184.8589884247939 223
1738724514663 153.9988640054776 224
1738724514696 145.4744755391933 225
1738724514729 150.6330339415647 226
1738724514763 176.44599531935134 227
1738724514796 183.65693830103223 228
1738724514829 179.9008601873928 229
1738724514862 152.06739501342122 230
1738724514895 168.7572597658264 231
1738724514928 177.60225558371073 232
1738724514961 165.7294038415871 233
1738724514994 166.91667557582673 234
1738724515027 170.1630146442542 235
1738724515059 188.76073642289418 236
1738724515092 173.32359702771018 237
1738724515125 171.9230633277316 238
1738724515158 149.92675891838428 239
1738724515190 151.18099617591483 240
1738724515223 166.20689752701477 241
1738724515256 167.10889856065182 242
1738724515288 184.37446076887483 243
1738724515321 163.05110123122918 244
1738724515353 166.22534937261636 245
1738724515386 187.19809373432673 246
1738724515418 188.07192887025474 247
1738724515451 160.10813930794006 248
1738724515483 150.61802110903483 249
1738724515516 134.73207570715084 250
1738724515548 158.12495026375223 251
1738724515580 175.02067219631232 252
1738724515613 172.3802980736928 253
1738724515645 167.0669937243288 254
1738724515678 171.40991486087012 255
1738724515710 173.99100952325853 256
1738724515742 168.20565726748615 257
1738724515775 144.49426814398296 258
1738724515807 160.51946522873772 259
1738724515840 166.27156747889845 260
1738724515872 194.13406191035125 261
1738724515904 156.41996079462433 262
1738724515937 173.84805596311077 263
1738724515969 185.69060055296092 264
1738724516002 183.20713716088068 265
1738724516034 149.9615557647119 266
1738724516066 176.36529381851892 267
1738724516099 162.0484318023222 268
1738724516131 127.97204365933922 269
1738724516163 162.04953445731041 270
1738724516195 161.16776473244022 271
1738724516228 179.67031590449542 272
1738724516260 171.1372432971254 273
1738724516292 165.31050979244225 274
1738724516324 168.5679473304321 275
1738724516356 157.77764805782957 276
1738724516388 152.26302695455416 277
1738724516420 172.3663423033668 278
1738724516452 171.9060900647832 279
1738724516484 155.25724909570428 280
1738724516516 171.51520465883414 281
1738724516548 195.13107525911764 282
1738724516580 183.87341662623075 283
1738724516612 148.6682451803212 284
1738724516644 148.77155383190166 285
1738724516676 157.2077526884413 286
1738724516708 170.59459987537474 287
1738724516740 188.80763328995013 288
1738724516773 169.87337652055612 289
1738724516806 166.8932884109176 290
1738724516838 175.40181550740567 291
1738724516870 164.37606398865847 292
1738724516902 159.60330224241346 293
1738724516934 141.54325422440522 294
1738724516966 156.4108484301307 295
1738724516998 166.1493856708824 296
1738724517030 194.8240036713234 297
1738724517062 155.1085277762867 298
1738724517094 210.6968420686107 299
1738724517126 162.35078269970785 300
1738724517158 168.043570195906 301
1738724517190 167.1233548986627 302
1738724517226 186.51191806254522 303
1738724517259 180.19034648803435 304
1738724517291 176.37061588938622 305
1738724517323 177.55580419273247 306
1738724517356 170.02076832765715 307
1738724517388 178.1228680163677 308
1738724517420 168.24928306414913 309
1738724517452 183.84299084562613 310
1738724517484 179.90143352029145 311
1738724517517 175.88845777034763 312
1738724517549 165.96313646517527 313
1738724517581 169.3967860922744 314
1738724517613 170.99208937554343 315
1738724517645 161.84190676674262 316
1738724517677 172.5512056109365 317
1738724517710 176.61711737390294 318
1738724517742 184.58350991249594 319
1738724517774 160.72088162239416 320
1738724517806 164.6009806003011 321
1738724517838 173.96173320005838 322
1738724517870 168.90637510600808 323
1738724517902 168.3235148959648 324
1738724517934 153.04555800642112 325
1738724517966 180.35036156307686 326
1738724517998 164.77572259092906 327
1738724518031 144.87335742413313 328
1738724518063 180.4821430400513 329
1738724518095 165.739265300533 330
1738724518127 149.94389828347337 331
1738724518160 184.33269665963186 332
1738724518192 163.42449853738873 333
1738724518225 164.77467600672506 334
1738724518257 170.36907721448515 335
1738724518290 173.9408472968422 336
1738724518322 175.4176151604691 337
1738724518355 137.088504678847 338
1738724518387 173.7394359258277 339
1738724518419 151.7532939739154 340
1738724518452 180.17386622454316 341
1738724518484 148.95919078516923 342
1738724518517 179.10121273344404 343
1738724518549 162.53395001395938 344
1738724518582 172.4550669421027 345
1738724518614 198.13096079600237 346
1738724518646 159.05766977542152 347
1738724518678 175.34272895794493 348
1738724518710 171.79821267114144 349
1738724518742 198.0279224802877 350
1738724518774 161.00595571589216 351
1738724518806 141.32926860958818 352
1738724518839 169.36246418233515 353
1738724518871 153.39297987423384 354
1738724518903 153.8847707693449 355
1738724518935 177.95790031288607 356
1738724518967 194.13612995579388 357
1738724518999 145.60600690972032 358
1738724519031 164.49075164974482 359
1738724519063 169.05338468570233 360
1738724519095 184.78440974282896 361
1738724519127 172.87749504191854 362
1738724519159 174.1744108027146 363
1738724519191 161.5692086073336 364
1738724519223 177.30046920559323 365
1738724519255 134.08384752511603 366
1738724519287 188.4054901958186 367
1738724519319 165.6048891611541 368
1738724519350 175.3996209490752 369
1738724519382 152.27400318387663 370
1738724519415 161.80861173637734 371
1738724519447 173.83835311277102 372
1738724519478 186.38944363665235 373
1738724519510 160.28206389297355 374
1738724519542 162.89978880248458 375
1738724519574 160.15535889216352 376
1738724519606 176.47392985396527 377
1738724519639 181.67748894828324 378
1738724519671 164.49652394772386 379
1738724519703 169.1772748307557 380
1738724519735 161.2777756864986 381
1738724519767 136.3305763630574 382
1738724519799 181.0641461184761 383
1738724519831 186.6229509611287 384
1738724519863 152.98066599751732 385
1738724519895 161.84275039825982 386
1738724519927 176.61880266401462 387
1738724519959 127.00680416507248 388
1738724519991 191.7480123650583 389
1738724520023 186.63809683469552 390
1738724520054 179.75129129536626 391
1738724520087 164.30551930747276 392
1738724520118 180.0674399599305 393
1738724520150 171.67668322018966 394
1738724520184 177.03902628366743 395
