1738722111625 169.16148552166555 0
1738722111627 169.1491538829734 1
1738722111628 169.13729079844833 2
1738722111629 169.12587682619298 3
1738722111630 169.11489336837678 4
1738722111631 169.104322633731 5
1738722111632 169.09414760173073 6
1738722111633 169.08435198838637 7
1738722111634 169.07492021357353 8
1738722111636 169.06583736982955 9
1738722111637 169.05708919255247 10
1738722111638 169.04866203153753 11
1738722111639 169.0405428237914 12
1738722111640 169.03271906756623 13
1738722111641 169.02517879755843 14
1738722111642 169.01791056121925 15
1738722111643 169.01090339612756 16
1738722111644 169.00414680837648 17
1738722111645 168.99763075192737 18
1738722111646 168.99134560888936 19
1738722111647 168.98528217068025 20
1738722111648 168.97943162003116 21
1738722111649 168.97378551379543 22
1738722111650 168.96833576652617 23
1738722111651 168.96307463478738 24
1738722111653 168.95799470216605 25
1738722111654 168.953088864953 26
1738722111655 168.94835031846324 27
1738722111656 168.94377254396574 28
1738722111657 168.93934929619624 29
1738722111658 168.9350745914268 30
1738722111659 168.93094269606593 31
1738722111660 168.9269481157669 32
1738722111661 168.9230855850201 33
1738722111662 168.91935005720853 34
1738722111663 168.91573669510515 35
1738722111664 168.91224086179238 36
1738722111665 168.90885811198459 37
1738722111666 168.9055841837355 38
1738722111667 168.90241499051396 39
1738722111669 168.89934661362992 40
1738722111670 168.89637529499652 41
1738722111671 168.89349743021245 42
1738722111672 168.89070956195 43
1738722111673 168.88800837363573 44
1738722111674 168.88539068341004 45
1738722111675 168.8828534383535 46
1738722111676 168.880393708968 47
1738722111677 168.8780086839008 48
1738722111678 168.87569566490134 49
1738722111679 168.8734520620001 50
1738722111680 168.87127538889905 51
1738722111681 168.86916325856524 52
1738722111683 168.8671133790174 53
1738722111684 168.86512354929786 54
1738722111685 168.8631916556209 55
1738722111686 168.86131566768952 56
1738722111687 168.8594936351742 57
1738722111688 168.85772368434465 58
1738722111689 168.8560040148496 59
1738722111690 168.85433289663675 60
1738722111691 168.85270866700697 61
1738722111693 168.85112972779706 62
1738722111694 168.84959454268505 63
1738722111695 168.84810163461282 64
1738722111696 168.84664958332027 65
1738722111697 168.84523702298713 66
1738722111698 168.8438626399763 67
1738722111699 168.8425251706756 68
1738722111700 168.84122339943238 69
1738722111701 168.8399561565775 70
1738722111702 168.83872231653484 71
1738722111703 168.8375207960119 72
1738722111704 168.83635055226864 73
1738722111705 168.83521058146064 74
1738722111706 168.8340999170535 75
1738722111708 168.83301762830496 76
1738722111709 168.8319628188127 77
1738722111710 168.83093462512358 78
1738722111711 168.82993221540266 79
1738722111713 168.8289547881591 80
1738722111714 168.82800157102625 81
1738722111715 168.8270718195933 82
1738722111716 168.8261648162873 83
