1738724000992 167.63439203751062 0
1738724000995 165.81065166137282 1
1738724000998 173.1163598686659 2
1738724001000 173.65154380884474 3
1738724001003 169.56856780507619 4
1738724001005 169.57357593848818 5
1738724001008 162.5060321795979 6
1738724001011 166.48503867890105 7
1738724001013 169.73332472450235 8
1738724001016 172.4449874506271 9
1738724001018 174.7232747646387 10
1738724001021 167.81958234260907 11
1738724001024 168.3207777236276 12
1738724001026 168.10614493683184 13
1738724001029 167.8111517809288 14
1738724001031 171.71167902095047 15
1738724001034 166.60661875566484 16
1738724001037 167.5837045411971 17
1738724001039 167.85345288526673 18
1738724001042 167.1692615109077 19
