1738724435006 167.21255248825014 0
1738724435009 168.1273025030653 1
1738724435012 170.73313545178823 2
1738724435015 168.41674067964234 3
1738724435018 171.0694681665093 4
1738724435021 168.86600572436245 5
1738724435024 167.21758856253618 6
1738724435027 168.78870147113045 7
1738724435030 170.48765063418116 8
1738724435033 168.47942837178897 9
1738724435037 169.13626122361188 10
1738724435040 168.7189711643408 11
1738724435043 169.50597489347868 12
1738724435045 168.05386849392974 13
1738724435048 170.76129904753603 14
1738724435051 169.80064610234228 15
1738724435054 167.17753577975057 16
1738724435057 169.6575832247644 17
