1738723999779 169.2631086956892 0
1738723999781 169.2614687507553 1
1738723999783 169.25983525049338 2
1738723999785 169.2582081675323 3
1738723999786 169.25658747462197 4
1738723999788 169.25497314463243 5
1738723999790 169.2533651505539 6
1738723999792 169.25176346549551 7
1738723999794 169.2501680626854 8
1738723999796 169.24857891546986 9
1738723999798 169.24699599731275 10
1738723999800 169.24541928179528 11
1738723999802 169.24384874261506 12
1738723999804 169.24228435358597 13
1738723999806 169.2407260886374 14
1738723999808 169.23917392181377 15
1738723999809 169.2376278272741 16
1738723999811 169.2360877792914 17
1738723999813 169.23455375225214 18
1738723999815 169.23302572065583 19
1738723999817 169.23150365911445 20
1738723999819 169.22998754235203 21
1738723999821 169.22847734520397 22
1738723999823 169.22697304261666 23
1738723999824 169.22547460964702 24
1738723999826 169.22398202146195 25
1738723999828 169.22249525333777 26
1738723999830 169.22101428065983 27
1738723999832 169.21953907892194 28
1738723999834 169.21806962372597 29
1738723999836 169.21660589078127 30
1738723999838 169.21514785590426 31
1738723999840 169.2136954950179 32
1738723999841 169.21224878415123 33
1738723999843 169.21080769943893 34
1738723999845 169.2093722171207 35
1738723999847 169.207942313541 36
1738723999849 169.20651796514844 37
1738723999851 169.2050991484953 38
1738723999853 169.20368584023717 39
1738723999854 169.20227801713241 40
1738723999856 169.2008756560416 41
1738723999858 169.19947873392735 42
1738723999860 169.19808722785353 43
1738723999862 169.196701114985 44
1738723999864 169.19532037258716 45
1738723999865 169.19394497802534 46
1738723999867 169.19257490876453 47
1738723999869 169.19121014236893 48
1738723999871 169.18985065650122 49
1738723999873 169.18849642892263 50
1738723999875 169.18714743749192 51
1738723999877 169.18580366016536 52
1738723999879 169.1844650749961 53
1738723999880 169.18313166013388 54
1738723999882 169.1818033938244 55
1738723999884 169.18048025440902 56
1738723999886 169.1791622203243 57
1738723999888 169.17784927010158 58
1738723999890 169.17654138236657 59
1738723999891 169.17523853583882 60
1738723999893 169.1739407093315 61
1738723999895 169.17264788175078 62
1738723999897 169.17136003209544 63
1738723999899 169.1700771394567 64
1738723999901 169.16879918301737 65
1738723999903 169.16752614205186 66
1738723999905 169.16625799592546 67
1738723999906 169.16499472409416 68
1738723999908 169.16373630610408 69
1738723999910 169.1624827215912 70
1738723999912 169.16123395028077 71
1738723999914 169.15998997198713 72
1738723999916 169.15875076661308 73
1738723999918 169.15751631414977 74
1738723999920 169.156286594676 75
1738723999921 169.15506158835797 76
1738723999923 169.15384127544903 77
1738723999925 169.15262563628892 78
