1738722433207 157.3800492504235 0
1738722433241 182.2556576314895 1
1738722433274 168.02160877772053 2
1738722433307 153.486404879893 3
1738722433341 160.63843311576645 4
1738722433375 161.26395460501055 5
1738722433408 182.56440385826127 6
1738722433440 181.85464554696293 7
1738722433473 173.7171385656535 8
1738722433506 178.45783247351363 9
1738722433538 170.88974962221957 10
1738722433571 164.23358967281155 11
1738722433604 164.0580241363315 12
1738722433636 177.77494284593865 13
1738722433669 170.72721783501177 14
1738722433702 161.86806076286146 15
1738722433735 151.48100480513662 16
1738722433767 186.13872022330182 17
1738722433800 172.1915523417201 18
1738722433832 195.1069880780391 19
1738722433865 197.9876603641975 20
1738722433897 178.96601710881703 21
1738722433930 186.2344338319594 22
1738722433962 171.85452529634154 23
1738722433994 199.99473725787902 24
1738722434027 164.8264596440072 25
1738722434059 161.19960752564535 26
1738722434092 133.40035642305105 27
1738722434124 169.75188156134297 28
1738722434156 166.7539407810769 29
1738722434189 172.38889285980747 30
1738722434221 155.73693442158626 31
1738722434253 167.758811007893 32
1738722434286 178.87349317833218 33
1738722434318 164.4613659090612 34
1738722434351 171.40743509446233 35
1738722434384 170.85728223083692 36
1738722434416 169.47741108488353 37
1738722434449 194.4780975598797 38
1738722434481 205.85510655047315 39
1738722434514 171.92455675595872 40
1738722434546 168.6882403981235 41
1738722434579 164.96344230762776 42
1738722434611 144.98421289124533 43
1738722434644 160.359762746009 44
1738722434676 170.75921880737693 45
1738722434709 168.56701801350826 46
1738722434741 154.18543326869892 47
1738722434773 170.35088950973613 48
1738722434806 172.21560197487352 49
1738722434838 139.00470702600649 50
1738722434870 180.22692201214116 51
1738722434902 174.60181934640903 52
1738722434935 192.30836081565621 53
1738722434967 184.321755961685 54
1738722434999 157.09106289750113 55
1738722435031 162.66584649771949 56
1738722435064 160.85364415262984 57
1738722435096 162.95779610310382 58
1738722435128 200.57175045451555 59
1738722435160 137.96764724027182 60
1738722435193 139.62683571570113 61
1738722435225 141.38670998887574 62
1738722435257 172.95536669338927 63
1738722435289 156.40647724782085 64
1738722435321 175.1543962484965 65
1738722435354 150.10069385614727 66
1738722435386 136.20229210604734 67
1738722435418 169.8897099813513 68
1738722435450 169.6403683981847 69
1738722435482 159.6637441708921 70
1738722435514 170.94364189578155 71
1738722435546 169.5676439328136 72
1738722435578 156.9560766251415 73
1738722435610 163.6796185954016 74
1738722435642 165.19602249245645 75
1738722435674 187.55131246168125 76
1738722435707 169.53237694152875 77
1738722435739 162.24350048657942 78
1738722435771 182.07147182746678 79
1738722435804 181.04608194026147 80
1738722435836 168.5863660074286 81
1738722435868 201.64745025165846 82
1738722435900 160.3512342663501 83
1738722435932 197.16097223967606 84
1738722435964 171.4088992235065 85
1738722435996 182.16886663128287 86
1738722436028 170.9772004264303 87
1738722436060 169.21956514319407 88
1738722436092 185.351385516465 89
1738722436124 154.90143858789816 90
1738722436156 168.38141706489708 91
1738722436188 164.86706421969828 92
1738722436220 177.30954848766217 93
1738722436252 174.03451878912523 94
1738722436284 167.08190554112065 95
1738722436316 180.67581068192206 96
1738722436348 169.5663681255853 97
1738722436380 173.9092087852631 98
1738722436412 188.01494465461448 99
1738722436444 176.3132667601179 100
1738722436477 167.60855614530453 101
1738722436510 162.4012454904306 102
1738722436543 155.32383691713173 103
1738722436575 169.68628268159506 104
1738722436608 192.37746084681737 105
1738722436641 176.6081143737465 106
1738722436673 158.62254481671414 107
1738722436706 164.53293979289518 108
1738722436738 150.57956717551684 109
1738722436771 178.47020314788392 110
1738722436804 158.79783455851057 111
1738722436836 159.41539868889967 112
1738722436869 191.03727999314626 113
1738722436901 155.28830774544824 114
1738722436934 149.4569005482509 115
1738722436966 159.4891794062916 116
1738722436999 137.19830663516328 117
1738722437032 167.30953190329285 118
1738722437064 190.06668818484573 119
1738722437096 164.85545652352164 120
1738722437129 178.76866046748566 121
1738722437161 180.86468730201395 122
1738722437193 188.05633792943044 123
1738722437226 165.10537181205368 124
1738722437258 154.0566767423176 125
1738722437291 167.4524385521816 126
1738722437323 141.4319028751089 127
1738722437356 176.16531167989825 128
1738722437388 156.6800539606947 129
1738722437421 166.34518808230075 130
1738722437453 141.43538406702228 131
1738722437485 165.8833852236048 132
1738722437518 155.8462981029521 133
1738722437550 174.91480888901012 134
1738722437583 143.27687614829293 135
1738722437615 178.8048463121709 136
1738722437648 128.6684319073465 137
1738722437680 161.3108426846493 138
1738722437713 136.4222820916563 139
1738722437745 182.19249338051463 140
1738722437777 179.02524963596284 141
1738722437810 165.17400625950924 142
1738722437843 173.40142112140163 143
1738722437875 162.63251150432959 144
1738722437907 167.8649463839831 145
1738722437940 175.65546526432018 146
1738722437972 189.10827545953066 147
1738722438004 161.53848495227547 148
1738722438036 160.01292584866786 149
1738722438069 164.29765816265765 150
1738722438101 162.67471212964338 151
1738722438133 170.44652302870597 152
1738722438165 165.81053752917256 153
1738722438198 181.64099158181054 154
1738722438230 161.64609917531996 155
1738722438263 190.30085145936454 156
1738722438295 177.95936706006717 157
1738722438327 163.48421328463192 158
1738722438360 179.48733754615608 159
1738722438392 167.88080352055445 160
1738722438425 156.3693438052244 161
1738722438458 164.35087630296755 162
1738722438496 189.79120862723587 163
1738722438528 174.8418592472825 164
1738722438561 187.57337363621048 165
1738722438594 174.6029225458296 166
1738722438627 177.15432622363977 167
1738722438660 179.42387377671042 168
1738722438693 182.87984212282984 169
1738722438725 182.03983358753084 170
1738722438758 157.2789057165151 171
1738722438791 180.53501408505016 172
1738722438823 165.26607411527917 173
1738722438856 164.13758709561372 174
1738722438888 156.70099382567196 175
1738722438921 176.4886467406871 176
1738722438954 183.37778106268385 177
1738722438986 171.7066622992506 178
1738722439019 173.59537129601026 179
1738722439052 175.25139218095032 180
1738722439084 167.2194159325081 181
1738722439117 188.84311718632523 182
1738722439149 171.20299250853455 183
1738722439182 170.2541590107383 184
1738722439215 170.5872472702912 185
1738722439247 141.10802706078533 186
1738722439280 169.30298570525014 187
1738722439312 150.06886526164777 188
1738722439345 173.989473149434 189
1738722439378 177.72672754214452 190
1738722439410 139.39724178269336 191
1738722439443 183.58777266469147 192
1738722439475 167.34680475559318 193
1738722439508 177.15399299835377 194
1738722439540 179.39123614462463 195
1738722439572 141.28766400442063 196
1738722439605 168.1476763171858 197
1738722439637 171.9050287486405 198
1738722439670 167.59436801052993 199
1738722439702 181.65178286782088 200
1738722439734 160.9891174474473 201
1738722439766 176.01191761755035 202
1738722439799 167.05016726476651 203
1738722439831 163.3716268893468 204
1738722439864 162.42186802321032 205
1738722439897 159.25592261577626 206
1738722439930 145.37951211817122 207
1738722439963 164.5113581768763 208
1738722439995 162.16118524522514 209
1738722440028 183.31289201168664 210
1738722440061 145.9427639755701 211
1738722440093 167.73002997323835 212
1738722440126 168.08196407438052 213
1738722440159 168.6548817036051 214
1738722440191 183.37419566661717 215
1738722440224 156.55531053165151 216
1738722440256 142.83277956687326 217
1738722440289 178.3756407632855 218
1738722440321 184.62664888068775 219
1738722440354 167.6096950347694 220
1738722440387 148.07002969260438 221
1738722440419 184.9343598017097 222
1738722440452 177.91299837385645 223
1738722440484 143.46665985256504 224
1738722440517 176.3999373872936 225
1738722440549 162.8583221351415 226
1738722440582 162.7672822503922 227
1738722440614 160.67327191931054 228
1738722440647 172.19625263729117 229
1738722440679 170.58407441503263 230
1738722440711 182.25885163020598 231
1738722440744 174.70383686524488 232
1738722440776 218.4367034581578 233
1738722440809 166.1289633798469 234
1738722440841 168.21850233501326 235
1738722440873 173.6310543320772 236
1738722440905 201.90376091150767 237
1738722440938 156.06553646467748 238
1738722440970 181.65841257250597 239
1738722441002 154.2848705397398 240
1738722441035 168.70051345921067 241
1738722441067 146.99799787422452 242
1738722441099 195.74221493843731 243
1738722441131 178.74363851257388 244
1738722441164 171.2742288629993 245
1738722441196 169.2130270424205 246
1738722441228 120.61813272657439 247
1738722441260 168.86371612937108 248
1738722441292 157.7461805174666 249
1738722441325 151.09956744726173 250
1738722441357 161.61443942215334 251
1738722441389 166.54270609491059 252
1738722441421 161.54672134692765 253
1738722441454 186.2463680305598 254
1738722441486 171.72081689311693 255
1738722441518 167.4082709212887 256
1738722441550 193.57292349270892 257
1738722441582 159.07533600901007 258
1738722441615 166.20105592420364 259
1738722441647 149.31277796838023 260
1738722441679 167.4091344763355 261
1738722441711 170.8001827181991 262
1738722441743 167.03755044865426 263
1738722441775 186.35583765640652 264
1738722441807 181.28765306705333 265
1738722441840 148.41776859673743 266
1738722441872 155.6212909257655 267
1738722441904 145.21586345391734 268
1738722441937 168.05504253951403 269
1738722441969 167.30655837304212 270
1738722442001 175.12015093932132 271
1738722442033 161.64688118410623 272
1738722442066 160.38923489199377 273
1738722442098 174.9224751221118 274
1738722442130 184.90681413283738 275
1738722442162 156.75856437301172 276
1738722442194 149.2820684926951 277
1738722442226 187.07980552808883 278
1738722442258 164.9562416024789 279
1738722442290 166.68145546766706 280
1738722442333 172.98152058595275 281
1738722442367 213.91021530051546 282
1738722442400 197.95598350338327 283
1738722442433 162.01014474506206 284
1738722442465 168.54952537924086 285
1738722442498 160.40270699939722 286
1738722442531 167.6146374574682 287
1738722442563 143.24250803004918 288
1738722442596 179.00091096930697 289
1738722442628 138.440752634872 290
1738722442660 156.18133869734297 291
1738722442693 170.43296439335631 292
1738722442725 174.56647621614246 293
1738722442757 175.37941998593874 294
1738722442789 181.95495428130124 295
1738722442822 165.5137754163534 296
1738722442854 181.85811883125018 297
1738722442886 132.19530141660638 298
1738722442919 173.67695058734017 299
1738722442951 198.65397896509216 300
1738722442983 177.32940796507322 301
1738722443015 200.67705346528004 302
1738722443047 167.29633942455965 303
1738722443080 155.0914505106725 304
1738722443112 183.7655076518943 305
1738722443144 137.51430299457272 306
1738722443176 167.94613318558456 307
1738722443208 178.2365830490131 308
1738722443240 180.69239688317953 309
1738722443272 170.76399869228717 310
1738722443305 149.85024592532477 311
1738722443337 167.29127486036495 312
1738722443369 160.46831758441854 313
1738722443401 205.90805188836967 314
1738722443433 166.45304640778525 315
1738722443465 178.0792624296724 316
1738722443497 178.13043984461927 317
1738722443529 175.28403992125962 318
1738722443561 215.1367827771091 319
1738722443594 166.78974644100953 320
1738722443626 179.82289725831384 321
1738722443658 170.04340016950007 322
1738722443690 184.71675709065502 323
1738722443722 145.7598612742998 324
1738722443754 147.73373935175943 325
1738722443786 165.0095654787578 326
1738722443818 171.6637350281982 327
1738722443850 164.84545155582813 328
1738722443882 195.9439011254996 329
1738722443915 129.15711602873276 330
1738722443947 145.15637457192454 331
1738722443979 157.60794166478695 332
1738722444011 180.3287574383279 333
1738722444043 191.50491624985318 334
1738722444075 174.56214217942335 335
1738722444107 145.64852550836164 336
1738722444139 166.80206502104787 337
1738722444171 172.4233202614911 338
1738722444203 165.64132665562133 339
1738722444235 177.03713089755453 340
1738722444267 172.4377616791581 341
1738722444299 162.2366111479563 342
1738722444331 181.7914991790471 343
1738722444363 166.7677924878389 344
1738722444396 177.6418504141927 345
1738722444427 158.78068823178137 346
1738722444459 144.66394053087367 347
1738722444492 169.184307538845 348
1738722444524 189.61964342755368 349
1738722444556 176.20544976388302 350
1738722444588 176.40057792285788 351
1738722444620 192.29322424616598 352
1738722444652 185.4021713179443 353
1738722444684 186.46727091030291 354
1738722444716 144.83374519553087 355
1738722444748 166.5360771050842 356
1738722444780 156.43794397861663 357
1738722444812 184.6024158406219 358
1738722444844 178.9582254502228 359
1738722444876 182.2156732903373 360
1738722444908 151.0958902234795 361
1738722444940 167.672763878771 362
1738722444972 163.4490779392232 363
1738722445004 180.5129910027509 364
1738722445038 150.95829189844883 365
1738722445069 185.79448452451018 366
1738722445101 146.0533113163885 367
1738722445133 177.64777748015553 368
1738722445165 188.7138958594705 369
1738722445197 160.56881457132695 370
1738722445230 172.06605426250675 371
1738722445264 169.867269155189 372
1738722445296 111.23180178631057 373
1738722445329 193.11723653120032 374
1738722445362 142.20843808798972 375
1738722445395 170.54493398470063 376
1738722445428 164.0989517876471 377
1738722445461 181.96476843700643 378
1738722445494 161.2677037916392 379
1738722445527 164.13240124770365 380
1738722445560 152.82629870735224 381
1738722445593 162.07115858297908 382
1738722445625 180.4668632545459 383
1738722445658 164.56995015146293 384
1738722445691 165.01619553474944 385
1738722445724 177.78498874174562 386
1738722445756 173.9414010905793 387
1738722445789 151.45744456098183 388
1738722445821 145.8009815280967 389
1738722445853 183.25214245888583 390
1738722445886 184.4151232984291 391
1738722445918 165.5184127300549 392
1738722445951 161.10206125508813 393
1738722445983 195.69305344633338 394
1738722446016 157.74031513669814 395
1738722446049 180.17339148862357 396
1738722446081 184.5888068259557 397
1738722446113 155.52059011314066 398
1738722446146 141.4965048880829 399
1738722446178 173.87716306123664 400
1738722446210 158.10174659800407 401
1738722446243 167.50382730450437 402
1738722446275 136.679044158017 403
1738722446307 177.55249768425097 404
1738722446339 147.54580675364605 405
1738722446371 167.97925235946403 406
1738722446403 159.34390322739281 407
1738722446435 180.55806477602442 408
1738722446467 170.5005034607382 409
1738722446500 161.8947721546065 410
1738722446534 194.71908314134882 411
1738722446567 167.6425351352555 412
1738722446600 165.88442321115176 413
1738722446633 186.29665921695457 414
1738722446666 173.98591267605596 415
1738722446699 182.89699176631763 416
1738722446732 168.0224610405387 417
1738722446765 165.01125012756128 418
1738722446798 192.30458613490967 419
1738722446831 157.8822448822613 420
1738722446864 148.3478970621104 421
1738722446896 143.2092457669072 422
1738722446929 172.58796954521958 423
1738722446962 171.1607173652674 424
1738722446995 159.26432676070547 425
1738722447028 157.35790453863348 426
1738722447061 178.63231812316158 427
1738722447094 158.21261670594254 428
1738722447127 173.93298978360176 429
1738722447159 164.68691995466517 430
1738722447192 178.88373067521843 431
1738722447225 186.22264612348212 432
1738722447258 169.19546089032963 433
1738722447290 153.70660965649594 434
1738722447323 170.36999395178694 435
1738722447355 167.86638423359523 436
1738722447388 184.64701614480188 437
1738722447421 183.38927599614536 438
1738722447453 143.1776409284548 439
1738722447486 170.4747236262183 440
1738722447519 189.0090400213408 441
1738722447551 186.98301217895389 442
1738722447584 181.04765005505837 443
1738722447616 168.58446306889357 444
