1738724146693 168.9492824657976 0
1738724146695 169.078677742533 1
1738724146698 168.06583211432044 2
1738724146701 168.25762896118144 3
1738724146704 170.07986144921676 4
1738724146707 169.23702227341718 5
1738724146710 169.0656025052012 6
1738724146712 167.9931515816623 7
1738724146715 167.5592289719773 8
1738724146718 167.9519910316935 9
1738724146721 168.07588505005396 10
1738724146724 169.11748967554698 11
1738724146727 168.88660801255642 12
1738724146729 167.77291525238786 13
1738724146732 169.6030535437604 14
1738724146735 165.90855729237566 15
1738724146738 168.2807461730226 16
1738724146741 169.71279417665608 17
1738724146744 167.89842920161368 18
1738724146747 168.73209203126063 19
1738724146749 167.73976234316078 20
