1738721996663 170.06094699140976 0
1738721996665 170.49835381165343 1
1738721996667 166.48081981053497 2
1738721996668 171.00612770695963 3
1738721996670 168.3900953707649 4
1738721996672 166.84418666054071 5
1738721996674 165.70161158486437 6
1738721996675 166.66326404606036 7
1738721996677 169.62496313207527 8
1738721996679 166.00134310005393 9
1738721996680 170.29693652771607 10
1738721996682 165.16033339130894 11
1738721996684 168.95448875740465 12
1738721996685 167.77340286567593 13
1738721996687 170.30995228442274 14
