1738722669406 182.40390165682908 0
1738722669443 139.39830155684635 1
1738722669480 146.28293666518468 2
1738722669518 192.3479165734525 3
1738722669554 168.31329264645177 4
1738722669590 176.54762400851206 5
1738722669627 172.1197010066494 6
1738722669664 195.6604875356611 7
1738722669700 189.4353356107929 8
1738722669735 143.20119166090575 9
1738722669772 168.24226122900868 10
1738722669808 190.62690844466792 11
1738722669845 159.6925554018673 12
1738722669882 165.3062661916883 13
1738722669918 192.9534242296604 14
1738722669955 179.45851822985662 15
1738722669991 166.27328195192996 16
1738722670030 167.83216032005137 17
1738722670066 141.1023974470867 18
1738722670102 162.15481908735336 19
1738722670137 172.58793044867036 20
1738722670173 201.36565013794126 21
1738722670208 190.2300560492819 22
1738722670243 156.49697244155908 23
1738722670278 175.76931596400493 24
1738722670314 179.53748192814433 25
1738722670349 172.7649760648074 26
1738722670384 165.5272881011347 27
1738722670419 155.14426045419063 28
1738722670454 139.2233417868211 29
1738722670489 174.91085257329703 30
1738722670525 148.8771393633238 31
1738722670561 153.54874955765615 32
1738722670597 159.12027305514655 33
1738722670634 188.24829670265498 34
1738722670670 195.55269575289626 35
1738722670706 174.3576351968191 36
1738722670741 186.39048926342326 37
1738722670777 161.18446128913132 38
1738722670812 155.23435972392642 39
1738722670848 138.69065091476642 40
1738722670884 152.5165987302447 41
1738722670920 169.2687899682289 42
1738722670956 229.909471954939 43
1738722670993 157.5723752751891 44
1738722671029 175.51226687782074 45
1738722671064 167.33643930766655 46
1738722671099 169.6195924657197 47
1738722671133 155.53183295772362 48
1738722671169 216.82432904240983 49
1738722671204 172.3743351036667 50
1738722671239 160.27321256314121 51
1738722671274 182.68233749134424 52
1738722671314 150.8542054765445 53
1738722671351 134.3309714273356 54
1738722671387 161.57658545830412 55
1738722671424 173.13034016843662 56
1738722671460 157.952997176359 57
1738722671496 159.91136228720666 58
1738722671533 176.04187061710027 59
1738722671569 197.74818377135335 60
1738722671606 157.74626052150373 61
1738722671642 173.45850929847492 62
1738722671678 165.27978003027732 63
1738722671714 182.0579566190979 64
1738722671751 172.9856948389156 65
1738722671787 197.5946154538735 66
1738722671822 170.94130813273316 67
1738722671858 160.25460257941077 68
1738722671893 161.43936382179487 69
1738722671928 184.79456211691212 70
1738722671963 186.09109626633386 71
1738722671998 205.20008812191784 72
1738722672034 156.81957457718912 73
1738722672071 190.7304560904409 74
1738722672107 194.65449663825967 75
1738722672143 158.39312358660464 76
1738722672179 211.49537830023615 77
1738722672215 196.47639499533628 78
1738722672250 169.76574242016042 79
1738722672287 113.36919594680124 80
1738722672324 165.5801498542468 81
1738722672362 199.03927758530142 82
1738722672399 151.58124908020244 83
1738722672436 175.81817682037803 84
1738722672472 206.8146652376268 85
1738722672508 168.36804972255473 86
1738722672545 180.23701627564813 87
1738722672581 191.99885103380316 88
1738722672617 160.7418453334291 89
1738722672653 172.21840125648046 90
1738722672690 180.02750472985366 91
1738722672726 189.37795200201367 92
1738722672763 161.0120869629406 93
1738722672800 149.72540420402572 94
1738722672836 167.0366222413295 95
1738722672872 158.364393778512 96
1738722672909 167.74458419044907 97
1738722672946 146.27379834396845 98
1738722672982 145.56224703194906 99
1738722673018 108.43000907369598 100
1738722673055 162.7655005575356 101
1738722673092 155.77537566705286 102
1738722673129 153.2437316782589 103
1738722673165 169.59843094051118 104
1738722673202 159.94785868316438 105
1738722673238 172.75154435711465 106
1738722673274 158.01923216336837 107
1738722673312 175.61910759503388 108
1738722673348 186.0622220690375 109
1738722673384 164.34938662949415 110
1738722673421 154.79834694682415 111
1738722673458 164.54382702042682 112
1738722673494 140.1623304688666 113
1738722673530 159.4350109055066 114
1738722673566 174.36937542874855 115
1738722673602 187.80312204585744 116
1738722673638 139.15629982326575 117
1738722673674 172.3685047861418 118
1738722673710 144.18746619352396 119
1738722673745 212.51593116002806 120
1738722673781 182.40423095046378 121
1738722673816 169.962665134972 122
1738722673851 165.3493136293744 123
1738722673888 127.08048239502168 124
1738722673923 154.34235717449826 125
1738722673958 169.97009335646206 126
1738722673993 138.3587635246439 127
1738722674028 206.75841662516686 128
1738722674063 166.98087273996174 129
1738722674098 175.802434704867 130
1738722674133 161.62784704069048 131
1738722674168 185.06475108662795 132
1738722674203 160.17995752510132 133
1738722674238 168.50042761520567 134
