1738726145285 170.5845797164858 0
1738726145289 167.7433644569792 1
1738726145293 168.2596577457345 2
1738726145297 170.57364844611402 3
1738726145301 168.36264424974473 4
1738726145304 167.04981411336885 5
1738726145308 169.12075451918662 6
1738726145312 168.80452280340046 7
1738726145316 168.94510080913562 8
1738726145320 170.51458367556063 9
1738726145324 169.60062491807636 10
1738726145327 167.15886436140707 11
1738726145331 169.4973994371749 12
1738726145335 168.60927440418175 13
1738726145338 169.0749397947089 14
1738726145342 167.97719844915298 15
1738726145346 169.7871141299723 16
1738726145352 170.1979618483522 17
1738726145358 167.68217574275232 18
1738726145366 167.90691652732005 19
1738726145370 170.02915150191743 20
1738726145376 167.51144033203735 21
1738726145380 166.64760894798545 22
1738726145384 169.6573229882754 23
1738726145388 168.92537480341335 24
1738726145391 167.9698061749044 25
1738726145395 169.15364222907658 26
1738726145399 167.62224668860372 27
1738726145403 168.78638917536213 28
1738726145407 168.165725806978 29
1738726145410 171.05467915492724 30
1738726145414 168.3164001751798 31
1738726145418 170.0558963316474 32
1738726145421 166.73932438550355 33
1738726145425 167.29781230949794 34
1738726145429 167.64621954378435 35
1738726145432 172.06897322401096 36
1738726145436 167.7650564982622 37
1738726145440 169.1926461294906 38
1738726145444 168.41249379840295 39
1738726145448 165.45095762132507 40
1738726145452 169.22748924285276 41
1738726145455 168.3127984636784 42
1738726145459 169.79072267523892 43
1738726145463 167.42928452569294 44
1738726145466 168.78741615803892 45
1738726145470 169.54302825458802 46
1738726145474 167.05385492078824 47
1738726145477 168.5482831118691 48
