1738723690906 169.84554353880054 0
1738723690909 169.29756633635108 1
1738723690912 167.77420631417684 2
1738723690914 168.63638267410684 3
1738723690917 167.69792329506174 4
1738723690919 168.9338362898717 5
1738723690922 171.33084567657613 6
1738723690924 167.4826232016306 7
1738723690927 166.58105887962574 8
1738723690930 168.1693879668023 9
1738723690932 172.88721520653874 10
1738723690935 169.52665349617567 11
1738723690938 168.54775987487469 12
1738723690940 168.25625912779108 13
1738723690943 169.50926061908592 14
1738723690946 170.67015092362283 15
1738723690949 167.43995165369404 16
1738723690951 169.08170898098535 17
1738723690954 169.63083571839564 18
1738723690956 168.56419469219793 19
1738723690959 169.61713117808563 20
1738723690961 169.30707895493381 21
