1738726596454 169.29510671815214 0
1738726596460 170.33643440576236 1
1738726596464 170.53669185750744 2
1738726596468 168.8804474644819 3
1738726596473 167.06409617555616 4
1738726596478 167.9411262387742 5
1738726596483 168.48047667624525 6
1738726596490 165.43515584355612 7
1738726596501 168.1287280783229 8
1738726596506 171.6199313484303 9
1738726596512 167.02411974724149 10
1738726596517 171.55475539957536 11
1738726596522 170.57235014840995 12
1738726596529 170.0915306271686 13
1738726596540 169.3294106900324 14
