1738724981676 165.55479441687933 0
1738724981682 170.3010681302789 1
1738724981686 167.61788914726 2
1738724981690 168.00177180846245 3
1738724981694 166.00216523086098 4
1738724981699 171.63431480583404 5
1738724981703 169.71781807512485 6
1738724981707 168.19570055140105 7
1738724981715 169.7736493882005 8
1738724981719 170.78059222635477 9
1738724981723 171.51535253970258 10
1738724981727 168.63104812640447 11
1738724981732 167.10561429038177 12
1738724981736 166.79004998871562 13
1738724981740 169.1698977323719 14
1738724981744 168.64469441291604 15
1738724981748 166.9673375105331 16
1738724981751 165.43605677300368 17
1738724981755 169.94569311758508 18
1738724981759 166.56735177589917 19
1738724981762 168.05459188739746 20
1738724981766 171.55968740572254 21
1738724981769 169.7736557418999 22
1738724981773 168.37343003482596 23
1738724981777 170.76039671885204 24
1738724981781 168.6356903444148 25
1738724981784 169.95320372493222 26
1738724981788 169.16834269203102 27
1738724981806 167.60542491998385 28
1738724981809 168.40355926025484 29
1738724981813 166.66207798419157 30
1738724981816 169.33160717709873 31
1738724981820 168.769640221336 32
1738724981824 169.51984019021526 33
1738724981828 168.3023874321249 34
1738724981832 171.3531982117747 35
1738724981835 166.59167198272965 36
1738724981839 171.03361177616122 37
1738724981843 168.25135128204255 38
1738724981846 168.93864205614923 39
1738724981850 167.28274503498963 40
1738724981853 170.1810080417472 41
1738724981858 167.85487677229452 42
