1738726277504 168.7426944594723 0
1738726277507 168.74143444227386 1
1738726277511 168.74019302248874 2
1738726277514 168.73896987658824 3
1738726277517 168.7377646878131 4
1738726277520 168.7365771460049 5
1738726277523 168.73540694744256 6
1738726277527 168.73425379468367 7
1738726277530 168.73311739641022 8
1738726277533 168.73199746727897 9
1738726277536 168.73089372777588 10
1738726277539 168.72980590407525 11
1738726277542 168.72873372790218 12
1738726277545 168.72767693639943 13
1738726277548 168.72663527199774 14
1738726277551 168.72560848229008 15
1738726277554 168.72459631990938 16
1738726277557 168.72359854240915 17
1738726277560 168.7226149121482 18
1738726277563 168.72164519617803 19
1738726277567 168.72068916613333 20
