1738724327147 163.25818726220584 0
1738724327179 218.90788187356466 1
1738724327211 152.21934468849224 2
1738724327243 130.60151754872138 3
1738724327276 153.84281857943742 4
1738724327308 208.16992029366838 5
1738724327340 252.8370675472713 6
1738724327372 157.28710486906425 7
1738724327403 130.34513645775817 8
1738724327435 189.3344502324565 9
1738724327466 208.98182433293158 10
1738724327498 231.84455337959707 11
1738724327529 213.815403606638 12
1738724327561 159.50488915986972 13
1738724327592 389.38549264294437 14
1738724327624 181.0730722820785 15
1738724327655 244.4767640900104 16
1738724327687 133.84996150850588 17
1738724327718 177.70797328302834 18
1738724327750 159.30685265161748 19
1738724327781 188.31512266057752 20
1738724327813 140.56518103060432 21
1738724327845 178.4994679313059 22
1738724327877 188.2950334614203 23
1738724327909 135.09430722639127 24
1738724327941 387.95306286904145 25
1738724327973 56.62860036709032 26
1738724328005 128.5929992282059 27
1738724328036 184.9923737951753 28
1738724328068 162.8670136096965 29
1738724328100 214.76697540240463 30
1738724328132 193.00250820342845 31
1738724328164 29.51582838083614 32
1738724328196 190.67069899693757 33
1738724328228 132.90174609602218 34
1738724328260 142.9453057720731 35
1738724328292 142.70171494405702 36
1738724328323 85.78611719409798 37
1738724328355 137.78187140820822 38
1738724328387 156.03726538697313 39
1738724328420 123.86481775811683 40
1738724328452 181.59938588407977 41
1738724328484 140.8922763820187 42
1738724328520 188.52931901893967 43
1738724328553 127.73510530036255 44
1738724328585 111.85990275661675 45
1738724328617 187.19755017177454 46
1738724328649 37.85041012725941 47
1738724328681 158.1296166344028 48
1738724328712 170.18855650026507 49
1738724328744 150.19712481647522 50
1738724328776 88.71377754471887 51
1738724328808 136.2902051522821 52
1738724328840 66.54301629763746 53
1738724328872 112.8437971031595 54
1738724328904 135.21452299540417 55
1738724328935 122.89520742639753 56
1738724328967 42.736705761448135 57
1738724328999 114.28930689992302 58
1738724329031 176.3697217632114 59
1738724329062 52.720406259464205 60
1738724329094 201.55971592774898 61
1738724329126 151.65622451946464 62
1738724329158 99.68434380218743 63
1738724329189 100.8045944573252 64
1738724329221 154.89172098432127 65
1738724329253 137.28999734651308 66
1738724329285 90.40437879981558 67
1738724329317 143.08796831749066 68
1738724329349 184.79248727947402 69
1738724329381 188.32669407396972 70
1738724329412 216.6108077415999 71
1738724329444 104.48137832153851 72
1738724329476 217.63746266997816 73
1738724329508 159.3062679546441 74
1738724329539 170.03668138174993 75
1738724329571 89.74052853302845 76
1738724329602 158.59099253213088 77
1738724329634 130.4964562984342 78
1738724329666 168.6765476738168 79
1738724329697 156.05954998837964 80
1738724329729 180.34041634849663 81
1738724329761 158.56115543122993 82
1738724329793 119.03411024830844 83
1738724329824 229.98487383667066 84
1738724329856 148.21752424377175 85
1738724329888 175.2177793121468 86
1738724329919 148.7218291852277 87
1738724329951 154.5101067181343 88
1738724329983 232.04281366113034 89
1738724330014 442.29569027740655 90
1738724330046 141.0305035176647 91
1738724330077 271.8632975889159 92
1738724330109 134.46198188524514 93
1738724330141 184.54360760522707 94
1738724330172 144.21806107594483 95
1738724330204 154.78943000276848 96
1738724330236 128.56544455139314 97
1738724330268 129.20440299050674 98
1738724330300 132.8756760652325 99
1738724330332 124.294136397441 100
1738724330364 136.96564462521027 101
1738724330396 185.7156512555246 102
1738724330428 110.00661458210561 103
1738724330460 202.98188359768002 104
1738724330492 150.4327227405731 105
1738724330523 130.88892031729148 106
1738724330555 106.34833796736224 107
1738724330586 195.51282083402975 108
1738724330618 220.62254802242796 109
1738724330650 128.97494767261733 110
1738724330681 97.47210093135529 111
1738724330713 196.02906186676827 112
1738724330744 179.90353086614223 113
1738724330776 194.78141481800947 114
1738724330809 130.12668938785615 115
1738724330841 109.88908421787485 116
1738724330873 244.89662196581997 117
1738724330905 145.72217178903472 118
1738724330937 274.1441087442524 119
1738724330969 226.84437349602135 120
1738724331001 44.48165217506693 121
1738724331033 141.40358684174782 122
1738724331065 226.40626795790936 123
1738724331097 128.35397807760364 124
1738724331128 60.92725779166949 125
1738724331160 175.4883320761058 126
1738724331192 196.34972854211503 127
1738724331224 230.35303568364995 128
1738724331256 165.83909407804128 129
1738724331288 138.13046581581597 130
1738724331320 182.3354285028016 131
1738724331352 175.03367219007353 132
1738724331384 158.6315887964272 133
1738724331416 134.24095494672025 134
1738724331448 146.25551491221006 135
1738724331480 55.11034774758448 136
1738724331512 210.70412140103744 137
1738724331544 148.9578665027265 138
1738724331575 96.56388875424528 139
1738724331607 112.74300953174568 140
1738724331639 284.6174591279976 141
1738724331670 127.87376224947663 142
1738724331702 205.4827158299853 143
1738724331733 191.441266059035 144
1738724331765 158.90693668327464 145
1738724331796 160.20425780750244 146
1738724331828 225.8616727477925 147
1738724331859 139.56988482607886 148
1738724331891 116.33067665149743 149
1738724331923 188.25102841250327 150
1738724331954 112.05655799234914 151
1738724331986 205.2457286138731 152
1738724332018 179.65579126066342 153
1738724332050 187.05799501017648 154
1738724332081 158.84559115153252 155
1738724332113 113.13471586392814 156
1738724332144 178.93827125877155 157
1738724332176 108.30148113220504 158
1738724332208 126.27011290976058 159
1738724332239 130.0864203360242 160
1738724332271 145.88212803473118 161
1738724332302 111.09782186063201 162
1738724332334 63.08464350609672 163
1738724332366 100.51201719574685 164
1738724332397 263.0842086718391 165
1738724332429 136.63541556164898 166
1738724332460 209.20538111103977 167
1738724332492 204.6399395364724 168
1738724332524 251.93794297754468 169
1738724332555 194.41731126542 170
1738724332587 307.3170165770295 171
1738724332618 113.5928150101662 172
1738724332649 363.9987758351008 173
1738724332681 171.31012192043204 174
1738724332712 112.02538471915236 175
1738724332743 175.233790287259 176
1738724332775 124.57585679606414 177
1738724332806 151.25876145249197 178
1738724332837 111.45824888821178 179
1738724332869 193.6576917785679 180
1738724332900 281.4942405459089 181
1738724332932 112.7399291318851 182
1738724332963 58.17261168281399 183
1738724332994 101.10437320512193 184
1738724333026 184.83527012039568 185
1738724333057 174.66358277891297 186
1738724333088 169.02654752857632 187
1738724333120 191.96587742957203 188
1738724333151 318.9703391767922 189
1738724333182 187.9038241580912 190
1738724333214 171.40886437999657 191
1738724333245 87.93057993614163 192
1738724333276 168.87106995120482 193
1738724333307 143.05167919927487 194
1738724333338 172.8610608830694 195
1738724333370 192.24317347727717 196
1738724333401 157.30175496121674 197
1738724333432 213.29479168538907 198
1738724333463 169.4601399772623 199
1738724333495 239.93092617829026 200
1738724333526 105.40745887559221 201
1738724333557 110.53411951124048 202
1738724333588 174.3773533296619 203
1738724333620 177.31733057345267 204
1738724333651 142.95802556639214 205
1738724333682 247.15797869126044 206
1738724333713 228.49981306366524 207
1738724333745 143.89504734330185 208
1738724333776 156.04876765757572 209
1738724333807 347.8201107419971 210
1738724333838 162.6185973965921 211
1738724333870 241.28566485218087 212
1738724333901 216.73778907603173 213
1738724333932 100.14147908532274 214
1738724333964 157.94374427470217 215
1738724333995 132.41679166221311 216
1738724334026 148.7186245810055 217
1738724334057 120.19252576037044 218
1738724334088 197.9360203281529 219
1738724334119 181.67937682945967 220
1738724334151 127.8169517726341 221
1738724334182 204.4241459376447 222
1738724334213 260.20516182989815 223
1738724334244 200.72201505687696 224
1738724334275 151.1654542987306 225
1738724334307 104.0111607258537 226
1738724334338 77.38920261603367 227
1738724334369 146.97990915367572 228
1738724334400 200.9873834556452 229
1738724334431 154.77099566718792 230
1738724334463 239.6800923018288 231
1738724334494 203.61675849955438 232
1738724334525 219.2842899736832 233
1738724334557 160.0322527050332 234
1738724334590 193.68446161952627 235
1738724334622 193.25703431920218 236
1738724334654 438.76366048194615 237
1738724334686 196.17408413743365 238
1738724334718 182.38382390868713 239
1738724334750 123.69906768224033 240
1738724334782 211.72632181733627 241
1738724334814 115.00258302458678 242
1738724334846 189.61009490282808 243
1738724334878 225.25534364843966 244
1738724334910 181.55119332967195 245
1738724334942 151.657189582027 246
1738724334974 124.31699311736044 247
1738724335006 196.33645074957025 248
1738724335038 128.98536425706033 249
1738724335070 191.08769831807868 250
1738724335102 111.65857241250042 251
1738724335134 173.23737034076623 252
1738724335165 165.49613474395323 253
1738724335197 142.6251243930416 254
1738724335229 68.26709758786767 255
1738724335260 189.33661646594257 256
1738724335292 167.70291895880382 257
1738724335324 228.74474598126977 258
1738724335356 181.20212064559624 259
1738724335388 168.68519249394672 260
1738724335419 228.69029757754208 261
1738724335451 215.04197969146048 262
1738724335483 141.85482473851636 263
1738724335515 173.17873402100216 264
1738724335546 138.12675779469862 265
1738724335578 136.99452209055886 266
1738724335610 153.0678801829645 267
1738724335642 154.30597243572828 268
1738724335674 252.6150640531283 269
1738724335705 186.76796544298006 270
1738724335737 177.0819935691567 271
1738724335769 166.99992553922192 272
1738724335801 157.01026673020246 273
1738724335832 177.60893197426495 274
1738724335864 246.1785143281711 275
1738724335896 122.26895252523992 276
1738724335927 161.56963241448838 277
1738724335959 139.86989155857137 278
1738724335991 200.2879084271073 279
1738724336022 176.1469251077117 280
1738724336054 186.3340355236651 281
1738724336086 93.73066696672727 282
1738724336117 192.22880510467579 283
1738724336149 158.39716991047536 284
1738724336180 215.2522270227844 285
1738724336212 230.5962028901993 286
1738724336244 182.04409360303018 287
1738724336275 130.5894489411378 288
1738724336307 251.86338113400666 289
1738724336339 166.63052190578577 290
1738724336370 234.8727231814423 291
1738724336402 164.85194796772234 292
1738724336444 58.77211026781732 293
1738724336480 138.90266898725127 294
1738724336520 163.3039586106801 295
1738724336556 217.86944892218645 296
1738724336590 142.4855008192035 297
1738724336624 243.93386013156075 298
1738724336657 187.34190203057832 299
1738724336690 177.44846674070067 300
1738724336723 219.78954860930475 301
1738724336756 227.92349714440542 302
1738724336789 150.78007523072196 303
1738724336821 161.71125956722662 304
1738724336856 216.1247972009663 305
1738724336888 219.31453092950963 306
1738724336921 146.67562471683823 307
1738724336954 115.13647026824877 308
1738724336986 183.01125793402161 309
1738724337019 185.4015935421672 310
1738724337052 99.61145698042985 311
1738724337084 192.78549375908725 312
1738724337116 144.03163280632685 313
1738724337149 129.47170363583194 314
1738724337181 168.21215161313398 315
1738724337214 192.83601456299706 316
1738724337246 166.7210005709225 317
1738724337278 148.5534973656046 318
1738724337310 281.4472482123857 319
1738724337342 186.5271041454492 320
1738724337374 159.8570938894173 321
1738724337406 130.57193216225548 322
1738724337446 158.29741331723562 323
1738724337485 160.4850949506117 324
1738724337542 82.54625327323083 325
1738724337608 241.49709793726873 326
1738724337641 159.0720058869022 327
1738724337673 248.09449869133184 328
1738724337707 414.38418267007967 329
1738724337740 127.20205467497217 330
1738724337774 172.996610189872 331
1738724337807 115.68590337646225 332
1738724337841 186.1906624034051 333
1738724337874 65.02279344230554 334
1738724337906 198.46888700425242 335
1738724337938 170.70042286552248 336
1738724337971 157.0230352407259 337
1738724338004 139.2791897333582 338
1738724338037 19.55160235177912 339
1738724338071 136.0443617428486 340
1738724338103 214.74988647854232 341
1738724338136 203.77305506605205 342
1738724338168 184.52240391744778 343
1738724338200 171.79698129089144 344
1738724338232 167.85945408381946 345
1738724338264 214.80185339848117 346
1738724338297 242.0952808742927 347
1738724338330 156.46682184996868 348
1738724338363 167.14410059054194 349
1738724338396 230.51985079033477 350
1738724338428 118.50225791456428 351
1738724338461 94.40115648355822 352
1738724338493 115.18481388749727 353
1738724338526 161.09159459833612 354
1738724338558 157.50096586592326 355
1738724338591 164.0246993550979 356
1738724338623 209.6740090904431 357
1738724338656 172.72574378584767 358
1738724338688 99.64311936461323 359
1738724338720 134.1606945932152 360
1738724338752 181.42869895832243 361
1738724338783 117.34740141895959 362
1738724338815 178.46631943331224 363
1738724338847 213.3735881522333 364
1738724338879 213.3879951951644 365
1738724338910 231.04640403140442 366
1738724338942 292.5057563854617 367
1738724338974 718.8055512404 368
1738724339006 174.29095067490388 369
1738724339037 156.85606894632582 370
1738724339069 179.89007780985256 371
1738724339101 244.39377299657653 372
1738724339135 143.21491516309496 373
1738724339168 92.34575261008933 374
1738724339201 132.10910705976443 375
1738724339234 146.09196832241742 376
1738724339267 164.9127535083582 377
1738724339300 185.8166482774412 378
1738724339332 214.35922904886456 379
1738724339365 184.78695992932228 380
1738724339398 147.64004856037684 381
1738724339430 148.46114373773983 382
1738724339463 208.8270358700715 383
1738724339496 161.90985756463706 384
1738724339529 222.82719727543727 385
1738724339562 193.25304820786226 386
1738724339595 155.1425026231837 387
1738724339628 228.25866553373749 388
1738724339662 168.83558923395995 389
1738724339696 187.07039274983364 390
1738724339729 99.9374078582437 391
1738724339763 184.36227712966985 392
1738724339796 199.04395995168903 393
1738724339830 145.50599859094763 394
1738724339863 166.8887742758394 395
1738724339896 111.22639776520923 396
1738724339928 142.23584887253114 397
1738724339961 194.06605984887847 398
1738724339995 153.98205421948714 399
1738724340029 216.9332493889003 400
1738724340062 155.34308849329545 401
1738724340096 252.6558764968374 402
1738724340129 204.69232844719394 403
1738724340163 148.8879772688242 404
1738724340196 194.53824341169582 405
1738724340229 195.2861928147554 406
1738724340263 136.9617367745495 407
1738724340296 189.34647317292942 408
1738724340330 217.59124943014407 409
1738724340363 184.69755483845302 410
1738724340396 146.0267392788117 411
1738724340429 260.1750712202834 412
1738724340464 155.6084348975802 413
1738724340498 190.10626690838126 414
1738724340532 194.34487895654155 415
1738724340565 229.9360178568648 416
1738724340599 210.19727915522395 417
1738724340633 317.0831696855058 418
1738724340666 203.4036537296427 419
1738724340701 196.9518258496069 420
1738724340734 187.92415071682495 421
1738724340767 199.36735552661605 422
1738724340800 75.0581698231339 423
1738724340833 310.7958882545622 424
1738724340865 132.63537626939657 425
1738724340898 126.01660736532551 426
1738724340931 128.69914762247726 427
1738724340963 193.61095537123 428
1738724340996 265.03934302375626 429
1738724341028 254.85884661918124 430
1738724341061 214.60062969927722 431
1738724341093 92.97408737929658 432
1738724341125 121.29785387592398 433
1738724341158 291.11758403927996 434
1738724341190 166.1868633791087 435
1738724341223 151.86099884591982 436
1738724341256 95.4603404284374 437
1738724341290 185.8583363729122 438
1738724341325 24.115786879830946 439
1738724341358 224.74999446402487 440
1738724341391 143.7862164776591 441
1738724341424 172.66399176659849 442
1738724341456 155.67880346141823 443
1738724341489 167.61088232918564 444
1738724341524 136.0055990994215 445
1738724341558 126.26525768746241 446
1738724341624 203.05698771025538 447
1738724341681 199.8830246854016 448
1738724341714 245.39191705372605 449
1738724341746 233.94989526896717 450
1738724341778 157.02060876605626 451
1738724341811 164.56735087306143 452
1738724341844 151.67802885473083 453
1738724341876 61.8141650859984 454
1738724341909 237.92273002132887 455
1738724341943 201.50962946434697 456
1738724341976 140.45110715517495 457
1738724342009 217.3382078545322 458
1738724342041 195.52320270722575 459
1738724342073 151.10518800357002 460
1738724342106 102.93056494880906 461
1738724342140 125.15538483955798 462
1738724342173 175.091447110853 463
1738724342207 161.44040927666805 464
1738724342240 177.596924325275 465
1738724342274 220.12914835954055 466
1738724342307 173.06468957402367 467
1738724342340 134.99322363639283 468
1738724342373 175.22311163317144 469
1738724342406 176.48750592386406 470
1738724342439 246.76849195169908 471
1738724342472 124.60737701949179 472
1738724342504 187.79221974944537 473
1738724342537 122.88604759412904 474
1738724342570 166.53481344883548 475
1738724342602 194.07537303146185 476
1738724342636 153.02103496598002 477
1738724342670 200.79892696840238 478
1738724342703 121.82081182599215 479
1738724342736 193.56987119202043 480
1738724342769 236.70084522210345 481
1738724342802 118.5998457173152 482
1738724342835 164.49443948546127 483
1738724342867 198.91393598866927 484
1738724342900 205.05905650374396 485
1738724342933 192.0449417287466 486
1738724342966 155.4524323249847 487
1738724343000 254.028764010743 488
1738724343033 141.86604905174005 489
1738724343068 142.56248325997782 490
1738724343101 160.66524655657096 491
1738724343134 204.69322336737952 492
1738724343167 170.01970688297595 493
1738724343201 228.3718061703505 494
1738724343234 100.77125301426045 495
1738724343266 191.4126174025073 496
1738724343299 90.36432688820045 497
1738724343332 196.14340969969638 498
1738724343366 81.27024710894868 499
