1738723690215 169.78588544379318 0
1738723690218 168.38681083389645 1
1738723690220 168.50872643377804 2
1738723690223 168.11279808897572 3
1738723690225 169.7668728615185 4
1738723690228 169.8873860466788 5
1738723690230 169.80020045402614 6
1738723690237 168.73048814253644 7
1738723690239 167.63117681538841 8
1738723690244 167.50371027780233 9
1738723690247 169.25160593097942 10
1738723690249 169.7449587862674 11
1738723690252 168.34221577782557 12
1738723690255 166.49320557583803 13
1738723690257 166.5124207363963 14
1738723690260 168.15077038435894 15
1738723690262 167.04654876864166 16
1738723690265 166.61007646509157 17
1738723690267 168.63861305402324 18
1738723690270 169.13566798172886 19
1738723690272 168.5838101211882 20
1738723690275 167.92689163989976 21
1738723690278 168.98396238251536 22
1738723690280 171.93205299397064 23
1738723690283 168.93507468491399 24
1738723690286 167.0899753176871 25
1738723690288 169.67822872945052 26
1738723690291 167.3907710969515 27
1738723690294 168.72456659243542 28
1738723690297 166.045278778256 29
1738723690299 169.12812469358806 30
1738723690302 167.48262513913323 31
1738723690304 168.45008985049674 32
1738723690307 169.73335321352795 33
1738723690310 166.2229663182944 34
1738723690312 170.49674163131303 35
1738723690315 169.37566918476577 36
