1738726680547 174.36054780518703 0
1738726680582 174.81076492306633 1
1738726680617 170.7177946575726 2
1738726680653 168.78255925909633 3
1738726680687 173.17228645970187 4
1738726680722 166.20411036680582 5
1738726680757 164.84420813251677 6
1738726680792 170.94834370544604 7
1738726680826 163.45504279274047 8
1738726680861 178.75237301507812 9
1738726680896 164.69845354913951 10
1738726680932 111.42232323746991 11
1738726680968 158.8093199009651 12
1738726681004 171.94241984123113 13
1738726681040 170.8245330791435 14
1738726681075 153.74466360027776 15
1738726681111 191.83107620728703 16
1738726681146 162.7721907307978 17
1738726681181 175.0288707013751 18
1738726681217 170.7569505316188 19
1738726681252 196.30499733492462 20
1738726681287 176.27406565173192 21
1738726681322 180.3276876658515 22
1738726681358 158.88871625384738 23
1738726681393 161.5740090185232 24
1738726681428 168.45277209697508 25
1738726681463 150.79975197748138 26
1738726681498 189.0222115276332 27
1738726681533 132.52583557841024 28
1738726681568 167.77290701335144 29
1738726681603 150.29559036847252 30
1738726681637 161.39467073220916 31
1738726681672 155.12822756078913 32
1738726681708 182.92444250596733 33
1738726681743 161.21400101089475 34
1738726681778 158.9345437927728 35
1738726681813 129.1443894865966 36
1738726681848 154.25728471054552 37
1738726681882 185.7628834299312 38
1738726681916 166.3463296352679 39
1738726681951 174.5827678857668 40
1738726681986 168.47587302542843 41
1738726682021 140.48496667935783 42
1738726682055 171.1037679857843 43
1738726682090 176.19895856984311 44
1738726682124 146.50051544386653 45
1738726682158 155.4887286594069 46
1738726682192 175.52125581891062 47
1738726682227 148.94965092809218 48
1738726682261 178.00351682034704 49
1738726682295 165.19530886055006 50
1738726682329 183.5544677820613 51
1738726682363 164.8981371163926 52
1738726682398 171.89790186315213 53
1738726682432 151.1491814491409 54
1738726682466 167.95390606230646 55
1738726682500 177.04944862653957 56
