1738726370362 162.08698209583136 0
1738726370401 183.35017421455356 1
1738726370439 159.41020896638392 2
1738726370476 168.83291426487733 3
1738726370514 185.180196291668 4
1738726370553 159.95853837874733 5
1738726370592 179.14040947727602 6
1738726370630 166.0417672355517 7
1738726370669 171.13900695739216 8
1738726370707 159.7785546575783 9
1738726370745 167.31063649733278 10
1738726370782 168.20324625260642 11
1738726370820 171.22419190073728 12
1738726370857 160.1926577436023 13
1738726370895 177.52058246069058 14
1738726370933 222.40936832243466 15
1738726370971 144.9125658926206 16
1738726371008 151.2497676202061 17
1738726371046 103.44570770487401 18
1738726371083 178.39989051776124 19
1738726371120 156.51583688682643 20
1738726371159 187.97700867460657 21
1738726371198 134.07807826074094 22
1738726371236 172.69321266703932 23
1738726371275 169.15623888110088 24
1738726371313 153.2175122473873 25
1738726371352 161.92117469244374 26
1738726371391 172.28852651150044 27
1738726371430 190.17171217376878 28
1738726371470 155.5085143555056 29
1738726371508 173.27321210428005 30
1738726371547 181.83446089324994 31
1738726371586 173.87664905419328 32
1738726371624 137.056220670409 33
1738726371661 168.49636686478746 34
1738726371699 167.45104385409317 35
1738726371737 193.361952609609 36
1738726371775 140.79745514069734 37
1738726371812 176.35215244805127 38
1738726371850 169.04243676633573 39
1738726371887 235.25313861186802 40
1738726371926 195.25358226460446 41
1738726371965 179.60429565078724 42
1738726372004 179.99467739451094 43
1738726372043 182.20152441520793 44
1738726372081 184.77793421842892 45
1738726372120 282.2026418680436 46
1738726372158 166.4078414600826 47
1738726372197 172.25026054168708 48
1738726372235 185.2335342908437 49
1738726372273 152.25844028765906 50
1738726372312 175.9969838186077 51
1738726372350 200.55422676340012 52
1738726372388 160.14475589996124 53
1738726372426 171.83490576109645 54
1738726372465 169.84007210153044 55
1738726372505 191.03831262447343 56
1738726372544 184.5454421241444 57
1738726372582 177.48327431812467 58
1738726372622 194.7960775999993 59
1738726372661 160.04789690653777 60
1738726372700 175.91675861010037 61
1738726372738 180.3982452119841 62
1738726372778 154.99495229421146 63
1738726372817 165.85132672194987 64
1738726372856 164.33332920737675 65
1738726372895 143.83055250456388 66
1738726372935 151.20982444604383 67
1738726372974 194.47767839182782 68
1738726373014 186.88262609692677 69
1738726373053 176.84427160739313 70
1738726373093 176.09585091715854 71
1738726373132 176.7681768158979 72
1738726373171 139.61487749791323 73
1738726373211 197.4997904949813 74
1738726373250 174.0348751600805 75
1738726373289 216.46085715439992 76
1738726373329 155.3582132096289 77
1738726373369 203.35116619401785 78
1738726373408 164.5356709820285 79
1738726373448 161.32114054641502 80
1738726373488 162.9449821023291 81
1738726373528 173.11501634298548 82
1738726373567 196.3309558314706 83
1738726373607 197.0575929261018 84
1738726373647 187.16882615277095 85
1738726373686 176.82074560225942 86
1738726373726 185.64026337782784 87
1738726373765 183.11040045904042 88
1738726373804 168.04649488576513 89
1738726373843 161.54202719678565 90
1738726373882 180.57832648572392 91
1738726373920 160.8107525451229 92
1738726373958 157.31026160020477 93
1738726373997 262.25036765576994 94
1738726374035 153.6573595834815 95
1738726374074 174.6198466569313 96
1738726374112 207.6872812465105 97
1738726374150 161.46572659637985 98
1738726374188 144.06083191162364 99
1738726374226 219.79659342018647 100
1738726374264 208.08465845465534 101
1738726374302 159.89105365754037 102
1738726374340 250.75606272746455 103
1738726374378 148.03729907309443 104
1738726374416 170.09358475198863 105
1738726374454 185.21872468547957 106
1738726374492 181.7270699520025 107
1738726374530 173.16532400881067 108
1738726374568 137.29084770953443 109
1738726374607 150.56294789207544 110
1738726374645 156.81817779776966 111
1738726374683 191.3227917226324 112
1738726374720 181.59247665082108 113
1738726374758 128.3707024764377 114
1738726374796 180.40063867327538 115
1738726374833 184.41983899171058 116
1738726374871 202.22447959209688 117
1738726374908 151.16080215651127 118
1738726374945 180.03970656538056 119
1738726374983 162.60732819508266 120
1738726375021 163.98789526858567 121
1738726375059 158.0524433538377 122
1738726375097 165.8595920076846 123
1738726375135 183.87543370485184 124
1738726375172 170.6138987612901 125
1738726375210 165.5480174443213 126
1738726375248 146.29309962639948 127
1738726375285 174.72974483655605 128
1738726375323 165.71290472980533 129
1738726375361 143.13950753848087 130
1738726375398 198.71002641657668 131
1738726375436 161.009152294596 132
1738726375473 158.0617670808365 133
1738726375511 159.3047816731676 134
1738726375548 187.08386533085488 135
1738726375586 190.288974813083 136
1738726375623 167.3931556992708 137
1738726375661 175.87716751734436 138
1738726375700 199.5291814061587 139
1738726375738 184.33376745330742 140
1738726375776 228.51274656238044 141
1738726375814 179.77167028390875 142
1738726375852 163.57326266869268 143
1738726375890 138.7991515303575 144
1738726375927 171.4702103896149 145
1738726375965 172.53512649579892 146
1738726376003 184.33690114632543 147
1738726376041 168.30017840377567 148
1738726376078 168.4051174268634 149
1738726376116 179.50904360089933 150
1738726376153 127.84188508504232 151
1738726376191 172.44452587020146 152
1738726376228 161.06856283320474 153
1738726376266 156.49321303697843 154
1738726376304 176.7706909076201 155
1738726376341 174.4206708834584 156
1738726376378 127.2070808391855 157
1738726376416 178.05943800007344 158
1738726376453 119.2737296214525 159
1738726376491 177.57067780706208 160
1738726376529 200.28279984693555 161
1738726376567 179.51032936562115 162
1738726376605 196.12055116630927 163
1738726376642 138.67283790705824 164
1738726376680 188.40053071194907 165
1738726376718 179.60283719840427 166
1738726376755 163.6858751686146 167
1738726376792 187.29715793408053 168
1738726376830 157.9862061906138 169
1738726376867 170.98703651769824 170
1738726376905 204.00399772783663 171
1738726376943 190.81601209052005 172
1738726376980 154.84273363890895 173
1738726377019 171.37211605430684 174
1738726377057 169.1099998894897 175
1738726377096 179.58262040231543 176
1738726377134 158.5734800544869 177
1738726377172 159.21576986314005 178
1738726377210 184.80037423030694 179
1738726377248 157.91879113470353 180
1738726377286 171.43614162928768 181
1738726377324 190.83931222703382 182
1738726377362 212.7995530969394 183
1738726377400 188.0777541843836 184
1738726377438 188.42524949721064 185
1738726377475 203.17386628419086 186
1738726377513 182.51254085783742 187
1738726377551 175.0891043468027 188
1738726377589 182.57188160380866 189
1738726377626 148.1471423375984 190
1738726377664 218.11366031021564 191
1738726377701 174.77981833531405 192
1738726377739 172.31046760726286 193
1738726377777 149.9164140209565 194
1738726377814 134.35567857947393 195
1738726377852 177.67401912841166 196
1738726377890 174.99107714566597 197
1738726377927 178.4745520395372 198
1738726377965 192.45989009698303 199
1738726378004 160.7664524686725 200
1738726378041 185.48466158424011 201
1738726378079 169.64426214111094 202
1738726378116 159.45964703308937 203
1738726378153 132.57651984918934 204
1738726378191 164.89975458998376 205
1738726378230 164.53803430223522 206
1738726378268 172.18049770955034 207
1738726378306 172.83884101087762 208
1738726378345 140.10555747369543 209
1738726378383 188.55766628496443 210
1738726378421 152.85826591329152 211
1738726378458 165.0697403253234 212
1738726378496 180.21458529876065 213
1738726378534 143.52949139474805 214
1738726378572 167.7817237582273 215
1738726378610 211.64601796721 216
1738726378649 171.1752543764621 217
1738726378688 165.1599537883013 218
1738726378726 172.30555499199266 219
1738726378765 164.7234805145558 220
1738726378804 124.65022744154598 221
1738726378843 185.7245425810957 222
1738726378882 193.205861569585 223
1738726378922 164.25043091484346 224
1738726378961 143.86570223842125 225
1738726378999 120.36326121662697 226
1738726379039 186.5768285303453 227
1738726379077 188.18563218558393 228
1738726379116 112.31689896069342 229
1738726379154 157.4896965998444 230
1738726379193 226.62042839475708 231
1738726379232 172.51807231492955 232
1738726379270 162.25085697186802 233
1738726379307 136.50803278673598 234
1738726379345 181.32540967074303 235
1738726379383 188.8989827893086 236
1738726379421 171.6202893771238 237
1738726379459 155.82741418587602 238
1738726379497 135.87782562591192 239
1738726379534 214.25799116440655 240
1738726379572 163.8144497962683 241
1738726379610 168.6874970042456 242
1738726379647 179.6303008437135 243
1738726379685 190.93735300966264 244
1738726379722 199.65771745598792 245
1738726379760 163.7907681243052 246
1738726379798 168.21275039436833 247
1738726379836 134.98147657071428 248
1738726379873 167.27928074106245 249
1738726379911 192.5535220388014 250
1738726379948 189.7550670798743 251
1738726379986 158.27672704156618 252
1738726380023 176.63449809856476 253
1738726380061 182.5957097439246 254
1738726380098 187.3799348958979 255
1738726380136 157.64436331694438 256
1738726380173 177.3907370776032 257
1738726380210 160.4614506359726 258
1738726380248 173.5340135863561 259
1738726380285 173.07283913458076 260
1738726380324 123.35008725963907 261
1738726380366 179.04044447375824 262
1738726380434 182.27540266892257 263
1738726380475 169.9886285866338 264
1738726380517 167.0619888751129 265
1738726380558 156.28706247444094 266
1738726380600 185.9188469946422 267
1738726380641 204.23479365220962 268
1738726380681 165.27042092964572 269
1738726380721 196.08351963864666 270
1738726380761 169.0326549251804 271
1738726380801 159.93471137641816 272
1738726380842 157.95933488127199 273
1738726380882 163.59249260364567 274
1738726380921 176.39411189953663 275
1738726380959 177.78310257245363 276
1738726380997 171.74394166455346 277
1738726381035 167.19673929714202 278
1738726381073 184.93920257701956 279
1738726381111 144.48153659573745 280
1738726381149 158.0858186662242 281
1738726381186 180.58241087273544 282
1738726381224 153.65566547724484 283
1738726381261 170.0169059820012 284
1738726381299 191.46380319796032 285
1738726381336 181.2949304582417 286
1738726381374 155.11652777623195 287
1738726381413 142.6152273326622 288
1738726381455 173.3374307290395 289
1738726381494 160.6167788385899 290
1738726381533 192.5644859572043 291
1738726381573 156.1440183878714 292
1738726381612 173.24191191238978 293
1738726381652 185.17640935371935 294
1738726381693 258.8750532578597 295
1738726381733 172.17181987910456 296
1738726381780 168.74792474264024 297
1738726381845 155.64359790701167 298
1738726381884 173.95627410673353 299
1738726381924 156.85995688160727 300
1738726381964 172.6137762529932 301
1738726382004 192.61091167515988 302
1738726382044 187.8832048194828 303
1738726382083 156.88430366269677 304
1738726382122 183.55044562494734 305
1738726382161 167.08812720911453 306
1738726382200 168.8099523413584 307
1738726382240 164.0736460454285 308
1738726382280 191.0158439964562 309
1738726382319 170.82771489993647 310
1738726382358 159.17405738644305 311
1738726382397 128.6354176331228 312
1738726382436 185.54029090145093 313
1738726382476 154.06093106594636 314
1738726382515 151.26803933612084 315
1738726382555 150.90079942504232 316
1738726382594 133.39704714939063 317
1738726382634 176.9030215058057 318
1738726382674 155.652734698545 319
1738726382714 182.51843544452532 320
1738726382753 206.51767513675003 321
1738726382793 146.80760009310248 322
1738726382832 181.13530543853622 323
1738726382871 175.48154008266593 324
1738726382911 140.63422073904098 325
1738726382950 186.67518917973925 326
1738726382989 164.35782828347104 327
1738726383028 183.06781230442118 328
1738726383066 195.48973229961598 329
1738726383105 218.6966072813211 330
1738726383143 187.68664632393606 331
1738726383182 174.28919879959773 332
1738726383220 149.20890861670858 333
1738726383258 170.94294646590572 334
1738726383296 182.4587643225001 335
1738726383334 172.46888921556135 336
1738726383373 171.35998787608818 337
1738726383411 138.88138004786617 338
1738726383449 150.2245442496955 339
1738726383487 175.91354954627792 340
1738726383525 197.71930410670998 341
1738726383563 189.15902375433154 342
1738726383601 170.7527473890266 343
1738726383639 159.39156392825694 344
1738726383676 167.15108811253367 345
1738726383714 174.70121582155934 346
1738726383753 153.87345569407412 347
1738726383792 164.67044316273248 348
1738726383832 175.94186269742576 349
1738726383872 179.13657204740105 350
1738726383911 169.94805689424805 351
1738726383951 143.20519825866748 352
1738726383990 174.28500273831654 353
1738726384029 184.9963344941226 354
1738726384067 188.06329989197096 355
1738726384105 166.34896598037716 356
1738726384142 157.0058335390519 357
1738726384180 177.89260015506756 358
1738726384218 174.18175596626662 359
1738726384255 152.26780132943543 360
1738726384293 154.57851002306754 361
1738726384331 187.58214664734587 362
1738726384370 173.17208952124597 363
1738726384409 174.39600621218196 364
1738726384448 220.79576140832242 365
1738726384487 172.25436963675529 366
1738726384526 181.47550194580896 367
1738726384566 183.64121265291539 368
1738726384606 148.63805252097663 369
1738726384645 164.66840526324768 370
1738726384684 176.86759250863577 371
1738726384723 153.10459287975144 372
1738726384762 167.07399806819808 373
1738726384800 180.39913203109253 374
1738726384839 175.1520083801651 375
1738726384877 188.3608844636765 376
1738726384915 150.52193861272178 377
1738726384954 163.55416351511255 378
1738726384992 141.36284637643158 379
1738726385032 147.08076399339765 380
1738726385071 167.30111986110433 381
1738726385109 148.49586987010264 382
1738726385147 154.22996594673808 383
1738726385185 180.39588803257595 384
1738726385225 157.43333734021806 385
1738726385264 177.3893611062641 386
1738726385304 137.7888937060264 387
1738726385345 178.83715325041794 388
1738726385386 176.33847262296382 389
1738726385427 170.8170984304551 390
1738726385466 188.41388520769146 391
1738726385508 188.31678282894137 392
1738726385552 158.66796465986332 393
1738726385595 183.381564791974 394
1738726385664 180.15227400576148 395
1738726385705 164.44819152766087 396
1738726385744 192.49141857733798 397
1738726385783 209.89802543731224 398
1738726385824 171.3642752661748 399
1738726385865 156.6420690732659 400
1738726385904 176.41550590521138 401
1738726385944 176.5516423661428 402
1738726385984 166.39481392635378 403
1738726386024 177.1223508136298 404
1738726386063 158.85979643974707 405
1738726386104 124.29232039483121 406
1738726386144 189.53238660758456 407
1738726386184 150.61530273960724 408
1738726386224 183.74005723866847 409
1738726386266 162.6022474261381 410
1738726386307 177.3663599114126 411
1738726386346 210.33589536535203 412
1738726386388 175.66902753556425 413
1738726386430 174.41450050682846 414
1738726386471 130.18225085432127 415
1738726386511 164.82031923105984 416
1738726386551 203.8665478921485 417
1738726386590 136.81142083659932 418
1738726386629 171.77950727695725 419
1738726386669 171.63334762062155 420
1738726386709 163.61266224392878 421
1738726386752 157.78577620617415 422
1738726386792 164.77484866739437 423
1738726386833 228.203188363244 424
1738726386873 186.66208621689353 425
1738726386914 169.42250739319496 426
1738726386956 188.51008634724332 427
1738726386998 175.41683671482215 428
1738726387038 178.33117515760844 429
1738726387079 158.99472541666526 430
1738726387119 177.43987371223295 431
1738726387159 173.58730756070898 432
1738726387199 148.9508938607118 433
1738726387240 189.9834711122857 434
1738726387281 155.7921542345036 435
1738726387321 142.81729719189104 436
1738726387361 161.78400165851642 437
1738726387401 177.74143629485812 438
1738726387440 169.0778756182474 439
1738726387478 154.50801336388122 440
1738726387518 167.66969786183503 441
1738726387557 185.48359098985713 442
1738726387597 144.43521324891182 443
1738726387635 178.12607737725287 444
1738726387675 130.02629174623783 445
1738726387715 154.1940202939393 446
1738726387755 192.994244248042 447
1738726387795 172.50939560174584 448
1738726387834 156.8722166332707 449
1738726387872 181.00458333048644 450
1738726387910 178.47244125771766 451
1738726387948 216.7937657536606 452
1738726387985 173.18121712269323 453
1738726388023 173.85005827320765 454
1738726388061 155.6235621319248 455
1738726388100 164.75020511410068 456
1738726388139 213.06476794719094 457
1738726388179 159.17039757446128 458
1738726388218 205.0870971066378 459
1738726388256 168.7982493781216 460
1738726388295 163.921054887301 461
1738726388334 149.3844880544041 462
1738726388374 152.26914286791532 463
1738726388413 169.3903419956192 464
1738726388453 156.48747868604633 465
1738726388492 154.4357462589995 466
1738726388532 164.84007472176512 467
1738726388572 158.17415880318353 468
1738726388612 163.65306389790402 469
1738726388664 150.23692892783765 470
1738726388721 175.83682286725613 471
1738726388761 180.69684848401616 472
1738726388801 175.38231902047718 473
1738726388841 175.25526524748506 474
1738726388882 191.01087146563202 475
1738726388922 167.5918925055573 476
1738726388962 170.55464993092585 477
1738726389002 163.87195427611158 478
1738726389043 162.96919110088587 479
1738726389083 176.8782667345647 480
1738726389123 116.97580017192271 481
1738726389163 190.3391790884342 482
1738726389203 199.72586866398217 483
1738726389243 189.9004297083348 484
1738726389283 179.96516350263153 485
1738726389323 179.82143033966616 486
1738726389363 188.91817377791685 487
1738726389403 162.25167513132482 488
1738726389443 185.24850382141733 489
1738726389482 171.4706546276285 490
1738726389523 163.30576675290527 491
1738726389563 162.56272812910916 492
1738726389603 159.2743062095779 493
1738726389644 170.8710175750662 494
1738726389684 155.61392730125584 495
1738726389723 185.46445243931467 496
1738726389764 122.92210711994224 497
1738726389804 134.5255641061063 498
1738726389843 161.14638324029204 499
