1738722630577 165.82634615333552 0
1738722630612 178.8776604637932 1
1738722630648 163.47053829856483 2
1738722630683 162.54316708446504 3
1738722630718 175.24667453131036 4
1738722630753 177.48440005475135 5
1738722630788 195.07410489042206 6
1738722630823 160.89732978119622 7
1738722630858 176.2062212987049 8
1738722630893 182.37304875998277 9
1738722630927 141.96480943302709 10
1738722630962 185.51401463902098 11
1738722630997 175.57830768358784 12
1738722631032 192.91855680171918 13
1738722631066 153.49494157961888 14
1738722631101 158.53997336932406 15
1738722631136 145.20533000525802 16
1738722631171 143.0667198856673 17
1738722631206 164.71876611851917 18
1738722631241 169.08602611048846 19
1738722631276 173.75352749719355 20
1738722631312 164.90796980995253 21
1738722631348 175.22432986104602 22
1738722631384 109.48126061746619 23
1738722631420 152.67487700987817 24
1738722631455 134.9693380032229 25
1738722631490 141.96264583072366 26
1738722631526 169.58586168957027 27
1738722631562 179.2200548800443 28
1738722631598 155.13515688194093 29
1738722631633 176.3106765736433 30
1738722631668 182.77582223420836 31
1738722631704 161.784389195762 32
1738722631739 186.32090746181103 33
1738722631774 186.40896533100897 34
1738722631811 164.794031324683 35
1738722631848 179.12286709341728 36
1738722631884 212.94292385039665 37
1738722631921 142.53271096401178 38
1738722631957 140.67973166264022 39
1738722631993 162.41024889262638 40
1738722632029 166.55453953821248 41
1738722632064 165.66039960766594 42
1738722632099 181.63085458328487 43
1738722632134 179.00665482562374 44
1738722632169 182.98294161102316 45
1738722632204 169.41692801480175 46
1738722632239 174.89515444988214 47
1738722632274 172.25332508794796 48
1738722632309 148.11619047845227 49
1738722632344 163.7744377963414 50
1738722632379 170.07878689209676 51
1738722632414 195.38710838162592 52
1738722632449 162.96042877838124 53
1738722632483 171.4218078141303 54
1738722632518 151.01366520705767 55
1738722632553 160.70354915184055 56
1738722632588 166.37935219477185 57
1738722632622 151.16117473083642 58
1738722632657 179.1588506297334 59
1738722632692 170.35243057181953 60
1738722632727 195.79858605352354 61
1738722632761 157.406897022594 62
1738722632796 168.62044986216628 63
1738722632831 189.32131890201154 64
1738722632865 184.0741731589291 65
1738722632900 185.5122717763454 66
1738722632935 177.44970645443567 67
1738722632969 116.93112826210705 68
1738722633004 215.2569701470653 69
1738722633039 193.01976509952573 70
1738722633073 175.24571861870263 71
1738722633108 196.58340655836264 72
1738722633142 173.41725016860735 73
1738722633176 189.16204635584938 74
1738722633210 167.56452542411455 75
1738722633245 163.75451106728536 76
1738722633279 167.5041020767626 77
1738722633313 158.64042478177026 78
1738722633348 175.25372457728832 79
1738722633382 166.31566364135406 80
1738722633416 140.35715346982627 81
1738722633451 153.7468727093186 82
1738722633485 163.22736707406244 83
1738722633519 188.38194760784435 84
1738722633554 183.62153918044362 85
1738722633588 156.13117215465252 86
1738722633622 146.86491362809733 87
1738722633657 176.25006241777328 88
1738722633691 171.40749681180947 89
1738722633726 187.39153632063602 90
1738722633760 194.8077302213752 91
1738722633795 189.23577283806068 92
1738722633829 101.11125787344976 93
1738722633864 164.3217539503992 94
1738722633899 151.20019254148605 95
1738722633935 168.7434087336524 96
1738722633970 144.99884847827562 97
1738722634005 174.52734886490643 98
1738722634040 177.13844094248435 99
1738722634075 171.76237140878746 100
1738722634110 176.31850081887268 101
1738722634146 167.95425110920095 102
1738722634182 172.0765650741168 103
1738722634218 132.71691300739224 104
1738722634254 150.13619790079423 105
1738722634289 121.83113838455634 106
1738722634326 165.71131189761587 107
1738722634362 154.73778088881187 108
1738722634399 167.0965753553689 109
1738722634436 147.67262961232908 110
1738722634475 146.06808930798297 111
1738722634513 188.183061002925 112
1738722634550 147.0785271985084 113
1738722634587 190.6181850809234 114
1738722634624 188.89632748710073 115
1738722634662 153.01483548806618 116
1738722634698 191.09948059543342 117
1738722634759 170.0873136135408 118
1738722634800 143.41985743438948 119
1738722634836 166.378496441508 120
1738722634873 167.21444710206737 121
1738722634909 159.26349493381488 122
1738722634946 179.44210081153582 123
1738722634983 179.71530348606743 124
1738722635020 142.4514091945631 125
1738722635057 161.34664492100418 126
1738722635093 179.74101178350472 127
1738722635130 148.1145637502353 128
1738722635167 153.67044310562602 129
1738722635204 165.1018127696674 130
1738722635241 171.2319027297024 131
1738722635278 199.18121889565361 132
1738722635315 166.6243052064577 133
1738722635352 166.50119015275666 134
1738722635389 175.28672584031423 135
1738722635426 176.67239312359595 136
1738722635463 177.84868025222903 137
1738722635500 153.36997018129452 138
1738722635535 180.43813943037043 139
1738722635572 146.7178306375115 140
1738722635607 196.3363824034161 141
1738722635642 206.22989616977642 142
1738722635678 171.43009703814155 143
1738722635713 154.6180044293239 144
1738722635749 172.2392186562317 145
1738722635786 171.30316284845455 146
1738722635823 192.51202893726787 147
1738722635860 136.15801416847862 148
1738722635897 158.27338947190188 149
1738722635933 171.17073484291677 150
1738722635969 176.57190596452045 151
1738722636005 160.12070557494144 152
1738722636040 175.32455986395794 153
1738722636075 179.62890139373593 154
1738722636110 151.60202081798116 155
1738722636146 163.8801210936398 156
1738722636181 130.63929442510837 157
1738722636216 178.35037571250243 158
1738722636252 207.34317219500286 159
1738722636287 164.18354697848514 160
1738722636323 161.06623519983125 161
1738722636359 167.62518703268017 162
1738722636395 150.21964761367667 163
1738722636431 159.98271489137554 164
1738722636466 175.7815790915151 165
1738722636502 208.43499326765215 166
1738722636540 186.38235325318504 167
1738722636577 175.07233890247983 168
1738722636614 183.62250506244152 169
1738722636651 191.06706333376022 170
1738722636688 193.2172399786992 171
1738722636724 176.65932740228402 172
1738722636760 164.82408529745433 173
1738722636798 144.06402602779906 174
1738722636834 111.70295776930371 175
1738722636871 167.0037346780187 176
1738722636908 171.75527195114972 177
1738722636945 184.6532752175282 178
1738722636981 163.58117761781287 179
1738722637018 149.36810818691643 180
1738722637055 148.86942295379762 181
1738722637093 205.37395878629556 182
1738722637130 171.81936753480616 183
1738722637168 181.97831678156072 184
1738722637205 166.05888545867307 185
1738722637242 182.41073748853356 186
1738722637279 136.4406828923535 187
1738722637316 182.55543571560298 188
1738722637353 178.40409707145295 189
1738722637390 179.91162407603187 190
1738722637427 171.2159071875954 191
1738722637464 201.7615103007113 192
1738722637501 201.84812443974306 193
1738722637538 182.58559592552817 194
1738722637576 160.3666898709823 195
1738722637613 173.0918921167921 196
1738722637650 177.0187472051486 197
1738722637688 176.90931940138336 198
1738722637725 166.81587902320993 199
1738722637784 184.0977383016006 200
1738722637821 172.35218390390767 201
1738722637857 152.40629172159717 202
1738722637894 156.37986779632922 203
1738722637931 162.0330359986813 204
1738722637968 155.47531990001727 205
1738722638008 182.47886705039156 206
1738722638046 169.77893609073908 207
1738722638084 152.4551556221951 208
1738722638122 153.77856195992658 209
1738722638160 171.27571275473812 210
1738722638198 193.29242436368182 211
1738722638235 159.31185658836034 212
1738722638274 149.76519558076103 213
1738722638312 195.09024758547199 214
1738722638350 118.47844003748948 215
1738722638388 126.17369750920065 216
1738722638425 172.75967419341472 217
1738722638463 160.17264328460533 218
1738722638500 154.33671369146003 219
1738722638538 157.23258481084758 220
1738722638577 177.10698377007557 221
1738722638614 147.70800741556397 222
1738722638653 156.6362606069903 223
1738722638691 199.10119392400716 224
1738722638728 183.55458570359966 225
1738722638766 205.41841606625923 226
1738722638804 177.89896071202256 227
1738722638841 141.15039427171152 228
1738722638879 158.64597853969607 229
1738722638916 130.69880187029432 230
1738722638953 146.8366330361713 231
1738722638990 163.5416708659167 232
1738722639028 162.4906668442608 233
1738722639066 165.7595170516591 234
1738722639105 175.29736316791667 235
1738722639142 182.26675348663574 236
1738722639178 169.47765527210132 237
1738722639214 182.95169357340944 238
1738722639251 186.44755256119427 239
1738722639290 166.801124033807 240
1738722639328 169.26849233679988 241
1738722639364 173.16966786239857 242
1738722639401 169.3529585966685 243
1738722639436 175.76717082533153 244
1738722639472 132.13313675682082 245
1738722639508 159.86250959560513 246
1738722639544 190.43488354403743 247
1738722639581 200.95623785456695 248
1738722639616 195.91570083759777 249
1738722639652 174.82253132032272 250
1738722639688 169.44698575671137 251
1738722639723 190.23109563925172 252
1738722639759 182.8187384535962 253
1738722639796 193.7021217541578 254
1738722639831 90.2856276581464 255
1738722639867 142.11013018851466 256
1738722639902 244.72503249408766 257
1738722639937 202.17713929324455 258
1738722639976 157.37702233082356 259
1738722640011 140.6106103564991 260
1738722640046 201.11027579568577 261
1738722640096 180.89856950220013 262
1738722640139 160.42078053755503 263
1738722640175 188.21208899395035 264
1738722640212 153.15190992396822 265
1738722640248 163.53111135681354 266
1738722640284 179.11143662942158 267
1738722640320 167.54100661118895 268
1738722640355 188.11468754818952 269
1738722640391 135.57633358828775 270
1738722640426 168.17730069664827 271
1738722640462 129.08499111207234 272
1738722640497 159.79079740205543 273
1738722640533 133.18389883863088 274
1738722640569 131.25082198931787 275
1738722640604 162.9218241110027 276
1738722640640 148.82509797472534 277
1738722640675 179.4052206383407 278
1738722640710 209.1014861922237 279
1738722640746 196.3353590251012 280
1738722640781 144.1683288928013 281
1738722640816 180.54234148913696 282
1738722640851 177.1335155539965 283
1738722640885 148.01684288750002 284
1738722640920 144.7995252915616 285
1738722640955 155.42652514902613 286
1738722640990 175.41478612656533 287
1738722641025 186.33957200324306 288
1738722641059 177.4388145029939 289
1738722641094 183.42802445332103 290
1738722641129 167.76631142205858 291
1738722641163 156.57604114603063 292
1738722641198 180.95605204074022 293
1738722641233 180.71281289124653 294
1738722641267 163.5784233315174 295
1738722641302 175.44637716605976 296
1738722641337 155.57964894832782 297
1738722641373 171.1378389754785 298
1738722641410 215.8805274201443 299
1738722641447 161.8787201926865 300
1738722641483 156.70395026371182 301
1738722641520 172.34695125040471 302
1738722641557 173.2300731059938 303
1738722641594 164.70112700640925 304
1738722641631 161.35700608787664 305
1738722641667 166.78400897475169 306
1738722641702 165.14868035341712 307
1738722641737 161.51337602673755 308
1738722641772 164.08317419679548 309
1738722641808 165.32001345341706 310
1738722641845 177.29724431488592 311
1738722641882 139.45553747173173 312
1738722641918 169.37287533190346 313
1738722641954 179.9672078852928 314
1738722641991 148.24532367317576 315
1738722642027 175.70794924115117 316
1738722642064 163.08733837475106 317
1738722642100 177.96632052041184 318
1738722642136 165.45166155541088 319
1738722642173 148.05531687615752 320
1738722642209 174.13347931636113 321
1738722642245 192.00602235894831 322
1738722642281 153.80774703600787 323
1738722642317 188.14029344702158 324
1738722642353 189.52335686682633 325
1738722642388 174.76274951812613 326
1738722642423 177.02394650104097 327
1738722642459 180.3286609466238 328
1738722642494 184.51553050719232 329
1738722642529 165.2931241955772 330
1738722642565 172.2059866258163 331
1738722642601 146.95886088895648 332
1738722642639 160.15039246911394 333
1738722642676 180.5598972187866 334
1738722642713 171.23669099663928 335
1738722642749 173.10696454843335 336
1738722642785 180.0315268047492 337
1738722642821 162.16621542580916 338
1738722642856 140.1228803605519 339
1738722642891 167.18764170826302 340
1738722642927 188.21351198045525 341
1738722642962 173.76687562684396 342
1738722642997 171.60473688815728 343
1738722643032 173.26104204170755 344
1738722643068 181.39141000170656 345
1738722643103 210.82146881101815 346
1738722643140 185.76783717735887 347
1738722643177 187.07338710293743 348
1738722643213 170.0251287048307 349
1738722643249 138.46014441409 350
1738722643286 181.1031974975595 351
1738722643321 185.3722483663245 352
1738722643356 159.5169851447963 353
1738722643392 198.30937566187444 354
1738722643427 136.82884631034747 355
1738722643462 165.7894740062442 356
1738722643497 163.73127741658757 357
1738722643532 180.69107707503005 358
1738722643567 154.31688991939484 359
1738722643602 162.25050943811473 360
1738722643637 136.17971372636646 361
1738722643671 179.78698739607395 362
1738722643706 196.26013663596893 363
1738722643740 176.66813763709172 364
1738722643775 172.76644333680696 365
1738722643810 159.75539916899336 366
1738722643844 176.3491395124854 367
1738722643879 180.68215207272732 368
1738722643914 151.7556575393161 369
1738722643948 163.2936720435085 370
1738722643983 147.09424153619557 371
1738722644017 158.1151909978706 372
1738722644052 168.9440066909813 373
1738722644086 183.23190299460435 374
1738722644121 157.26832767805888 375
1738722644155 129.52421522987214 376
1738722644190 169.16054776600984 377
1738722644225 169.1549202586345 378
1738722644261 165.38656266540724 379
1738722644297 175.89094164539011 380
1738722644333 159.76403443448373 381
1738722644369 232.50477638070055 382
1738722644405 195.81224845677346 383
1738722644441 145.14729582186726 384
1738722644477 170.53646679159095 385
1738722644513 165.25383750092053 386
1738722644548 191.52242233481294 387
1738722644584 172.29350473450654 388
1738722644619 179.00814972506544 389
1738722644654 165.0503534269702 390
1738722644690 197.5255218708255 391
1738722644726 126.50940750284491 392
1738722644762 186.49220906874876 393
1738722644797 174.51776380487803 394
1738722644844 156.84974484824798 395
1738722644881 158.49255100676933 396
1738722644917 154.53521430709975 397
1738722644952 135.91280519190556 398
1738722644987 169.83208174164795 399
1738722645023 146.50067655947475 400
1738722645058 175.21185417410038 401
1738722645093 150.177292711441 402
1738722645128 188.76933171668557 403
1738722645163 218.60070231997636 404
1738722645197 164.27196099292163 405
1738722645232 176.86729490280908 406
1738722645267 176.29388570918502 407
1738722645301 161.23296190953616 408
1738722645336 150.10866151445282 409
1738722645371 165.98232883529928 410
1738722645407 178.40075516697812 411
1738722645442 192.6520191277173 412
1738722645477 159.3477266989459 413
1738722645512 162.2711936517643 414
1738722645547 135.23740081693327 415
1738722645581 119.73692610530178 416
1738722645616 169.66602747087416 417
1738722645650 198.98337166432708 418
1738722645685 177.4318378989281 419
1738722645719 173.69504792067352 420
1738722645753 191.52032817232526 421
1738722645788 228.66042247965922 422
1738722645822 183.9478695899819 423
1738722645856 147.08714092679392 424
1738722645890 156.38113799639862 425
1738722645925 157.0280292142551 426
1738722645959 115.20360789933578 427
1738722645993 186.31865103908393 428
1738722646027 134.62270684735802 429
1738722646061 137.43382520630115 430
1738722646096 180.44867318013974 431
1738722646130 174.45603342448968 432
1738722646164 181.83305683323513 433
1738722646198 183.95090487464458 434
1738722646233 184.59662155201866 435
1738722646267 163.81114013831225 436
1738722646301 185.83425822712516 437
1738722646336 170.7527158703826 438
1738722646370 191.2935550545911 439
1738722646404 154.7171369268192 440
1738722646438 181.04720035026847 441
1738722646472 186.68117254622584 442
1738722646506 163.30187881888992 443
1738722646540 170.76180573547026 444
1738722646575 182.21459012635654 445
1738722646608 156.54589036395643 446
1738722646643 140.44536290816959 447
1738722646677 156.22950132925104 448
1738722646712 164.44596616219278 449
1738722646748 174.02913661091677 450
1738722646785 176.90421665769392 451
1738722646820 151.66986601336936 452
1738722646856 153.2647268031166 453
1738722646891 170.1830188578556 454
1738722646926 192.1189670051467 455
1738722646961 201.35669507512554 456
1738722646996 183.72505139187436 457
1738722647031 157.08581192142165 458
1738722647066 164.8467342687647 459
1738722647102 157.85521952424398 460
1738722647137 142.60022936961752 461
1738722647172 188.3404656470953 462
1738722647206 221.14220137173842 463
1738722647241 167.4254164126058 464
1738722647276 174.5689149276237 465
1738722647311 139.7503225695773 466
1738722647346 163.22579175893085 467
1738722647381 161.05074127051574 468
1738722647416 169.4083670509178 469
1738722647451 132.26600352417103 470
1738722647485 150.0895894534116 471
1738722647520 148.3543779145519 472
1738722647555 165.86622654363893 473
1738722647590 125.30524541270644 474
1738722647625 157.6749856485869 475
1738722647660 177.57279617504207 476
1738722647695 168.7401207394807 477
1738722647730 153.13791716964332 478
1738722647765 161.98457431446062 479
1738722647799 183.9390258463274 480
1738722647834 172.51882314903366 481
1738722647869 146.43355471477471 482
1738722647904 173.44106075822322 483
1738722647939 183.695103408386 484
1738722647973 159.87636822000053 485
1738722648008 153.35835043146105 486
1738722648043 173.96280576355983 487
1738722648078 165.5121043380578 488
1738722648112 178.1945399607662 489
1738722648147 191.12312055084564 490
1738722648181 184.86508336944078 491
1738722648216 160.2079783938013 492
1738722648250 151.2514649396153 493
1738722648285 137.77114868272562 494
1738722648320 161.38126803651804 495
1738722648354 149.52193186061925 496
1738722648388 169.32035427259913 497
1738722648423 165.6761700604883 498
1738722648457 171.6705311164781 499
