1738722855421 167.03578139997418 0
1738722855424 167.17397731553658 1
1738722855426 167.99029564953398 2
1738722855429 169.66390479700243 3
1738722855431 167.0041874431212 4
1738722855433 168.33249139525674 5
1738722855435 169.74690082570876 6
1738722855438 170.79969933095802 7
1738722855440 170.09393528051962 8
1738722855442 169.29603444681382 9
1738722855444 169.96685082429042 10
1738722855446 168.39567093953005 11
1738722855449 166.88564227364816 12
1738722855451 168.6373078244454 13
1738722855454 167.86549026030428 14
1738722855456 170.06453249112218 15
1738722855458 167.8649344450522 16
1738722855460 168.52986586300526 17
1738722855463 171.31128733998057 18
1738722855465 169.42003249188195 19
1738722855467 170.1070013096594 20
