1738726719148 167.8713480876402 0
1738726719152 168.75064579905361 1
1738726719156 168.80835710259237 2
1738726719160 167.84411733420004 3
1738726719164 168.55623842127287 4
1738726719168 168.59982051668032 5
1738726719172 169.39109644295405 6
1738726719176 168.87183993268602 7
1738726719180 169.07508231169038 8
1738726719184 169.22421240589327 9
1738726719188 169.55289067231092 10
1738726719192 171.85698329305077 11
1738726719196 170.1756027218872 12
1738726719200 169.07688150194983 13
1738726719204 167.68003875843425 14
1738726719208 167.68058466052787 15
1738726719212 169.60118523867808 16
1738726719216 170.97910207837037 17
1738726719220 168.44562960980102 18
1738726719224 169.58159327972356 19
1738726719228 168.36337103480827 20
1738726719231 169.36442902526198 21
1738726719235 169.77561397300036 22
1738726719239 167.69176793189632 23
1738726719243 171.614593106684 24
1738726719247 170.93556790413643 25
1738726719251 170.2170353749292 26
1738726719255 168.4365683237918 27
1738726719259 170.5509377957666 28
1738726719263 165.9598265494774 29
1738726719267 172.18933107555682 30
1738726719271 168.6804157807127 31
1738726719275 167.6668938945591 32
1738726719279 167.92553909221917 33
1738726719283 168.42208118524795 34
1738726719287 169.74965536977294 35
1738726719291 167.31349132060166 36
1738726719295 171.9252498381653 37
1738726719299 169.6570915976685 38
1738726719303 170.14716925345016 39
1738726719306 170.55503646343988 40
1738726719310 168.02803274184367 41
1738726719314 171.3224037520156 42
1738726719318 170.3085560492056 43
1738726719322 168.8674633015177 44
1738726719326 169.48092971131362 45
1738726719330 168.64747592295151 46
1738726719334 166.9965398706801 47
1738726719338 166.7210502093067 48
1738726719342 168.99571196685042 49
1738726719346 167.3138970685288 50
1738726719350 166.34916234225378 51
1738726719354 167.74971935202052 52
1738726719358 170.68140334621424 53
1738726719362 168.14876459872855 54
1738726719366 172.13417544589123 55
1738726719370 170.82018416423512 56
1738726719374 167.77907331288142 57
1738726719377 169.59445425035528 58
1738726719381 166.27743382133394 59
1738726719385 169.7349516504317 60
1738726719389 168.87088810193666 61
