1738726596001 169.8711111566616 0
1738726596005 173.29185907360656 1
1738726596008 169.7032227354709 2
1738726596012 166.5441010466981 3
1738726596017 173.2552249127494 4
1738726596021 166.70384225870694 5
1738726596025 165.97320665114012 6
1738726596029 169.39666501218932 7
1738726596033 167.90211119366754 8
1738726596037 168.2536267710594 9
1738726596040 169.8759918852234 10
1738726596044 165.55321477669577 11
1738726596048 166.6344995040498 12
1738726596052 170.32198374363048 13
1738726596056 165.46140941358868 14
1738726596060 170.65364505438976 15
1738726596063 165.1163558608622 16
1738726596067 166.32699414540238 17
1738726596071 170.3356739394847 18
1738726596075 167.46194888599683 19
