1738723898171 236.91344063548073 0
1738723898204 167.0345986771951 1
1738723898238 196.14980472657103 2
1738723898272 187.98809261775597 3
1738723898306 96.26265449056264 4
1738723898339 179.48594199757164 5
1738723898374 253.9873841006722 6
1738723898408 175.14621538379794 7
1738723898442 125.55116518784976 8
1738723898476 205.06586625938425 9
1738723898510 194.12733179188567 10
1738723898544 198.15257875132255 11
1738723898577 181.52686258101363 12
1738723898611 186.04178782119135 13
1738723898645 138.04951308816553 14
1738723898679 141.36885863434168 15
1738723898713 120.90909927416708 16
1738723898747 107.80624253370189 17
1738723898780 132.15801427889818 18
1738723898814 245.44918944017968 19
1738723898848 167.9344778922024 20
1738723898882 118.26878578752249 21
1738723898916 175.20179281828604 22
1738723898950 257.5736445432615 23
1738723898983 134.32946696096974 24
1738723899017 205.96431921194912 25
1738723899050 157.63957008077222 26
1738723899084 151.9874314784766 27
1738723899118 299.1451974514397 28
1738723899151 237.7043628430708 29
1738723899185 125.21238714170912 30
1738723899218 176.74104084546258 31
1738723899252 110.56875502351339 32
1738723899285 234.67644692574817 33
1738723899319 160.18997366511178 34
1738723899352 179.55424580152638 35
1738723899386 158.9621025798287 36
1738723899419 127.39026920272177 37
1738723899453 180.03025831542269 38
1738723899486 66.41138557904371 39
1738723899520 218.91069136699926 40
1738723899553 210.12246857386563 41
1738723899587 162.71770989181456 42
1738723899620 230.86927609734497 43
1738723899654 93.3887321774348 44
1738723899687 106.72603822494816 45
1738723899720 263.6921913914196 46
1738723899754 100.93677601994146 47
1738723899787 193.51316801492766 48
1738723899821 116.17902403168895 49
1738723899854 226.1743479404092 50
1738723899887 217.28126626508137 51
1738723899921 143.06565088818064 52
1738723899954 68.56401497299599 53
1738723899988 173.32975591119734 54
1738723900021 218.69660085793362 55
1738723900054 129.12724307647775 56
1738723900088 216.76740291333795 57
1738723900121 174.1207942858142 58
1738723900154 121.54066411267402 59
1738723900188 194.62482802706865 60
1738723900221 247.86981490850556 61
1738723900254 200.849830293058 62
1738723900287 179.7259520861133 63
1738723900321 192.43052035042817 64
1738723900355 218.5635071338557 65
1738723900388 147.73358423347435 66
1738723900421 122.79412382383336 67
1738723900455 142.01734170919826 68
1738723900488 213.95914346959304 69
1738723900521 125.11945874568356 70
1738723900554 179.53283065761067 71
1738723900588 208.87943281562298 72
1738723900621 170.48830110951585 73
1738723900654 174.02511934682047 74
1738723900687 309.0478858326469 75
1738723900720 165.37957059731625 76
1738723900753 137.00436414852228 77
1738723900786 249.8879958161786 78
1738723900819 255.04215885947698 79
1738723900853 83.47187216537132 80
1738723900886 186.32499116250696 81
1738723900919 191.81872036622985 82
1738723900952 224.9717998857377 83
1738723900985 258.595728557772 84
1738723901018 58.13256252405027 85
1738723901051 275.02501864627123 86
1738723901085 272.5381176556893 87
1738723901118 126.99333015042139 88
1738723901151 73.28245744704688 89
1738723901184 214.85987715248 90
1738723901217 188.7619363767269 91
1738723901250 186.33359902146955 92
1738723901283 312.30686359162036 93
1738723901316 222.59308293254998 94
1738723901349 179.13077257278184 95
1738723901382 222.29586515883233 96
1738723901416 222.4516849366371 97
1738723901449 344.4527854707056 98
1738723901482 315.5460321440382 99
1738723901515 136.21382982314685 100
1738723901548 161.34304980679673 101
1738723901581 309.40754958827733 102
1738723901614 204.89844927715401 103
1738723901647 189.08727840395412 104
1738723901680 154.30728530442343 105
1738723901713 206.34932139704054 106
1738723901746 165.7376745414794 107
1738723901780 142.58585307889683 108
1738723901813 151.97570344733384 109
1738723901846 137.6387557242306 110
1738723901879 138.95963600368154 111
1738723901913 137.16882998976743 112
1738723901948 11.569676611916961 113
1738723901982 231.01462914508807 114
1738723902016 161.91564871523917 115
1738723902050 133.46239588277948 116
1738723902084 198.06152643490103 117
1738723902118 183.12855800072245 118
1738723902152 125.79924578309058 119
1738723902186 284.706175308579 120
1738723902220 237.91267338826816 121
1738723902254 137.0929344148638 122
1738723902288 184.15226390504856 123
1738723902349 63.383576134121455 124
1738723902384 141.91188073885272 125
1738723902419 177.30705893723518 126
1738723902453 210.1856237848459 127
1738723902487 135.96430196744794 128
1738723902521 149.76134514485258 129
1738723902555 60.20295441864922 130
1738723902589 182.74402474142397 131
1738723902623 135.1590999984322 132
1738723902656 145.53162818059255 133
1738723902690 141.10019897499845 134
1738723902724 264.4165632258788 135
1738723902757 222.7967265839089 136
1738723902791 203.47903803987316 137
1738723902825 421.1763107844928 138
1738723902859 192.14454093336667 139
1738723902892 435.834183618582 140
1738723902926 154.17267104195142 141
1738723902959 172.61337702551947 142
1738723902993 152.47998229067085 143
1738723903026 202.89079150084723 144
1738723903059 118.75035444610889 145
1738723903093 236.0607331432115 146
1738723903126 233.17224932060103 147
1738723903159 177.6722706606525 148
1738723903193 219.17086625003145 149
1738723903226 99.02088653550544 150
1738723903259 144.62729608089018 151
1738723903293 181.2832204873882 152
1738723903326 221.3093769215954 153
1738723903360 185.9089514345917 154
1738723903393 141.8315498737359 155
1738723903426 249.49554700029998 156
1738723903460 165.4173347226782 157
1738723903493 125.7163720000588 158
1738723903526 208.4960458209141 159
1738723903559 195.57548222352972 160
1738723903593 141.3185084888234 161
1738723903626 135.20835346703882 162
1738723903659 109.14164570366567 163
1738723903692 191.35035003017873 164
1738723903726 275.78844972235686 165
1738723903759 244.14690897387436 166
1738723903792 132.96291069944337 167
1738723903826 135.53677366948287 168
1738723903859 189.31020454441443 169
1738723903892 194.057775463305 170
1738723903925 171.16515519848141 171
1738723903958 134.73197753702826 172
1738723903991 148.1549687077988 173
1738723904025 21.327661095125507 174
1738723904058 129.37888341096976 175
1738723904091 187.01561643770518 176
1738723904124 188.8520812306554 177
1738723904157 182.91722648358885 178
1738723904190 174.62355284506808 179
1738723904223 205.8620914669882 180
1738723904257 107.4241288636352 181
1738723904290 328.31404091099694 182
1738723904323 148.48801537457564 183
1738723904356 196.69740501334903 184
1738723904389 129.4530591582587 185
1738723904422 171.87609608967932 186
1738723904456 101.90554158729265 187
1738723904489 115.28836666970427 188
1738723904522 185.1131594782378 189
1738723904556 400.7655492890138 190
1738723904589 155.5695095105332 191
1738723904622 130.54619287328194 192
1738723904655 192.94980357678685 193
1738723904688 115.8925362440403 194
1738723904722 143.86055313735486 195
1738723904755 55.20715507076245 196
1738723904788 222.75291843323222 197
1738723904821 153.7666871233463 198
1738723904854 122.11341731936714 199
1738723904887 119.44376578840536 200
1738723904920 172.64993513696714 201
1738723904954 167.97244282576196 202
1738723904987 164.82916883751645 203
1738723905020 200.56029844434894 204
1738723905053 231.31705207824515 205
1738723905086 318.7049369692737 206
1738723905119 124.23318937815434 207
1738723905152 173.33794984177374 208
1738723905185 157.8123277232079 209
1738723905218 182.83736069586237 210
1738723905251 188.51074544757847 211
1738723905284 136.20928302273725 212
1738723905317 270.1680563993252 213
1738723905351 285.9091235127946 214
1738723905384 159.73691607273508 215
1738723905417 205.50432969599132 216
1738723905450 165.22974818097526 217
1738723905483 261.45828860206024 218
1738723905516 84.73573652178786 219
1738723905549 207.27980547267046 220
1738723905583 80.13501327720773 221
1738723905616 165.61562628475005 222
1738723905649 82.71287526170805 223
1738723905682 126.8987046014812 224
1738723905715 71.98328895474259 225
1738723905749 184.96227413572893 226
1738723905782 110.3262608980274 227
1738723905815 87.89235686302908 228
1738723905848 285.2006511179673 229
1738723905881 213.22805436872207 230
1738723905914 237.51125495102326 231
1738723905947 132.9903521388949 232
1738723905980 132.55288732339903 233
1738723906014 154.8627395243535 234
1738723906047 183.74077329044468 235
1738723906080 118.6593402495191 236
1738723906113 220.2219817469478 237
1738723906147 107.785988845899 238
1738723906180 131.4474496314295 239
1738723906213 50.19461023702063 240
1738723906246 191.20337531613802 241
1738723906279 190.29349405672377 242
1738723906312 333.3589946967686 243
1738723906346 205.31373562043117 244
1738723906379 130.19324207908065 245
1738723906412 177.40178921026782 246
1738723906445 63.988869640969604 247
1738723906478 218.68067692888295 248
1738723906527 109.56826344630282 249
1738723906567 125.25141944577373 250
1738723906601 253.31469448051575 251
1738723906635 319.4952596926064 252
1738723906669 186.20413035742854 253
1738723906703 167.0785852007998 254
1738723906736 158.5763912717265 255
1738723906770 179.62008297641276 256
1738723906804 172.0710158926285 257
1738723906837 165.29209062504577 258
1738723906871 212.94712348902289 259
1738723906904 364.11561289690457 260
1738723906938 296.11229333601966 261
1738723906972 112.2722438064861 262
1738723907006 338.27933131465113 263
1738723907041 144.56301864419908 264
1738723907074 189.36909661912475 265
1738723907108 98.53404262675731 266
1738723907142 132.66572766802977 267
1738723907176 155.8205483664671 268
1738723907209 138.74892586277116 269
1738723907243 198.81008600248254 270
1738723907276 216.49834555036097 271
1738723907310 221.57882909861087 272
1738723907344 52.466757520113696 273
1738723907378 166.81032478333273 274
1738723907412 133.4839170015795 275
1738723907445 216.43119560130148 276
1738723907479 184.6465986779231 277
1738723907513 155.57886254125236 278
1738723907546 168.04488290448563 279
1738723907580 151.02746164845675 280
1738723907613 140.44795722424388 281
1738723907647 333.6009339692366 282
1738723907682 169.88641047964725 283
1738723907717 221.3318148810971 284
1738723907752 121.23137400118196 285
1738723907787 37.48795705434972 286
1738723907821 122.8034788395343 287
1738723907856 130.8465223873528 288
1738723907890 417.5678896607395 289
1738723907925 250.06332196488086 290
1738723907959 147.0186006807416 291
1738723907994 126.37612631237901 292
1738723908028 214.69606192920128 293
1738723908062 161.1643915213852 294
1738723908097 168.90015959874157 295
1738723908131 162.2369342406549 296
1738723908166 160.61002673211993 297
1738723908202 144.68315254252352 298
1738723908236 266.3605885405694 299
1738723908272 179.87215603141996 300
1738723908306 126.84473339448601 301
1738723908340 310.3868321732143 302
1738723908375 271.10719597224255 303
1738723908409 181.30486554759386 304
1738723908444 197.08679729425558 305
1738723908479 200.9655680951049 306
1738723908516 163.31400837430775 307
1738723908552 234.49401035939857 308
1738723908589 181.71996591034377 309
1738723908623 106.54724206231053 310
1738723908657 214.84289127643 311
1738723908691 103.9165336902965 312
1738723908724 133.4619239193534 313
1738723908758 251.54487772653926 314
1738723908791 173.38740300999643 315
1738723908825 104.55359505074064 316
1738723908858 166.58591068172404 317
1738723908892 92.8589751621469 318
1738723908925 219.4905033223737 319
1738723908959 150.56900617030044 320
1738723908992 166.4287816271888 321
1738723909025 138.03043103375717 322
1738723909059 164.3281226260615 323
1738723909092 147.20353599367945 324
1738723909126 236.7384518606406 325
1738723909159 150.59208424244193 326
1738723909193 263.62930303373287 327
1738723909226 220.2942241696497 328
1738723909259 170.5420184467712 329
1738723909293 241.41865666666203 330
1738723909326 256.05275795148475 331
1738723909360 135.27189819222428 332
1738723909393 75.00414818328457 333
1738723909426 139.31870740593158 334
1738723909459 154.59780494528096 335
1738723909493 202.3377686094605 336
1738723909526 196.63530825280338 337
1738723909559 118.9549677468627 338
1738723909593 101.3347148850862 339
1738723909626 228.3593207217741 340
1738723909660 125.06432693771586 341
1738723909693 142.85529397775449 342
1738723909726 192.49526134471103 343
1738723909760 164.2485291733652 344
1738723909793 147.35287362758658 345
1738723909826 235.89819673541268 346
1738723909860 130.94814728527584 347
1738723909893 115.66740978203359 348
1738723909926 156.2864109976563 349
1738723909960 175.51918717314732 350
1738723909993 205.38042314653805 351
1738723910026 212.91033111788903 352
1738723910059 138.3596629360433 353
1738723910092 168.36202776109627 354
1738723910126 180.79104063720197 355
1738723910159 154.14298092833508 356
1738723910193 92.41267593805856 357
1738723910228 135.13778164668682 358
1738723910263 161.42186237417286 359
1738723910297 168.34318484647355 360
1738723910331 144.5897529769399 361
1738723910365 140.56402176662053 362
1738723910399 89.36809495484064 363
1738723910433 182.43104284066158 364
1738723910467 169.68369567696527 365
1738723910500 179.30448598157605 366
1738723910534 148.68543623292584 367
1738723910568 159.02790402648213 368
1738723910602 191.4722381051156 369
1738723910635 125.33220798446737 370
1738723910669 168.92082416072222 371
1738723910703 110.96535083148622 372
1738723910737 176.889807743463 373
1738723910770 227.33734455883328 374
1738723910804 211.0650338210628 375
1738723910837 149.6670491347358 376
1738723910871 158.18907368084103 377
1738723910905 352.0645807722838 378
1738723910938 147.6449472902049 379
1738723910971 190.8564237780812 380
1738723911005 318.6393571364798 381
1738723911038 140.746292529373 382
1738723911072 176.4051424212924 383
1738723911105 178.1350850561434 384
1738723911138 166.10404392238618 385
1738723911172 188.23436290101031 386
1738723911205 223.3844552349237 387
1738723911239 307.5231774084866 388
1738723911272 165.87713424219478 389
1738723911306 205.06655502111443 390
1738723911339 216.37253991542576 391
1738723911373 179.56115718476448 392
1738723911406 172.26590457501217 393
1738723911440 162.27387340034457 394
1738723911473 127.66217360809104 395
1738723911507 126.5514258003432 396
1738723911541 129.91673953932423 397
1738723911574 73.57502602479624 398
1738723911608 174.85891719494006 399
1738723911641 179.4973467660553 400
1738723911674 367.9968170663079 401
1738723911708 208.98501583231914 402
1738723911741 223.91480724087427 403
1738723911775 186.39106521072904 404
1738723911808 324.8775915952023 405
1738723911841 210.2098467605171 406
1738723911874 64.1367375466794 407
1738723911908 102.25541685385485 408
1738723911941 148.4660450873625 409
1738723911974 188.47969784077537 410
1738723912008 149.1148382250243 411
1738723912041 209.26070190087006 412
1738723912074 374.16444748547826 413
1738723912108 171.00393526404346 414
1738723912141 175.84859422612587 415
1738723912174 136.76060112100237 416
1738723912207 125.28025410279251 417
1738723912240 205.7576955734231 418
1738723912274 89.28672470265865 419
1738723912307 204.10277418280162 420
1738723912340 176.98171698294055 421
1738723912373 136.36753384150077 422
1738723912407 135.614238134963 423
1738723912441 187.49499160921133 424
1738723912475 137.29542668990842 425
1738723912509 229.7044952052612 426
1738723912543 130.96162133915396 427
1738723912576 114.32081771083062 428
1738723912610 90.50107855765403 429
1738723912644 159.20454868308042 430
1738723912677 201.7884030056358 431
1738723912711 149.74389503484144 432
1738723912745 181.56859882622103 433
1738723912779 171.2570310347974 434
1738723912812 162.3456499252552 435
1738723912846 270.2264240286172 436
1738723912879 140.91989533953677 437
1738723912913 125.1958622400338 438
1738723912946 188.89837016487562 439
1738723912980 144.49497231554392 440
1738723913013 183.77836148524966 441
1738723913046 146.48063937535167 442
1738723913080 152.8201413775639 443
1738723913113 178.8388773041452 444
1738723913146 126.72352664080258 445
1738723913180 215.94860113983614 446
1738723913213 110.97652146032644 447
1738723913246 258.3568505215554 448
1738723913280 330.2076920178909 449
1738723913317 191.15586126039582 450
1738723913352 226.6744743951245 451
1738723913386 178.24646850514347 452
1738723913420 172.64474966171778 453
1738723913454 176.1269855207312 454
1738723913487 162.31065207346023 455
1738723913521 119.6194798033353 456
1738723913555 105.39831258078625 457
1738723913588 152.54154368816708 458
1738723913622 179.90068688095522 459
1738723913656 181.78666855287864 460
1738723913689 202.48384607303012 461
1738723913723 69.46133737192625 462
1738723913756 181.83461522528222 463
1738723913790 213.3150371234562 464
1738723913823 114.50487351993154 465
1738723913856 225.7690927807342 466
1738723913890 117.4113028805873 467
1738723913923 173.79486194497005 468
1738723913956 178.94242418905117 469
1738723913990 116.215288287818 470
1738723914023 153.71736040619186 471
1738723914057 198.96255673856865 472
1738723914090 204.1727214451683 473
1738723914123 169.78994406930093 474
1738723914156 254.9891241071889 475
1738723914190 158.1071513033407 476
1738723914223 212.78724682463962 477
1738723914256 148.46393701682285 478
1738723914290 57.64097365994367 479
1738723914323 136.18047245726046 480
1738723914356 91.78531316867291 481
1738723914390 203.64886682977007 482
1738723914423 219.52917453892513 483
1738723914456 112.41319699233856 484
1738723914489 165.67230008460572 485
1738723914522 195.4391813491434 486
1738723914556 112.09642118802127 487
1738723914590 162.55000128012682 488
1738723914624 182.48548811349255 489
1738723914658 166.22884032969293 490
1738723914692 196.8960779266949 491
1738723914726 305.13763552384967 492
1738723914760 193.8317053585877 493
1738723914794 131.92645238678176 494
1738723914828 179.50198208452002 495
1738723914862 155.33434583387086 496
1738723914896 117.49049795857111 497
1738723914930 167.21850293238657 498
1738723914964 154.2301572416045 499
