1738722773482 158.03491692472124 0
1738722773515 375.72252353147627 1
1738722773548 222.8986390185975 2
1738722773580 112.18485948014191 3
1738722773613 182.14946828532905 4
1738722773650 171.71707916635793 5
1738722773732 162.84533576240474 6
1738722773772 219.34067783981482 7
1738722773805 112.24688210133363 8
1738722773837 158.15947030649858 9
1738722773870 217.27691881491998 10
1738722773903 161.78791212801255 11
1738722773936 195.91343194913972 12
1738722773969 154.9569341996268 13
1738722774002 99.75471961929803 14
1738722774034 130.26758686971112 15
1738722774066 209.86791559407988 16
1738722774098 203.4989691539937 17
1738722774130 146.69915578987715 18
1738722774163 201.61414453701718 19
1738722774196 221.798822790897 20
1738722774229 190.31498268698044 21
1738722774262 160.3190577335178 22
1738722774295 197.02427262557575 23
1738722774328 143.77595496892832 24
1738722774361 144.3723109979005 25
1738722774395 215.26354501914727 26
1738722774428 154.68593863921475 27
1738722774462 226.24191356387072 28
1738722774495 121.58720713401806 29
1738722774527 153.50626544332945 30
1738722774560 193.19464083400456 31
1738722774592 157.38797714931647 32
1738722774626 144.90671326359683 33
1738722774659 206.96634730074265 34
1738722774692 163.69337804998165 35
1738722774724 87.12101855714826 36
1738722774757 191.52841087380503 37
1738722774789 212.07076570029457 38
1738722774822 121.08466769628764 39
1738722774855 130.9604284992849 40
1738722774887 236.05690619800683 41
1738722774919 124.41592115516472 42
1738722774952 137.5028407490842 43
1738722774985 131.82041739751645 44
1738722775017 103.75894918262523 45
1738722775050 150.43824972851624 46
1738722775082 188.60406747419503 47
1738722775115 166.882921615425 48
1738722775147 211.38755545236134 49
1738722775179 96.45452088309933 50
1738722775212 109.4211590460358 51
1738722775244 164.8684777844538 52
1738722775276 210.98029877037422 53
1738722775308 236.10264566687252 54
1738722775339 262.512046046114 55
1738722775371 110.23401403857459 56
1738722775404 172.57887969216193 57
1738722775436 88.17635832728338 58
1738722775469 200.48684163628718 59
1738722775502 259.4669111379974 60
1738722775534 167.8461538386626 61
1738722775566 170.9924007375462 62
1738722775598 173.54926596102038 63
1738722775631 198.52450488339278 64
1738722775663 167.56387299915454 65
1738722775696 174.8201411549925 66
1738722775728 136.66837877136268 67
1738722775761 161.45332432878516 68
1738722775794 169.5773589554061 69
1738722775826 164.8602130714889 70
1738722775859 130.0550313023953 71
1738722775891 139.79575784068896 72
1738722775924 452.14198581877366 73
1738722775955 185.12588217462647 74
1738722775988 189.7186200263698 75
1738722776021 158.9031316972897 76
1738722776054 113.30190490361622 77
1738722776087 134.06438037846348 78
1738722776120 155.13939967415516 79
1738722776153 179.35671119092802 80
1738722776186 144.3886893048251 81
1738722776219 193.82789854917075 82
1738722776252 201.79958773692923 83
1738722776285 155.7205412592231 84
1738722776318 169.1010235194496 85
1738722776351 150.3190227206555 86
1738722776383 160.20266741832242 87
1738722776416 160.80708624974082 88
1738722776449 190.79879432773083 89
1738722776481 152.27732353277833 90
1738722776513 133.60387018562201 91
1738722776545 166.27719241698847 92
1738722776577 399.59429475937975 93
1738722776610 144.05467112609378 94
1738722776643 136.55197048824542 95
1738722776675 231.67237259762328 96
1738722776708 191.43515039982083 97
1738722776741 157.52309441210758 98
1738722776774 98.73921404776235 99
1738722776807 178.09049537676594 100
1738722776839 160.46368889068205 101
1738722776871 177.73959170250973 102
1738722776903 143.15219866552908 103
1738722776936 126.24828368217757 104
1738722776968 146.58699942612884 105
1738722777000 148.4179452092382 106
1738722777032 32.87971436992791 107
1738722777065 271.24224995895355 108
1738722777097 150.91211895959844 109
1738722777130 193.79219121334128 110
1738722777162 286.0093079397891 111
1738722777195 161.3799152670348 112
1738722777227 169.10656288852317 113
1738722777259 132.76185305198217 114
1738722777292 167.68078649063943 115
1738722777324 114.91696929432271 116
1738722777356 247.19489127655442 117
1738722777389 193.73002066665327 118
1738722777421 127.441815801824 119
1738722777454 126.80853958653215 120
1738722777487 181.74881458985476 121
1738722777519 218.09274900719427 122
1738722777552 147.1810264165921 123
1738722777585 156.6970050538526 124
1738722777617 377.9740195551225 125
1738722777649 167.68044227707477 126
1738722777681 118.96198222358123 127
1738722777714 161.77220180531498 128
1738722777746 176.8625981247671 129
1738722777779 171.92644974244186 130
1738722777812 98.58542120430118 131
1738722777845 177.36981931425544 132
1738722777877 187.10304870416118 133
1738722777910 179.94899873851745 134
1738722777943 159.1826050091816 135
1738722777976 141.45824825629253 136
1738722778009 182.38268431783314 137
1738722778041 175.35995493431744 138
1738722778074 220.56352496844073 139
1738722778106 177.2894909711099 140
1738722778139 132.76831842137088 141
1738722778172 133.96793258169873 142
1738722778205 195.05525779386804 143
1738722778238 303.7469634607244 144
1738722778271 405.4193092673108 145
1738722778304 225.24131659862346 146
1738722778337 174.11640108362417 147
1738722778370 83.71621781627641 148
1738722778403 152.30088467255428 149
1738722778436 73.80818949605036 150
1738722778468 207.55729071754246 151
1738722778501 159.56213316279607 152
1738722778534 156.0164813090487 153
1738722778566 154.2240414038967 154
1738722778600 171.94432669628566 155
1738722778634 228.79215236461502 156
1738722778667 128.50636554665138 157
1738722778701 133.28378034335654 158
1738722778736 244.20706510549778 159
1738722778769 146.61257976244428 160
1738722778801 113.48192589047103 161
1738722778834 131.80456508968985 162
1738722778866 153.2041584712105 163
1738722778899 197.34269708083244 164
1738722778932 198.3579267550873 165
1738722778964 121.94750250717107 166
1738722778997 125.10765184713998 167
1738722779031 159.6454987587748 168
1738722779064 242.31373213581622 169
1738722779096 152.20229722930566 170
1738722779129 219.85142627467383 171
1738722779162 94.20871343046775 172
1738722779195 164.91245223089203 173
1738722779227 218.62362003993775 174
1738722779260 148.99376738432474 175
1738722779292 134.19853777316663 176
1738722779325 121.14509828368654 177
1738722779358 215.29228504241837 178
1738722779391 161.36602724244645 179
1738722779424 187.27874481167353 180
1738722779457 159.2194587089801 181
1738722779489 115.51760534081797 182
1738722779521 80.09793035525891 183
1738722779553 126.07452862615497 184
1738722779586 159.80512426853153 185
1738722779618 216.67550000766886 186
1738722779651 309.0939655604051 187
1738722779683 128.89425134518459 188
1738722779716 198.7140310493024 189
1738722779749 135.72726151774444 190
1738722779781 160.70525507383545 191
1738722779814 134.29505647086026 192
1738722779846 174.38250475783667 193
1738722779879 228.45479199676637 194
1738722779912 186.70483531327037 195
1738722779944 234.55073689336066 196
1738722779976 153.57051579598485 197
1738722780009 122.55095166170966 198
1738722780041 220.18997754091555 199
1738722780073 204.90264243838521 200
1738722780105 186.01317950117462 201
1738722780138 163.9874412765867 202
1738722780170 203.708960392435 203
1738722780204 201.52577981804814 204
1738722780251 241.54423417623056 205
1738722780321 115.25483870456833 206
1738722780356 147.01961700741862 207
1738722780389 124.26554898226225 208
1738722780422 163.7118246438474 209
1738722780455 298.4395652980047 210
1738722780488 171.52504272173513 211
1738722780520 176.29694513103152 212
1738722780554 121.13728517593186 213
1738722780587 177.79555990176436 214
1738722780620 149.21573951649103 215
1738722780652 121.76092519364259 216
1738722780685 209.5358378139414 217
1738722780717 168.60531712931896 218
1738722780750 264.6103079629958 219
1738722780783 145.46543169811503 220
1738722780816 80.96145885652042 221
1738722780848 152.62384216485438 222
1738722780881 208.57087049644693 223
1738722780913 126.51845965368608 224
1738722780946 215.61127652292595 225
1738722780978 218.77541424895344 226
1738722781010 313.2393535661515 227
1738722781043 203.39203564562484 228
1738722781076 104.40245100654899 229
1738722781109 290.52017746149204 230
1738722781141 118.52477898868375 231
1738722781174 222.37594386149635 232
1738722781206 190.27150915162258 233
1738722781238 77.31872981956373 234
1738722781270 132.34274952082725 235
1738722781301 170.40792382017682 236
1738722781333 162.55267378126075 237
1738722781366 160.71086153180715 238
1738722781398 179.2641252861992 239
1738722781431 126.27114437309626 240
1738722781464 138.38400515742947 241
1738722781496 150.14251836069963 242
1738722781528 82.89695111508765 243
1738722781561 157.22791338783088 244
1738722781593 157.8597879075469 245
1738722781626 155.46450923563975 246
1738722781658 98.17349789711074 247
1738722781691 153.91443066627863 248
1738722781724 221.11689979322483 249
1738722781756 196.22730458646464 250
1738722781789 112.53598836395823 251
1738722781821 209.1121555182032 252
1738722781854 164.75986478272404 253
1738722781886 110.30114937484254 254
1738722781919 197.5808273929077 255
1738722781952 156.61390297401078 256
1738722781985 115.12066055690644 257
1738722782017 101.78134402045141 258
1738722782050 237.3295225942366 259
1738722782082 116.88141549876795 260
1738722782115 199.11817338663414 261
1738722782148 123.83019767760634 262
1738722782181 203.14981032598095 263
1738722782213 111.03033734193652 264
1738722782246 115.35869016561325 265
1738722782279 103.2372588785175 266
1738722782311 205.05487164751233 267
1738722782344 177.35335399946672 268
1738722782376 241.36332435292545 269
1738722782409 205.31676138637388 270
1738722782441 115.75948948134034 271
1738722782473 128.23089134417074 272
1738722782506 197.03732657449035 273
1738722782538 207.9021862360658 274
1738722782570 138.8753379180347 275
1738722782602 210.5337650036117 276
1738722782635 159.0973936450416 277
1738722782667 171.70705569921859 278
1738722782700 207.07624953596252 279
1738722782732 172.39945391198506 280
1738722782764 154.00988582293027 281
1738722782797 165.6305762756336 282
1738722782830 159.05922668167867 283
1738722782863 136.8429426835322 284
1738722782896 144.23326819884247 285
1738722782929 139.77252892424778 286
1738722782962 350.8034486464476 287
1738722782994 143.29913912854838 288
1738722783026 242.85676508402543 289
1738722783059 116.39189685583452 290
1738722783092 109.48184526194919 291
1738722783124 195.4099892537053 292
1738722783157 157.43831293932735 293
1738722783190 167.01887758556384 294
1738722783222 160.59980472639975 295
1738722783254 209.1508765228547 296
1738722783287 215.07948469863427 297
1738722783319 137.36326370460043 298
1738722783351 186.76922167052442 299
1738722783385 127.53098377192484 300
1738722783418 71.71586406143157 301
1738722783451 127.48586555031132 302
1738722783484 142.09914853156045 303
1738722783517 132.62299756159936 304
1738722783549 451.8836687385926 305
1738722783582 229.91177304606327 306
1738722783614 164.80623026286452 307
1738722783646 179.06504238078094 308
1738722783678 134.7451838078841 309
1738722783710 142.51791691263787 310
1738722783742 182.20375183415638 311
1738722783775 210.71844481264682 312
1738722783808 178.9055985645115 313
1738722783841 165.83926376122022 314
1738722783874 156.91654083237643 315
1738722783906 192.59011184154107 316
1738722783939 211.75569642882118 317
1738722783972 215.0718095043007 318
1738722784005 176.53774405184436 319
1738722784038 352.8821807062644 320
1738722784070 118.42319521611881 321
1738722784103 188.33261563938015 322
1738722784136 109.47352388114646 323
1738722784169 133.23612736639177 324
1738722784201 143.91354679688624 325
1738722784233 189.65247486588302 326
1738722784266 113.63516209907296 327
1738722784298 130.3399475432963 328
1738722784332 179.58184208458312 329
1738722784364 150.63875098632553 330
1738722784398 214.90851944646204 331
1738722784431 140.4474602088809 332
1738722784464 155.1065704243053 333
1738722784498 154.6595846924274 334
1738722784532 173.41975076275872 335
1738722784565 100.86020554297386 336
1738722784601 186.41286337233691 337
1738722784636 217.16960602126235 338
1738722784671 238.5623400294055 339
1738722784705 213.21360147247609 340
1738722784740 191.89141428172937 341
1738722784773 142.5371001309126 342
1738722784812 134.0670280402799 343
1738722784845 204.74189288962975 344
1738722784877 165.92564714100334 345
1738722784909 141.30148870314596 346
1738722784940 60.665561110718684 347
1738722784973 211.85788783521735 348
1738722785005 266.1682628995021 349
1738722785040 93.77430939977125 350
1738722785073 252.5230272123873 351
1738722785106 203.44452685273868 352
1738722785139 274.8902050894259 353
1738722785172 78.34285479981 354
1738722785226 182.4121039600717 355
1738722785291 138.66726130832708 356
1738722785325 179.3717290781937 357
1738722785358 101.68381767857011 358
1738722785390 137.92836053427604 359
1738722785422 144.20389361200048 360
1738722785455 265.63981513103107 361
1738722785488 193.63586928200368 362
1738722785520 176.49623243336913 363
1738722785553 125.75700539091915 364
1738722785585 182.63567340901847 365
1738722785617 189.2804837155649 366
1738722785648 189.05745161153172 367
1738722785680 66.91454878250643 368
1738722785712 118.33516356486194 369
1738722785743 164.74616346324117 370
1738722785775 182.05193903183573 371
1738722785806 178.31887192069817 372
1738722785838 178.5056535344379 373
1738722785869 212.2166262981904 374
1738722785900 192.46315017714957 375
1738722785932 74.01516023366052 376
1738722785963 228.83388262706544 377
1738722785995 217.18357487014745 378
1738722786027 159.34132014238946 379
1738722786059 195.26819856793819 380
1738722786091 208.7285485262188 381
1738722786123 153.189848063464 382
1738722786155 198.07968959828787 383
1738722786186 106.94652579256254 384
1738722786218 141.3962203733403 385
1738722786250 169.79754228030745 386
1738722786281 150.77567492520075 387
1738722786313 188.58285058690817 388
1738722786344 217.8296383612374 389
1738722786376 307.94103220709104 390
1738722786407 201.68353047748522 391
1738722786439 129.41285737035167 392
1738722786470 218.57209402775254 393
1738722786501 155.96408668340663 394
1738722786533 179.89185693361864 395
1738722786564 182.74543812410417 396
1738722786596 200.65508154794333 397
1738722786627 135.3365526937776 398
1738722786658 124.11364991644287 399
1738722786690 163.91127668323702 400
1738722786721 202.73507149296296 401
1738722786753 134.25526337856644 402
1738722786784 173.31280380767578 403
1738722786815 186.21588797315056 404
1738722786846 288.0662834069847 405
1738722786878 184.08240402801874 406
1738722786910 167.58398810971474 407
1738722786941 388.9315142016666 408
1738722786973 144.6814307289737 409
1738722787004 157.49367820024653 410
1738722787036 201.8356142205572 411
1738722787067 175.30170743154213 412
1738722787099 122.52104887208264 413
1738722787130 187.24295194935434 414
1738722787161 232.5390019231179 415
1738722787193 174.24412579999216 416
1738722787224 339.22370867983625 417
1738722787255 155.0222593384462 418
1738722787286 112.5048674130979 419
1738722787318 194.00243157528627 420
1738722787349 176.80078121619167 421
1738722787380 179.6441518184822 422
1738722787411 165.65567647922518 423
1738722787443 154.66982360585877 424
1738722787475 137.53895107868001 425
1738722787507 123.17095384343445 426
1738722787539 186.40169064676434 427
1738722787570 119.2347392448986 428
1738722787602 186.65595842357413 429
1738722787634 118.57357572692995 430
1738722787665 148.96393829754444 431
1738722787697 184.685007451311 432
1738722787729 144.14412273226296 433
1738722787760 133.48492156659682 434
1738722787792 105.04376426961093 435
1738722787824 217.7795671277722 436
1738722787856 210.49445340644183 437
1738722787887 125.28273366483272 438
1738722787919 68.17431000324714 439
1738722787951 125.58223854980524 440
1738722787982 89.81563443536643 441
1738722788015 135.29872750807888 442
1738722788047 77.01857767256462 443
1738722788079 250.68489830964285 444
1738722788111 246.00978918216887 445
1738722788142 59.336006697407186 446
1738722788174 164.22922004717176 447
1738722788207 160.9803031117465 448
1738722788239 356.93465878277857 449
1738722788271 196.79019449523162 450
1738722788303 116.77211696522124 451
1738722788335 138.41285241417614 452
1738722788366 185.826997968352 453
1738722788398 114.24836856326182 454
1738722788429 229.03936894349127 455
1738722788462 118.58486991459581 456
1738722788494 246.89585150492024 457
1738722788525 184.46343398358127 458
1738722788557 134.46547642613282 459
1738722788589 167.94458721907523 460
1738722788621 88.89504256113027 461
1738722788653 129.22004953325234 462
1738722788685 202.61964510050734 463
1738722788717 318.93633719433086 464
1738722788749 189.1230193191188 465
1738722788781 205.88467462389437 466
1738722788814 154.8732608191064 467
1738722788846 172.82906949082783 468
1738722788878 403.30372465551966 469
1738722788910 215.24907308073895 470
1738722788942 135.09103588952522 471
1738722788975 177.25047186201292 472
1738722789007 175.36695199898156 473
1738722789038 259.9170907124053 474
1738722789070 134.17444929663014 475
1738722789102 133.81223340857179 476
1738722789134 172.13489633563148 477
1738722789165 245.67591248040424 478
1738722789197 247.96446314084378 479
1738722789229 173.03308300669815 480
1738722789260 120.5194080733502 481
1738722789292 129.8492030804464 482
1738722789323 183.76487246260322 483
1738722789355 143.92689681395169 484
1738722789387 197.90557436205967 485
1738722789418 199.70721626328353 486
1738722789449 86.99565562596251 487
1738722789481 125.67379423900817 488
1738722789513 190.5628967346559 489
1738722789545 187.6749373930077 490
1738722789578 178.05028159676183 491
1738722789609 241.81153576718393 492
1738722789641 244.72662034901774 493
1738722789673 149.87022518892178 494
1738722789705 235.64475980007072 495
1738722789737 274.4359707501002 496
1738722789769 155.43932169520173 497
1738722789800 92.78901748550304 498
1738722789832 122.89154712902192 499
