1738726192281 179.42647741360537 0
1738726192320 191.3529898812093 1
1738726192358 174.71748036912453 2
1738726192396 198.96068347541333 3
1738726192435 167.59405340173942 4
1738726192473 194.7959511874508 5
1738726192511 165.57856976439362 6
1738726192549 120.73904948264061 7
1738726192587 198.1146780323119 8
1738726192626 199.85639397943513 9
1738726192668 160.6386242867319 10
1738726192707 141.86401743903465 11
1738726192747 172.1265311056258 12
1738726192786 150.42461388875313 13
1738726192826 197.6045407346564 14
1738726192866 184.57809422939266 15
1738726192905 176.09494619698344 16
1738726192944 156.81769702698946 17
1738726192983 207.42808615666283 18
1738726193022 167.42805708673612 19
1738726193061 207.1912683928636 20
1738726193100 164.16080918055948 21
1738726193139 189.03427236777407 22
1738726193178 136.51857802514948 23
1738726193216 203.5405292891771 24
1738726193254 179.21912151897973 25
1738726193292 155.44476782799146 26
1738726193330 167.38256115250852 27
1738726193367 174.33242986784717 28
1738726193406 181.52751352262456 29
1738726193444 186.54881269069537 30
1738726193483 171.97492629676674 31
1738726193522 168.06575879807892 32
1738726193561 184.5197883371878 33
1738726193599 187.66375755028332 34
1738726193638 184.04106150838953 35
1738726193676 174.0119365352827 36
1738726193715 182.4885422845385 37
1738726193753 169.7499163219357 38
1738726193791 204.6791127555748 39
1738726193828 155.51801671605747 40
1738726193866 178.70338042191224 41
1738726193904 152.8727383199992 42
1738726193942 156.57147895722326 43
1738726193980 186.23950155985142 44
1738726194018 148.8184499780171 45
1738726194055 158.57699793893445 46
1738726194093 178.80889792298757 47
1738726194131 161.53193360823212 48
1738726194169 136.77850042887417 49
1738726194206 166.95664489070063 50
1738726194244 175.18018187566577 51
1738726194282 131.34543070259264 52
1738726194320 164.57452514393475 53
1738726194358 191.41212745408015 54
1738726194397 164.21983644876903 55
1738726194436 166.94475167752702 56
1738726194474 132.04192264995595 57
1738726194513 153.30205441371763 58
1738726194552 177.40502066463822 59
1738726194590 174.74843071696398 60
1738726194628 190.49799911061206 61
1738726194667 182.8261365815673 62
1738726194705 179.14942824011626 63
1738726194743 164.855775204286 64
1738726194781 161.42504745668515 65
1738726194819 172.3162332795283 66
1738726194857 185.93498730835427 67
1738726194895 183.0120093966565 68
1738726194934 166.95142675967028 69
1738726194978 153.33090923265894 70
1738726195022 165.34750827672843 71
1738726195063 191.52010278347544 72
1738726195105 142.58560173520652 73
1738726195145 167.85831029191948 74
1738726195185 150.77384548775396 75
1738726195224 186.65513398588786 76
1738726195262 183.17465287629386 77
1738726195301 139.7030259838973 78
1738726195340 156.39038543990725 79
1738726195379 155.85721693933954 80
1738726195418 182.0461290358829 81
1738726195457 165.83849989583172 82
1738726195496 178.95856122655545 83
1738726195534 201.83067481182235 84
1738726195573 172.0345402242303 85
1738726195612 161.35829863775092 86
1738726195651 171.0311373254427 87
1738726195689 163.18020324093754 88
1738726195728 172.50508120835661 89
1738726195766 148.03570538972136 90
1738726195805 149.04167248557349 91
1738726195843 118.52785951137365 92
1738726195882 157.13509464413315 93
1738726195920 173.65625947631847 94
1738726195958 183.39510253045998 95
1738726195996 174.88937314156456 96
1738726196035 180.24329127402174 97
1738726196073 177.93722317342522 98
1738726196112 163.84053143710764 99
1738726196150 154.11627900041273 100
1738726196189 146.70921117130325 101
1738726196227 168.80317355909756 102
1738726196265 202.94969435192587 103
1738726196304 138.41322820145706 104
1738726196343 164.2895990102707 105
1738726196382 183.95185458721934 106
1738726196421 154.8545311780797 107
1738726196459 158.10001516242534 108
1738726196498 156.66270406288555 109
1738726196536 193.0362390684714 110
1738726196574 138.48030318210954 111
1738726196612 142.800570385169 112
1738726196651 180.437464144508 113
1738726196688 183.1289261959011 114
1738726196727 171.64752221354635 115
1738726196765 172.67763565849722 116
1738726196803 153.90030110004344 117
1738726196841 180.86080883477865 118
1738726196879 178.61095097356696 119
1738726196917 165.83251541375054 120
1738726196955 150.17095329781694 121
1738726196993 149.94266138806444 122
1738726197031 184.29244387899357 123
1738726197069 171.49261444640726 124
1738726197107 177.1795763414352 125
1738726197145 163.6478807025415 126
1738726197184 176.56664933313698 127
1738726197223 212.85822716513843 128
1738726197262 172.0545665494173 129
1738726197300 163.0201720625198 130
1738726197338 180.9462517894388 131
1738726197376 147.53793863418494 132
1738726197414 160.18838113611676 133
1738726197452 169.35116385624886 134
1738726197491 172.5073172568271 135
1738726197529 148.3349078504613 136
1738726197567 152.63057419427324 137
1738726197605 157.46291521691853 138
1738726197643 176.04133834871107 139
1738726197681 168.0782544374728 140
1738726197720 178.0337416541616 141
1738726197758 195.0899491671926 142
1738726197796 155.12671309214548 143
1738726197834 171.8106790270687 144
1738726197872 184.75962657840958 145
1738726197910 156.02876267810544 146
1738726197948 153.53080198060653 147
1738726197986 163.8450299328695 148
1738726198024 188.16951011314492 149
1738726198062 165.49958274852705 150
1738726198100 181.02499087990608 151
1738726198137 166.15752654843072 152
1738726198175 176.32899977756398 153
1738726198213 146.2529530795561 154
1738726198250 169.11912893100126 155
1738726198289 163.05847151806302 156
1738726198327 163.61701048586892 157
1738726198364 149.2815239809713 158
1738726198402 175.03768754574298 159
1738726198439 200.04802687003144 160
1738726198477 155.53077926182874 161
1738726198514 136.74276955762414 162
1738726198553 183.41624282368582 163
1738726198592 168.40328121743937 164
1738726198630 179.57584817904166 165
1738726198669 158.07701275784086 166
1738726198707 183.11575192249987 167
1738726198746 166.559860101437 168
1738726198784 151.78191830448634 169
1738726198822 183.39405668477661 170
1738726198860 165.12140991360852 171
1738726198898 159.00250205853916 172
1738726198937 157.23769584627337 173
1738726198975 147.52276520501024 174
1738726199013 185.87672751534492 175
1738726199051 188.0511193949095 176
1738726199089 162.16357486087477 177
1738726199127 173.25490283420427 178
1738726199165 180.65285299300666 179
1738726199203 149.70402227022134 180
1738726199242 152.17010637433003 181
1738726199280 177.85331067665402 182
1738726199318 172.37588253085897 183
1738726199356 190.0676561057023 184
1738726199394 201.29568381717127 185
1738726199432 154.92999994212295 186
1738726199470 130.75553030438442 187
1738726199508 168.69578093684814 188
1738726199546 151.52920614488718 189
1738726199583 140.92786338777478 190
1738726199621 169.714135620254 191
1738726199659 133.92326622525636 192
1738726199697 170.68118950876348 193
1738726199734 170.71281325818862 194
1738726199772 168.7853772985188 195
1738726199810 160.72134656390398 196
1738726199848 148.85505157733613 197
1738726199885 176.20419026546017 198
1738726199923 176.4371912965835 199
1738726199960 156.73842436307453 200
1738726199998 164.3068816133836 201
1738726200035 195.83942985094498 202
1738726200073 155.89068034277034 203
1738726200110 141.45428053572093 204
1738726200148 203.41615633233715 205
1738726200186 162.52226613556093 206
1738726200223 157.85772686350865 207
1738726200261 164.58546562674024 208
1738726200298 153.63497403764546 209
1738726200336 178.41666776444518 210
1738726200373 166.44350047232678 211
1738726200411 147.17320617142346 212
1738726200449 161.5630619372546 213
1738726200486 166.5757879301183 214
1738726200524 200.31578983601202 215
1738726200562 119.43468428767343 216
1738726200599 172.21343623418167 217
1738726200638 165.4239085660604 218
1738726200676 157.0049133148386 219
1738726200715 186.43283926878186 220
1738726200754 174.06143263355736 221
1738726200792 191.43694703856488 222
1738726200830 124.30485913182433 223
1738726200868 142.0720470800967 224
1738726200906 124.21780767637343 225
1738726200944 165.8252866363938 226
1738726200982 163.56188717804082 227
1738726201020 120.93184752623881 228
1738726201058 180.82587190263763 229
1738726201096 169.17372626150768 230
1738726201134 127.32723919509046 231
1738726201172 178.68940391296806 232
1738726201209 158.73757509399397 233
1738726201247 174.86892746793788 234
1738726201285 167.82416532729215 235
1738726201323 167.02027196397714 236
1738726201361 179.7368754128763 237
1738726201399 179.2349624567516 238
1738726201438 263.30248252576865 239
1738726201477 148.56486978655428 240
1738726201515 168.391444417486 241
1738726201553 158.64015718928934 242
1738726201592 159.38992839106686 243
1738726201630 169.50551854426897 244
1738726201668 164.29678498056447 245
1738726201706 175.44347042746293 246
1738726201743 171.71834696372053 247
1738726201781 158.89498716714368 248
1738726201819 114.88821589680246 249
1738726201856 171.0899969343745 250
1738726201894 191.7471946391887 251
1738726201932 147.0326944242787 252
1738726201969 156.33329543630794 253
1738726202007 144.01890716638823 254
1738726202045 153.41797316743683 255
1738726202082 164.4046903787572 256
1738726202120 173.33077254036306 257
1738726202157 198.93888823414977 258
1738726202195 171.98401580467072 259
1738726202232 180.10162834537962 260
1738726202270 181.68458931058356 261
1738726202307 169.3079730676676 262
1738726202345 160.41378697546952 263
1738726202382 184.66004174845813 264
1738726202420 163.25973181441051 265
1738726202457 164.80373990362983 266
1738726202495 146.00280837954713 267
1738726202532 176.95435317231295 268
1738726202570 172.54892545702137 269
1738726202607 163.9188017572923 270
1738726202645 163.0233750520181 271
1738726202682 159.03675737097123 272
1738726202719 148.8814233243699 273
1738726202757 166.73772166523082 274
1738726202794 171.8186857008905 275
1738726202832 161.0896642445432 276
1738726202869 174.37957567789374 277
1738726202906 176.04941528337764 278
1738726202944 167.6840469004793 279
1738726202981 172.73236898733037 280
1738726203018 148.7618859624826 281
1738726203055 213.09787779462033 282
1738726203093 170.44385970920726 283
1738726203130 187.96997366205724 284
1738726203167 148.75296387199916 285
1738726203205 148.76809399801746 286
1738726203242 163.37699434940126 287
1738726203279 165.45959451969478 288
1738726203317 163.41899584209455 289
1738726203355 212.11565076649924 290
1738726203392 182.76268647728642 291
1738726203429 160.66582891867967 292
1738726203467 183.34442909504344 293
1738726203504 175.85365817217908 294
1738726203541 164.8529620495991 295
1738726203578 152.5115216281613 296
1738726203615 165.3694962787778 297
1738726203652 158.3489189239736 298
1738726203690 138.51628135387713 299
1738726203727 192.82788500357242 300
1738726203764 197.75000883710857 301
1738726203801 167.68411405627663 302
1738726203839 155.41587112753524 303
1738726203875 159.62953693202925 304
1738726203913 184.28107392317483 305
1738726203950 156.75314326488672 306
1738726203988 162.87634825235378 307
1738726204025 179.08878396965056 308
1738726204062 166.56346186752108 309
1738726204099 171.88376481607364 310
1738726204136 154.90404247964437 311
1738726204173 144.94157327332698 312
1738726204210 201.33176023084258 313
1738726204247 172.11755552577128 314
1738726204284 182.20729586962142 315
1738726204321 157.40836765009377 316
1738726204358 161.58431428712936 317
1738726204396 148.5093174402247 318
1738726204435 174.2939269184246 319
1738726204473 149.44178385948555 320
1738726204511 198.29225940197097 321
1738726204549 181.85953751715215 322
1738726204587 195.63677862687558 323
1738726204625 131.1782999832212 324
1738726204663 173.59526725409054 325
1738726204700 159.82654327310783 326
1738726204738 191.37610939960715 327
1738726204776 174.8026828156932 328
1738726204814 157.4358958537929 329
1738726204851 166.19829325848755 330
1738726204889 164.41661303488837 331
1738726204926 157.29901640088016 332
1738726204964 146.3652047453809 333
1738726205001 148.7443396637429 334
1738726205039 159.40473454291254 335
1738726205077 230.02558402523073 336
1738726205114 168.9479438731176 337
1738726205152 163.68290368987567 338
1738726205189 178.77224632593362 339
1738726205227 157.60703770244857 340
1738726205264 171.63915607052638 341
1738726205302 172.2654955926307 342
1738726205339 176.31335073475017 343
1738726205378 222.78933896754896 344
1738726205416 191.4368290363374 345
1738726205454 193.33529813812544 346
1738726205492 147.24193991661153 347
1738726205531 123.51059072828068 348
1738726205568 179.0095799830963 349
1738726205606 188.95970323740062 350
1738726205644 155.89374020248601 351
1738726205681 174.4526892949346 352
1738726205719 124.25974091660625 353
1738726205756 158.9254504615242 354
1738726205794 159.35293851547772 355
1738726205832 152.4077407981118 356
1738726205869 176.5791893993705 357
1738726205906 172.7834836126976 358
1738726205944 145.65404871398863 359
1738726205982 180.1459104085962 360
1738726206019 195.493757059669 361
1738726206057 183.3599477690696 362
1738726206094 171.2406679851167 363
1738726206132 141.2203722802669 364
1738726206169 181.75965368327942 365
1738726206207 159.17352319174086 366
1738726206244 152.49170822616938 367
1738726206282 180.45229784176362 368
1738726206319 175.80898627585054 369
1738726206357 158.9622821030162 370
1738726206395 151.06512673524335 371
1738726206432 180.09040814655927 372
1738726206470 164.9180627612559 373
1738726206507 155.89009351669256 374
1738726206544 192.43963280310643 375
1738726206581 181.65539830567246 376
1738726206619 146.66831792130844 377
1738726206656 139.07901117273516 378
1738726206694 151.76684174437793 379
1738726206731 178.67338937420587 380
1738726206769 153.43450442555144 381
1738726206806 181.57974175812222 382
1738726206843 176.0314928264999 383
1738726206881 177.2976356021533 384
1738726206918 174.65449605894858 385
1738726206955 158.07775641401057 386
1738726206998 173.31718017082758 387
1738726207043 174.66227756297192 388
1738726207086 125.00584472493834 389
1738726207126 145.843917160018 390
1738726207166 140.50199597753885 391
1738726207205 209.63059837470263 392
1738726207244 174.8176196421345 393
1738726207282 156.01575954954154 394
1738726207321 180.30081667961161 395
1738726207359 146.9400776915376 396
1738726207398 198.15806063058952 397
1738726207436 161.18467163650098 398
1738726207475 137.91848222683709 399
1738726207513 176.72742103807428 400
1738726207551 145.6783199182752 401
1738726207589 176.26084718653294 402
1738726207627 163.9898116787674 403
1738726207665 167.01553503470998 404
1738726207703 170.71988513510226 405
1738726207741 179.99410602435373 406
1738726207779 115.27530613440209 407
1738726207817 172.99783955375494 408
1738726207855 162.59248920923406 409
1738726207892 170.37924230886628 410
1738726207930 168.37312913447582 411
1738726207968 141.06462660623203 412
1738726208007 102.9130962283473 413
1738726208046 162.35499934254085 414
1738726208085 176.3406236135388 415
1738726208123 160.51067056871196 416
1738726208162 169.22405189174435 417
1738726208201 180.9273324300089 418
1738726208239 200.0737230779793 419
1738726208277 192.6194431472567 420
1738726208316 169.76523011693814 421
1738726208354 163.00373183601891 422
1738726208392 179.65087830146322 423
1738726208430 181.27716985753074 424
1738726208469 161.64718961562383 425
1738726208507 184.33663949829128 426
1738726208545 158.94364223493125 427
1738726208583 157.853364970366 428
1738726208622 218.96045311464783 429
1738726208660 182.03278873402311 430
1738726208698 138.1914583172877 431
1738726208736 159.637951343773 432
1738726208774 145.63523712447292 433
1738726208812 149.7188892519965 434
1738726208850 180.61746530842524 435
1738726208887 145.47810573014064 436
1738726208925 187.5681596272206 437
1738726208963 144.4782917158482 438
1738726209007 144.88538638290078 439
1738726209046 178.43150471868856 440
1738726209087 226.31896550132885 441
1738726209128 163.0859254940833 442
1738726209167 169.12518868217597 443
1738726209205 165.0437168033192 444
1738726209243 174.2705584105691 445
1738726209281 164.4992632062896 446
1738726209319 176.95242683617863 447
1738726209356 160.9808675262867 448
1738726209394 151.54384149612875 449
1738726209432 195.7016155143721 450
1738726209470 139.11277465363756 451
1738726209507 190.14888983420863 452
1738726209545 156.12758551424514 453
1738726209584 172.35779106341363 454
1738726209623 174.28153283030352 455
1738726209661 146.7294977669425 456
1738726209700 168.23169927769064 457
1738726209738 191.63048706064325 458
1738726209776 197.1550804607421 459
1738726209814 194.5384315561887 460
1738726209852 159.3699149047301 461
1738726209890 160.5009889820289 462
1738726209928 184.72528734639081 463
1738726209966 174.97623769186265 464
1738726210004 191.42938520722254 465
1738726210042 131.2602607983647 466
1738726210080 152.33974972942636 467
1738726210118 161.84150420417825 468
1738726210156 164.9746350285798 469
1738726210193 180.22478399884375 470
1738726210231 177.18878640463095 471
1738726210269 181.9164898209666 472
1738726210307 181.46326101776674 473
1738726210344 170.87176391641427 474
1738726210382 187.8331375941483 475
1738726210420 146.99579883917983 476
1738726210457 166.58415029390116 477
1738726210495 149.8627966210792 478
1738726210533 189.10681292514954 479
1738726210570 168.72876098196838 480
1738726210608 166.5328278261319 481
1738726210645 164.4555648893592 482
1738726210683 188.12213789528778 483
1738726210721 187.38669333757642 484
1738726210758 191.77012038700863 485
1738726210795 135.71493392248354 486
1738726210833 140.16071719169253 487
1738726210870 161.51894466123863 488
1738726210908 156.12920207602318 489
1738726210946 155.76421773605452 490
1738726210983 145.64980839456814 491
1738726211021 168.23923742361634 492
1738726211058 187.64939730397012 493
1738726211096 161.28017180357529 494
1738726211133 190.44503699162982 495
1738726211171 151.16931325233784 496
1738726211208 164.32037916546722 497
1738726211246 185.55739200802037 498
1738726211283 160.4028321370203 499
