1738721997383 168.76799716717633 0
1738721997385 169.96005848029196 1
1738721997387 169.92084048529054 2
1738721997388 168.60129793279413 3
1738721997390 168.903180713842 4
1738721997392 169.3668245889375 5
1738721997394 169.84998566810984 6
1738721997395 169.47585876848177 7
1738721997397 167.9735298485613 8
1738721997399 168.84979272814132 9
1738721997400 167.67583487880032 10
1738721997402 171.22946325257678 11
1738721997404 167.11718530922843 12
1738721997405 168.80811040253337 13
1738721997407 168.80159139288895 14
1738721997409 169.10077345750076 15
1738721997410 167.95556483960357 16
1738721997412 172.9885326357803 17
1738721997413 166.81986525275894 18
1738721997415 168.71665027572575 19
1738721997417 169.86807871967005 20
1738721997419 168.4054227900635 21
1738721997420 169.3478714563196 22
1738721997422 166.84654726163848 23
