1738722855305 169.7889531106027 0
1738722855308 169.8912695471627 1
1738722855310 167.99193917152775 2
1738722855312 168.29883340031256 3
1738722855314 165.69661382918446 4
1738722855316 168.2433653925073 5
1738722855318 169.18465277085855 6
1738722855321 165.97890592271568 7
1738722855324 167.57698023182795 8
1738722855326 169.89438749997106 9
1738722855328 167.97306514234086 10
1738722855330 168.99208201440948 11
1738722855333 168.20891365956513 12
1738722855335 171.2631188081163 13
1738722855337 168.71710301617762 14
1738722855339 170.06661749543449 15
1738722855341 166.9709920111776 16
1738722855344 165.17954216883246 17
1738722855346 168.15946738641782 18
1738722855348 167.14265239512002 19
1738722855350 168.0834441185272 20
1738722855353 169.34428976070666 21
1738722855355 167.11259043129382 22
