1738722566218 170.31468735479712 0
1738722566220 167.96973904039803 1
1738722566223 170.12673876755284 2
1738722566225 169.7722071181185 3
1738722566227 169.95778640049062 4
1738722566229 169.55379032894314 5
1738722566231 171.5693097056569 6
1738722566233 169.32686231805144 7
1738722566236 168.75072006672727 8
1738722566238 167.2452862745306 9
1738722566240 170.95087257718825 10
1738722566242 170.0653174243911 11
1738722566244 166.4871486745437 12
1738722566247 169.46507177632455 13
1738722566249 169.6512153111423 14
1738722566251 168.2894011993838 15
1738722566253 167.67929843431943 16
1738722566255 166.89668452405346 17
1738722566257 167.91436964314755 18
1738722566259 167.65101057997956 19
1738722566262 170.0780766661816 20
1738722566264 170.48005301629362 21
1738722566266 167.18481494762094 22
1738722566268 167.36728967583372 23
1738722566270 166.97102510980363 24
1738722566273 168.35924761861912 25
1738722566275 169.4287189039922 26
1738722566277 168.7899120709652 27
1738722566279 169.7898761820381 28
1738722566281 169.53065898905274 29
1738722566283 168.11456471495936 30
