1738726354782 162.24193937009363 0
1738726354820 181.1494228659697 1
1738726354857 155.52262320325838 2
1738726354893 164.6477980875006 3
1738726354931 165.65112735697798 4
1738726354969 181.8542284537447 5
1738726355007 185.35819026945188 6
1738726355044 184.0396575297637 7
1738726355081 137.62906328507486 8
1738726355118 135.2381025757399 9
1738726355155 173.00959371715547 10
1738726355193 171.25221532674544 11
1738726355230 180.78900070704657 12
1738726355268 153.7722306821267 13
1738726355305 170.72461546891793 14
1738726355342 132.46592771857388 15
1738726355379 164.38521744509885 16
1738726355416 180.27658055904382 17
1738726355453 145.8122055672161 18
1738726355490 184.95691668220775 19
1738726355527 173.2689789965259 20
1738726355564 168.76366384642617 21
1738726355601 163.21440003464437 22
1738726355638 148.3717828208395 23
1738726355675 190.7708498002276 24
1738726355712 188.47409062412774 25
1738726355749 174.294643834191 26
1738726355787 153.45896845119975 27
1738726355824 152.6048186856952 28
1738726355861 172.510726485643 29
1738726355898 190.6586166726681 30
1738726355936 181.0042038170248 31
1738726355973 156.55407947890598 32
1738726356010 196.9707811338991 33
1738726356047 167.01488757950585 34
1738726356084 167.71676244873547 35
1738726356121 159.1891330525364 36
1738726356158 169.37940932424297 37
1738726356195 174.16294051835214 38
1738726356232 176.10897205476806 39
1738726356268 186.26557735401124 40
1738726356305 179.96544312135686 41
1738726356342 150.39375376378717 42
1738726356406 194.39110835493554 43
1738726356445 152.16015568671472 44
1738726356482 171.97141226892262 45
1738726356520 156.08983554336575 46
1738726356557 161.41506133618495 47
1738726356595 143.2690967670638 48
1738726356632 169.54811983986522 49
1738726356670 160.44702141161068 50
1738726356707 179.9142284049599 51
1738726356744 170.42705615786195 52
1738726356782 173.4544224454688 53
1738726356819 182.364790557751 54
1738726356856 193.02239290060965 55
1738726356893 166.73156057013253 56
1738726356930 148.22457452731587 57
1738726356968 174.45519881946655 58
1738726357005 156.77709293571144 59
1738726357042 174.01711564062646 60
1738726357084 188.0386158008747 61
1738726357121 164.3757245390756 62
1738726357158 166.84200110917993 63
1738726357196 157.72784519335258 64
1738726357233 170.73658681910632 65
1738726357270 171.50488810407532 66
1738726357308 153.34112498502864 67
1738726357345 156.2054047139609 68
1738726357382 145.32459074064005 69
1738726357419 163.276098189779 70
1738726357456 177.46983768838967 71
1738726357493 158.45138335103962 72
1738726357530 167.2386792136361 73
1738726357567 176.47879209560642 74
1738726357604 173.5888200450475 75
1738726357641 185.74787151688867 76
1738726357678 183.72503855479 77
1738726357715 184.47645947365274 78
1738726357752 169.92319205062407 79
1738726357789 201.68222337372643 80
1738726357826 138.31845098068396 81
1738726357863 129.40632570939474 82
1738726357899 116.6543718253478 83
1738726357936 177.3370343502344 84
1738726357973 203.33810886992075 85
1738726358010 159.6869342185366 86
1738726358047 197.72683828538612 87
1738726358084 154.08129007618575 88
1738726358121 177.47627371856163 89
1738726358158 175.6308593404906 90
1738726358195 164.34514853978942 91
1738726358231 165.19285157222015 92
1738726358268 172.48211537375053 93
1738726358305 194.53037015711078 94
1738726358342 170.04333786904374 95
1738726358379 158.74513562103863 96
1738726358416 156.9486081611186 97
1738726358452 196.0798095570947 98
1738726358489 171.09055941987395 99
1738726358526 169.21367605226743 100
1738726358563 184.84291768435773 101
1738726358600 182.21451612731565 102
1738726358637 184.3074958808105 103
1738726358674 164.11399160523388 104
1738726358711 171.76358748613066 105
1738726358748 158.0724613493676 106
1738726358784 161.85885096296016 107
1738726358822 167.9117556659487 108
1738726358858 162.8734091156074 109
1738726358895 232.78128813352444 110
1738726358932 167.31985487313324 111
1738726358969 154.7661931552499 112
1738726359006 164.7872342182569 113
1738726359043 157.99254700468896 114
1738726359080 173.38742612125768 115
1738726359117 175.53100860036062 116
1738726359153 182.46351218977406 117
1738726359190 174.4544835137404 118
1738726359227 148.2704132883752 119
1738726359264 147.32011416500268 120
1738726359302 165.74499211104862 121
1738726359339 186.16339686056725 122
1738726359375 149.22914603323468 123
1738726359412 186.90787362075346 124
1738726359449 172.92861812110542 125
1738726359486 210.48824542637564 126
1738726359523 158.95753209665975 127
1738726359559 155.78439659207072 128
1738726359596 160.56299507357394 129
1738726359633 183.04285673792677 130
1738726359670 151.5732925099543 131
1738726359707 187.88338206190025 132
1738726359743 187.54746004122688 133
1738726359780 168.5048696947505 134
1738726359817 163.83935947159367 135
1738726359854 176.79253410037558 136
1738726359891 151.6789378163481 137
1738726359927 177.7245907689694 138
1738726359964 193.49513515086736 139
1738726360001 163.32421134757735 140
1738726360038 148.9770456529897 141
1738726360074 142.27418505161629 142
1738726360111 162.6303954744669 143
1738726360148 163.72206005816466 144
1738726360185 182.51017636278988 145
1738726360221 171.34090934237372 146
1738726360258 179.13640428316114 147
1738726360295 183.65815521019286 148
1738726360332 181.09329882575418 149
1738726360374 172.1048730429291 150
1738726360412 183.61162566775377 151
1738726360450 156.40467475712074 152
1738726360488 155.98130276375144 153
1738726360525 190.30497535153614 154
1738726360563 174.44068667321125 155
1738726360601 181.8000456231747 156
1738726360662 161.89377501846997 157
1738726360700 170.39467931025857 158
1738726360738 164.35945791010872 159
1738726360776 163.41614187442565 160
1738726360814 127.6860971758507 161
1738726360851 166.58666636735782 162
1738726360889 203.04349308839957 163
1738726360927 182.43512057066616 164
1738726360964 142.1181051012475 165
1738726361002 172.5339021187621 166
1738726361045 161.39898020682972 167
1738726361084 166.38300327211354 168
1738726361121 168.0001724988236 169
1738726361159 207.09166697796763 170
1738726361196 127.10990710252408 171
1738726361234 163.47689821292101 172
1738726361271 182.77335312171948 173
1738726361309 161.45770368751374 174
1738726361347 177.4594942923972 175
1738726361384 172.0273042089085 176
1738726361422 163.87603481763574 177
1738726361459 185.08381581712575 178
1738726361497 142.37378295800195 179
1738726361534 162.3545545819723 180
1738726361571 145.4885457614824 181
1738726361609 173.3251184769805 182
1738726361646 156.95977157436914 183
1738726361683 174.7062993887573 184
1738726361721 160.28683488059312 185
1738726361758 161.5220320581818 186
1738726361795 152.35215271928772 187
1738726361832 173.84853297676798 188
1738726361870 188.65467351287455 189
1738726361907 162.30109538215677 190
1738726361944 170.82708953469884 191
1738726361981 169.55710745205653 192
1738726362018 182.89959462420273 193
1738726362055 191.99194338717234 194
1738726362092 185.7402594535063 195
1738726362129 176.05497940407184 196
1738726362166 159.78930824883864 197
1738726362203 168.96815135139505 198
1738726362240 165.6604701238174 199
1738726362277 170.14081152003678 200
1738726362314 172.4322101274758 201
1738726362351 155.18554424080577 202
1738726362388 166.0715605672721 203
1738726362425 190.00738873436512 204
1738726362462 149.99847029459517 205
1738726362499 163.96385811346588 206
1738726362536 181.40443769765315 207
1738726362573 179.89723335278177 208
1738726362610 190.02721182496447 209
1738726362647 202.57472124047396 210
1738726362684 184.09602632389027 211
1738726362721 197.28708386368237 212
1738726362758 182.98003240465331 213
1738726362794 212.6133357152356 214
1738726362831 207.30756283672758 215
1738726362869 173.46864650043824 216
1738726362907 156.8851388532064 217
1738726362946 150.77995995770712 218
1738726362984 154.30307860262113 219
1738726363023 158.8521983402206 220
1738726363061 205.66791921069375 221
1738726363099 177.77014677503394 222
1738726363136 180.03174518554218 223
1738726363174 119.99187854615516 224
1738726363211 150.64009433439495 225
1738726363248 182.4000031430024 226
1738726363286 153.27262163640327 227
1738726363324 156.38788078261655 228
1738726363361 139.933339300844 229
1738726363399 154.9968546226134 230
1738726363437 180.6937350125211 231
1738726363474 163.07064436221222 232
1738726363511 158.78764487928916 233
1738726363551 146.07089721783265 234
1738726363589 164.27071319266415 235
1738726363628 154.53375638383136 236
1738726363667 164.96131464451358 237
1738726363706 162.62197465849593 238
1738726363744 197.15386974883728 239
1738726363782 166.82074066701955 240
1738726363823 143.21110165602235 241
1738726363861 184.66594618835484 242
1738726363898 128.06526109073462 243
1738726363936 181.51031449757275 244
1738726363973 186.38785411846723 245
1738726364013 180.53911388264618 246
1738726364061 157.44701847295147 247
1738726364107 138.70197278735486 248
1738726364151 190.60903079004083 249
1738726364190 160.84570948962462 250
1738726364229 158.9869682618111 251
1738726364268 204.2331274994578 252
1738726364307 162.65061838982803 253
1738726364345 178.87219020427065 254
1738726364383 136.83092647762123 255
1738726364421 169.08781672117775 256
1738726364460 195.41969236844048 257
1738726364498 172.52051693994005 258
1738726364536 176.42431137740132 259
1738726364574 161.74034162573008 260
1738726364612 173.70593972293568 261
1738726364649 139.1767053806874 262
1738726364687 223.67627446475757 263
1738726364725 132.2251716919455 264
1738726364762 175.17166763983454 265
1738726364800 133.85204617077324 266
1738726364837 174.40957938394604 267
1738726364875 182.08219524448853 268
1738726364913 147.1565411908869 269
1738726364950 156.69410702794346 270
1738726364989 168.9097580074404 271
1738726365027 173.02773259243037 272
1738726365072 163.0965585606002 273
1738726365116 164.8636593518468 274
1738726365156 160.57984269992568 275
1738726365195 158.91479053989107 276
1738726365233 175.43434878439456 277
1738726365271 159.97814930066986 278
1738726365309 178.64838068378893 279
1738726365396 178.78352041944524 280
1738726365442 184.65549535259981 281
1738726365480 178.79133899471444 282
1738726365517 161.6525117466188 283
1738726365555 195.83740844709882 284
1738726365592 203.85030644671 285
1738726365630 156.52868719832597 286
1738726365667 182.7259582323914 287
1738726365704 187.54753637886404 288
1738726365741 173.76382837530912 289
1738726365778 186.9387697217006 290
1738726365817 186.5327083038556 291
1738726365856 137.18776152959802 292
1738726365899 163.12769908851223 293
1738726365938 195.0787249617351 294
1738726365977 154.08095550768007 295
1738726366015 175.0973194635709 296
1738726366054 151.8774034610143 297
1738726366092 182.50795608809912 298
1738726366130 163.5565838661758 299
1738726366169 141.98794216241302 300
1738726366207 160.87638022979468 301
1738726366246 193.07049285822268 302
1738726366284 149.80681217082488 303
1738726366323 155.40683564344585 304
1738726366361 179.11096116768744 305
1738726366399 163.0079363639157 306
1738726366438 191.88184248537576 307
1738726366476 161.4391560188193 308
1738726366514 152.71521473904687 309
1738726366552 167.83360850237815 310
1738726366590 162.3197326612689 311
1738726366628 162.09565821132287 312
1738726366666 182.31803861875764 313
1738726366704 158.3224136570258 314
1738726366741 167.192584229709 315
1738726366781 145.38530331229376 316
1738726366821 167.76335383601273 317
1738726366860 202.2218014562647 318
1738726366931 168.93689117054222 319
1738726366972 148.47409099464033 320
1738726367013 166.33920711550542 321
1738726367053 193.01650395926745 322
1738726367092 161.2016820101096 323
1738726367131 169.10533613978973 324
1738726367171 158.60598348807048 325
1738726367210 156.47570192783348 326
1738726367250 125.64446327192766 327
1738726367289 155.26771554308627 328
1738726367329 153.8153028972485 329
1738726367368 152.5669891446973 330
1738726367407 178.58373244470098 331
1738726367447 160.40617049809165 332
1738726367487 182.36675617291309 333
1738726367527 135.09323114814447 334
1738726367566 191.0380334307378 335
1738726367604 265.33775512892305 336
1738726367643 169.68238523025218 337
1738726367681 144.76629116619452 338
1738726367720 175.71979203583496 339
1738726367758 188.33483195152317 340
1738726367795 171.17605636037513 341
1738726367834 173.86333983827203 342
1738726367873 161.22890223688088 343
1738726367912 174.2830703217628 344
1738726367950 165.21321990519957 345
1738726367989 123.16037519101367 346
1738726368027 194.23636753672926 347
1738726368066 184.22009643845246 348
1738726368104 179.47527264933007 349
1738726368143 163.19105114476784 350
1738726368182 170.3927465429831 351
1738726368222 192.33950161670208 352
1738726368261 173.59965035009878 353
1738726368301 178.96575994740152 354
1738726368341 144.66638990232136 355
1738726368381 150.39483778605802 356
1738726368421 168.48327290764996 357
1738726368459 154.58737189175358 358
1738726368497 219.4455491835951 359
1738726368535 165.99255665358777 360
1738726368573 171.26240520086384 361
1738726368612 161.1267405689995 362
1738726368652 175.32153063721478 363
1738726368692 159.7563664431799 364
1738726368732 192.6792919632134 365
1738726368771 167.98148616983482 366
1738726368811 177.81345056071208 367
1738726368850 190.51908939905863 368
1738726368890 162.02746338812358 369
1738726368929 175.46839757692902 370
1738726368970 169.2123588462198 371
1738726369009 178.82468169591348 372
1738726369049 178.04391959827976 373
1738726369088 160.0293241942812 374
1738726369127 169.94379932520008 375
1738726369165 163.79298298960953 376
1738726369203 187.20511898801925 377
1738726369242 143.05876558468591 378
1738726369280 162.69927396744828 379
1738726369318 179.29316311583477 380
1738726369356 117.64884976259826 381
1738726369394 191.15491166601873 382
1738726369433 171.49479661955493 383
1738726369471 164.91485797858525 384
1738726369509 205.122583195939 385
1738726369547 161.44640398164935 386
1738726369585 143.4941703319685 387
1738726369623 175.63907836345575 388
1738726369661 175.42578024346915 389
1738726369699 172.51186576944687 390
1738726369737 160.64390707737542 391
1738726369776 157.55261679648075 392
1738726369814 167.16651814005309 393
1738726369852 172.13999000201633 394
1738726369890 174.04125198886334 395
1738726369928 154.16457939611934 396
1738726369966 162.4228155111792 397
1738726370004 176.76999521949165 398
1738726370042 166.906073424643 399
1738726370079 162.72743317699482 400
1738726370117 153.54732799851715 401
1738726370155 174.1831576490914 402
1738726370193 156.60658558009442 403
1738726370230 195.91827730643166 404
1738726370268 161.69261468634537 405
1738726370306 162.09515734057203 406
