1738726148534 169.33880939503254 0
1738726148537 169.2206494495787 1
1738726148541 168.09940326273923 2
1738726148545 170.24192415591367 3
1738726148548 168.10050770120324 4
1738726148552 169.42625993664709 5
1738726148555 167.40271508655303 6
1738726148559 172.8617113989551 7
1738726148563 167.2781779156318 8
1738726148566 168.9901351893635 9
1738726148570 169.80205277067276 10
1738726148573 166.76026629538154 11
1738726148577 170.30070489105546 12
1738726148580 170.89570829935357 13
1738726148584 168.67999201126875 14
1738726148587 167.60012574919133 15
1738726148591 167.4928286221467 16
1738726148594 168.75807852030556 17
1738726148598 169.9105949417808 18
1738726148601 168.23379485731735 19
1738726148605 171.39539311796247 20
1738726148608 170.70097412655514 21
1738726148612 169.58431236604383 22
1738726148615 168.58562625299484 23
1738726148619 170.5464251357335 24
1738726148622 171.31738682561695 25
1738726148626 170.76869326302764 26
1738726148629 168.86266075986796 27
1738726148633 169.56141696562594 28
1738726148636 168.96462123519325 29
1738726148640 170.7500546773596 30
1738726148643 168.82072202771562 31
1738726148647 168.34222418993716 32
1738726148650 168.02716263096573 33
1738726148654 165.93210173723793 34
1738726148657 168.72138068450985 35
1738726148661 167.75265207271747 36
1738726148664 166.66729031998636 37
1738726148668 171.9756499578668 38
1738726148672 167.75972977716123 39
1738726148679 167.9411502859522 40
1738726148685 167.98357507121884 41
1738726148690 167.22947780316468 42
1738726148693 168.87840408623268 43
1738726148697 170.39172457633885 44
1738726148700 167.95959500567503 45
1738726148704 168.29809997503403 46
1738726148708 166.44157600508973 47
1738726148711 169.83610216535905 48
1738726148715 167.95978177061096 49
1738726148718 169.29540755036422 50
1738726148722 167.79863181193687 51
1738726148726 169.37343961207375 52
1738726148729 168.5277305188277 53
1738726148733 170.1705824922418 54
1738726148737 170.13974781132217 55
1738726148740 169.31193998240903 56
1738726148744 167.81056127127826 57
1738726148747 170.0020458140399 58
1738726148751 168.38772463551234 59
1738726148754 169.02022630953581 60
1738726148758 168.13674433444447 61
1738726148761 169.4041162509617 62
1738726148765 169.76577281375515 63
1738726148768 169.36882628447674 64
1738726148772 169.78917040442732 65
1738726148775 167.23898406109817 66
1738726148779 169.19318046379792 67
1738726148782 169.7595193967974 68
1738726148786 169.49074552938455 69
1738726148789 166.3520676775403 70
1738726148793 168.91624603099288 71
1738726148796 167.83241366113046 72
1738726148800 167.72688375787357 73
1738726148803 170.44952472024107 74
1738726148807 170.30041694342384 75
1738726148810 170.0434787624105 76
1738726148814 168.42941885251196 77
1738726148817 168.83156409142347 78
1738726148821 168.7287903053118 79
1738726148824 170.28912978858332 80
1738726148828 169.6761852612803 81
1738726148832 166.2008646444128 82
1738726148835 169.91267938129934 83
1738726148839 166.27047279903596 84
1738726148842 169.8294196692324 85
1738726148846 167.3150171250802 86
1738726148849 168.56259888236232 87
1738726148853 169.23760689411878 88
1738726148856 172.01318997356623 89
1738726148860 168.13958228664828 90
1738726148863 168.7315823789107 91
1738726148867 172.26203749539155 92
1738726148870 170.44733013334758 93
1738726148874 171.0408670214064 94
1738726148877 167.83844790056042 95
1738726148881 170.84799771561467 96
1738726148884 167.98777490555727 97
1738726148888 167.96962995574165 98
1738726148891 167.87918394954926 99
1738726148895 169.3700844454041 100
1738726148900 166.8991762314204 101
1738726148904 167.8563030067313 102
1738726148907 166.54417780339423 103
1738726148911 169.0536435890863 104
1738726148915 170.04028430390684 105
1738726148918 170.75646745875085 106
1738726148922 168.7641094568465 107
1738726148925 168.6998099807611 108
1738726148929 169.0254543261038 109
1738726148932 168.11296669054755 110
1738726148936 168.65245382459514 111
1738726148939 168.5338661444038 112
1738726148943 171.03282426265716 113
1738726148946 168.4656410907001 114
1738726148950 168.0347693741342 115
1738726148953 168.59284379605234 116
1738726148957 168.22769665398047 117
1738726148960 167.9820827720291 118
1738726148964 172.45115649068313 119
1738726148967 168.07577160866782 120
1738726148971 168.86526170775895 121
1738726148974 171.60874115530598 122
1738726148978 169.29362911501914 123
1738726148981 169.3212128673827 124
1738726148985 167.70724587815965 125
1738726148988 169.11685289872378 126
1738726148992 168.32704371529002 127
1738726148995 167.41266791664506 128
1738726148999 169.5065566982527 129
1738726149002 166.99226582724438 130
1738726149006 169.00797906069664 131
1738726149009 169.5907480723934 132
1738726149013 168.79985729433298 133
1738726149016 171.7766049516025 134
1738726149020 167.35300251954305 135
1738726149023 168.74811554539434 136
1738726149027 170.45207893284595 137
1738726149030 167.6668807831605 138
1738726149034 169.99415069809461 139
1738726149037 170.53571561397524 140
1738726149041 167.68928491377625 141
1738726149044 169.88152986898174 142
1738726149048 167.628900602507 143
1738726149051 167.4875335506388 144
1738726149055 173.0843141611136 145
1738726149058 169.21753728806613 146
1738726149062 170.15533861590697 147
1738726149065 169.6836848993779 148
1738726149069 167.27583389835416 149
1738726149072 169.36706138878858 150
1738726149076 169.61638068598415 151
1738726149079 167.9716121692283 152
1738726149083 168.606371449967 153
1738726149086 167.33109743180827 154
1738726149090 170.8711870911725 155
1738726149093 168.79835190447588 156
1738726149097 170.1053560979176 157
1738726149100 168.19088166301233 158
1738726149104 170.9703098252336 159
1738726149107 167.90371906327266 160
1738726149111 168.1404517278792 161
1738726149114 170.29253245785083 162
1738726149118 168.52934670793002 163
1738726149121 170.9042123283049 164
1738726149124 166.7343758942166 165
1738726149128 170.03414858581192 166
1738726149131 170.43137192247647 167
1738726149135 168.83087832724684 168
1738726149138 168.85942323137547 169
1738726149142 168.6562451867095 170
1738726149145 168.4033961446185 171
1738726149149 168.73710971720638 172
1738726149153 168.18735530699882 173
1738726149156 167.251006190601 174
1738726149160 168.08955035405117 175
1738726149163 169.59191050563825 176
1738726149167 167.75294928126317 177
1738726149170 169.7292011571664 178
1738726149174 172.6227260570228 179
1738726149177 169.11921157321964 180
1738726149181 168.6568570358401 181
1738726149184 169.02774722663858 182
1738726149188 167.42300533156714 183
1738726149191 170.22327160124303 184
1738726149195 172.07275116102213 185
1738726149198 167.6510071791038 186
1738726149202 168.28960051453078 187
1738726149205 169.17915997420198 188
1738726149209 169.20362437872384 189
1738726149212 167.43034005112594 190
1738726149216 169.4933353860125 191
1738726149219 167.78257688929165 192
1738726149223 169.05963354485286 193
1738726149226 167.6433765935817 194
1738726149230 171.35322258282864 195
1738726149233 166.2627992250347 196
1738726149237 167.1277436144504 197
1738726149240 169.55967882150267 198
1738726149244 170.92168160387158 199
1738726149247 168.1485168294454 200
1738726149251 169.18363885439052 201
1738726149254 167.94063703420377 202
1738726149258 167.01634568823894 203
1738726149261 168.27284392080207 204
1738726149265 170.56612944670073 205
1738726149268 167.308945846695 206
1738726149272 171.05148627902335 207
1738726149275 168.05192266636428 208
1738726149279 168.42950688932268 209
1738726149282 169.69554560030932 210
1738726149286 171.43302666923952 211
