1738724097060 173.7821788628652 0
1738724097095 153.78573303674324 1
1738724097129 170.0505833965297 2
1738724097162 183.02621261710632 3
1738724097196 163.26565640023418 4
1738724097230 170.27663590878947 5
1738724097265 179.30604978694845 6
1738724097299 170.20453651990022 7
1738724097332 130.0446975894598 8
1738724097366 156.81239138570024 9
1738724097400 184.42731514096602 10
1738724097433 191.00725054527294 11
1738724097467 179.646284792961 12
1738724097500 168.94618068072975 13
1738724097534 185.1284983161493 14
1738724097567 176.52731026083958 15
1738724097601 179.32474797483096 16
1738724097635 155.66416147202224 17
1738724097668 204.41391876977056 18
1738724097702 163.21693091231865 19
1738724097736 157.03788206325996 20
1738724097769 164.77557056827234 21
1738724097803 182.05933602456406 22
1738724097836 175.12895205095734 23
1738724097869 165.25322422445046 24
1738724097903 171.60693820124493 25
1738724097936 168.74646938479572 26
1738724097970 166.1261883058222 27
1738724098003 178.87204529814827 28
1738724098036 156.9127324971597 29
1738724098069 178.0610344530944 30
1738724098103 160.77439244601095 31
1738724098136 138.47825840580057 32
1738724098169 184.87049609192118 33
1738724098203 169.87659997089426 34
1738724098236 206.525719460172 35
1738724098269 184.55090340921797 36
1738724098303 140.22605971894495 37
1738724098338 172.76388281159947 38
1738724098371 164.0388521450823 39
1738724098404 169.34017104727644 40
1738724098438 165.34029880637607 41
1738724098471 169.01037881934903 42
1738724098505 125.39789485783437 43
1738724098539 179.7713380394884 44
1738724098573 172.74070758661418 45
1738724098606 162.39194269902725 46
1738724098640 163.94719534426284 47
1738724098673 162.44510125685866 48
1738724098707 188.71133312970665 49
1738724098741 163.7376797097434 50
1738724098774 157.48732778335196 51
1738724098807 166.6034853245758 52
1738724098841 163.09156527589056 53
1738724098874 161.277751745293 54
1738724098908 162.97454230650916 55
1738724098941 152.4458913265255 56
1738724098975 149.76983487506783 57
1738724099009 146.05341749395697 58
1738724099042 185.50706018968287 59
1738724099075 143.758497909261 60
1738724099109 160.30967900196345 61
1738724099142 177.86435044348744 62
1738724099176 184.66563366010183 63
1738724099209 183.36270976651875 64
1738724099242 183.1393197789159 65
1738724099275 162.17775400025033 66
1738724099309 194.56593788464778 67
1738724099342 165.93557636861624 68
1738724099376 159.3992196398067 69
1738724099409 142.48644170105544 70
1738724099443 176.070335515378 71
1738724099476 191.63330358220873 72
1738724099509 142.12038741367326 73
1738724099542 152.06684408255254 74
1738724099576 180.03621872843232 75
1738724099609 177.40855347077508 76
1738724099642 149.45100713338095 77
1738724099675 244.10007390666024 78
1738724099709 188.40302381992822 79
1738724099742 199.9643608885783 80
1738724099775 150.29146210712756 81
1738724099809 155.3052086656507 82
1738724099842 194.52392029186984 83
1738724099875 165.59456256314647 84
1738724099908 171.7351364961182 85
1738724099941 155.00897277637162 86
1738724099974 186.70903330227063 87
1738724100008 173.36817064850828 88
1738724100041 161.8759363265331 89
1738724100074 155.0859608102832 90
1738724100107 184.57472192657548 91
1738724100140 173.7013808797439 92
1738724100174 147.0800230360644 93
1738724100207 169.9846855865001 94
1738724100240 168.82816854757397 95
1738724100273 175.06505714588317 96
1738724100307 169.65988843987998 97
1738724100340 148.05491266689643 98
1738724100373 165.37362481921994 99
1738724100406 172.56580347727174 100
1738724100439 158.15338425923844 101
1738724100472 172.79535887946804 102
1738724100505 168.86232282304016 103
1738724100538 165.62161155440185 104
1738724100571 164.4144094695556 105
1738724100604 179.76097969609444 106
1738724100637 184.44414736840656 107
1738724100670 144.23737612556323 108
1738724100703 157.48695359747973 109
1738724100736 149.71757898987664 110
1738724100769 184.45923464449433 111
1738724100802 154.48362312964318 112
1738724100835 144.89757558948182 113
1738724100868 166.84786868770504 114
1738724100901 160.5518914992024 115
1738724100934 202.5442371195605 116
1738724100967 174.36534486905487 117
1738724101000 171.1487134509362 118
1738724101033 144.88409351131585 119
1738724101067 150.12967581899775 120
1738724101101 174.39301639440194 121
1738724101135 181.82732127916364 122
1738724101168 129.90500735708008 123
1738724101202 187.6065540941017 124
1738724101235 160.52938383273008 125
1738724101269 146.88979285716854 126
1738724101302 183.18663522724495 127
1738724101336 175.72510881376687 128
1738724101369 201.66836830474818 129
1738724101402 159.23227359025012 130
1738724101436 171.9567144630033 131
1738724101469 206.50887132855257 132
1738724101502 148.18986522753187 133
1738724101536 178.71617674735626 134
1738724101569 121.39528971525029 135
1738724101602 184.41993970220693 136
1738724101636 154.10639965853156 137
1738724101669 153.56985591016027 138
1738724101703 166.3029290788551 139
1738724101736 150.6647723299492 140
1738724101769 166.70760733879206 141
1738724101803 154.2715665647691 142
1738724101836 173.2851880391584 143
1738724101869 174.31629041883374 144
1738724101902 184.00973736008262 145
1738724101935 166.68035427128575 146
1738724101968 148.62171729172144 147
1738724102001 170.86070878839593 148
1738724102035 176.2107432821736 149
1738724102068 170.34337770887825 150
1738724102101 159.39372869135573 151
1738724102135 171.71788781566462 152
1738724102168 136.4895229340265 153
1738724102201 157.85519629990273 154
1738724102235 173.44575207138206 155
1738724102268 173.31052903690576 156
1738724102301 151.48983955348805 157
1738724102334 217.33451644463534 158
1738724102367 129.33127786472807 159
1738724102400 173.7186281247964 160
1738724102434 160.76500685870272 161
1738724102467 157.25691137352405 162
1738724102500 158.7470745092651 163
1738724102533 165.02156989108164 164
1738724102566 172.40048301797572 165
1738724102599 227.39213743246899 166
1738724102633 156.7512514822074 167
1738724102665 179.13437414108262 168
1738724102699 163.4858914592253 169
1738724102732 170.802460894291 170
1738724102765 139.94555565406708 171
1738724102798 180.71772785261518 172
1738724102831 153.8894716462669 173
1738724102864 147.93831912720034 174
1738724102897 162.7880322226619 175
1738724102930 163.41924722757392 176
1738724102963 204.49811121701745 177
1738724102997 166.6053281182165 178
1738724103030 162.90816680607136 179
1738724103063 174.16518736032333 180
1738724103097 169.46683791858197 181
1738724103130 175.87416153955053 182
1738724103163 172.28135312694397 183
1738724103196 166.60549580044554 184
1738724103229 174.880726338626 185
1738724103262 205.36502124567784 186
1738724103295 158.42767289839526 187
1738724103328 185.88517792460166 188
1738724103361 177.52946527530924 189
1738724103394 142.57323000796652 190
1738724103427 176.77964642702955 191
1738724103460 184.53127220732634 192
1738724103493 163.0500724149428 193
1738724103526 188.93645425419976 194
1738724103560 168.5849224327184 195
1738724103593 157.53354646124168 196
1738724103627 155.00304000983797 197
1738724103660 134.77142994749468 198
1738724103693 165.00470943452652 199
1738724103726 131.9959833316899 200
1738724103759 170.93927296271823 201
1738724103793 165.8617505901009 202
1738724103826 171.96275701396502 203
1738724103859 178.1967743171334 204
1738724103892 146.54227711963136 205
1738724103925 160.45742224089824 206
1738724103958 156.18912489825746 207
1738724103992 159.56598228745156 208
1738724104025 194.2010497586339 209
1738724104058 165.37158955392493 210
1738724104091 169.6993589108795 211
1738724104124 166.2381713724075 212
1738724104157 181.6511207476204 213
1738724104191 153.12149500987695 214
1738724104224 184.8109432218757 215
1738724104257 187.96074962790482 216
1738724104290 168.3676424296561 217
1738724104324 159.94835261941657 218
1738724104358 188.90616849363946 219
1738724104392 171.27873410024455 220
1738724104429 190.46599597482896 221
1738724104463 169.51658053747107 222
1738724104497 185.28450101120524 223
1738724104531 154.1923270110565 224
1738724104564 160.4776476953972 225
1738724104598 181.91004888465255 226
1738724104632 167.20901946618315 227
1738724104666 167.25409601125563 228
1738724104699 148.0874459187401 229
1738724104733 167.52289331385995 230
1738724104767 142.48656951255674 231
1738724104800 151.32136013374003 232
1738724104834 181.90706064688666 233
1738724104868 169.13940918122935 234
1738724104901 238.35254641389201 235
1738724104935 193.81712247830308 236
1738724104969 160.8400938087024 237
1738724105002 165.77813352293762 238
1738724105036 159.5420286716816 239
1738724105069 160.42903878842202 240
1738724105103 164.14825631059819 241
1738724105137 174.12555499991424 242
1738724105171 179.3981310636764 243
1738724105205 154.95139410057365 244
1738724105238 166.5869295085314 245
1738724105272 158.19468385227802 246
1738724105305 162.2808459782285 247
1738724105339 184.27712223980762 248
1738724105372 161.8317117517249 249
1738724105406 156.74306937775557 250
1738724105440 188.79900152872455 251
1738724105473 149.2921675511519 252
1738724105507 173.83662084750858 253
1738724105540 161.83760388889888 254
1738724105573 159.77939617417664 255
1738724105607 166.0562955894143 256
1738724105640 158.06266876687894 257
1738724105674 169.97014920451628 258
1738724105707 167.36692575711507 259
1738724105741 146.0650023161923 260
1738724105774 171.09321600522955 261
1738724105808 187.51129050347058 262
1738724105841 140.36277707943322 263
1738724105874 164.51348498247629 264
1738724105908 180.03634857861036 265
1738724105941 151.59411679734043 266
1738724105975 163.58492845687746 267
1738724106008 178.82128696233633 268
1738724106041 174.8765886483764 269
1738724106075 176.5056127808491 270
1738724106108 163.04386098544313 271
1738724106142 165.70872707541054 272
1738724106175 168.49559563661575 273
1738724106209 168.0426615898803 274
1738724106242 174.1847606382612 275
1738724106275 169.54285148741295 276
1738724106309 178.26529103977745 277
1738724106342 168.3871355295331 278
1738724106375 175.22654029571748 279
1738724106409 165.64444595731655 280
1738724106442 188.4086698031742 281
1738724106475 161.25834060044252 282
1738724106509 180.4781561871081 283
1738724106542 182.89073264097667 284
1738724106576 161.17474822404444 285
1738724106609 176.28968603785924 286
1738724106643 156.23163568613728 287
1738724106676 190.69970015081515 288
1738724106709 174.3829723916232 289
1738724106743 159.78999003569095 290
1738724106776 167.87927515278056 291
1738724106809 166.08668250014762 292
1738724106842 168.50187008219356 293
1738724106876 158.22305922196546 294
1738724106909 179.88604315601754 295
1738724106942 172.48461029098289 296
1738724106976 187.02270847791132 297
1738724107009 150.81437961720988 298
1738724107042 149.28274481468685 299
1738724107076 158.0419092568643 300
1738724107109 151.40972956467988 301
1738724107142 139.56805377264698 302
1738724107176 140.11711703422782 303
1738724107211 164.82068945044213 304
1738724107245 123.09466720301629 305
1738724107279 144.17505335743854 306
1738724107313 166.68728564384887 307
1738724107347 175.2094575816232 308
1738724107381 179.7225950385723 309
1738724107415 246.7363914403752 310
1738724107449 208.05658579856555 311
1738724107483 177.76783984912026 312
1738724107517 181.4270335447279 313
1738724107551 158.58662409823393 314
1738724107584 131.46602637027283 315
1738724107618 166.43672193534363 316
1738724107652 171.94644004312366 317
1738724107685 175.18106206008582 318
1738724107719 162.08353588228601 319
1738724107753 184.25031859547502 320
1738724107786 178.32535396265635 321
1738724107819 151.30200787921734 322
1738724107853 179.38587096634882 323
1738724107886 178.75679231910243 324
1738724107919 162.55457255951924 325
1738724107953 167.43705575727137 326
1738724107986 190.88747152681535 327
1738724108019 178.16545325694585 328
1738724108053 165.11944163278918 329
1738724108086 169.26494131167385 330
1738724108120 152.642859011406 331
1738724108153 131.27443087947577 332
1738724108186 178.34362403604402 333
1738724108219 186.5697324099565 334
1738724108253 173.75481861701888 335
1738724108286 166.0292235414188 336
1738724108319 172.34836731601442 337
1738724108353 179.1400518043348 338
1738724108386 168.7602729190572 339
1738724108419 152.85736820600786 340
1738724108452 163.28494310120405 341
1738724108485 180.08534125709085 342
1738724108519 146.67011125212682 343
1738724108552 198.88079731568797 344
1738724108587 176.58104639360675 345
1738724108623 163.8341118338929 346
1738724108658 178.6739353867099 347
1738724108691 184.74541936642566 348
1738724108724 169.27235478917044 349
1738724108758 170.02213713806353 350
1738724108791 186.6742948882115 351
1738724108824 153.93323025712735 352
1738724108857 149.75370772172235 353
1738724108890 184.89375126489975 354
1738724108924 188.22001726173846 355
1738724108957 158.3269073424552 356
1738724108990 221.62189825965493 357
1738724109024 168.93836729342777 358
1738724109057 226.9602248926436 359
1738724109090 156.09689500836683 360
1738724109123 143.124589360844 361
1738724109157 184.81612176984328 362
1738724109190 174.35840537805552 363
1738724109223 189.2003641838279 364
1738724109257 188.5953008164451 365
1738724109290 189.78939956532756 366
1738724109324 170.9007558012361 367
1738724109357 163.71468171826996 368
1738724109390 164.9846092653648 369
1738724109423 171.82718559406462 370
1738724109456 194.30534690287828 371
1738724109489 154.73710058469354 372
1738724109523 172.57985943084992 373
1738724109558 145.59910439318514 374
1738724109592 177.62225986996032 375
1738724109626 147.94901052458806 376
1738724109660 152.4536329491708 377
1738724109693 191.55883554199508 378
1738724109727 182.7248542035893 379
1738724109761 166.19458390376874 380
1738724109794 161.71355051336195 381
1738724109828 164.83500080349245 382
1738724109862 154.77024374931267 383
1738724109895 172.00580097040603 384
1738724109929 176.25421763993575 385
1738724109963 171.54526754342533 386
1738724109996 150.098504140174 387
1738724110030 163.58492518194774 388
1738724110064 140.4385269171327 389
1738724110097 167.0988398792361 390
1738724110131 177.99486962431558 391
1738724110165 160.48821393379868 392
1738724110198 184.01373306112094 393
1738724110232 171.15227687485307 394
1738724110265 164.84567981176667 395
1738724110299 177.98653942357743 396
1738724110332 183.44172222516218 397
1738724110366 167.05980596325458 398
1738724110399 127.02720628395717 399
1738724110432 189.20881622033988 400
1738724110466 193.85612273992803 401
1738724110499 182.1290674497982 402
1738724110532 191.1804074023541 403
1738724110566 181.28556861737997 404
1738724110599 132.04751486355445 405
1738724110632 172.92717682438777 406
1738724110666 186.63474151762207 407
1738724110699 170.58025914679132 408
1738724110732 177.9865620632823 409
1738724110766 185.30431592601812 410
1738724110799 145.4399682168747 411
1738724110832 180.1482089753057 412
1738724110865 147.63410368471997 413
1738724110898 160.29205849177518 414
1738724110932 147.61687804574174 415
1738724110965 164.96698757033414 416
1738724110998 189.9410005344264 417
1738724111032 152.4798340213242 418
1738724111065 159.4266750387024 419
1738724111098 151.56955134638847 420
1738724111132 144.2236077826377 421
1738724111165 145.08431932635614 422
1738724111198 173.8129980009461 423
1738724111231 158.95677390501385 424
1738724111265 172.36491004245278 425
1738724111299 154.60138180618435 426
1738724111332 180.01354159233782 427
1738724111366 176.46274216236426 428
1738724111401 127.72765248165972 429
1738724111434 148.10009568874628 430
1738724111468 186.3823837521029 431
1738724111501 145.84836225837563 432
1738724111534 151.4128385046082 433
1738724111567 158.84575728240353 434
1738724111601 186.36558995728404 435
1738724111634 174.5053237387179 436
1738724111667 173.67078034714982 437
1738724111700 163.34919575667067 438
1738724111733 174.92271677936392 439
1738724111767 169.05782286802759 440
1738724111800 159.30745453756256 441
1738724111833 183.40307943024337 442
1738724111866 144.57892922062626 443
1738724111899 168.26400690431848 444
1738724111932 211.6759155670489 445
1738724111966 166.7039266762703 446
1738724111999 176.12377080770116 447
1738724112032 195.82350983413843 448
1738724112065 185.44581499650954 449
1738724112098 175.0417991921851 450
1738724112131 191.6448034056637 451
1738724112165 154.10527480028526 452
1738724112198 167.0971737856872 453
1738724112231 162.90085819951813 454
1738724112264 174.51004655433863 455
1738724112297 157.26744120764636 456
1738724112331 168.73329028261026 457
1738724112365 162.3455738610967 458
1738724112399 180.31450652308612 459
1738724112432 169.85967463484877 460
1738724112466 175.31254050284073 461
1738724112500 172.0456858771332 462
1738724112534 172.72914958872718 463
1738724112567 156.88862849406325 464
1738724112601 171.97384618509903 465
1738724112634 174.42202016874802 466
1738724112668 174.97184736397583 467
1738724112701 187.29550505557384 468
1738724112735 170.22440205927563 469
1738724112769 175.329448950349 470
1738724112803 204.0379977132633 471
1738724112837 149.65413311447617 472
1738724112871 173.66557641458175 473
1738724112904 186.5694444486226 474
1738724112938 170.02932748569725 475
1738724112971 179.06748306608245 476
1738724113005 161.69947097514756 477
1738724113038 206.72631036874225 478
1738724113072 174.7928335551873 479
1738724113105 188.83164904671804 480
1738724113139 156.14978812816264 481
1738724113172 184.49544125491943 482
1738724113206 167.90341130036902 483
1738724113239 177.76863497814932 484
1738724113273 173.40028798659176 485
1738724113306 151.84737082892744 486
1738724113340 164.80391389892142 487
1738724113374 171.38647037960362 488
1738724113407 156.16510854880013 489
1738724113441 169.99692454507775 490
1738724113474 170.21442282886431 491
1738724113507 182.72342952533697 492
1738724113541 184.24285941150097 493
1738724113574 178.276338429772 494
1738724113607 142.64516264210255 495
1738724113642 166.14427941250412 496
1738724113676 151.68964674511588 497
1738724113709 174.16335239993867 498
1738724113743 178.09290215852886 499
