1738722115135 170.44810195349373 0
1738722115173 195.2262476029648 1
1738722115209 158.7103902198097 2
1738722115246 175.00893121316693 3
1738722115284 193.56137956271996 4
1738722115321 195.17361754985535 5
1738722115359 172.24347884030348 6
1738722115396 172.3749955971192 7
1738722115433 161.7458917194341 8
1738722115470 166.2974591953901 9
1738722115508 166.5056284923323 10
1738722115545 215.25896398102154 11
1738722115582 174.95485528625164 12
1738722115618 166.9341737850507 13
1738722115654 148.6604079143947 14
1738722115691 181.4921540335874 15
1738722115727 177.52073152549065 16
1738722115763 172.22137916558958 17
1738722115800 162.94745084844507 18
1738722115837 175.84435306745797 19
1738722115874 161.1360427068679 20
1738722115910 149.4329868779051 21
1738722115947 178.23342370435486 22
1738722115984 158.95930871820596 23
1738722116020 177.4163970463123 24
1738722116057 162.69491691960215 25
1738722116094 159.3351615162456 26
1738722116130 207.5808790271308 27
1738722116166 159.25210650988922 28
1738722116203 163.24898879157146 29
1738722116240 134.2661756585711 30
1738722116277 164.57131395669546 31
1738722116314 171.67995872893852 32
1738722116354 131.27965499417377 33
1738722116391 168.3717507941643 34
1738722116427 167.03330454435405 35
1738722116464 146.09811454460794 36
1738722116500 150.2560018632372 37
1738722116537 122.36486697207211 38
1738722116573 167.9079946896806 39
1738722116610 191.69748218086724 40
1738722116646 158.48544751196582 41
1738722116683 173.25070417690753 42
1738722116719 156.52053966579854 43
1738722116755 188.6207695255246 44
1738722116792 173.8377963626839 45
1738722116830 159.97874094893922 46
1738722116867 209.21766086912731 47
1738722116903 159.57415591385288 48
1738722116940 160.7833550803028 49
1738722116977 162.95935771286995 50
1738722117013 155.11380022635595 51
1738722117050 163.03376734316123 52
1738722117088 174.28786688270034 53
1738722117125 171.05578685316723 54
1738722117161 161.4809597113856 55
1738722117198 166.2089692118984 56
1738722117235 163.13798030373914 57
1738722117272 181.3421683195539 58
1738722117309 165.8680984435779 59
1738722117346 192.18704954948328 60
1738722117383 176.27876966575968 61
1738722117420 192.66994980905213 62
1738722117457 180.43567727803426 63
1738722117494 188.58759965616227 64
1738722117530 173.73735544579236 65
1738722117567 184.18882566574445 66
1738722117604 85.52363451527471 67
1738722117641 162.54580658834558 68
1738722117678 158.72511989616905 69
1738722117714 158.3996049381542 70
1738722117751 183.18409500705545 71
1738722117788 184.9455952845123 72
1738722117824 168.83935941771804 73
1738722117861 160.27642468342302 74
1738722117897 211.03686080267335 75
1738722117934 189.68888997434524 76
1738722117970 166.3850638210827 77
1738722118007 186.00670982204818 78
1738722118043 158.02297455696603 79
1738722118079 164.33636618030826 80
1738722118116 160.30330189426218 81
1738722118152 170.40730327574946 82
1738722118188 164.62069392588924 83
1738722118225 172.838320819497 84
1738722118262 161.5316968084902 85
1738722118299 171.6330907622124 86
1738722118335 159.75984947476255 87
1738722118373 183.1476156739644 88
1738722118410 98.54029082510048 89
1738722118447 169.8978654126603 90
1738722118484 187.66886894715572 91
1738722118521 121.08903840655606 92
1738722118559 157.18567729870153 93
1738722118596 179.11423978266274 94
1738722118633 174.40559132849498 95
1738722118670 148.5661634845363 96
1738722118707 154.00192081624408 97
1738722118744 171.21152589353665 98
1738722118781 151.9598406837933 99
1738722118818 180.8937751382381 100
1738722118855 165.2079707718017 101
1738722118893 158.98065598979463 102
1738722118930 169.54646671627825 103
1738722118967 163.55853376330975 104
1738722119005 163.33895972591304 105
1738722119042 181.19466047476487 106
1738722119079 201.90524884639458 107
1738722119116 177.9031464138071 108
1738722119153 175.82273761031044 109
1738722119190 159.5801585029108 110
1738722119228 175.71567539401894 111
1738722119265 146.71685898823029 112
1738722119303 188.74464918565545 113
1738722119340 156.68153339908264 114
1738722119377 183.95380291555125 115
1738722119414 162.1739992026464 116
1738722119451 185.6170178065969 117
1738722119489 156.7819681970079 118
1738722119526 167.9298340510528 119
1738722119562 173.98624279317016 120
1738722119599 186.4917234908664 121
1738722119636 188.28665857204186 122
1738722119673 180.28262478416468 123
1738722119710 135.8655557297036 124
1738722119747 172.59544320637883 125
1738722119784 152.73480301685703 126
1738722119820 165.8199900421289 127
1738722119857 162.58477207567694 128
1738722119893 177.2510072760821 129
1738722119930 144.9148529970247 130
1738722119966 161.80043097100798 131
1738722120002 161.7622795969914 132
1738722120038 168.77360328800555 133
1738722120074 149.2353051179832 134
1738722120111 163.69253498244566 135
1738722120148 163.45991976529072 136
1738722120185 169.23739630272834 137
1738722120221 179.19905752268414 138
1738722120258 161.37318951231262 139
1738722120295 166.902549985428 140
1738722120332 147.8448927291867 141
1738722120369 171.74665563295596 142
1738722120405 161.65309275136102 143
1738722120441 160.16712065387077 144
1738722120477 185.2988721846487 145
1738722120514 178.23645408739787 146
1738722120550 161.57800371033204 147
1738722120586 175.88424821110587 148
1738722120622 145.59318684002932 149
1738722120658 162.82208073140302 150
1738722120694 177.36548688671996 151
1738722120730 138.34452385298948 152
1738722120766 144.83022526557264 153
1738722120804 162.21327616749525 154
1738722120841 157.7389677547047 155
1738722120878 193.45651394898763 156
1738722120916 153.7462668415897 157
1738722120953 152.5279483171145 158
1738722120989 169.78760181289516 159
1738722121026 159.29855534625443 160
1738722121063 162.21441057463352 161
1738722121099 149.7542618793244 162
1738722121135 171.88687923207019 163
1738722121173 177.36301062963452 164
1738722121209 156.06719181378628 165
1738722121246 190.64876863452105 166
1738722121282 169.0122923722907 167
1738722121318 172.3935746860547 168
1738722121355 163.95733714921425 169
1738722121391 168.73888168760038 170
1738722121459 150.21188264812116 171
1738722121526 177.913043647463 172
1738722121564 172.57804859698757 173
1738722121602 164.76790250869493 174
1738722121639 161.77738217669526 175
1738722121677 174.86230929144986 176
1738722121715 153.88596588022986 177
1738722121753 179.91851745567982 178
1738722121791 184.88261341985972 179
1738722121828 173.3736961120992 180
1738722121864 162.88934444900144 181
1738722121901 141.69504389317007 182
1738722121937 146.82239232321942 183
1738722121974 165.36570386281855 184
1738722122010 205.2381576073826 185
1738722122046 171.39288987961686 186
1738722122082 165.6272839984498 187
1738722122120 163.0993025618408 188
1738722122157 111.30349548168785 189
1738722122194 175.05092791796162 190
1738722122230 173.4278559606079 191
1738722122268 158.78413540441232 192
1738722122305 165.8994312511117 193
1738722122343 154.60832755569973 194
1738722122381 107.0463240378609 195
1738722122419 173.7618834154209 196
1738722122457 204.73700267901603 197
1738722122495 173.05758215010727 198
1738722122534 155.58697094879278 199
1738722122572 168.79089510063477 200
1738722122609 137.1465099834203 201
1738722122647 140.77813579927445 202
1738722122684 211.54095252054267 203
1738722122722 152.2813897487089 204
1738722122760 156.73625726967327 205
1738722122797 180.66309914248643 206
1738722122835 172.96001354365802 207
1738722122872 122.58880107230954 208
1738722122909 151.55423054361813 209
1738722122945 167.1411496165857 210
1738722122982 195.7721125856445 211
1738722123020 132.53814363555813 212
1738722123057 167.31518308619155 213
1738722123095 146.6610135682815 214
1738722123133 154.62881430784523 215
1738722123171 153.93319086545898 216
1738722123209 190.67240040482238 217
1738722123247 172.66989156144172 218
1738722123284 164.4848374965957 219
1738722123322 189.78070035074725 220
1738722123360 173.5974275384327 221
1738722123397 179.66323428964793 222
1738722123435 174.40328383154997 223
1738722123473 171.7014564722735 224
1738722123511 159.36067352442993 225
1738722123549 193.64428730263322 226
1738722123587 170.75001969568115 227
1738722123625 140.17739543157293 228
1738722123663 167.85224072302927 229
1738722123701 190.10021357855823 230
1738722123739 175.2175023967474 231
1738722123776 137.4313159920637 232
1738722123814 156.6112443471184 233
1738722123851 172.6198423895428 234
1738722123888 141.6517788235798 235
1738722123925 149.65642313169315 236
1738722123962 192.09425872108991 237
1738722123999 176.0729719971863 238
1738722124035 249.98423930045675 239
1738722124072 172.3484001799028 240
1738722124108 171.05278966974402 241
1738722124145 156.68570630116503 242
1738722124181 190.60482211805896 243
1738722124217 147.4901505469303 244
1738722124254 177.6995299447004 245
1738722124292 171.68050524829343 246
1738722124329 182.20234986088872 247
1738722124366 143.57383751549358 248
1738722124404 174.01846922748382 249
1738722124441 167.55723709598897 250
1738722124478 158.95310497014668 251
1738722124514 205.05998375944344 252
1738722124551 182.2381734883921 253
1738722124588 159.274507851004 254
1738722124625 175.5400701774883 255
1738722124662 178.4526694713004 256
1738722124699 165.72917398189443 257
1738722124736 163.1789067664388 258
1738722124773 152.42026947762992 259
1738722124809 220.60930831404343 260
1738722124845 181.27350036303142 261
1738722124882 186.76525153921145 262
1738722124918 161.70528526859866 263
1738722124954 164.1578195072783 264
1738722124990 177.33883471315235 265
1738722125026 165.8712611275701 266
1738722125063 243.54906223070446 267
1738722125101 171.6548899483729 268
1738722125138 174.0982700068249 269
1738722125175 179.80840933402757 270
1738722125211 188.19122455269093 271
1738722125247 163.8711668647986 272
1738722125284 169.7020325440104 273
1738722125321 173.22741271771065 274
1738722125358 168.27184612426908 275
1738722125395 156.93213580825955 276
1738722125431 146.181076553288 277
1738722125467 189.30238786876242 278
1738722125504 170.33932772407164 279
1738722125541 191.17604710131076 280
1738722125578 154.78753305019404 281
1738722125615 167.0482123668889 282
1738722125653 242.23966261144565 283
1738722125691 166.97086185142072 284
1738722125728 175.54194066905805 285
1738722125766 155.01227292809284 286
1738722125805 203.806145561355 287
1738722125843 178.6917196575794 288
1738722125881 158.25249179873944 289
1738722125919 174.24495863015414 290
1738722125957 151.2291887484881 291
1738722125995 182.12453523024328 292
1738722126046 155.3266926112334 293
1738722126102 176.08886490748696 294
1738722126140 154.3864586528911 295
1738722126179 154.72725275425486 296
1738722126217 179.58171385955336 297
1738722126255 163.16481442364432 298
1738722126294 146.9217285854269 299
1738722126334 185.2458535972955 300
1738722126372 168.136025193699 301
1738722126411 177.92191792387038 302
1738722126449 169.0314929048919 303
1738722126487 174.74683465117667 304
1738722126525 141.79709545492454 305
1738722126562 170.1951344831343 306
1738722126599 161.94267267184588 307
1738722126636 172.20989865613095 308
1738722126672 187.1476214432476 309
1738722126709 193.1682221979698 310
1738722126745 151.9094033249765 311
1738722126781 164.96639356235278 312
1738722126817 165.85685207038983 313
1738722126853 150.10381303152215 314
1738722126889 220.52701551699786 315
1738722126925 174.83893020176242 316
1738722126961 179.86280112939582 317
1738722126997 174.78893130529812 318
1738722127033 180.18661044248705 319
1738722127069 167.6256811975202 320
1738722127106 162.21870115469898 321
1738722127144 141.90117060418447 322
1738722127181 163.43613552887138 323
1738722127218 202.22779361549493 324
1738722127256 115.86432324617599 325
1738722127293 124.6493357318081 326
1738722127329 78.10516559279245 327
1738722127366 139.3320110545038 328
1738722127402 167.4332597071507 329
1738722127438 163.47523218284184 330
1738722127474 151.1781985632413 331
1738722127510 182.89709475470391 332
1738722127546 163.07772276053538 333
1738722127582 176.62387267443637 334
1738722127619 155.275422027562 335
1738722127657 186.45706501747094 336
1738722127695 141.35478612008131 337
1738722127733 157.5557398655322 338
1738722127771 182.24537183355363 339
1738722127809 171.39194315131425 340
1738722127847 146.66347668950038 341
1738722127884 164.84705967058102 342
1738722127920 185.5892583529923 343
1738722127957 156.30723626143126 344
1738722127994 164.7596970026738 345
1738722128030 210.94862915852468 346
1738722128067 153.09400889992446 347
1738722128103 168.5989032006399 348
1738722128139 159.63945762642228 349
1738722128176 169.13425544915862 350
1738722128212 181.17718878916781 351
1738722128248 167.49009887124208 352
1738722128284 150.07567343029925 353
1738722128321 171.61023893252298 354
1738722128357 147.54405971375922 355
1738722128393 175.10407598050878 356
1738722128429 174.30331745823662 357
1738722128465 152.84705112497937 358
1738722128502 169.5632454703385 359
1738722128538 138.65030748983398 360
1738722128574 173.19893428043142 361
1738722128611 231.55560535892738 362
1738722128649 169.1054020004755 363
1738722128707 186.0087921786263 364
1738722128744 173.32683824176294 365
1738722128781 157.32194291661196 366
1738722128817 191.67447386978785 367
1738722128853 164.56302125648972 368
1738722128888 152.66303818847192 369
1738722128924 165.48872838974802 370
1738722128960 186.82524647634224 371
1738722128999 132.89528313407067 372
1738722129036 164.95747997473043 373
1738722129073 177.71094350253716 374
1738722129110 177.93809354742692 375
1738722129147 241.66523602850293 376
1738722129183 168.9566033383111 377
1738722129220 159.08884564889732 378
1738722129256 153.90011292300267 379
1738722129292 87.53810325646482 380
1738722129328 134.09918297531235 381
1738722129364 187.40331282817627 382
1738722129400 166.89835256628467 383
1738722129436 177.0230232612492 384
1738722129472 179.60536327531776 385
1738722129509 181.55800433705727 386
1738722129545 170.2924284916174 387
1738722129582 153.68155546951724 388
1738722129619 176.77355381383222 389
1738722129655 140.40768940200275 390
1738722129692 165.9785891530313 391
1738722129728 175.6321328510679 392
1738722129764 184.05936794639834 393
1738722129800 173.383468339231 394
1738722129836 180.93751909694902 395
1738722129872 200.60122434571855 396
1738722129908 181.4754875329881 397
1738722129944 206.06958418017842 398
1738722129979 171.04579955427917 399
1738722130015 151.97987564483608 400
1738722130051 232.93343020254954 401
1738722130086 193.366547998775 402
1738722130122 182.66481361688164 403
1738722130158 161.3572423462952 404
1738722130194 178.77310749635376 405
1738722130230 148.21256733919347 406
1738722130265 174.51815924184223 407
1738722130301 175.11579061844523 408
1738722130338 170.381822878004 409
1738722130374 149.52577378082253 410
1738722130410 166.96884754534258 411
1738722130447 189.98046228221824 412
1738722130483 170.67543872972198 413
1738722130519 167.7301333528006 414
1738722130555 159.7462908448586 415
1738722130592 139.42076455901469 416
1738722130628 164.33526154138087 417
1738722130664 171.9375474950449 418
1738722130700 166.7240751443252 419
1738722130736 139.6489944629897 420
1738722130772 167.50292345907894 421
1738722130809 214.61975046562745 422
1738722130846 170.527820424449 423
1738722130883 209.12405231398867 424
1738722130920 181.46632564229674 425
1738722130956 189.532189203952 426
1738722130993 194.52517976383652 427
1738722131029 163.08878967205388 428
1738722131065 157.4533138623877 429
1738722131102 159.72024236241182 430
1738722131138 172.05780288924691 431
1738722131174 185.3092288551953 432
1738722131210 165.90150636527122 433
1738722131247 150.9044943359266 434
1738722131283 168.26823260478002 435
1738722131319 181.49901154701914 436
1738722131356 172.12398390796483 437
1738722131392 169.8842111753121 438
1738722131428 203.80274531938616 439
1738722131464 163.72291941254872 440
1738722131500 152.2082508253099 441
1738722131536 178.41161288509795 442
1738722131572 172.2738168313835 443
1738722131608 184.07318461478866 444
1738722131644 162.6482263546196 445
1738722131681 131.2698802445377 446
1738722131716 176.89154920331322 447
1738722131753 168.9332393272924 448
1738722131788 177.63686449028253 449
1738722131825 202.21332007137926 450
1738722131861 194.42502423099694 451
1738722131897 161.41605444445827 452
1738722131933 181.77371745615565 453
1738722131969 188.88056253468025 454
1738722132004 181.07716845615138 455
1738722132040 178.56418473352466 456
1738722132076 122.72383379330027 457
1738722132112 162.7554507268582 458
1738722132148 191.48963731351995 459
1738722132184 200.91599521984247 460
1738722132219 164.34681142847035 461
1738722132255 157.22806417897152 462
1738722132291 156.98485750507248 463
1738722132327 180.08930410009256 464
1738722132363 152.98239314190982 465
1738722132399 169.46365790859358 466
1738722132435 140.03882130444953 467
1738722132471 183.06249839025216 468
1738722132506 199.82313343310068 469
1738722132542 150.49285224518096 470
1738722132578 182.58615447761633 471
1738722132615 166.93615579045382 472
1738722132651 176.68204321822853 473
1738722132688 164.67313139640063 474
1738722132724 203.99635853378186 475
1738722132761 161.06408142008246 476
1738722132797 162.10013188942676 477
1738722132833 180.3539033719272 478
1738722132872 160.27992959790242 479
1738722132910 186.27740177373238 480
1738722132948 144.62869552258573 481
1738722132986 154.95354794806403 482
1738722133023 171.99391409605704 483
1738722133061 181.99530309681643 484
1738722133099 172.49491293567297 485
1738722133137 154.50334158758974 486
1738722133175 161.95031821973257 487
1738722133212 182.83676569945553 488
1738722133249 128.80579308900113 489
1738722133286 177.18944957013468 490
1738722133324 144.64241914978916 491
1738722133361 165.629797193152 492
1738722133397 183.59205822892557 493
1738722133434 168.6841514576052 494
1738722133471 154.7427474535721 495
1738722133507 184.14290001205168 496
1738722133543 179.74974122930416 497
1738722133580 171.98232604251967 498
1738722133616 182.27561160256093 499
