1738722838294 176.11131021375144 0
1738722838326 107.80915009566733 1
1738722838358 164.07008912968092 2
1738722838390 178.62253284733063 3
1738722838421 148.1228052401254 4
1738722838453 216.73058800011785 5
1738722838485 258.1761830327974 6
1738722838518 96.26066126452888 7
1738722838549 168.34498949417053 8
1738722838581 144.03084676821697 9
1738722838612 94.6973887317876 10
1738722838644 201.69058569654263 11
1738722838675 207.87413986490185 12
1738722838706 183.39914312669157 13
1738722838737 187.21527204712473 14
1738722838769 147.01796671427766 15
1738722838800 159.47961519700453 16
1738722838831 150.75338233165317 17
1738722838862 124.01887597596681 18
1738722838894 146.9113738745003 19
1738722838925 127.64792133879564 20
1738722838956 191.06043167612285 21
1738722838987 223.5275030006029 22
1738722839019 175.84110886057596 23
1738722839050 176.32296997161657 24
1738722839081 141.0388351445438 25
1738722839112 140.00955014103226 26
1738722839143 105.22256842670124 27
1738722839174 182.2672189461732 28
1738722839206 183.58235499998446 29
1738722839237 137.90979145487626 30
1738722839268 167.4539285814372 31
1738722839299 159.8400937013857 32
1738722839331 200.37742417871254 33
1738722839362 212.64579925204703 34
1738722839394 179.17275818629406 35
1738722839425 151.42468375888194 36
1738722839456 166.89845489158935 37
1738722839487 166.28732845628187 38
1738722839518 79.01234275475784 39
1738722839549 168.463774641112 40
1738722839580 144.29301568367305 41
1738722839611 121.3686078768646 42
1738722839642 183.72917023465743 43
1738722839673 127.3958063648318 44
1738722839705 137.4240759736134 45
1738722839737 159.3709478760278 46
1738722839769 159.51490516961294 47
1738722839801 109.82116860845761 48
1738722839834 141.98323537196936 49
1738722839866 188.19659828190467 50
1738722839898 179.18403558509488 51
1738722839931 188.6785301233156 52
1738722839964 165.5248128046814 53
1738722839997 132.57545541550152 54
1738722840029 226.63888863716676 55
1738722840065 167.8563881154106 56
1738722840100 292.24345674577285 57
1738722840133 189.04672294820435 58
1738722840165 202.56807116399224 59
1738722840197 134.397839278041 60
1738722840229 236.29652829517335 61
1738722840264 144.74835081718336 62
1738722840301 97.22684346630116 63
1738722840336 314.18549278543526 64
1738722840368 307.3487389720488 65
1738722840400 253.67076268986014 66
1738722840433 238.13189802257114 67
1738722840465 176.60413157008418 68
1738722840498 130.6404842777384 69
1738722840530 156.80878788723751 70
1738722840562 187.78644008813683 71
1738722840593 242.25140301335972 72
1738722840624 194.40803774570844 73
1738722840656 195.88323725526354 74
1738722840687 152.85549840769744 75
1738722840718 213.48841138880366 76
1738722840749 47.76083056001354 77
1738722840780 226.70276072457972 78
1738722840811 133.0885521026632 79
1738722840842 262.18022047558077 80
1738722840873 221.57553173944717 81
1738722840904 116.77383600407673 82
1738722840935 152.08439748858586 83
1738722840966 237.33979868278075 84
1738722840997 124.94721563282 85
1738722841028 205.541758927601 86
1738722841059 142.5585269284874 87
1738722841090 149.84952274228823 88
1738722841121 181.67010803162452 89
1738722841152 61.42555440334334 90
1738722841183 141.08300125531414 91
1738722841214 173.04795414498346 92
1738722841245 155.28197834898302 93
1738722841276 208.05061869299277 94
1738722841307 124.99484726533768 95
1738722841338 197.44147706894628 96
1738722841369 153.886559017782 97
1738722841401 148.7813937805036 98
1738722841432 163.89524702636822 99
1738722841463 158.1690138987863 100
1738722841494 140.17410082361928 101
1738722841525 264.35661009503417 102
1738722841556 132.57642980334953 103
1738722841586 208.61908673095078 104
1738722841617 130.4239595112277 105
1738722841648 253.56127634637107 106
1738722841679 193.18498661990583 107
1738722841710 107.92656405351671 108
1738722841741 149.64126985235475 109
1738722841772 177.87091656753717 110
1738722841803 231.78274679292014 111
1738722841834 138.05999578134256 112
1738722841865 194.04872452194968 113
1738722841896 193.44364006958875 114
1738722841927 232.3028657110083 115
1738722841958 174.37215189781705 116
1738722841988 121.28551045123638 117
1738722842019 177.7264452012149 118
1738722842050 165.43805309449746 119
1738722842081 126.86141688979679 120
1738722842112 202.86948472515056 121
1738722842143 211.24566764706853 122
1738722842174 468.15967676004976 123
1738722842204 225.32075485395595 124
1738722842235 144.64228478742544 125
1738722842266 211.49269201299848 126
1738722842297 72.92153478043458 127
1738722842328 158.27929099177567 128
1738722842359 195.31430120754027 129
1738722842390 234.83588602554104 130
1738722842420 168.97698813998744 131
1738722842451 190.2686739315588 132
1738722842482 109.99678901849741 133
1738722842513 210.8054710670112 134
1738722842544 257.0235550318494 135
1738722842575 80.26756141481913 136
1738722842606 237.0558579480876 137
1738722842636 248.83103775472455 138
1738722842667 185.0929609959297 139
1738722842698 211.82631698515482 140
1738722842729 160.92484134491312 141
1738722842760 207.7847219633174 142
1738722842790 137.37697364128593 143
1738722842821 132.45977524470024 144
1738722842852 110.46499722208216 145
1738722842882 198.70562449732603 146
1738722842915 197.1549176534162 147
1738722842947 128.94179936745437 148
1738722842981 192.96906329502474 149
1738722843014 195.1642416916437 150
1738722843047 79.22895973489531 151
1738722843079 319.27596357950716 152
1738722843112 105.50172610655497 153
1738722843145 205.65823487767693 154
1738722843178 132.54729087277474 155
1738722843212 148.0181287719786 156
1738722843245 158.279367895566 157
1738722843277 74.43789018582945 158
1738722843311 162.7652978468913 159
1738722843343 179.20742912911282 160
1738722843376 176.88040362827695 161
1738722843408 186.86767230119582 162
1738722843441 121.16948912577992 163
1738722843473 139.71669808039147 164
1738722843506 186.37276205681033 165
1738722843538 110.14911845232835 166
1738722843571 170.25492328461934 167
1738722843603 126.48552744798842 168
1738722843636 161.72138818139007 169
1738722843668 132.34796447153835 170
1738722843700 77.04999347623834 171
1738722843732 136.27188686771177 172
1738722843764 209.0139932093373 173
1738722843796 220.28053114018712 174
1738722843828 132.54663759139078 175
1738722843859 266.7273768113954 176
1738722843891 131.5826205383901 177
1738722843923 165.8381453420099 178
1738722843954 151.6884780336872 179
1738722843987 93.4675946637725 180
1738722844020 202.9806319049246 181
1738722844053 209.61132496776597 182
1738722844086 158.54140515549517 183
1738722844118 186.57746655994745 184
1738722844150 181.4061672110061 185
1738722844182 146.97201259692966 186
1738722844213 90.00926088036555 187
1738722844245 270.6263574278134 188
1738722844276 131.77104593501713 189
1738722844309 117.9047490601744 190
1738722844342 114.29444773339225 191
1738722844374 130.99892470170676 192
1738722844406 266.2981929682372 193
1738722844439 202.7823656986407 194
1738722844471 111.10647207978433 195
1738722844504 148.06996714738906 196
1738722844536 151.8443381624156 197
1738722844568 112.17055045366233 198
1738722844600 213.3005603267041 199
1738722844632 191.81631250000473 200
1738722844663 200.48560629183777 201
1738722844694 165.97650529805944 202
1738722844726 127.54836344093158 203
1738722844757 158.88490570648466 204
1738722844789 202.15611523341178 205
1738722844820 102.15918394587479 206
1738722844852 145.09791503714035 207
1738722844883 383.6443032820459 208
1738722844915 186.79389122760014 209
1738722844946 155.24920807315465 210
1738722844978 272.51251315968165 211
1738722845009 118.6023822171998 212
1738722845040 157.75816067648756 213
1738722845072 131.93090982998947 214
1738722845103 162.09641849470415 215
1738722845135 238.71539451365175 216
1738722845166 175.19345486556512 217
1738722845197 170.40397597018637 218
1738722845229 246.92110609913922 219
1738722845260 65.44156374228653 220
1738722845291 283.9470627396267 221
1738722845323 129.9413337940557 222
1738722845354 291.74202209814996 223
1738722845386 114.18970902534524 224
1738722845417 162.9470585164456 225
1738722845448 154.0459902691999 226
1738722845480 113.88292834299385 227
1738722845511 79.03730331289492 228
1738722845543 183.0943321835307 229
1738722845574 178.07695859789715 230
1738722845605 235.56681638261486 231
1738722845637 176.4617030760964 232
1738722845672 176.6508015731197 233
1738722845705 191.46438658302105 234
1738722845737 139.73088329593494 235
1738722845770 171.550169303192 236
1738722845802 166.63348086741638 237
1738722845834 237.91083945819395 238
1738722845867 167.14194719731105 239
1738722845899 132.5608759607711 240
1738722845933 176.8248084376563 241
1738722845966 93.4977079080789 242
1738722845999 181.46882442088088 243
1738722846032 82.35747303187854 244
1738722846072 250.07181769414586 245
1738722846105 168.1085249068017 246
1738722846138 149.73747971142416 247
1738722846171 185.39767485472802 248
1738722846203 102.95625706151444 249
1738722846236 233.7056730144703 250
1738722846268 184.68151274454522 251
1738722846300 146.9564168404082 252
1738722846332 122.59799885755697 253
1738722846365 240.69528056461053 254
1738722846396 199.11474325871683 255
1738722846428 199.21405234196072 256
1738722846460 92.26371921632337 257
1738722846492 103.79922314653912 258
1738722846523 176.53487596200065 259
1738722846555 234.07282173139458 260
1738722846586 106.82352385697641 261
1738722846618 186.8583789761601 262
1738722846649 186.7362097423394 263
1738722846681 235.76059581631424 264
1738722846712 184.88981119853702 265
1738722846744 108.86342037765586 266
1738722846775 157.56889960092767 267
1738722846806 154.49483795452016 268
1738722846838 152.17473720015573 269
1738722846869 178.51848619494277 270
1738722846900 150.09309622679913 271
1738722846932 194.76078067379316 272
1738722846964 193.2838017509327 273
1738722846996 186.74394278080055 274
1738722847028 190.48096704796905 275
1738722847060 150.23741401567702 276
1738722847091 200.22842251859535 277
1738722847123 399.9907059270111 278
1738722847155 105.59371981536692 279
1738722847187 208.08175566540328 280
1738722847218 127.11608427289357 281
1738722847250 146.2084108865186 282
1738722847281 156.6617768609101 283
1738722847313 154.20890719062044 284
1738722847344 154.18258722670373 285
1738722847376 163.97033407383455 286
1738722847407 225.76951518930576 287
1738722847439 124.65046314349796 288
1738722847470 86.25815286941611 289
1738722847502 135.8714098931192 290
1738722847534 191.47704913411343 291
1738722847566 174.50689160335088 292
1738722847597 181.9228490451046 293
1738722847630 194.11906685754866 294
1738722847662 192.04586336842507 295
1738722847695 153.042872064882 296
1738722847727 213.38983460947182 297
1738722847759 99.95549539065162 298
1738722847791 100.6052004492203 299
1738722847823 180.8072775966001 300
1738722847855 140.70774890964103 301
1738722847887 137.019493929247 302
1738722847919 200.03199465277712 303
1738722847951 210.6995266240358 304
1738722847982 220.21318768589018 305
1738722848016 186.53908823253138 306
1738722848051 123.9324797866209 307
1738722848083 190.19187561836608 308
1738722848114 180.89621075585842 309
1738722848145 145.43261082168823 310
1738722848177 105.43027181551975 311
1738722848208 237.14195737422983 312
1738722848239 136.19477101758915 313
1738722848271 130.12380362241794 314
1738722848302 165.0533917080509 315
1738722848333 140.79338534062566 316
1738722848366 171.92297415107225 317
1738722848398 218.9065414547882 318
1738722848429 153.7541626064196 319
1738722848462 202.6726279945744 320
1738722848494 126.28588707755733 321
1738722848526 183.66595099299377 322
1738722848562 83.31952119818185 323
1738722848595 124.31363743430603 324
1738722848627 163.45580003032262 325
1738722848658 166.07993740128484 326
1738722848690 194.88330933706402 327
1738722848722 124.55173575388082 328
1738722848754 151.40838005400488 329
1738722848786 169.16639761052213 330
1738722848817 128.35023036147274 331
1738722848849 122.14981652910308 332
1738722848880 166.66453325917118 333
1738722848912 119.4687827196241 334
1738722848943 49.92164937702348 335
1738722848975 194.58970509008094 336
1738722849006 167.66148222194764 337
1738722849038 155.01946135916748 338
1738722849069 374.95595721995375 339
1738722849101 201.5440016788823 340
1738722849132 138.97354892067142 341
1738722849163 119.977793367188 342
1738722849194 133.1402564613478 343
1738722849226 174.11374077266777 344
1738722849258 129.75190006766658 345
1738722849291 188.4133320085177 346
1738722849324 200.6691060425195 347
1738722849359 229.82041139316306 348
1738722849391 221.0412800261203 349
1738722849423 154.95738976864536 350
1738722849455 114.85280306019341 351
1738722849486 205.59439714878846 352
1738722849518 144.42502794683514 353
1738722849550 203.33740343474614 354
1738722849582 146.92274357408013 355
1738722849613 108.40643899921756 356
1738722849645 122.53284303435824 357
1738722849677 192.815706369714 358
1738722849708 120.58801157788766 359
1738722849740 133.8974637915483 360
1738722849771 248.9290428229365 361
1738722849803 189.9576335725925 362
1738722849834 195.32374256394155 363
1738722849866 252.82909809731913 364
1738722849898 182.66570725101633 365
1738722849930 196.25423428580777 366
1738722849961 169.25566316464395 367
1738722849993 139.82038457734888 368
1738722850024 102.20051127316941 369
1738722850056 163.4524578103945 370
1738722850087 119.03298705522896 371
1738722850119 175.83707720558374 372
1738722850150 149.8425351168693 373
1738722850182 173.27768395636178 374
1738722850213 174.66807925741975 375
1738722850245 205.5528157122062 376
1738722850276 183.89628142650355 377
1738722850308 146.86176761017728 378
1738722850339 166.48552624633191 379
1738722850371 202.4437720029947 380
1738722850402 175.36872066668607 381
1738722850433 169.14812344377444 382
1738722850465 156.3386069628699 383
1738722850496 142.73560467841193 384
1738722850527 189.63496839995017 385
1738722850559 134.64649189194205 386
1738722850590 138.16020993467083 387
1738722850621 260.891868267591 388
1738722850652 102.98015585146489 389
1738722850683 176.598044449855 390
1738722850714 119.21795023824721 391
1738722850746 142.0240378417098 392
1738722850778 168.47797825140714 393
1738722850809 178.4305455654027 394
1738722850841 167.18451287589784 395
1738722850873 115.18544003094419 396
1738722850904 274.3829776003845 397
1738722850936 135.2896858737412 398
1738722850967 188.9186442644667 399
1738722850998 159.34435688889513 400
1738722851029 158.11486034933145 401
1738722851060 148.98734788319362 402
1738722851091 101.50760807104484 403
1738722851123 137.9065213782698 404
1738722851154 212.85717389948456 405
1738722851185 137.20738204908864 406
1738722851216 191.63579854354782 407
1738722851247 190.4403917226741 408
1738722851278 217.804285617733 409
1738722851310 208.32910957647127 410
1738722851343 125.83439923278668 411
1738722851375 197.7796178725942 412
1738722851407 146.00730533806345 413
1738722851440 191.70329476030295 414
1738722851472 176.51504091279352 415
1738722851504 147.99836092678484 416
1738722851535 140.5941419150093 417
1738722851567 111.39825622894962 418
1738722851598 180.8181453927201 419
1738722851629 83.7824250350429 420
1738722851661 168.28694476004281 421
1738722851692 76.65051967042096 422
1738722851723 152.83045121134728 423
1738722851754 189.58574877160981 424
1738722851785 221.72128687742241 425
1738722851817 145.0618003358581 426
1738722851848 128.6340548649363 427
1738722851879 212.69667348890763 428
1738722851911 156.60076258810216 429
1738722851942 120.87216515679937 430
1738722851973 172.31989668556105 431
1738722852004 188.59457112773552 432
1738722852035 163.1868362090035 433
1738722852066 195.34691677087534 434
1738722852097 180.24451251744367 435
1738722852131 173.6032804562375 436
1738722852163 140.57432819987162 437
1738722852195 136.92390477627097 438
1738722852226 142.608925206331 439
1738722852258 134.7981366507058 440
1738722852289 83.84034171084512 441
1738722852321 246.21242876555098 442
1738722852352 253.48111700499706 443
1738722852383 193.12669028198852 444
1738722852414 120.27322738038039 445
1738722852446 156.94833070259318 446
1738722852477 84.10368936139176 447
1738722852509 209.13645035628952 448
1738722852540 178.01382952841993 449
1738722852571 123.84953608090369 450
1738722852602 85.80875547867727 451
1738722852633 242.37469588821327 452
1738722852665 184.88800724647166 453
1738722852696 131.7829773491403 454
1738722852727 153.6640751948807 455
1738722852759 189.8954502111741 456
1738722852792 180.39853176234612 457
1738722852823 181.24362156013459 458
1738722852855 105.5254127901999 459
1738722852886 178.73343336264122 460
1738722852917 125.79172606032465 461
1738722852949 262.9740911965942 462
1738722852980 118.20213504488407 463
1738722853012 89.1610151392374 464
1738722853043 107.71269089545353 465
1738722853075 132.8050053904607 466
1738722853106 123.55923151082422 467
1738722853138 239.33660929214923 468
1738722853169 93.00978775216907 469
1738722853200 55.65045579893568 470
1738722853232 199.43886117392887 471
1738722853263 173.96938745359446 472
1738722853294 234.01332600829284 473
1738722853326 188.7780571112673 474
1738722853357 202.93384884108173 475
1738722853389 189.64521732758502 476
1738722853420 193.42465238895045 477
1738722853451 127.278910961129 478
1738722853483 165.97783211286588 479
1738722853514 168.60512595544273 480
1738722853545 195.97057018427702 481
1738722853576 162.86466586032122 482
1738722853607 207.07377306443297 483
1738722853638 145.493688234708 484
1738722853669 210.20834916181923 485
1738722853701 247.68799376233773 486
1738722853732 179.9706628379609 487
1738722853763 247.87235570359655 488
1738722853794 151.0935228080969 489
1738722853826 291.27617196365225 490
1738722853857 113.19009534507678 491
1738722853890 83.52463931767436 492
1738722853923 218.4930203136379 493
1738722853955 138.5976318266958 494
1738722853987 213.30392506519567 495
1738722854020 180.48849478862684 496
1738722854051 140.66299747123065 497
1738722854083 167.86847129113784 498
1738722854115 321.57276248448744 499
