1738724143862 169.6000353662957 0
1738724143864 169.6038746326124 1
1738724143866 169.59994859981947 2
1738724143868 169.59620951833557 3
1738724143870 169.59248420021086 4
1738724143872 169.5887763762991 5
1738724143874 169.58508587855698 6
1738724143876 169.58141262600776 7
1738724143879 169.57775653613965 8
1738724143881 169.57411752688316 9
1738724143883 169.5704955165646 10
1738724143885 169.56689042390533 11
1738724143887 169.56330216801973 12
1738724143889 169.55973066841335 13
1738724143891 169.55617584498088 14
1738724143893 169.55263761800435 15
1738724143895 169.5491159081514 16
1738724143898 169.54561063647304 17
1738724143900 169.5421217244021 18
1738724143902 169.53864909375125 19
1738724143904 169.53519266671114 20
1738724143906 169.53175236584863 21
1738724143908 169.5283281141049 22
1738724143911 169.52491983479368 23
1738724143913 169.5215274515993 24
1738724143915 169.51815088857515 25
1738724143917 169.51479007014166 26
1738724143919 169.51144492108457 27
1738724143921 169.50811536655314 28
1738724143923 169.50480133205858 29
1738724143925 169.50150274347195 30
1738724143927 169.49821952702266 31
1738724143929 169.49495160929658 32
1738724143931 169.49169891723454 33
1738724143933 169.4884613781303 34
1738724143935 169.48523891962904 35
1738724143937 169.48203146972557 36
1738724143940 169.47883895676267 37
1738724143942 169.47566130942937 38
1738724143944 169.47249845675924 39
1738724143946 169.46935032812885 40
1738724143948 169.4662168532559 41
1738724143950 169.46309796219774 42
1738724143952 169.45999358534962 43
1738724143954 169.45690365344302 44
1738724143956 169.45382809754415 45
1738724143958 169.45076684905226 46
1738724143960 169.44771983969787 47
1738724143962 169.4446870015414 48
1738724143964 169.44166826697148 49
1738724143966 169.43866356870322 50
1738724143968 169.43567283977686 51
1738724143971 169.432696013556 52
1738724143973 169.42973302372616 53
1738724143975 169.42678380429297 54
1738724143977 169.42384828958106 55
1738724143979 169.42092641423213 56
1738724143981 169.41801811320335 57
1738724143983 169.4151233217663 58
1738724143985 169.41224197550497 59
1738724143987 169.40937401031445 60
1738724143989 169.40651936239937 61
1738724143992 169.4036779682724 62
1738724143994 169.40084976475282 63
1738724143996 169.39803468896494 64
1738724143998 169.39523267833664 65
1738724144000 169.39244367059794 66
1738724144002 169.3896676037794 67
1738724144004 169.3869044162109 68
1738724144006 169.38415404651994 69
1738724144008 169.3814164336303 70
1738724144010 169.3786915167607 71
1738724144012 169.37597923542313 72
1738724144014 169.37327952942167 73
1738724144016 169.37059233885083 74
1738724144019 169.36791760409443 75
1738724144021 169.36525526582386 76
1738724144023 169.36260526499703 77
1738724144025 169.35996754285668 78
1738724144027 169.3573420409292 79
1738724144029 169.3547287010231 80
1738724144031 169.3521274652278 81
1738724144033 169.34953827591204 82
1738724144035 169.34696107572285 83
1738724144037 169.34439580758377 84
1738724144039 169.34184241469407 85
1738724144042 169.33930084052673 86
1738724144044 169.33677102882774 87
1738724144046 169.33425292361434 88
1738724144048 169.33174646917394 89
1738724144050 169.3292516100627 90
1738724144052 169.32676829110432 91
1738724144054 169.32429645738856 92
1738724144057 169.32183605427014 93
1738724144059 169.3193870273674 94
1738724144061 169.31694932256093 95
1738724144063 169.3145228859924 96
1738724144065 169.31210766406326 97
1738724144067 169.3097036034335 98
1738724144069 169.30731065102023 99
1738724144071 169.30492875399673 100
1738724144073 169.30255785979108 101
1738724144075 169.3001979160846 102
1738724144077 169.2978488708113 103
1738724144079 169.29551067215596 104
1738724144082 169.2931832685533 105
1738724144084 169.29086660868674 106
1738724144086 169.2885606414871 107
1738724144088 169.2862653161314 108
1738724144090 169.28398058204172 109
1738724144092 169.28170638888395 110
1738724144094 169.27944268656674 111
1738724144096 169.27718942524007 112
1738724144098 169.2749465552944 113
1738724144100 169.27271402735926 114
1738724144102 169.27049179230207 115
1738724144104 169.2682798012272 116
1738724144107 169.2660780054747 117
1738724144109 169.26388635661905 118
1738724144111 169.26170480646823 119
1738724144113 169.2595333070624 120
1738724144115 169.257371810673 121
1738724144117 169.25522026980124 122
1738724144119 169.25307863717745 123
1738724144121 169.25094686575963 124
1738724144123 169.2488249087325 125
1738724144125 169.24671271950632 126
1738724144127 169.2446102517159 127
1738724144129 169.24251745921939 128
1738724144131 169.24043429609725 129
1738724144134 169.23836071665116 130
1738724144136 169.23629667540303 131
1738724144138 169.2342421270938 132
1738724144140 169.23219702668243 133
1738724144142 169.23016132934487 134
1738724144144 169.22813499047297 135
1738724144146 169.22611796567347 136
1738724144148 169.22411021076684 137
1738724144150 169.22211168178652 138
1738724144152 169.22012233497753 139
1738724144154 169.2181421267957 140
1738724144157 169.21617101390652 141
1738724144159 169.2142089531842 142
1738724144161 169.21225590171056 143
1738724144163 169.2103118167742 144
1738724144165 169.2083766558693 145
1738724144167 169.2064503766947 146
1738724144169 169.20453293715295 147
1738724144171 169.2026242953492 148
1738724144173 169.20072440959044 149
1738724144175 169.19883323838428 150
1738724144177 169.19695074043807 151
1738724144179 169.19507687465793 152
1738724144181 169.19321160014792 153
1738724144183 169.1913548762088 154
1738724144186 169.1895066623373 155
1738724144188 169.1876669182251 156
1738724144190 169.18583560375785 157
1738724144192 169.1840126790143 158
1738724144194 169.18219810426527 159
1738724144196 169.18039183997286 160
1738724144198 169.1785938467893 161
1738724144200 169.17680408555637 162
1738724144202 169.175022517304 163
1738724144204 169.17324910324984 164
1738724144206 169.17148380479813 165
1738724144208 169.16972658353873 166
1738724144210 169.16797740124622 167
1738724144212 169.1662362198793 168
1738724144215 169.16450300157948 169
1738724144217 169.16277770867046 170
1738724144219 169.1610603036572 171
1738724144221 169.15935074922496 172
1738724144223 169.1576490082385 173
1738724144225 169.15595504374127 174
1738724144227 169.15426881895436 175
1738724144229 169.15259029727576 176
1738724144231 169.15091944227956 177
1738724144233 169.14925621771488 178
1738724144235 169.1476005875053 179
1738724144237 169.14595251574784 180
1738724144240 169.14431196671214 181
1738724144242 169.14267890483958 182
1738724144244 169.14105329474262 183
1738724144246 169.1394351012038 184
1738724144248 169.13782428917494 185
1738724144250 169.13622082377643 186
1738724144252 169.13462467029626 187
1738724144254 169.1330357941893 188
1738724144256 169.13145416107648 189
1738724144258 169.12987973674402 190
1738724144261 169.1283124871425 191
1738724144263 169.12675237838624 192
1738724144265 169.1251993767523 193
1738724144267 169.12365344867993 194
1738724144269 169.12211456076955 195
1738724144271 169.12058267978216 196
1738724144273 169.11905777263843 197
1738724144275 169.11753980641808 198
1738724144277 169.11602874835881 199
1738724144279 169.1145245658559 200
1738724144281 169.11302722646124 201
1738724144283 169.11153669788254 202
1738724144285 169.11005294798272 203
1738724144287 169.108575944779 204
1738724144289 169.10710565644234 205
1738724144291 169.10564205129648 206
1738724144294 169.10418509781735 207
1738724144296 169.10273476463232 208
1738724144298 169.10129102051937 209
1738724144300 169.09985383440647 210
1738724144302 169.09842317537078 211
1738724144304 169.09699901263798 212
1738724144306 169.09558131558154 213
1738724144308 169.09417005372194 214
1738724144310 169.09276519672605 215
1738724144312 169.0913667144063 216
1738724144314 169.08997457672015 217
1738724144316 169.08858875376927 218
1738724144318 169.08720921579885 219
1738724144320 169.08583593319685 220
1738724144322 169.08446887649345 221
1738724144324 169.08310801636023 222
1738724144326 169.0817533236097 223
1738724144329 169.0804047691942 224
1738724144331 169.07906232420564 225
1738724144333 169.07772595987467 226
1738724144335 169.07639564756994 227
1738724144337 169.07507135879752 228
1738724144339 169.07375306520018 229
1738724144341 169.07244073855685 230
1738724144343 169.07113435078176 231
1738724144345 169.06983387392387 232
1738724144347 169.0685392801664 233
1738724144349 169.0672505418258 234
1738724144351 169.06596763135153 235
1738724144353 169.06469052132505 236
1738724144356 169.06341918445943 237
1738724144358 169.0621535935986 238
1738724144360 169.0608937217167 239
1738724144362 169.0596395419175 240
1738724144364 169.05839102743383 241
1738724144366 169.05714815162676 242
1738724144368 169.05591088798528 243
1738724144370 169.05467921012527 244
1738724144372 169.05345309178938 245
1738724144374 169.05223250684588 246
1738724144376 169.0510174292886 247
1738724144378 169.04980783323583 248
1738724144380 169.04860369293004 249
1738724144382 169.0474049827372 250
1738724144384 169.0462116771461 251
1738724144387 169.04502375076777 252
1738724144389 169.04384117833507 253
1738724144391 169.04266393470192 254
1738724144393 169.04149199484266 255
1738724144395 169.0403253338516 256
1738724144397 169.03916392694245 257
1738724144399 169.03800774944773 258
1738724144401 169.036856776818 259
1738724144403 169.03571098462163 260
1738724144405 169.0345703485439 261
1738724144407 169.03343484438665 262
1738724144409 169.03230444806772 263
1738724144411 169.03117913562014 264
1738724144413 169.0300588831919 265
1738724144415 169.02894366704518 266
1738724144417 169.02783346355585 267
1738724144420 169.02672824921294 268
1738724144422 169.02562800061816 269
1738724144424 169.02453269448512 270
1738724144426 169.02344230763907 271
