1738726673647 159.68073183669875 0
1738726673681 164.02368636125604 1
1738726673716 164.2234168659743 2
1738726673750 155.2782992578865 3
1738726673785 182.34713830338066 4
1738726673820 175.8522510582139 5
1738726673854 145.5406218489058 6
1738726673889 177.37409854215386 7
1738726673923 176.98209246482074 8
1738726673959 174.20331054859392 9
1738726673995 198.2850866726335 10
1738726674030 133.78459713426224 11
1738726674066 158.19211571361313 12
1738726674101 176.31042477781722 13
1738726674136 151.43082854300607 14
1738726674170 158.7862136937083 15
1738726674205 182.34195883681429 16
1738726674240 189.23330855916615 17
1738726674275 175.00638833864403 18
1738726674310 162.07438065662657 19
1738726674345 158.57912622635726 20
1738726674380 170.55356272540746 21
1738726674414 170.0516524724717 22
1738726674449 164.1498781070176 23
1738726674483 165.75359946037634 24
1738726674517 183.0707547890607 25
1738726674551 170.00453838045357 26
1738726674585 160.7365924874755 27
1738726674620 186.77795545703125 28
1738726674654 180.54058926646823 29
1738726674688 162.9836046000601 30
1738726674722 190.19467181068987 31
1738726674757 175.18308436858558 32
1738726674792 148.19827015588896 33
1738726674827 165.05940869827705 34
1738726674862 156.43035637495638 35
1738726674897 168.73662066199088 36
1738726674931 149.80099539729048 37
1738726674966 169.99277075550077 38
1738726675000 169.98642465138542 39
1738726675035 177.23045093876777 40
1738726675069 159.53160002296207 41
1738726675103 178.0605563820226 42
1738726675137 170.63681115967987 43
1738726675171 153.78655440963436 44
1738726675205 162.4255198978737 45
1738726675239 141.8029550294989 46
1738726675273 154.35982865710886 47
1738726675307 159.4461438804389 48
1738726675342 163.51775889042813 49
1738726675377 178.95825225416576 50
1738726675412 166.093834597797 51
1738726675446 181.5318713811438 52
1738726675480 177.02593894489425 53
1738726675514 165.94443902591746 54
1738726675548 167.77260589821844 55
1738726675582 217.1896265161499 56
1738726675616 100.54540010110924 57
1738726675650 158.8791061675132 58
1738726675684 190.74505570452436 59
1738726675718 140.48136573102647 60
1738726675752 180.67229298130493 61
1738726675786 170.69346798414034 62
1738726675820 160.97903969093625 63
1738726675854 164.55642175814248 64
1738726675887 156.43101397533383 65
1738726675921 160.37155177223391 66
1738726675955 184.4107832887108 67
1738726675989 154.52299816880898 68
1738726676022 161.57622423568031 69
1738726676056 178.03944491893358 70
1738726676090 174.13153600673954 71
1738726676124 161.48682999609696 72
1738726676158 168.76678159424713 73
1738726676192 154.99902052295408 74
1738726676226 187.68284416241443 75
1738726676260 180.826262576372 76
1738726676294 148.9386696536086 77
1738726676328 179.20010236466194 78
1738726676361 189.37980183815785 79
1738726676396 153.6912120845978 80
1738726676430 142.04008057690388 81
1738726676463 152.6979931817224 82
1738726676497 147.62815703415876 83
1738726676531 175.37417711684859 84
1738726676565 199.86559021507725 85
1738726676599 181.68871911959587 86
1738726676639 182.66960148283212 87
1738726676675 170.51061277902727 88
1738726676712 164.1176146636115 89
1738726676750 171.41609015023647 90
