1738724737268 117.02333787571298 0
1738724737298 147.085042869308 1
1738724737327 148.12704887486626 2
1738724737356 115.8835729860029 3
1738724737385 162.6054648281347 4
1738724737414 181.8324754956677 5
1738724737443 111.9927001453476 6
1738724737473 215.90313414057712 7
1738724737503 136.92802427424235 8
1738724737533 223.08518850135238 9
1738724737562 116.13179366863156 10
1738724737592 109.79577733295251 11
1738724737621 170.6972582134867 12
1738724737651 198.9775504853165 13
1738724737680 226.93511433632548 14
1738724737709 136.59712046861029 15
1738724737739 170.81175336272858 16
1738724737768 155.99013803759058 17
1738724737797 170.99760397085493 18
1738724737827 171.24912111256668 19
1738724737856 160.72640447131704 20
1738724737886 255.3172633361264 21
1738724737915 147.0481621651108 22
1738724737945 48.663966910892704 23
1738724737974 147.66191537841206 24
1738724738004 101.93235284875591 25
1738724738033 211.97276976624173 26
1738724738062 193.91514103896452 27
1738724738091 162.0896524488211 28
1738724738120 255.6764687403135 29
1738724738149 130.29085933732958 30
1738724738178 170.18321789802428 31
1738724738207 139.71068077291633 32
1738724738237 226.79808644731693 33
1738724738266 131.61950402361435 34
1738724738295 141.2179984679086 35
1738724738324 198.0912163219414 36
1738724738353 144.04996955761592 37
1738724738382 107.75220323926044 38
1738724738411 168.7513150115629 39
1738724738440 143.01324137692816 40
1738724738470 147.34004567207194 41
1738724738499 136.5192242717977 42
1738724738528 194.70108131277766 43
1738724738557 152.08760623390054 44
1738724738586 188.40398095148942 45
1738724738616 165.53030217072873 46
1738724738645 110.47760948497763 47
1738724738674 146.42899099651532 48
1738724738703 212.59792777818762 49
1738724738732 230.04330348642017 50
1738724738761 87.34581066547608 51
1738724738791 121.19889884816403 52
1738724738820 316.99568927445176 53
1738724738849 107.33457442338089 54
1738724738878 65.32002628272129 55
1738724738907 90.91814147549339 56
1738724738936 37.35412390326712 57
1738724738965 292.8230258956014 58
1738724738994 144.62174371788643 59
1738724739023 173.22413420418002 60
1738724739052 121.21348600512341 61
1738724739081 162.91592740103846 62
1738724739110 120.65881653029179 63
1738724739138 168.72159274934828 64
1738724739167 117.48571388941525 65
1738724739196 234.48246124049123 66
1738724739225 212.81619863633128 67
1738724739254 186.7119883161876 68
1738724739282 158.82231506626937 69
1738724739311 159.63140064639336 70
1738724739341 165.6852870471375 71
1738724739370 254.1218844615745 72
1738724739398 227.9947716739263 73
1738724739427 129.29241911242175 74
1738724739456 240.89002973743217 75
1738724739485 134.3085232000791 76
1738724739514 197.56323467993988 77
1738724739542 220.3158280726719 78
1738724739571 179.27863253603894 79
1738724739600 384.7863265692763 80
1738724739629 175.55205040151927 81
1738724739658 119.23408399755658 82
1738724739686 127.67274886593194 83
1738724739715 174.1929257038937 84
1738724739744 164.6075958669628 85
1738724739773 140.89234746970342 86
1738724739802 165.53546751382018 87
1738724739831 226.30395411700715 88
1738724739859 66.97339950325838 89
1738724739888 188.25524011233313 90
1738724739917 251.41391170794768 91
1738724739946 224.53213357599049 92
1738724739974 155.51221620641726 93
1738724740003 81.53083724027226 94
1738724740033 361.87797425818985 95
1738724740062 197.80281455865975 96
1738724740091 138.05232831479717 97
1738724740119 208.87984922658148 98
1738724740148 153.593045132473 99
1738724740177 31.935547472701476 100
1738724740206 106.13705854208614 101
1738724740235 52.16097448946204 102
1738724740264 107.8247972364225 103
1738724740293 159.98711892635458 104
1738724740322 144.5046122849649 105
1738724740350 161.39750640140122 106
1738724740379 220.69603521561936 107
1738724740408 159.23183034330967 108
1738724740437 265.0903367412842 109
1738724740465 137.68580771792102 110
1738724740494 189.74301322963055 111
1738724740523 243.9520588457574 112
1738724740551 276.5213256913518 113
1738724740580 192.14415813135267 114
1738724740609 210.29438957337533 115
1738724740638 210.89280718359893 116
1738724740667 151.4569475880863 117
1738724740696 188.73118402691668 118
1738724740725 169.01359523620428 119
1738724740754 197.22975984695591 120
1738724740783 125.29242876285795 121
1738724740812 167.73053085359612 122
1738724740841 202.08338554492366 123
1738724740869 169.26252947564487 124
1738724740898 158.45885634437835 125
1738724740927 229.83452922799142 126
1738724740956 125.83629378689808 127
1738724740985 272.74983017277594 128
1738724741014 219.43447867235017 129
1738724741042 147.14208874346775 130
1738724741071 166.32105238900485 131
1738724741100 170.5192575552895 132
1738724741129 143.43327081293276 133
1738724741158 168.64077180762877 134
1738724741186 213.84164269424045 135
1738724741215 118.53397024744247 136
1738724741244 308.23175705684224 137
1738724741273 228.56671390251483 138
1738724741302 280.9159063802164 139
1738724741330 156.01716207869757 140
1738724741359 151.6614645203721 141
1738724741388 132.10649913066783 142
1738724741417 188.12163004629326 143
1738724741445 103.65231820649886 144
1738724741474 285.1369295659619 145
1738724741503 166.70492093948266 146
1738724741532 146.85293087981793 147
1738724741561 188.71637396171045 148
1738724741589 229.83231406882862 149
1738724741619 257.8434572107964 150
1738724741648 161.76239282472406 151
1738724741676 200.3703660112916 152
1738724741705 250.59223083981524 153
1738724741734 169.33138372595604 154
1738724741763 235.70152472558013 155
1738724741791 141.1184007763539 156
1738724741820 186.33960983528593 157
1738724741849 152.5712033488381 158
1738724741878 132.28816287636536 159
1738724741906 205.84885695028362 160
1738724741935 192.42997140167296 161
1738724741964 234.62640484002958 162
1738724741992 97.85107468054986 163
1738724742021 157.66106688240342 164
1738724742050 165.29867085174152 165
1738724742079 161.47654886285295 166
1738724742108 137.4282235599279 167
1738724742137 155.8316669246031 168
1738724742165 209.54314483623259 169
1738724742194 141.50328688293328 170
1738724742223 186.6495230116442 171
1738724742251 230.11852400238143 172
1738724742280 141.99429924053973 173
1738724742309 37.41532567919729 174
1738724742338 130.98628502477982 175
1738724742366 209.98630963559822 176
1738724742395 307.64730715363646 177
1738724742423 159.59380332655965 178
1738724742452 159.4880770091136 179
1738724742480 122.18774231703455 180
1738724742509 152.01656977887967 181
1738724742537 154.916096976333 182
1738724742566 208.30917632011688 183
1738724742594 152.26443004205177 184
1738724742623 147.65390782630303 185
1738724742651 135.332988190245 186
1738724742680 150.72079855882652 187
1738724742709 141.75138521603733 188
1738724742737 92.59001431116229 189
1738724742766 153.78926570028162 190
1738724742794 182.33055076300852 191
1738724742823 118.67825476741022 192
1738724742852 144.79774504559006 193
1738724742880 190.68315742663285 194
1738724742909 204.1210864757692 195
1738724742938 167.87639880995005 196
1738724742966 212.95858634862194 197
1738724742995 137.5382816485828 198
1738724743024 191.5703017490579 199
1738724743052 227.69140627740882 200
1738724743081 206.03566891809203 201
1738724743110 195.21166949686247 202
1738724743138 132.87074343251678 203
1738724743167 213.36133053933662 204
1738724743196 203.078227792418 205
1738724743224 128.03261130825757 206
1738724743253 263.1038595149631 207
1738724743281 173.97085886957606 208
1738724743310 193.69759372331959 209
1738724743338 176.80382529258907 210
1738724743367 141.96630332012364 211
1738724743396 187.74600414198179 212
1738724743424 154.77305521101633 213
1738724743453 169.50877124197075 214
1738724743481 69.81714930318223 215
1738724743510 193.19853510347482 216
1738724743538 113.21783835180511 217
1738724743567 145.86033807681397 218
1738724743595 158.6340453926015 219
1738724743624 198.5264480234535 220
1738724743653 224.05260094325567 221
1738724743681 143.59192701301123 222
1738724743710 119.63617699709292 223
1738724743738 180.51167491992473 224
1738724743767 252.57705037301417 225
1738724743795 245.3124027364036 226
1738724743824 231.46450477980048 227
1738724743853 158.83373762159337 228
1738724743881 132.41944872091122 229
1738724743910 160.37824871704362 230
1738724743939 138.9423638493855 231
1738724743967 121.52732011553213 232
1738724743996 69.82125564002956 233
1738724744024 168.65547452193442 234
1738724744053 165.82487572636123 235
1738724744082 297.5030148994701 236
1738724744111 141.20697312116388 237
1738724744140 293.4052486235333 238
1738724744168 209.0961358204391 239
1738724744197 123.57662412897851 240
1738724744225 247.82505224483785 241
1738724744254 199.67619008499818 242
1738724744282 107.31057238073969 243
1738724744311 191.71085489108415 244
1738724744340 178.48032707669992 245
1738724744368 144.34419556809934 246
1738724744397 193.53621636518074 247
1738724744425 221.02559558763733 248
1738724744454 155.14660961984936 249
1738724744482 136.31477840676405 250
1738724744511 212.24272354190066 251
1738724744539 123.14444547763183 252
1738724744568 183.48825744947627 253
1738724744596 150.09580565793644 254
1738724744624 269.0732882415126 255
1738724744653 100.9034017144827 256
1738724744681 137.18709743159155 257
1738724744710 164.65413708355769 258
1738724744738 155.060900351117 259
1738724744766 222.53242010526535 260
1738724744795 241.67067651089832 261
1738724744823 95.73875478535204 262
1738724744852 109.71171435518067 263
1738724744880 191.41919849012305 264
1738724744908 163.8770092168852 265
1738724744937 180.9457646716835 266
1738724744965 156.79159157929112 267
1738724744993 104.88552234215237 268
1738724745022 141.7675879867189 269
1738724745050 156.7720757167815 270
1738724745079 191.78692852427758 271
1738724745107 171.50461450803405 272
1738724745136 119.20183141687924 273
1738724745165 142.6386843378517 274
1738724745193 68.76423785600971 275
1738724745221 160.11917816805604 276
1738724745250 110.16933050685594 277
1738724745278 122.8517178185643 278
1738724745307 105.31442047579567 279
1738724745335 110.2428898976969 280
1738724745364 171.93477147836987 281
1738724745392 200.7381691083413 282
1738724745420 150.77270559560642 283
1738724745449 105.79025087178567 284
1738724745477 197.324466057119 285
1738724745505 155.70655143009245 286
1738724745534 175.28298315870754 287
1738724745562 102.55411297696018 288
1738724745590 134.05411835076725 289
1738724745619 156.07155060336223 290
1738724745647 107.0487305281441 291
1738724745675 197.7538051035268 292
1738724745704 182.29195283149448 293
1738724745732 127.23503938162668 294
1738724745761 165.54617946137907 295
1738724745789 249.5646485016639 296
1738724745818 153.79518196304764 297
1738724745846 81.59114617871678 298
1738724745875 87.77028119307957 299
1738724745903 210.28387446901897 300
1738724745932 124.30658213000576 301
1738724745960 220.16916424642753 302
1738724745989 167.7539399182468 303
1738724746017 115.38214405849678 304
1738724746046 173.73781536973434 305
1738724746074 198.5913803638181 306
1738724746103 216.33837506391444 307
1738724746131 175.46134067029948 308
1738724746160 53.331543545905824 309
1738724746189 115.0596556849301 310
1738724746217 186.63633163890634 311
1738724746246 186.63705014691456 312
1738724746274 87.79972166310924 313
1738724746303 287.93268756951034 314
1738724746331 261.27432561462325 315
1738724746360 116.30199694222021 316
1738724746388 188.30063523952956 317
1738724746417 146.19912204332454 318
1738724746445 103.54751608832059 319
1738724746474 206.0975745667596 320
1738724746502 160.24377956211143 321
1738724746531 164.30248820052458 322
1738724746559 121.77802484633072 323
1738724746588 165.39227116484855 324
1738724746616 186.90897465519765 325
1738724746645 128.33871754491366 326
1738724746673 177.34774841567273 327
1738724746702 239.92565760452015 328
1738724746730 111.65482226795211 329
1738724746759 174.09210301010916 330
1738724746787 259.4366569085693 331
1738724746816 180.26220027574448 332
1738724746844 160.01204050072022 333
1738724746872 190.3192813291867 334
1738724746901 141.34242240575352 335
1738724746929 211.64778683662422 336
1738724746958 231.31348303428086 337
1738724746986 148.94590361969986 338
1738724747014 178.14798138315624 339
1738724747043 150.2214165545353 340
1738724747071 119.57623353077922 341
1738724747099 164.52114611593169 342
1738724747128 77.6717436735307 343
1738724747156 142.75530746828167 344
1738724747185 195.79590145654768 345
1738724747213 77.15570384925746 346
1738724747241 132.95601911417225 347
1738724747270 180.77808928437747 348
1738724747298 195.07453292312783 349
1738724747327 231.66350414301192 350
1738724747357 139.11510072221463 351
1738724747386 125.67267277595208 352
1738724747415 385.582177255224 353
1738724747445 178.91793415822795 354
1738724747474 126.21377014130127 355
1738724747503 230.875193136213 356
1738724747532 154.8688856070664 357
1738724747562 170.9629434164845 358
1738724747591 217.54225989684514 359
1738724747620 119.78855546836597 360
1738724747649 437.0158916901207 361
1738724747679 133.24449809232397 362
1738724747708 169.23816829321063 363
1738724747737 261.2573583775545 364
1738724747766 133.36065970548043 365
1738724747795 147.20480753983375 366
1738724747825 102.23171276969379 367
1738724747854 90.83817673083396 368
1738724747883 229.71417750480515 369
1738724747912 199.75509825094537 370
1738724747941 113.57082121947076 371
1738724747971 192.60804038246818 372
1738724748000 193.4929480649469 373
1738724748029 151.38120867781814 374
1738724748058 406.4897299072787 375
1738724748087 147.1653088315456 376
1738724748117 185.8691843226222 377
1738724748146 168.43099935697822 378
1738724748175 170.12434730808664 379
1738724748204 287.9625904409369 380
1738724748234 335.60716091336354 381
1738724748263 265.31577400622393 382
1738724748292 80.67445052698407 383
1738724748322 125.36589229763783 384
1738724748351 158.79343291859053 385
1738724748380 205.18022712127595 386
1738724748409 121.7745709475741 387
1738724748438 215.2467025379274 388
1738724748467 109.71472372863532 389
1738724748496 145.12630318480555 390
1738724748525 168.42358148005044 391
1738724748554 123.39095167924305 392
1738724748583 205.2761364553879 393
1738724748612 118.3194084211958 394
1738724748641 328.31209889290403 395
1738724748670 170.6557182813409 396
1738724748699 218.39885213183916 397
1738724748728 140.3894256587995 398
1738724748757 283.91948638688456 399
1738724748785 163.3418163669522 400
1738724748814 159.5590948129588 401
1738724748843 190.31725567321496 402
1738724748873 131.91073522806167 403
1738724748904 32.59760479861776 404
1738724748933 193.11740754299407 405
1738724748962 122.55699387763462 406
1738724748991 212.60202338707234 407
1738724749020 156.66108251701345 408
1738724749050 234.74047133446018 409
1738724749079 201.17863280755068 410
1738724749108 244.81449505863355 411
1738724749137 189.81378180828426 412
1738724749166 236.31497017911366 413
1738724749195 105.79935771831704 414
1738724749224 266.6962889552219 415
1738724749253 248.99724316594177 416
1738724749282 85.132751168729 417
1738724749311 106.44094176739951 418
1738724749340 130.36012629723325 419
1738724749369 124.681897962389 420
1738724749397 134.0076946696052 421
1738724749426 250.4655922938416 422
1738724749455 146.58475235271828 423
1738724749484 205.0731641647937 424
1738724749513 119.46484945699494 425
1738724749542 208.44397860525305 426
1738724749571 221.01601763314926 427
1738724749600 168.76844147499475 428
1738724749629 170.23332763856004 429
1738724749658 166.79385860585128 430
1738724749687 174.9291017661108 431
1738724749716 128.14779694999496 432
1738724749745 191.41256848787353 433
1738724749774 238.67261737160075 434
1738724749803 61.64242350695396 435
1738724749832 175.51622339158666 436
1738724749861 198.7937100747876 437
1738724749890 161.6623356339186 438
1738724749919 134.7203004602162 439
1738724749948 218.44235764359502 440
1738724749976 221.59851961888862 441
1738724750005 123.61073774580021 442
1738724750034 59.762706162224866 443
1738724750063 162.78068418878243 444
1738724750092 120.57678688540803 445
1738724750121 168.40853603489506 446
1738724750150 214.93283436597414 447
1738724750178 56.547538482885166 448
1738724750207 190.3006339671285 449
1738724750236 95.18345101160789 450
1738724750266 202.822427701897 451
1738724750295 171.62866187054817 452
1738724750324 211.94398360414803 453
1738724750353 223.64419348349773 454
1738724750383 190.12477593601676 455
1738724750412 91.10156089745963 456
1738724750441 269.54408957467285 457
1738724750470 260.24371139914535 458
1738724750499 15.692546637625023 459
1738724750528 177.00451383912102 460
1738724750557 205.9822129084438 461
1738724750586 108.05120032045947 462
1738724750615 112.66338903986349 463
1738724750644 221.03917612727116 464
1738724750673 127.01301419357098 465
1738724750701 226.18778254277512 466
1738724750730 139.176701595425 467
1738724750759 201.7187299952122 468
1738724750788 207.88160057734524 469
1738724750816 175.8090353159758 470
1738724750845 168.23726602475128 471
1738724750874 160.18892669450923 472
1738724750902 182.1789069929535 473
1738724750931 96.01153367026374 474
1738724750959 190.94736796232175 475
1738724750988 189.2748471365622 476
1738724751017 105.5233374012276 477
1738724751045 115.79604562049869 478
1738724751074 128.9285277226972 479
1738724751103 125.01670315705574 480
1738724751131 260.5906851761242 481
1738724751160 168.96699162134308 482
1738724751189 152.65728287104852 483
1738724751218 209.6304773869878 484
1738724751247 203.13063348876622 485
1738724751275 71.1449961638438 486
1738724751304 78.18987267436847 487
1738724751333 132.02738066638813 488
1738724751362 264.11318051088637 489
1738724751390 129.21905466894415 490
1738724751419 157.15368312319714 491
1738724751447 317.351535130387 492
1738724751476 107.73205185818134 493
1738724751505 197.18908974844345 494
1738724751533 203.4929257678604 495
1738724751562 149.2294684351234 496
1738724751591 178.22769593404445 497
1738724751619 223.91528280351844 498
1738724751648 198.59288800026258 499
