1738724807618 148.36415302231083 0
1738724807648 161.26074433448142 1
1738724807677 167.75235432950006 2
1738724807706 142.22615681443685 3
1738724807735 162.82432526504144 4
1738724807763 192.40003446852063 5
1738724807793 165.32776020136274 6
1738724807822 183.76094485914626 7
1738724807851 203.10275956092642 8
1738724807880 184.90261132595833 9
1738724807908 153.7340358662119 10
1738724807937 168.78139438603728 11
1738724807965 172.98313565029275 12
1738724807994 172.82658503025976 13
1738724808022 178.28807715991374 14
1738724808051 176.58911032363196 15
1738724808080 178.32536691251946 16
1738724808108 185.49304206881854 17
1738724808137 178.51719758131182 18
1738724808165 156.21708968624856 19
1738724808194 160.8198612096138 20
1738724808222 174.47127859317987 21
1738724808251 163.47536575539695 22
1738724808279 170.79856537270763 23
1738724808308 155.79221462236504 24
1738724808336 155.33606168819892 25
1738724808365 138.34198347154742 26
1738724808393 162.66014437315113 27
1738724808422 177.53863797414726 28
1738724808450 153.4238062137676 29
1738724808479 161.82415579463068 30
1738724808507 169.71067915123956 31
1738724808536 178.03147765138107 32
1738724808565 174.4179252360284 33
1738724808593 165.9217463348732 34
1738724808622 156.60302681002696 35
1738724808650 176.98714364173694 36
1738724808679 188.43795529887484 37
1738724808707 150.1082253015258 38
1738724808736 197.31120506547433 39
1738724808764 172.40581881291814 40
1738724808793 185.14999791537298 41
1738724808821 199.58249724442842 42
1738724808850 157.57029486561137 43
1738724808879 163.83663954214015 44
1738724808907 181.62556272325975 45
1738724808936 156.92145224356244 46
1738724808964 187.2789481834404 47
1738724808993 162.872704827366 48
1738724809021 168.1595580195384 49
1738724809050 180.68222611432887 50
1738724809078 156.78393214230462 51
1738724809107 181.30438819926152 52
1738724809136 202.77983383458408 53
1738724809164 176.90990750428114 54
1738724809193 173.51766457570426 55
1738724809221 141.29819770582728 56
1738724809249 158.03888562543668 57
1738724809278 179.77382397348953 58
1738724809307 153.08713460440342 59
1738724809336 180.47831810978727 60
1738724809366 173.98254701822486 61
1738724809395 183.32322222433464 62
1738724809424 172.25398337453484 63
1738724809453 166.6053294755589 64
1738724809482 175.7352679408692 65
1738724809511 131.78405447777797 66
1738724809540 189.28930651906848 67
1738724809569 168.36054930134887 68
1738724809598 154.8240991455795 69
1738724809628 170.72167918682862 70
1738724809657 161.50619156948767 71
1738724809686 178.31366959132018 72
1738724809715 152.61526212437965 73
1738724809744 173.76813272947192 74
1738724809772 157.7386192012498 75
1738724809801 176.02559535550375 76
1738724809830 164.46829615082362 77
1738724809859 136.8620256626133 78
1738724809888 211.95602526227268 79
1738724809917 159.68163419823983 80
1738724809946 155.62253529411703 81
1738724809975 168.95092923765105 82
1738724810004 163.97609396570448 83
1738724810033 192.83098555430288 84
1738724810062 180.05138250362012 85
1738724810091 155.92258621469588 86
1738724810120 140.77900056197623 87
1738724810148 178.87101815091503 88
1738724810177 167.0322874883422 89
1738724810206 188.81542300023503 90
1738724810236 169.39179388148742 91
1738724810265 182.94514433670398 92
1738724810294 162.31888550439373 93
1738724810323 200.46424824022753 94
1738724810353 177.6714032852147 95
1738724810382 221.65513448160144 96
1738724810411 140.5404673456675 97
1738724810440 160.11611501631032 98
1738724810469 153.2199418912269 99
1738724810498 183.58997507722566 100
1738724810527 179.31707414058016 101
1738724810556 183.2751817702767 102
1738724810585 155.65524323395778 103
1738724810615 152.1785202061669 104
1738724810645 164.28418207930082 105
1738724810675 178.61152543815487 106
1738724810704 176.1797182962557 107
1738724810733 168.9497384764786 108
1738724810763 170.1755476510494 109
1738724810792 160.8209506207937 110
1738724810821 158.27464057690563 111
1738724810850 205.42253393109073 112
1738724810879 152.18883154314457 113
1738724810908 226.1950896242215 114
1738724810937 165.61422016898612 115
1738724810965 195.15678257270076 116
1738724810994 169.66778246313842 117
1738724811023 164.5320353664119 118
1738724811052 158.73194081716514 119
1738724811080 180.4961509100135 120
1738724811109 135.19835264000633 121
1738724811138 180.67033680039074 122
1738724811167 193.84217550837545 123
1738724811196 186.77918020939742 124
1738724811225 161.51959232096436 125
1738724811253 171.53875563378912 126
1738724811282 164.03618641421647 127
1738724811311 153.90103856361435 128
1738724811339 160.3649876696378 129
1738724811367 151.3648393003671 130
1738724811396 159.63880673411686 131
1738724811425 165.12056073579276 132
1738724811454 178.98310292986878 133
1738724811483 170.79124516103047 134
1738724811511 205.43713508054017 135
1738724811540 176.8304449658027 136
1738724811569 150.8421403088066 137
1738724811597 161.1841242173195 138
1738724811626 186.47954541459293 139
1738724811655 173.63322614424962 140
1738724811684 154.10596444401023 141
1738724811713 214.11818674910177 142
1738724811741 165.30581824427145 143
1738724811770 172.6469878692481 144
1738724811799 155.16741030521362 145
1738724811827 170.8421394853089 146
1738724811856 170.3898601025866 147
1738724811884 203.04233228022997 148
1738724811913 160.30024557681713 149
1738724811942 172.77446340573542 150
1738724811970 162.31112419071053 151
1738724811999 172.40823555554775 152
1738724812027 145.61162072911875 153
1738724812056 168.8193999065035 154
1738724812084 162.40493928165773 155
1738724812113 173.69391833237285 156
1738724812141 149.1591857560514 157
1738724812171 154.09842738211893 158
1738724812200 150.6480217407463 159
1738724812228 169.60905578772898 160
1738724812257 179.99834295145277 161
1738724812286 182.26361029397964 162
1738724812314 169.8255474324647 163
1738724812343 173.41338056162215 164
1738724812371 170.13791604459317 165
1738724812400 174.0776164343468 166
1738724812428 162.9100304566015 167
1738724812457 180.9267619513078 168
1738724812485 174.736437883696 169
1738724812514 167.9122143386778 170
1738724812542 135.25555642142197 171
1738724812571 156.13895398717966 172
1738724812599 165.36829067530923 173
1738724812627 138.90247493280498 174
1738724812656 174.91250352323146 175
1738724812684 179.49119436604656 176
1738724812713 167.568927734572 177
1738724812741 167.0043487532456 178
1738724812769 187.2835136622915 179
1738724812798 145.3091427045014 180
1738724812826 167.58758438255367 181
1738724812855 181.25745017087831 182
1738724812883 148.3144852897092 183
1738724812911 167.16812233513969 184
1738724812940 171.7831638644677 185
1738724812968 160.30392697490146 186
1738724812996 176.9524628210853 187
1738724813025 187.29067146433488 188
1738724813053 171.19725961222647 189
1738724813082 179.1516540825356 190
1738724813110 186.1933718798506 191
1738724813138 148.04795593878168 192
1738724813167 179.6724269702384 193
1738724813195 187.72322724862147 194
1738724813223 178.4195890148221 195
1738724813252 184.9542782030388 196
1738724813280 177.63543268668315 197
1738724813308 161.60890883938086 198
1738724813336 195.30068804950824 199
1738724813365 164.38937491711835 200
1738724813393 178.51469606691353 201
1738724813421 166.59300164566235 202
1738724813449 181.96445851496588 203
1738724813478 174.08447324717588 204
1738724813506 160.17830907888606 205
1738724813534 188.1451515549685 206
1738724813563 170.6551211550178 207
1738724813591 169.71392637599047 208
1738724813619 161.3495392467572 209
1738724813648 158.96745703378636 210
1738724813676 161.82516285100107 211
1738724813704 221.91280997299643 212
1738724813733 190.0935250455739 213
1738724813761 165.42560674308075 214
1738724813790 197.68756721471723 215
1738724813818 166.54121299945075 216
1738724813846 177.4523018036651 217
1738724813875 175.73643720376458 218
1738724813903 163.08932760751858 219
1738724813932 172.21240017678178 220
1738724813960 188.10459426524594 221
1738724813988 169.94268199541088 222
1738724814017 154.56480889135716 223
1738724814045 165.50773231589557 224
1738724814074 177.4131410229358 225
1738724814102 185.5571504730246 226
1738724814130 193.9226986703032 227
1738724814159 148.4731895396689 228
1738724814187 173.1651693439619 229
1738724814215 160.1084057077256 230
1738724814244 177.86785533185062 231
1738724814272 106.60109937359802 232
1738724814301 163.5552059477616 233
1738724814329 164.52846255518924 234
1738724814357 180.70182499576202 235
1738724814385 169.04271761724394 236
1738724814414 160.04330751929618 237
1738724814442 184.33156644808767 238
1738724814471 165.50711484341653 239
1738724814499 151.7664171428283 240
1738724814527 172.02672838638895 241
1738724814556 170.30951632252206 242
1738724814584 190.96754305571164 243
1738724814613 145.0343353808847 244
1738724814641 211.65915090648028 245
1738724814669 171.28004927307921 246
1738724814698 179.8017802274025 247
1738724814726 170.64768866132772 248
1738724814754 166.87257981625564 249
1738724814783 172.85178731377462 250
1738724814811 171.16179895956836 251
1738724814839 177.07510626280947 252
1738724814867 190.4864517936857 253
1738724814896 146.40396205423008 254
1738724814924 174.38273189179432 255
1738724814952 166.0965557301429 256
1738724814980 160.68046682602457 257
1738724815009 164.43750113857334 258
1738724815037 181.39284162626737 259
1738724815065 195.9997680383867 260
1738724815094 171.78047151164134 261
1738724815122 153.94780746620236 262
1738724815151 147.80431477836152 263
1738724815179 172.93827334358122 264
1738724815208 179.00787922356884 265
1738724815236 172.84578011556945 266
1738724815265 178.30115770266977 267
1738724815293 169.77366047475073 268
1738724815322 172.1468207840958 269
1738724815350 166.03948897556936 270
1738724815379 165.50831461895228 271
1738724815407 164.47830390676782 272
1738724815436 162.6057212049087 273
1738724815464 206.6083637280496 274
1738724815493 233.87897691768174 275
1738724815521 177.30585776883706 276
1738724815550 140.00836828561134 277
1738724815578 173.51502242425937 278
1738724815606 172.65794763843743 279
1738724815634 175.7637745668094 280
1738724815663 166.67168293320688 281
1738724815691 159.23196539968 282
1738724815719 158.51097953019152 283
1738724815748 182.30683465207696 284
1738724815777 169.0579591463118 285
1738724815805 155.16806485394986 286
1738724815834 184.84421260589812 287
1738724815862 160.4816886498251 288
1738724815890 138.1181477520689 289
1738724815919 179.73944749781307 290
1738724815947 165.2870376179863 291
1738724815975 170.97023496863702 292
1738724816004 171.55840589805305 293
1738724816032 151.54181849381675 294
1738724816060 162.94316213116156 295
1738724816089 176.1639023352119 296
1738724816117 182.6595291767968 297
1738724816146 161.33824113419254 298
1738724816174 155.92006382031397 299
1738724816202 177.26801012665624 300
1738724816231 146.36520774129792 301
1738724816259 149.368240492587 302
1738724816287 158.33122118515954 303
1738724816316 150.96904772888158 304
1738724816344 164.52207859324184 305
1738724816373 166.76310604723324 306
1738724816401 169.91864521621264 307
1738724816429 157.25587618970061 308
1738724816458 217.2250833209005 309
1738724816486 169.89894567167957 310
1738724816514 142.7368711689729 311
1738724816542 146.25824213440805 312
1738724816571 150.12489448656936 313
1738724816599 154.81119619775612 314
1738724816627 165.558605196614 315
1738724816656 176.93930229505716 316
1738724816684 160.49488469848504 317
1738724816712 151.5403723036358 318
1738724816740 167.6935932541851 319
1738724816768 166.17321817599225 320
1738724816797 195.0061975727372 321
1738724816825 168.28495573444957 322
1738724816853 185.26397605090014 323
1738724816881 170.45168895128552 324
1738724816910 172.05100053046465 325
1738724816938 162.9080644099017 326
1738724816966 150.0113421634555 327
1738724816994 192.2608462495756 328
1738724817023 164.03771603953746 329
1738724817051 177.07048683115605 330
1738724817080 189.41445262803305 331
1738724817108 171.48096268682534 332
1738724817136 169.11492884370168 333
1738724817165 163.538818952792 334
1738724817193 187.56758859099355 335
1738724817221 161.91915227680445 336
1738724817274 190.57386837567833 337
1738724817303 162.0796943960095 338
1738724817333 179.52585221629218 339
1738724817362 185.27781569746028 340
1738724817391 183.43633334031531 341
1738724817421 177.4213718041905 342
1738724817450 162.12603213158698 343
1738724817479 158.96889731830575 344
1738724817508 175.69862840241174 345
1738724817537 160.64709841445915 346
1738724817566 170.03888972716317 347
1738724817595 182.72862440728088 348
1738724817624 132.95738544421258 349
1738724817653 174.14442985746115 350
1738724817682 148.99319218534717 351
1738724817711 178.14565895189207 352
1738724817740 165.32123537464508 353
1738724817769 172.86301379611385 354
1738724817798 158.70136108006213 355
1738724817828 174.42531790480618 356
1738724817857 167.08525961624522 357
1738724817886 183.36749526265834 358
1738724817915 165.15071720294273 359
1738724817944 180.88140770138367 360
1738724817973 163.53965381432604 361
1738724818002 184.62767351726666 362
1738724818031 127.59470181321598 363
1738724818059 182.63639793812993 364
1738724818088 148.46653205243075 365
1738724818117 144.67677745940043 366
1738724818146 171.95337415114395 367
1738724818174 157.0388886253067 368
1738724818203 176.588657300174 369
1738724818232 176.04868847939912 370
1738724818260 167.91140394184492 371
1738724818289 170.25961337598247 372
1738724818320 168.92957815777223 373
1738724818349 216.19849328403848 374
1738724818378 154.38756136958224 375
1738724818407 185.58588877834623 376
1738724818436 180.1708680605456 377
1738724818465 159.80493482301776 378
1738724818494 160.4792446465465 379
1738724818523 158.25103683491 380
1738724818551 242.83293085896398 381
1738724818580 175.703551881089 382
1738724818609 185.49064393116132 383
1738724818638 167.05310477861408 384
1738724818667 170.93869527328957 385
1738724818704 191.71876135650461 386
1738724818733 165.3380168914885 387
1738724818762 164.28894101243054 388
1738724818791 167.2737443251368 389
1738724818820 189.73920607715638 390
1738724818848 177.95025023471933 391
1738724818877 179.16835403592432 392
1738724818906 166.11330046316732 393
1738724818935 170.39711582257783 394
1738724818964 178.0222135042204 395
1738724818992 173.45845438005534 396
1738724819021 168.43875722190901 397
1738724819050 181.42804356070675 398
1738724819079 202.5005252028394 399
1738724819108 164.97552298332096 400
1738724819136 169.07475437032647 401
1738724819165 211.86673333432987 402
1738724819194 173.25297793560446 403
1738724819222 189.22483756064423 404
1738724819251 164.07664587373125 405
1738724819280 171.6580267533244 406
1738724819309 164.00069051232012 407
1738724819337 137.84584136125548 408
1738724819366 194.7651672066034 409
1738724819395 172.5013734175173 410
1738724819423 172.43741896641467 411
1738724819452 156.26930852644062 412
1738724819481 179.90064103404112 413
1738724819509 164.50641581246518 414
1738724819538 188.49500881240152 415
1738724819567 158.1072710746888 416
1738724819597 174.98383121695835 417
1738724819627 110.30935280666795 418
1738724819657 181.9108527292466 419
1738724819686 154.5314980974434 420
1738724819716 186.17230696406375 421
1738724819746 168.68758135815628 422
1738724819775 144.65502122636417 423
1738724819804 166.156657413744 424
1738724819834 156.11340681741018 425
1738724819864 142.89450650188553 426
1738724819893 166.94837793626954 427
1738724819923 160.86147227840024 428
1738724819952 187.63194014674414 429
1738724819981 165.65969351743854 430
1738724820011 168.75256111032388 431
1738724820040 175.80798788817089 432
1738724820070 162.30903890029265 433
1738724820099 164.53736376107656 434
1738724820128 164.91238875518363 435
1738724820157 156.141743711692 436
1738724820187 166.8126439938824 437
1738724820216 184.99495157918247 438
1738724820245 173.05390346151995 439
1738724820275 175.39589708199225 440
1738724820304 181.08289089097846 441
1738724820333 210.74657833341627 442
1738724820363 186.95530333319195 443
1738724820392 201.0122147097087 444
1738724820421 172.61234625806992 445
1738724820450 163.8223464049749 446
1738724820480 162.7252727384858 447
1738724820509 178.463202627303 448
1738724820538 173.35816966708134 449
1738724820568 172.85560160969956 450
1738724820597 169.54405584691133 451
1738724820626 168.25626300241663 452
1738724820656 153.4295326109569 453
1738724820685 145.04726813787497 454
1738724820714 191.71738874173258 455
1738724820743 184.72364812187703 456
1738724820772 163.74489704982426 457
1738724820801 154.85824410021746 458
1738724820830 155.45349309954034 459
1738724820859 191.5712751144348 460
1738724820888 207.7634737217399 461
1738724820918 181.52079294671154 462
1738724820947 154.73362644702675 463
1738724820976 172.9593522614382 464
1738724821005 175.46269863497457 465
1738724821034 173.3042481258 466
1738724821063 173.54219438069157 467
1738724821092 175.906695209179 468
1738724821121 165.89204074638843 469
1738724821150 172.67832538380804 470
1738724821179 166.43426353391618 471
1738724821208 170.66127729545263 472
1738724821237 182.39319261062772 473
1738724821266 155.29873559920242 474
1738724821295 173.26896131996799 475
1738724821324 186.40337398710645 476
1738724821353 169.87382830680158 477
