1738724071004 199.22036659808336 0
1738724071038 136.82761296715128 1
1738724071071 177.9371754225499 2
1738724071105 178.1760076588483 3
1738724071138 160.42935296499246 4
1738724071172 176.88712850631535 5
1738724071211 155.57202522695667 6
1738724071246 181.48305800196698 7
1738724071280 193.57823598356853 8
1738724071314 152.36015319080138 9
1738724071348 162.77785480445536 10
1738724071382 176.6463124869797 11
1738724071415 169.57459638417473 12
1738724071449 169.55811750771815 13
1738724071483 158.8666721185884 14
1738724071517 155.80546799659342 15
1738724071550 165.20080565380064 16
1738724071584 173.88390947590224 17
1738724071618 144.18455828423538 18
1738724071651 151.7866057755304 19
1738724071685 186.07831485830152 20
1738724071719 187.48862575930215 21
1738724071752 180.05303922954786 22
1738724071786 177.40161209786555 23
1738724071819 171.66258536997168 24
1738724071853 151.05703474171207 25
1738724071886 137.41783228497897 26
1738724071920 183.3955149473706 27
1738724071953 168.1983805617932 28
1738724071987 144.45654478524648 29
1738724072020 194.54046816448516 30
1738724072054 131.05643276733596 31
1738724072087 175.12603512780876 32
1738724072121 152.14359965486764 33
1738724072154 213.3463792826811 34
1738724072188 178.57203531263346 35
1738724072221 156.06251812445083 36
1738724072255 162.62896287215247 37
1738724072288 142.52721430609998 38
1738724072322 196.78225917513893 39
1738724072355 166.08882702065483 40
1738724072389 169.84593734186268 41
1738724072423 176.6683198781183 42
1738724072456 186.47979107503912 43
1738724072490 158.64995506440036 44
1738724072523 185.82324640798004 45
1738724072556 168.89621329381353 46
1738724072590 159.13592056688717 47
1738724072623 147.83593838809645 48
1738724072656 182.39671591109126 49
1738724072689 162.48715116399106 50
1738724072723 160.6414805793301 51
1738724072756 128.46813909567447 52
1738724072789 179.69598198647432 53
1738724072822 182.9694434712718 54
1738724072856 151.77331934202644 55
1738724072889 166.67117027663664 56
1738724072922 170.15517941574524 57
1738724072955 216.52921181065744 58
1738724072988 179.02285418454187 59
1738724073021 171.69272613268203 60
1738724073055 168.78328164903488 61
1738724073088 158.1102663822857 62
1738724073121 167.84485652797832 63
1738724073154 158.32015911465038 64
1738724073188 163.62395248213028 65
1738724073221 156.48101423627938 66
1738724073254 163.16191317055936 67
1738724073288 166.1920232027623 68
1738724073321 158.22442039073508 69
1738724073354 153.34634022239615 70
1738724073387 199.99015870098893 71
1738724073420 163.87260001212883 72
1738724073454 194.39241833010152 73
1738724073487 161.01757244504353 74
1738724073520 173.5663567175841 75
1738724073553 97.1219906096945 76
1738724073586 180.50281497377526 77
1738724073619 179.498949635411 78
1738724073652 192.1204815816222 79
1738724073685 163.62169495528633 80
1738724073718 168.63106949215893 81
1738724073752 194.35577757536333 82
1738724073785 153.5943222276556 83
1738724073818 182.86301745088645 84
1738724073851 195.3262656824526 85
1738724073884 148.08953373534092 86
1738724073917 150.28840502651855 87
1738724073951 165.73285873480273 88
1738724073984 188.7972323988771 89
1738724074017 162.0348173003707 90
1738724074050 139.0063534304532 91
1738724074083 166.53685305023174 92
1738724074116 163.5118769681816 93
1738724074149 166.6201929613786 94
1738724074182 155.9517069809518 95
1738724074216 193.38714467943677 96
1738724074249 155.9655469737879 97
1738724074282 166.0946194288143 98
1738724074315 153.98855394870117 99
1738724074348 189.22116423019054 100
1738724074382 151.4257139243435 101
1738724074415 154.06174406378804 102
1738724074448 164.5156753920537 103
1738724074482 161.86883513349457 104
1738724074515 146.222459487686 105
1738724074548 191.79766616841667 106
1738724074581 160.6737074859976 107
1738724074614 149.8873849631072 108
1738724074647 145.8371053635759 109
1738724074680 143.3818154577168 110
1738724074713 184.80596113310887 111
1738724074747 175.79763177409842 112
1738724074780 174.2026802325348 113
1738724074813 160.34993146707075 114
1738724074846 169.65721156311156 115
1738724074879 159.71589348927105 116
1738724074912 163.87296430688158 117
1738724074945 173.03041461420335 118
1738724074978 174.97808120273407 119
1738724075011 138.58908309557205 120
1738724075044 181.30463572906996 121
1738724075077 180.01156999624695 122
1738724075110 164.18311531239098 123
1738724075143 170.87555690077895 124
1738724075176 172.86715356956637 125
1738724075209 183.73145547481315 126
1738724075242 142.96948777528792 127
1738724075275 167.6628213287502 128
1738724075308 155.26120056960036 129
1738724075342 164.6056897002652 130
1738724075375 168.682234202765 131
1738724075408 175.5693539830559 132
1738724075441 144.04632679077244 133
1738724075474 170.68396616389225 134
1738724075507 189.97916078879499 135
1738724075540 181.15680144176693 136
1738724075573 168.2291597666553 137
1738724075606 149.42439243836142 138
1738724075639 214.59494079927535 139
1738724075672 168.54395020587293 140
1738724075705 162.70894846710056 141
1738724075738 138.89693330757663 142
1738724075771 171.85793676480282 143
1738724075804 169.27383934429662 144
1738724075837 173.58997525393843 145
1738724075870 131.61075021685681 146
1738724075903 198.30292509405416 147
1738724075936 150.45714057026828 148
1738724075969 158.95321136959552 149
1738724076002 151.5345252659509 150
1738724076035 165.24252368366805 151
1738724076068 171.97540337026575 152
1738724076102 192.1365327494832 153
1738724076135 165.92341052759826 154
1738724076168 176.74762152517368 155
1738724076201 181.69259004220714 156
1738724076234 174.20515010979207 157
1738724076267 232.7468581693765 158
1738724076300 171.81111784531936 159
1738724076334 176.13206823439296 160
1738724076367 167.8206497865689 161
1738724076400 158.9809032545288 162
1738724076434 178.85481302103997 163
1738724076467 189.23907807859297 164
1738724076500 165.26511077033052 165
1738724076533 172.39623750177998 166
1738724076566 177.56474479380242 167
1738724076599 189.34173477456542 168
1738724076632 177.05533090742577 169
1738724076665 161.19568372832046 170
1738724076698 165.2661163000395 171
1738724076731 171.687893700019 172
1738724076763 152.87760986907324 173
1738724076796 154.94076443640927 174
1738724076829 161.1757959165471 175
1738724076862 166.9810062702172 176
1738724076895 164.21781856044583 177
1738724076928 189.54628202634905 178
1738724076961 178.52886399124696 179
1738724076994 185.36962694817487 180
1738724077027 167.52586716282045 181
1738724077060 226.50548471309364 182
1738724077093 183.69620205221625 183
1738724077125 167.0395056696749 184
1738724077158 162.38764318574903 185
1738724077191 165.67434989247144 186
1738724077224 178.43225264982325 187
1738724077257 175.09777240437802 188
1738724077289 176.63021727051918 189
1738724077322 169.4492788462507 190
1738724077355 187.779540158272 191
1738724077388 187.3442164971029 192
1738724077420 151.31170304748875 193
1738724077453 161.35153437216042 194
1738724077486 155.4964133495248 195
1738724077518 176.6065234388714 196
1738724077551 162.32410014962448 197
1738724077584 184.4608763558045 198
1738724077627 189.77810420555738 199
1738724077662 157.32544120389326 200
1738724077696 144.27216645825766 201
1738724077730 209.6141128921116 202
1738724077764 85.56054510699319 203
1738724077798 121.76331822586363 204
1738724077831 183.80873031294328 205
