1738722393248 189.46941092883617 0
1738722393285 177.17074178613473 1
1738722393322 173.67314963959674 2
1738722393359 159.62288846640615 3
1738722393395 176.9652972358553 4
1738722393432 175.97534410538225 5
1738722393470 151.41247778516123 6
1738722393507 175.1796202886443 7
1738722393543 189.6424486936073 8
1738722393580 176.5595528015125 9
1738722393618 188.58156214282891 10
1738722393659 168.10222756472845 11
1738722393696 158.65109006814305 12
1738722393735 165.08292665252307 13
1738722393773 175.76449517550347 14
1738722393815 175.23391695135692 15
1738722393861 162.30454991880234 16
1738722393903 168.4298820668741 17
1738722393943 190.01994018098526 18
1738722394002 162.26661534521958 19
1738722394046 168.55525089191852 20
1738722394085 158.42593828052094 21
1738722394123 168.65921015160615 22
1738722394162 159.32125858921268 23
1738722394207 164.21468607282353 24
1738722394248 166.30739331208014 25
1738722394289 176.19209156199594 26
1738722394330 162.79815442588372 27
1738722394369 143.8439448573084 28
1738722394408 166.61746933389963 29
1738722394446 180.28873278052205 30
1738722394484 166.82079092426855 31
1738722394521 169.78989311852635 32
1738722394559 169.88396937459564 33
1738722394597 172.50271641989747 34
1738722394634 181.70515763115577 35
1738722394671 162.0977106091115 36
1738722394708 153.51677767793643 37
1738722394746 189.26880860529536 38
1738722394783 176.40180258568736 39
1738722394821 159.6093094592625 40
1738722394858 163.2262109238134 41
1738722394895 178.52081211247807 42
1738722394932 166.87574873990948 43
1738722394969 168.93619044068694 44
1738722395006 162.28810310001583 45
1738722395043 166.67819675144548 46
1738722395080 174.31146065747117 47
1738722395116 174.13839139255163 48
1738722395153 166.6716090582012 49
1738722395190 180.62736783204463 50
1738722395226 169.21927604435422 51
1738722395262 174.34305915837345 52
1738722395298 180.70914531005448 53
1738722395335 167.36318152451975 54
1738722395371 179.0944877506646 55
1738722395407 177.709083438852 56
1738722395443 176.63516587079104 57
1738722395480 180.21542232351422 58
1738722395517 173.0933672257909 59
1738722395553 179.1031259556716 60
1738722395589 177.38766739310165 61
1738722395626 178.1364978337606 62
1738722395662 157.95362488341286 63
1738722395698 165.95974450559723 64
1738722395735 179.60965988635903 65
1738722395771 161.45859617087524 66
1738722395808 165.70463594277308 67
1738722395843 194.1971734085505 68
1738722395881 171.52889255029507 69
1738722395917 166.35085707075726 70
1738722395953 169.26351858003676 71
1738722395990 179.68886513114327 72
1738722396026 173.98478374985874 73
1738722396062 171.69661457169124 74
1738722396098 177.78695294138927 75
1738722396134 157.60281972156756 76
1738722396170 151.21285641102423 77
1738722396206 171.52957646515802 78
1738722396243 161.37313040092246 79
1738722396279 179.5459411852099 80
1738722396316 164.23855053448378 81
1738722396353 178.56751153202404 82
1738722396389 155.13000549373172 83
1738722396426 179.68841595648323 84
1738722396462 175.06532689218875 85
1738722396498 152.58661940340966 86
1738722396534 163.31971953591804 87
1738722396570 162.71105041630514 88
1738722396606 165.63553374338505 89
1738722396643 173.42725138675732 90
1738722396679 157.12298881189503 91
1738722396714 179.884864857209 92
1738722396750 141.81750641490532 93
1738722396788 175.51705549611194 94
