1738724777721 167.2146689793601 0
1738724777725 169.5704061264108 1
1738724777728 169.81738834713175 2
1738724777731 166.68040082392542 3
1738724777734 169.31596501201648 4
1738724777737 169.83841090669256 5
1738724777741 167.95369226196794 6
1738724777744 166.97916971229643 7
1738724777747 166.95876209045875 8
1738724777750 168.63468320962147 9
1738724777753 167.42504848195748 10
1738724777756 167.46489698238486 11
1738724777759 167.28992498532847 12
1738724777762 170.95695819429173 13
1738724777765 165.99424252371136 14
1738724777769 167.54594188118622 15
1738724777772 166.63626799838076 16
1738724777775 170.1264400507224 17
1738724777778 166.5852093048331 18
1738724777781 168.6452485526418 19
1738724777784 170.02194579766214 20
1738724777787 171.06286898214188 21
1738724777791 169.46536298764138 22
1738724777794 170.04364125269902 23
1738724777798 168.22351422217767 24
1738724777802 169.88840640705772 25
1738724777805 167.12679888038303 26
