1738721998521 167.9987515685763 0
1738721998524 169.94427876361038 1
1738721998525 166.72916171442878 2
1738721998527 169.65613420804897 3
1738721998528 168.70089426385593 4
1738721998530 167.89316026856326 5
1738721998532 168.88445272061455 6
1738721998533 167.72693323517285 7
1738721998535 170.19422675960928 8
1738721998537 168.4322551606 9
1738721998538 168.89634983488165 10
1738721998540 167.04956513435462 11
1738721998542 169.18792814646716 12
1738721998544 169.9213988309237 13
1738721998546 170.3457868256704 14
1738721998548 168.4054742874328 15
1738721998550 169.95672061933152 16
1738721998552 168.69052845422667 17
1738721998554 170.9803950070192 18
1738721998555 169.71362348573666 19
1738721998558 170.90580799930933 20
1738721998559 166.8864033821014 21
1738721998561 169.03284769706352 22
1738721998563 169.1010854742453 23
1738721998565 172.24833953600933 24
1738721998567 168.6829665050754 25
1738721998569 166.61658115643579 26
1738721998570 167.4221766059379 27
1738721998572 169.7316062655206 28
1738721998574 167.93208365889421 29
1738721998576 168.2931469967367 30
1738721998578 169.136943204926 31
1738721998580 168.689559140526 32
1738721998582 168.38101429594002 33
1738721998583 171.04721987696132 34
1738721998585 168.00131542240243 35
