1738726144334 169.07131647022763 0
1738726144337 169.06411004564737 1
1738726144341 169.05709372881316 2
1738726144344 169.05026173835202 3
1738726144347 169.04360848908337 4
1738726144350 169.03712858486668 5
1738726144353 169.03081681172424 6
1738726144357 169.02466813122757 7
1738726144360 169.01867767413748 8
1738726144363 169.01284073428732 9
1738726144366 169.0071527626995 10
1738726144369 169.00160936192668 11
1738726144373 168.9962062806076 12
1738726144376 168.9909394082304 13
1738726144379 168.98580477009355 14
1738726144382 168.9807985224583 15
1738726144385 168.97591694788338 16
1738726144388 168.9711564507363 17
1738726144391 168.96651355287298 18
1738726144394 168.9619848894799 19
1738726144397 168.9575672050721 20
1738726144400 168.95325734964084 21
1738726144403 168.9490522749452 22
1738726144405 168.9449490309419 23
1738726144409 168.940944762348 24
1738726144411 168.9370367053312 25
1738726144414 168.93459030532364 26
1738726144417 168.93219094494606 27
1738726144420 168.9298375034511 28
1738726144423 168.9275288914545 29
1738726144426 168.92526404995294 30
1738726144429 168.92304194937597 31
1738726144432 168.92086158866948 32
1738726144435 168.91872199441076 33
1738726144438 168.9166222199532 34
1738726144441 168.91456134460003 35
1738726144444 168.9125384728057 36
1738726144447 168.9105527334041 37
1738726144450 168.90860327886273 38
1738726144453 168.90668928456157 39
1738726144456 168.90480994809636 40
1738726144459 168.9029644886043 41
1738726144462 168.90115214611313 42
1738726144465 168.89937218091046 43
1738726144467 168.89762387293518 44
1738726144470 168.89590652118798 45
1738726144473 168.89421944316146 46
1738726144476 168.89256197428907 47
1738726144479 168.89093346741177 48
1738726144482 168.8893332922622 49
1738726144485 168.88776083496555 50
1738726144487 168.88621549755652 51
1738726144490 168.88469669751208 52
1738726144493 168.8832038672991 53
1738726144496 168.88173645393644 54
1738726144499 168.8802939185713 55
1738726144502 168.87887573606915 56
1738726144505 168.87748139461624 57
1738726144507 168.8761103953354 58
1738726144510 168.87476225191358 59
1738726144513 168.87343649024137 60
1738726144516 168.87213264806368 61
1738726144519 168.87085027464192 62
1738726144523 168.869588930426 63
1738726144526 168.86834818673725 64
1738726144529 168.8671276254611 65
1738726144533 168.8659268387491 66
1738726144536 168.86474542873026 67
1738726144539 168.86358300723168 68
1738726144543 168.86243919550745 69
1738726144546 168.86131362397583 70
1738726144549 168.8602059319649 71
1738726144552 168.85911576746568 72
1738726144555 168.8580427868931 73
1738726144558 168.85698665485367 74
1738726144560 168.8559470439211 75
1738726144563 168.85492363441801 76
1738726144566 168.85391611420448 77
1738726144569 168.8529241784729 78
1738726144572 168.85194752954948 79
