1738724990233 165.99785479540074 0
1738724990262 177.2840083641226 1
1738724990292 171.70575083180415 2
1738724990321 179.98133295081854 3
1738724990351 166.42328858715535 4
1738724990380 169.04932716387108 5
1738724990410 175.00565216862117 6
1738724990440 173.1887402279266 7
1738724990471 174.71739571173262 8
1738724990501 176.53845643509277 9
1738724990531 164.435777293733 10
1738724990562 177.12085564082858 11
1738724990592 160.2695705400854 12
1738724990622 170.64463404636967 13
1738724990651 158.51023436235502 14
1738724990681 167.11959218969903 15
1738724990711 176.6943734778372 16
1738724990741 166.22905568612282 17
1738724990771 173.8022085446477 18
1738724990801 172.55172422224476 19
1738724990831 166.31575134607752 20
1738724990860 179.5958418864831 21
1738724990890 170.46550189256251 22
1738724990920 175.15400038499317 23
1738724990950 181.57958485633563 24
