1738724149076 168.8061714326197 0
1738724149079 168.26027935694526 1
1738724149081 166.43247873476346 2
1738724149084 166.2354857961872 3
1738724149087 169.34112453802626 4
1738724149090 168.05420657353753 5
1738724149092 173.8882047183405 6
1738724149095 168.16348261902962 7
1738724149098 170.20971884303546 8
1738724149101 168.32316839284937 9
1738724149104 169.20315645574374 10
1738724149106 172.0168036966553 11
1738724149109 171.74804439934644 12
1738724149112 168.71143276072237 13
1738724149115 168.60250526764113 14
1738724149118 169.17000514969203 15
1738724149121 169.41650790922716 16
1738724149124 167.72391326803316 17
1738724149126 169.82085671183683 18
1738724149129 169.30833663854486 19
1738724149132 170.9048623459455 20
1738724149135 166.99054297365598 21
1738724149138 167.72391113438252 22
1738724149140 169.1104817475099 23
1738724149143 165.80086691082718 24
1738724149146 168.89500133904534 25
1738724149149 169.07879978939928 26
1738724149151 168.43776022101756 27
1738724149154 168.39153943098484 28
1738724149157 165.32591662868504 29
1738724149160 166.379598150787 30
1738724149162 167.9671498837491 31
1738724149165 171.2273469955714 32
1738724149168 170.36928917801794 33
1738724149171 169.5750118901809 34
1738724149173 167.7011843032042 35
1738724149176 169.9358681445181 36
1738724149179 167.7811263703664 37
1738724149182 171.26888280816055 38
1738724149184 169.32072269593164 39
1738724149187 167.10470885174303 40
1738724149190 169.6856223553893 41
1738724149193 167.44754613592275 42
1738724149195 168.0163793778568 43
1738724149198 169.40033501220393 44
1738724149201 170.93915075497148 45
1738724149204 168.09957865449007 46
1738724149206 167.92399005774465 47
1738724149209 170.00884851655726 48
1738724149212 168.6485085010551 49
1738724149215 170.22597755962596 50
1738724149218 168.10306527113835 51
1738724149220 169.8242309779089 52
1738724149223 170.30903513660095 53
1738724149226 167.65936802751108 54
1738724149229 168.30182079764575 55
1738724149231 166.716521230892 56
1738724149234 169.26674778472278 57
1738724149237 170.42127580332493 58
1738724149240 171.34719078775814 59
1738724149242 167.86844097436875 60
1738724149245 168.1060053920212 61
1738724149248 169.79773251896953 62
1738724149251 169.52291005306628 63
1738724149253 168.42172669587166 64
1738724149256 168.268234053497 65
1738724149259 166.25475695861468 66
1738724149262 169.47598668819535 67
1738724149265 168.53794020478034 68
1738724149267 168.54934077984007 69
1738724149270 169.41136304647142 70
1738724149273 169.57050093638742 71
1738724149276 171.27678344861854 72
1738724149279 167.36684587528862 73
1738724149281 170.20425719901482 74
1738724149284 169.0545059048796 75
1738724149287 169.73396598655756 76
1738724149290 167.90001455337168 77
1738724149293 170.6355768887184 78
1738724149295 168.3682193614383 79
1738724149298 171.9455148963464 80
1738724149301 168.70692358080902 81
1738724149303 170.051432858423 82
1738724149306 168.29014516283266 83
1738724149309 168.77189414820288 84
1738724149312 172.14531933836324 85
1738724149314 169.4287134549759 86
1738724149317 169.47990930694286 87
1738724149320 168.31288975366814 88
1738724149323 169.86552645526254 89
1738724149326 168.75824372040552 90
1738724149328 168.07968233412535 91
1738724149331 168.71754120446687 92
1738724149334 168.68217088896105 93
1738724149337 167.89150966697102 94
1738724149340 170.0353135365805 95
1738724149342 170.0936918674594 96
1738724149345 167.75808366187928 97
1738724149348 165.27268260313764 98
