1738722260684 124.26198625092412 0
1738722260718 167.84877200046475 1
1738722260752 139.34448927050548 2
1738722260786 226.19476765522268 3
1738722260819 175.00395061598755 4
1738722260853 54.53390641971699 5
1738722260887 107.70779338315408 6
1738722260920 180.70044690713027 7
1738722260953 91.38125160041935 8
1738722260987 192.0215902052577 9
1738722261020 198.10402658397334 10
1738722261054 180.61493158790717 11
1738722261087 77.63237860864979 12
1738722261121 138.4915243385776 13
1738722261154 243.72234571389703 14
1738722261186 109.25583750608718 15
1738722261220 167.86906578572402 16
1738722261253 195.46389035449906 17
1738722261286 177.6348203159992 18
1738722261319 185.98122419871683 19
1738722261353 162.11140220445947 20
1738722261388 133.8487926065218 21
1738722261423 297.8095502264519 22
1738722261458 224.10805605896414 23
1738722261493 101.92418511675511 24
1738722261528 143.06925298930665 25
1738722261562 138.78499798482582 26
1738722261597 112.56604542086882 27
1738722261631 165.2235180886503 28
1738722261666 189.4421417590924 29
1738722261700 156.22614213575167 30
1738722261733 205.04841902665098 31
1738722261766 170.2801033490317 32
1738722261800 166.21868544512674 33
1738722261834 254.1177007437901 34
1738722261867 146.5180418168673 35
1738722261901 318.00958675942314 36
1738722261935 259.7754772169398 37
1738722261968 155.4487821699369 38
1738722262003 130.5419931120711 39
1738722262036 112.73699475743854 40
1738722262072 223.4756597690958 41
1738722262106 63.380889955725216 42
1738722262142 209.84558385532435 43
1738722262175 246.25086386779202 44
1738722262213 158.452097965239 45
1738722262247 185.33354972522565 46
1738722262281 167.7856175548723 47
1738722262324 135.66700268783472 48
1738722262385 154.94873921676177 49
1738722262439 126.60745351713808 50
1738722262482 232.39986318728245 51
1738722262518 242.69928642434118 52
1738722262554 285.87647372178975 53
1738722262588 199.75825430794706 54
1738722262623 185.3483608015372 55
1738722262657 157.7899343106642 56
1738722262693 157.76276556206676 57
1738722262730 205.82435944418773 58
1738722262767 63.1385004189574 59
1738722262804 160.28643687521563 60
1738722262843 115.21352766152164 61
1738722262892 167.62007091023787 62
1738722262936 190.70320005463532 63
1738722262976 157.00713548779476 64
1738722263013 261.8101083464061 65
1738722263049 217.6838360555185 66
1738722263084 179.97057613857143 67
1738722263119 217.0919282411451 68
1738722263154 161.95824528798042 69
1738722263189 128.94706795496023 70
1738722263224 124.13205563190579 71
1738722263259 238.69373972093098 72
1738722263295 238.49476501112449 73
1738722263332 126.463930166228 74
1738722263368 226.90702219210485 75
1738722263404 115.3933985011187 76
1738722263439 172.82558869191757 77
1738722263475 150.29940101204778 78
1738722263510 86.95326342103829 79
1738722263544 153.68516288107202 80
1738722263579 124.93211217534855 81
1738722263614 209.63055479506173 82
1738722263650 167.1384153365171 83
1738722263685 227.19343015288723 84
1738722263721 276.05986795624653 85
1738722263756 240.7968311947117 86
1738722263791 132.13815865487118 87
1738722263826 132.46105561103423 88
1738722263861 180.36971160553406 89
1738722263896 44.655484471040815 90
1738722263961 147.9606514112152 91
1738722263996 168.68610889638578 92
1738722264032 116.97031277054926 93
1738722264067 204.7902502979414 94
1738722264101 193.70272466536306 95
1738722264136 79.72522348202419 96
1738722264171 130.75635047543398 97
1738722264206 188.92691545345653 98
1738722264241 172.48579242345275 99
1738722264277 164.66561202590492 100
1738722264313 130.49668731540845 101
1738722264348 126.53510847442597 102
1738722264383 217.783785880333 103
1738722264418 142.71930290025176 104
1738722264453 225.30158797161215 105
1738722264489 187.30053191922923 106
1738722264525 153.12271484794877 107
1738722264561 193.61225049597402 108
1738722264597 208.85667516342278 109
1738722264632 162.43161426537554 110
1738722264667 139.62157602291646 111
1738722264703 126.9550493041094 112
1738722264738 462.0927230741405 113
1738722264773 255.84603180982833 114
1738722264807 101.14387212128969 115
1738722264843 145.50986828706144 116
1738722264879 120.47454637989617 117
1738722264913 100.14275762463939 118
1738722264948 197.66918760904193 119
1738722264984 224.82794931104493 120
1738722265018 157.1810889783565 121
1738722265052 192.36208613650192 122
1738722265085 148.90117469919866 123
1738722265119 106.16335619492742 124
1738722265152 173.48999112883666 125
1738722265186 214.80984134532207 126
1738722265219 84.94341829742709 127
1738722265252 56.074664815180746 128
1738722265285 160.99279753884767 129
1738722265319 160.12520620480103 130
1738722265352 109.10380419462393 131
1738722265386 181.06823978645167 132
1738722265419 103.43552048794187 133
1738722265452 151.9499429382579 134
1738722265485 161.32675894136207 135
1738722265519 154.3274207567716 136
1738722265552 88.36657301946595 137
1738722265586 221.128904045265 138
1738722265619 177.80706338260944 139
1738722265652 77.41294618796167 140
1738722265686 200.4084265336425 141
1738722265720 140.43349288881822 142
1738722265754 250.78031989871712 143
1738722265789 139.67456453492116 144
1738722265823 146.67860709412642 145
1738722265857 168.24223543501338 146
1738722265891 111.32139063741174 147
1738722265926 87.89921222429294 148
1738722265961 42.81508797727799 149
1738722265996 87.91376054716001 150
1738722266031 138.32136640515586 151
1738722266066 166.72996234607118 152
1738722266102 196.86190064728567 153
1738722266137 98.45951340795146 154
1738722266172 170.11720740285057 155
1738722266207 378.76323410821243 156
1738722266243 136.1028650221105 157
1738722266278 226.13828632986625 158
1738722266313 271.0963762170697 159
1738722266347 171.05833970903012 160
1738722266382 192.61241720039777 161
1738722266417 117.02037097622753 162
1738722266452 147.65292311679073 163
1738722266487 132.06503727001956 164
1738722266522 151.75782084059415 165
1738722266556 150.7594929988441 166
1738722266590 140.93325665650585 167
1738722266624 153.28105433471958 168
1738722266658 114.32329709614734 169
1738722266691 133.53107300556286 170
1738722266725 177.40204443681162 171
1738722266760 386.7361952119741 172
1738722266794 146.98365681904326 173
1738722266828 147.94291064742805 174
1738722266861 144.83138471665202 175
1738722266895 210.66303716705374 176
1738722266928 299.05919565974796 177
1738722266961 132.53839969916513 178
1738722266994 63.30731889534985 179
1738722267027 236.9156370143397 180
1738722267061 84.09237097240018 181
1738722267094 139.85939534698417 182
1738722267133 135.97584487644423 183
1738722267168 188.0367568285526 184
1738722267203 169.13018434368107 185
1738722267237 90.3101612191535 186
1738722267272 130.1822709284383 187
1738722267305 121.22155092723604 188
1738722267339 284.90031008978065 189
1738722267372 129.4460102775974 190
1738722267406 333.53720236883765 191
1738722267441 225.21757822105675 192
1738722267476 79.40526527925265 193
1738722267510 164.2684144121265 194
1738722267545 135.0498387514967 195
1738722267578 132.09038061048824 196
1738722267612 115.54464154610528 197
1738722267646 221.52738087186546 198
1738722267680 81.01425841850342 199
1738722267714 149.59415890161986 200
1738722267748 206.15728706198146 201
1738722267782 151.02831391999968 202
1738722267816 224.8797997736556 203
1738722267849 201.53580624615776 204
1738722267883 155.1509625909747 205
1738722267916 163.16142409970954 206
1738722267949 160.77766810283993 207
1738722267982 160.70928473552263 208
1738722268016 143.74288945716165 209
1738722268049 152.8952009826127 210
1738722268082 220.92357286699448 211
1738722268114 140.3542611300487 212
1738722268148 131.05421918230786 213
1738722268181 203.93693332616067 214
1738722268226 189.30034798310288 215
1738722268269 161.0989991801974 216
1738722268306 254.03050234125126 217
1738722268341 137.92541896811377 218
1738722268377 81.9125123535806 219
1738722268411 198.12613059055738 220
1738722268446 195.45303041047248 221
1738722268480 80.2388898971333 222
1738722268514 261.4347550217127 223
1738722268547 142.90869739969835 224
1738722268582 127.17226930979855 225
1738722268616 146.27645670685126 226
1738722268650 162.11039364036446 227
1738722268684 207.49719089876143 228
1738722268718 113.13829826122793 229
1738722268752 1.7148973411286612 230
1738722268785 170.47270991319024 231
1738722268818 122.21981404015465 232
1738722268850 123.38023097747849 233
1738722268883 66.74835845663183 234
1738722268916 170.69074486079774 235
1738722268948 198.92135824867228 236
1738722268981 178.97308331481108 237
1738722269013 247.76045322901072 238
1738722269046 239.2421287725925 239
1738722269078 253.8147633673631 240
1738722269111 83.90302447689405 241
1738722269143 208.6064487323212 242
1738722269176 88.68104223048621 243
1738722269208 99.94841063668623 244
1738722269241 214.4838562909587 245
1738722269273 115.80391065374981 246
1738722269308 179.21487539555312 247
1738722269343 156.3238900025802 248
1738722269376 139.91053350575277 249
1738722269410 160.8412666883963 250
1738722269443 82.23776689913976 251
1738722269477 171.97448426627093 252
1738722269510 109.64924205920254 253
1738722269543 130.73294818205284 254
1738722269577 129.8901692343413 255
1738722269610 136.97701911027835 256
1738722269643 207.67909513147143 257
1738722269677 205.11311824556 258
1738722269710 142.96945320661945 259
1738722269743 164.40085565579898 260
1738722269777 241.17576479762718 261
1738722269810 175.537518710308 262
1738722269843 199.63902888786834 263
1738722269877 209.5417291894063 264
1738722269910 208.70823302890668 265
1738722269943 187.2152493040926 266
1738722269976 133.62092567918484 267
1738722270008 107.58351112672909 268
1738722270041 190.4290444768719 269
1738722270074 170.384558574234 270
1738722270106 214.26870067071368 271
1738722270139 226.84016264313624 272
1738722270171 261.5841814396121 273
1738722270204 118.07200990450458 274
1738722270236 102.06825369106359 275
1738722270269 173.81445319718182 276
1738722270301 147.40325023029683 277
1738722270334 176.10945687778687 278
1738722270366 178.80913275085294 279
1738722270399 127.37001665647169 280
1738722270432 157.39418843105963 281
1738722270464 138.95601771088687 282
1738722270497 177.89988765349094 283
1738722270529 60.70574050899323 284
1738722270562 198.17100999509134 285
1738722270595 204.96422685586623 286
1738722270629 222.746421634618 287
1738722270662 112.70850225467291 288
1738722270710 128.71518495864407 289
1738722270743 113.63157354210452 290
1738722270776 225.30341460506102 291
1738722270809 136.84997332030605 292
1738722270842 273.0738750566634 293
1738722270875 251.60149248699113 294
1738722270908 118.0414175746659 295
1738722270941 242.24829642248886 296
1738722270974 216.07861749986824 297
1738722271007 329.0153982299186 298
1738722271039 264.54790015284254 299
