1738723689331 166.47830976407465 0
1738723689333 168.0125686113894 1
1738723689336 168.60281673888443 2
1738723689339 168.3373331243086 3
1738723689341 169.98176684584706 4
1738723689344 167.9295535030988 5
1738723689347 168.2764527203087 6
1738723689350 171.11034373988954 7
1738723689352 170.93928125398637 8
1738723689355 167.1663305534065 9
1738723689358 168.12895014579712 10
1738723689360 168.61525662741687 11
1738723689363 168.66638537971687 12
1738723689366 171.2666665201505 13
1738723689368 168.1893885036257 14
1738723689371 168.36470184502485 15
