1738726596906 168.47202454088358 0
1738726596913 168.63927844491008 1
1738726596917 170.15108302090687 2
1738726596927 167.84510787380748 3
1738726596933 167.90742576090395 4
1738726596940 167.26365337446046 5
1738726596946 166.53709860818265 6
1738726596951 165.12817793939482 7
1738726596957 170.47736248938702 8
1738726596963 169.57651495050428 9
1738726596968 169.7728364847972 10
1738726596974 167.953473603571 11
1738726596979 170.0513369555066 12
1738726596983 170.1837150106005 13
1738726596988 166.29000637765841 14
1738726596992 170.3529011671149 15
1738726596996 170.93011809894546 16
1738726597000 168.84625984474215 17
1738726597004 169.7497948636599 18
1738726597008 171.50694428608014 19
1738726597013 170.60197232097207 20
1738726597017 169.5494079443038 21
1738726597022 168.41231540246082 22
