1738722563278 169.23884560674298 0
1738722563279 169.24226903229533 1
1738722563281 169.240166447656 2
1738722563282 169.23819657458216 3
1738722563283 169.23623294174854 4
1738722563285 169.23427830122296 5
1738722563287 169.23233254882376 6
1738722563288 169.23039564390402 7
1738722563289 169.22846754460832 8
1738722563291 169.22654820931413 9
1738722563292 169.22463759659806 10
1738722563294 169.2227356652361 11
1738722563295 169.22084237420222 12
1738722563306 169.21895768266762 13
1738722563308 169.21708154999988 14
1738722563309 169.2152139357617 15
1738722563311 169.21335479971026 16
1738722563312 169.21150410179612 17
1738722563313 169.20966180216217 18
1738722563315 169.20782786114316 19
1738722563316 169.20600223926408 20
1738722563318 169.20418489723983 21
1738722563319 169.20237579597404 22
1738722563321 169.20057489655815 23
1738722563322 169.19878216027058 24
1738722563323 169.19699754857578 25
1738722563325 169.1952210231233 26
1738722563326 169.19345254574702 27
1738722563328 169.19169207846406 28
1738722563329 169.18993958347406 29
1738722563331 169.1881950231582 30
1738722563332 169.18645836007832 31
1738722563333 169.18472955697627 32
1738722563335 169.18300857677258 33
1738722563336 169.18129538256605 34
1738722563338 169.1795899376326 35
1738722563339 169.1778922054246 36
1738722563341 169.1762021495698 37
1738722563342 169.17451973387074 38
1738722563344 169.17284492230363 39
1738722563345 169.1711776790178 40
1738722563347 169.1695179683346 41
1738722563348 169.16786575474666 42
1738722563350 169.16622100291727 43
1738722563351 169.16458367767905 44
1738722563353 169.1629537440337 45
1738722563354 169.1613311671508 46
1738722563356 169.15971591236712 47
1738722563357 169.1581079451859 48
1738722563359 169.15650723127584 49
1738722563360 169.1549137364705 50
1738722563362 169.15332742676728 51
1738722563364 169.15174826832694 52
1738722563365 169.1501762274725 53
1738722563366 169.14861127068863 54
1738722563368 169.14705336462083 55
1738722563369 169.1455024760746 56
1738722563371 169.1439585720147 57
1738722563372 169.14242161956446 58
1738722563373 169.1408915860049 59
1738722563375 169.13936843877394 60
1738722563376 169.13785214546584 61
1738722563377 169.1363426738302 62
1738722563379 169.13483999177132 63
1738722563380 169.13334406734748 64
1738722563382 169.1318548687702 65
1738722563383 169.13037236440343 66
1738722563384 169.12889652276272 67
1738722563386 169.12742731251478 68
1738722563387 169.12596470247652 69
1738722563389 169.12450866161439 70
1738722563391 169.12305915904363 71
1738722563393 169.1216161640275 72
1738722563394 169.12017964597672 73
1738722563397 169.11874957444869 74
1738722563398 169.11732591914665 75
1738722563406 169.11590864991913 76
1738722563408 169.11449773675923 77
1738722563409 169.1130931498039 78
1738722563411 169.11169485933308 79
1738722563412 169.11030283576935 80
1738722563414 169.10891704967693 81
1738722563415 169.1075374717612 82
1738722563417 169.10616407286778 83
1738722563418 169.1047968239822 84
1738722563420 169.1034356962289 85
1738722563421 169.1020806608707 86
1738722563423 169.10073168930813 87
1738722563424 169.09938875307873 88
1738722563426 169.09805182385642 89
1738722563430 169.09672087345083 90
1738722563433 169.09539587380658 91
1738722563435 169.09407679700277 92
1738722563436 169.0927636152522 93
1738722563438 169.09145630090077 94
1738722563440 169.0901548264268 95
1738722563441 169.08885916444058 96
1738722563442 169.0875692876833 97
1738722563444 169.0862851690269 98
1738722563446 169.08500678147314 99
1738722563448 169.08373409815317 100
1738722563450 169.0824670923267 101
1738722563452 169.08120573738142 102
1738722563454 169.0799500068326 103
1738722563455 169.07869987432215 104
1738722563457 169.0774553136182 105
1738722563458 169.07621629861458 106
1738722563460 169.0749828033299 107
1738722563462 169.07375480190728 108
1738722563463 169.07253226861351 109
1738722563465 169.0713151778386 110
1738722563467 169.0701035040951 111
1738722563468 169.06889722201748 112
1738722563470 169.06769630636177 113
1738722563472 169.06650073200456 114
1738722563474 169.06531047394282 115
1738722563475 169.06412550729314 116
1738722563477 169.0629458072911 117
1738722563478 169.06177134929078 118
1738722563480 169.06060210876421 119
1738722563482 169.0594380613007 120
1738722563484 169.05827918260636 121
1738722563486 169.05712544850348 122
1738722563487 169.05597683493002 123
1738722563489 169.054833317939 124
1738722563491 169.05369487369802 125
