1738722518457 177.4237913989566 0
1738722518492 148.4848744136408 1
1738722518528 179.6943231318211 2
1738722518562 166.82052158599342 3
1738722518596 171.3713193157383 4
1738722518630 172.60815396444568 5
1738722518664 185.8652735067727 6
1738722518698 187.1723612009118 7
1738722518731 170.45708540855435 8
1738722518764 143.67886478440397 9
1738722518797 148.9794859139833 10
1738722518831 150.22628210017987 11
1738722518864 132.63273646556837 12
1738722518897 165.98030686114168 13
1738722518929 159.52554684455558 14
1738722518962 166.54249747125974 15
1738722518995 196.31370988152526 16
1738722519029 194.7359440659935 17
1738722519062 188.12932981616078 18
1738722519095 173.56051546711853 19
1738722519128 160.36412833588003 20
1738722519162 171.00855830090097 21
1738722519195 193.9214921729894 22
1738722519228 171.97744883652464 23
1738722519261 201.59508216830136 24
1738722519294 190.32580413047907 25
1738722519326 174.63936203920142 26
1738722519359 176.0779233863435 27
1738722519392 174.7960994183274 28
1738722519425 169.1607892502465 29
1738722519457 168.56591600168176 30
1738722519490 115.69144733730212 31
1738722519523 169.77487174400866 32
1738722519555 164.89241922912612 33
1738722519588 164.66425198491456 34
1738722519621 141.84269419413116 35
1738722519653 126.18324234096328 36
1738722519687 173.1480310943272 37
1738722519721 171.87862624712687 38
1738722519755 181.06730321746366 39
1738722519788 165.94782464206304 40
1738722519821 216.5637525418029 41
1738722519854 146.7873830129956 42
1738722519887 186.30976409324907 43
1738722519920 183.50514636786093 44
1738722519952 177.62710195603404 45
1738722519985 178.54931161402564 46
1738722520018 172.57906935280636 47
1738722520051 188.60977077295948 48
1738722520083 187.36256367445168 49
1738722520116 173.46070238975304 50
1738722520148 150.63875465595257 51
1738722520181 149.54383546973727 52
1738722520213 194.3867022193232 53
1738722520246 170.9569612032262 54
1738722520278 158.4220732534472 55
1738722520311 138.02017978670645 56
1738722520345 156.92179059363562 57
1738722520380 143.00444267488413 58
1738722520415 174.02134687042866 59
1738722520448 177.08231587781012 60
1738722520481 188.0352777545537 61
1738722520513 130.05421692753333 62
1738722520545 172.1446410859589 63
1738722520577 138.67316948423053 64
1738722520610 169.90871731866204 65
1738722520642 151.29715253760492 66
1738722520674 171.94952221639682 67
1738722520706 157.28289910431366 68
1738722520738 155.28374651581268 69
1738722520770 160.4982613030502 70
1738722520802 182.24335423728036 71
1738722520834 178.8490748499109 72
1738722520866 169.6695875321878 73
1738722520899 146.46209732091003 74
1738722520931 185.0122056174396 75
1738722520963 197.81036626966736 76
1738722520995 155.30191025637066 77
1738722521027 163.78740193179607 78
1738722521059 176.98638988671166 79
1738722521091 170.7385009929847 80
1738722521123 156.1825064853933 81
1738722521155 175.4144483883055 82
1738722521187 169.30676056223567 83
1738722521219 171.94109841725796 84
1738722521251 166.6784033492067 85
1738722521283 173.66975409847487 86
1738722521315 193.286939438032 87
1738722521347 167.2552612959392 88
1738722521379 162.97729948407138 89
1738722521410 213.5199259640226 90
1738722521442 165.78483962518078 91
1738722521474 152.07278931461926 92
1738722521506 183.1059091323711 93
1738722521538 171.42980021364758 94
1738722521570 148.98180075042683 95
1738722521602 180.1753536277135 96
1738722521634 179.42895479781743 97
1738722521665 152.62065623610195 98
1738722521697 150.47207388204683 99
1738722521729 145.56415895296456 100
1738722521761 162.65754342831838 101
1738722521795 141.9112273360127 102
1738722521828 186.9569305178267 103
1738722521861 166.1401199275796 104
1738722521895 160.72394024907285 105
1738722521928 172.33662381165578 106
1738722521961 236.9650623220292 107
1738722521995 167.48995593170994 108
1738722522028 156.60544156699257 109
1738722522061 155.8432103698764 110
1738722522094 199.54973296990866 111
1738722522127 157.28026340120942 112
1738722522160 178.00829172866577 113
1738722522194 168.84418430982848 114
1738722522227 163.4607752106604 115
1738722522261 181.7425513092935 116
1738722522295 177.32448351511442 117
1738722522328 151.7600272121866 118
1738722522361 173.19804445367663 119
1738722522395 155.90862781027087 120
1738722522428 194.08183983962414 121
1738722522461 153.9649888281649 122
1738722522495 163.96298163449828 123
1738722522529 188.4887594863072 124
1738722522562 155.8898738699622 125
1738722522595 167.82023809415628 126
1738722522628 174.37963896219128 127
1738722522660 189.0104068163081 128
1738722522693 166.67973187060733 129
1738722522726 168.78960353539676 130
1738722522758 181.14513446769408 131
1738722522791 154.3953428690495 132
1738722522823 177.37816225974163 133
1738722522856 217.6942951974416 134
1738722522888 159.86227222529504 135
1738722522920 159.64247848978653 136
1738722522953 163.6803370086424 137
1738722522985 183.11165022669383 138
1738722523017 172.10656855561217 139
1738722523050 168.83704292844058 140
1738722523082 149.55319037461544 141
1738722523114 162.66491044742958 142
1738722523147 169.42452581309587 143
1738722523180 166.61997609053768 144
1738722523214 183.9204453706167 145
1738722523247 187.073601884646 146
1738722523281 188.8319034088576 147
1738722523314 168.35592285429905 148
1738722523347 162.67537223534924 149
1738722523380 130.35442996745695 150
1738722523412 163.73522945202373 151
1738722523444 161.45357439476098 152
1738722523476 177.17798558340792 153
1738722523509 175.32707878290128 154
1738722523541 188.8544048319936 155
1738722523573 168.39426883151842 156
1738722523605 193.47745923194603 157
1738722523638 163.4093717792559 158
1738722523670 151.5010156350309 159
1738722523702 135.62570549595824 160
1738722523734 187.18471774265288 161
1738722523767 177.66567935211026 162
1738722523801 133.31668616361858 163
1738722523834 185.1883010264327 164
1738722523867 178.91135891973533 165
1738722523900 178.51908904217188 166
1738722523933 141.620607050952 167
1738722523967 254.63031638335295 168
1738722524001 168.80292219293207 169
1738722524035 176.3531118474739 170
1738722524067 158.38571117257996 171
1738722524100 158.15838970796804 172
1738722524132 167.4741204336569 173
1738722524165 160.52854867208393 174
1738722524198 148.8099849799058 175
1738722524231 146.00040643955384 176
1738722524265 164.9382125888044 177
1738722524298 210.99615165434955 178
1738722524332 173.7331915732005 179
1738722524365 149.1271513189559 180
1738722524398 184.77271647590607 181
1738722524431 164.01701749495476 182
1738722524464 161.02873600467942 183
1738722524497 165.85689052562262 184
1738722524529 140.26580255399946 185
1738722524562 166.37992453046746 186
1738722524595 159.01939202631246 187
1738722524628 174.98481323016713 188
1738722524660 167.37897234974196 189
1738722524692 182.94235555055178 190
1738722524725 167.91866210483306 191
1738722524757 156.68770433513248 192
1738722524790 179.74831333331736 193
1738722524822 179.4834308358388 194
1738722524854 141.43987700790808 195
1738722524887 146.07800465984806 196
1738722524920 159.01589644961294 197
1738722524952 176.1832760167315 198
1738722524985 161.027527502536 199
1738722525018 150.21772200545846 200
1738722525051 162.35368309065592 201
1738722525084 195.61186179724322 202
1738722525118 165.2343012718106 203
1738722525151 139.94665166231857 204
1738722525185 159.61264401232464 205
1738722525218 170.90421853300182 206
1738722525251 178.12433585400524 207
1738722525284 171.69826941468637 208
1738722525317 178.30233502927044 209
1738722525350 170.00146568364232 210
1738722525383 170.71241504117927 211
1738722525416 173.45482405742803 212
1738722525450 171.47931634303376 213
1738722525483 169.01482248288417 214
1738722525517 170.66872161103097 215
1738722525550 177.23836857052083 216
1738722525583 142.2454869067886 217
1738722525617 175.777960048755 218
1738722525649 170.54234913550027 219
1738722525682 165.73735529732093 220
1738722525715 173.27102931213173 221
1738722525748 137.06290148057997 222
1738722525780 150.017066207573 223
1738722525813 165.30620734103508 224
1738722525847 178.9958677725547 225
1738722525883 124.29938888113537 226
1738722525919 191.9471376884336 227
1738722525954 170.3746166549441 228
1738722525989 176.73897949497217 229
1738722526024 175.8090907198386 230
1738722526059 172.33133689827417 231
1738722526112 146.96426851316278 232
1738722526169 229.8396632738334 233
1738722526205 158.74967524782798 234
1738722526241 138.49628646595377 235
1738722526276 168.55215273788 236
1738722526312 164.75605298382186 237
1738722526348 172.64331613679212 238
1738722526383 194.06060755530396 239
1738722526418 137.7229970169346 240
1738722526453 167.04849417231338 241
1738722526487 170.39553541528244 242
1738722526522 146.5297648527834 243
1738722526556 158.21699458719473 244
1738722526614 151.39702867721533 245
1738722526655 201.1527157442349 246
1738722526690 167.31128255136323 247
1738722526724 163.86238422746274 248
1738722526758 160.2226146335134 249
1738722526791 124.76229450188616 250
1738722526825 177.7135295567195 251
1738722526859 179.27009784824293 252
1738722526894 181.88241026809214 253
1738722526928 178.59603522438343 254
1738722526962 178.96893070944535 255
1738722526997 163.1844517333699 256
1738722527031 155.1165234129225 257
1738722527065 177.07278846324047 258
1738722527099 170.39366004966485 259
1738722527133 184.2665023410015 260
1738722527167 181.35824823893395 261
1738722527201 169.7135658711057 262
1738722527234 174.52247436623958 263
1738722527268 161.14433985492127 264
1738722527302 183.5298576458015 265
1738722527336 168.26913076532642 266
1738722527370 153.66607656554652 267
1738722527404 146.73344327786526 268
1738722527438 183.6652655637567 269
1738722527475 153.6144007798222 270
1738722527510 182.4824508007652 271
1738722527543 172.73380669035967 272
1738722527577 154.739944324584 273
1738722527612 164.68681989127896 274
1738722527646 177.6289564339065 275
1738722527680 174.57850579222136 276
1738722527714 223.94377116496128 277
1738722527748 184.9392077063692 278
1738722527783 165.61684211594246 279
1738722527817 178.25961349085398 280
1738722527851 150.2696116379668 281
1738722527886 184.02244917639186 282
1738722527921 180.43820706342422 283
1738722527955 177.28482061209965 284
1738722527989 182.6257937768425 285
1738722528023 172.2139162257403 286
1738722528057 182.14419780212629 287
1738722528090 159.4281167474656 288
1738722528124 118.99800205692162 289
1738722528158 176.1025482617459 290
1738722528192 171.16116089658328 291
1738722528227 168.6508973596334 292
1738722528261 188.94184384743846 293
1738722528295 156.83839216837492 294
1738722528330 178.81377183250038 295
1738722528365 163.48971160906785 296
1738722528399 160.28779016259992 297
1738722528434 163.97182620417126 298
1738722528468 165.1186738561163 299
1738722528502 165.3275320621429 300
1738722528537 167.5796098697109 301
1738722528572 145.01047858178492 302
1738722528606 155.59521136331557 303
1738722528640 176.4480272043316 304
1738722528674 188.62168988060156 305
1738722528709 186.1869911129496 306
1738722528747 150.27667638549497 307
1738722528781 150.18879094223843 308
1738722528815 148.9642901128621 309
1738722528849 175.5923760256584 310
1738722528882 167.31881490424973 311
1738722528915 183.14288947578248 312
1738722528948 167.38673617228363 313
1738722528982 193.36871417421347 314
1738722529015 139.69096972747943 315
1738722529048 165.01507015132665 316
1738722529080 173.8857198992737 317
1738722529114 158.53299497328055 318
1738722529147 154.0871290600446 319
1738722529181 179.9373780319549 320
1738722529215 207.26533753075643 321
1738722529248 163.9946894947164 322
1738722529282 177.40542232448493 323
1738722529316 169.43802294875138 324
1738722529350 174.061588616799 325
1738722529383 177.15056000415183 326
1738722529417 160.82333718952577 327
1738722529451 140.7928194475605 328
1738722529485 183.92639196808994 329
1738722529519 183.00667371434886 330
1738722529553 160.9848166076473 331
1738722529587 179.05738801321584 332
1738722529620 157.37354098043724 333
1738722529654 201.8227789849864 334
1738722529687 163.3397912936038 335
1738722529720 180.60838715995067 336
1738722529753 181.86711533825067 337
1738722529785 188.4059581374806 338
1738722529818 145.32280157747329 339
1738722529851 175.6692505363545 340
1738722529885 166.2258258851866 341
1738722529919 152.97910980206873 342
1738722529953 170.47156394959424 343
1738722529988 170.71878739012803 344
1738722530023 165.84179106028432 345
1738722530057 214.64222399009765 346
1738722530091 163.52545764649528 347
1738722530126 138.3189652041304 348
1738722530160 180.40786251819017 349
1738722530194 177.45510889608775 350
1738722530229 149.70696765455776 351
1738722530263 150.77447257811224 352
1738722530297 170.51711739529452 353
1738722530331 146.0872132038989 354
1738722530366 170.2038833641269 355
1738722530401 180.80393909636408 356
1738722530435 173.46780647439795 357
1738722530469 167.70508184353196 358
1738722530502 172.49760654649873 359
1738722530535 151.88594292727876 360
1738722530568 180.3264151735963 361
1738722530601 173.39940672313512 362
1738722530634 222.4382732053174 363
1738722530667 167.6676388255797 364
1738722530700 194.1744420810825 365
1738722530732 156.61679165001752 366
1738722530765 175.74910610074454 367
1738722530797 187.37779296275647 368
1738722530830 136.32009367277925 369
1738722530863 167.62688664432474 370
1738722530897 158.06485893922175 371
1738722530930 150.46442541832147 372
1738722530963 163.3616072843533 373
1738722530997 160.75897837991434 374
1738722531030 156.3637683796467 375
1738722531063 170.6388591595429 376
1738722531097 149.30557238887465 377
1738722531131 171.34179664580583 378
1738722531166 143.5912415888946 379
1738722531200 166.1085960557444 380
1738722531234 150.21959757061234 381
1738722531268 164.54723184031553 382
1738722531302 177.3382038532072 383
1738722531336 166.93114468956705 384
1738722531369 177.90158409651298 385
1738722531404 164.45531600896336 386
1738722531437 183.9754707951824 387
1738722531471 190.76959820568374 388
1738722531504 161.4988396861961 389
1738722531537 166.26573253441325 390
1738722531571 153.43669080053465 391
1738722531605 194.72340280132948 392
1738722531638 151.43077538139968 393
1738722531672 169.19638598339225 394
1738722531706 157.7911186767165 395
1738722531740 158.64864569990752 396
1738722531774 154.85705152925382 397
1738722531808 175.93712586952552 398
1738722531841 184.42627227438396 399
1738722531876 157.9496617751557 400
1738722531911 164.58339291116897 401
1738722531945 164.15772493620113 402
1738722531980 330.4939410293227 403
1738722532014 168.55298155670698 404
1738722532049 146.12140033992105 405
1738722532083 165.57729445285992 406
1738722532117 171.7643650487181 407
1738722532150 174.65774548013422 408
1738722532184 199.04766034330547 409
1738722532219 162.78505517111924 410
1738722532257 232.73781027937707 411
1738722532292 157.55611985400137 412
1738722532326 168.72317329322675 413
