1738724777022 166.2830812136073 0
1738724777026 166.91193168636357 1
1738724777029 168.11741234244852 2
1738724777032 171.1993452943906 3
1738724777035 168.54417018458372 4
1738724777038 169.17942332327414 5
1738724777042 171.50267144594326 6
1738724777045 167.44090052677547 7
1738724777048 169.2184278127876 8
1738724777051 167.8714915710813 9
1738724777054 169.65043880247302 10
1738724777057 165.37043143402826 11
1738724777060 169.95290081791913 12
1738724777064 168.7149993851854 13
1738724777067 169.21826285413349 14
1738724777070 168.23618468947902 15
1738724777073 167.13235887665846 16
1738724777076 170.0215040703831 17
1738724777079 168.77961611239257 18
1738724777083 167.5212538065678 19
1738724777086 167.41992964151763 20
1738724777089 167.70739299130696 21
1738724777092 170.21256121447277 22
1738724777095 168.78025297941727 23
1738724777098 168.09430780592086 24
