1738724077877 166.02085772840513 0
1738724077912 147.94346587630497 1
1738724077945 181.71864278932844 2
1738724077979 164.3840861421527 3
1738724078013 180.41645574747045 4
1738724078047 199.32138349680332 5
1738724078081 162.82122369707642 6
1738724078115 141.4809338330443 7
1738724078149 187.74773593405828 8
1738724078183 173.0011165988223 9
1738724078217 174.29953872909618 10
1738724078252 172.118481392696 11
1738724078285 149.8934391878939 12
1738724078319 177.2498046617738 13
1738724078354 192.02059655429125 14
1738724078387 168.47785518853806 15
1738724078421 160.38883848381664 16
1738724078455 178.62815136671964 17
1738724078489 167.44882317513552 18
1738724078523 177.6776943585472 19
1738724078557 169.62843400048584 20
1738724078591 157.22929880112972 21
1738724078625 162.44410527082934 22
1738724078659 175.46404187088814 23
1738724078692 205.3172216738999 24
1738724078726 179.77369463443148 25
1738724078760 169.03081571579517 26
1738724078793 174.43152596932845 27
1738724078827 162.47320609801366 28
1738724078861 147.0960767747193 29
1738724078895 150.0355700501515 30
1738724078929 161.17088559130212 31
1738724078963 158.2304276654653 32
1738724078996 198.26938847745805 33
1738724079030 175.39380323574548 34
1738724079064 162.4753389696198 35
1738724079097 172.49685906842925 36
1738724079131 136.52403951113953 37
1738724079165 172.28401183762026 38
1738724079199 161.64156706667578 39
1738724079232 163.48134648148974 40
1738724079266 157.21255670420072 41
1738724079300 189.3820345969725 42
1738724079334 160.28895530934534 43
1738724079368 183.64797301455496 44
1738724079401 186.42739080245715 45
1738724079435 168.07696815170894 46
1738724079469 176.46608618087092 47
1738724079502 175.45094587100215 48
1738724079536 172.4819138076168 49
1738724079570 184.6505881490805 50
1738724079603 122.12602194507035 51
1738724079637 193.41721114175095 52
1738724079670 186.33822429544702 53
1738724079703 175.88511510189088 54
1738724079737 149.51513805134812 55
1738724079770 138.70005360835606 56
1738724079803 157.76651665359918 57
1738724079836 175.99066794223623 58
1738724079870 169.1344307300504 59
1738724079903 168.3521522414146 60
1738724079936 180.11822366747623 61
1738724079969 182.794279843778 62
1738724080002 131.6686060908793 63
1738724080036 164.67827612298797 64
1738724080069 169.05693070959865 65
1738724080102 164.00252056705273 66
1738724080135 170.34243069403823 67
1738724080169 187.2302210136398 68
1738724080202 129.7514231874772 69
1738724080235 168.90392544521455 70
1738724080269 171.46809207885627 71
