1738724559137 168.27515653062676 0
1738724559141 169.8603651926253 1
1738724559144 169.6054928692361 2
1738724559147 166.58496671477445 3
1738724559150 168.00012953743766 4
1738724559153 171.04620952519124 5
1738724559156 169.08232946223893 6
1738724559159 167.32078889893933 7
1738724559162 167.3420118546576 8
1738724559165 169.07191156113794 9
1738724559168 167.5913152795055 10
1738724559171 166.69012931141958 11
1738724559174 166.3448078739811 12
1738724559178 169.00794789990167 13
1738724559181 169.45860405404474 14
1738724559184 168.41015092874605 15
1738724559187 167.31974868905004 16
1738724559190 169.58833739362385 17
1738724559193 168.46168922376586 18
1738724559196 167.79642173694774 19
1738724559200 168.53972302675476 20
1738724559203 169.51226724833015 21
1738724559206 169.64197402518604 22
1738724559209 166.08263916804654 23
1738724559212 168.87150932804005 24
1738724559215 168.6156751046997 25
1738724559218 169.77376165845587 26
1738724559221 167.18464545433463 27
1738724559224 170.3415648953255 28
1738724559227 169.4049721949944 29
1738724559230 168.68302127441208 30
1738724559233 170.13844792198256 31
1738724559236 169.70130105017935 32
1738724559239 168.94208697867086 33
1738724559242 166.3599494096771 34
1738724559245 170.08936038192192 35
1738724559248 169.21081977984272 36
1738724559251 167.77373826756363 37
1738724559254 168.6289792288243 38
