1738726628925 165.77621482197537 0
1738726628960 167.50436570667415 1
1738726628994 164.87357139125305 2
1738726629029 182.94199917926562 3
1738726629063 156.51685458672927 4
1738726629098 170.4348332173911 5
1738726629132 148.7303020314001 6
1738726629167 180.50462391257508 7
1738726629201 154.41424037588362 8
1738726629235 179.4764412917658 9
1738726629269 168.39792177492498 10
1738726629303 111.3044381064175 11
1738726629337 174.3850475077026 12
1738726629372 183.17160345564758 13
1738726629408 163.20427533676306 14
1738726629443 174.85455279875555 15
1738726629479 169.04905466206253 16
1738726629514 148.50457459910766 17
1738726629549 173.8358452140786 18
1738726629583 177.83706592769155 19
1738726629618 158.01655012126085 20
1738726629652 123.76797835237002 21
1738726629686 129.72503885663403 22
1738726629720 171.38859642063252 23
1738726629755 151.31692250426858 24
1738726629789 145.4912954905005 25
1738726629823 154.92494871885268 26
1738726629857 196.65333959012082 27
1738726629891 170.23919531415814 28
1738726629925 155.64313830474453 29
1738726629959 167.05703071311012 30
1738726629993 196.86051302343557 31
1738726630027 174.09613685959346 32
1738726630061 174.68828880044833 33
1738726630094 161.3466692871568 34
1738726630128 155.46075106292986 35
1738726630162 155.37044157040467 36
1738726630196 175.44141072640116 37
1738726630230 165.88073123746702 38
1738726630264 173.50189674979038 39
1738726630297 167.04425971662113 40
1738726630331 186.50311421011875 41
1738726630392 178.56446122824502 42
1738726630428 170.84334729188112 43
1738726630463 172.88721794087303 44
1738726630498 155.53531938563265 45
1738726630532 185.3396944794813 46
1738726630567 150.36951862391754 47
1738726630601 157.5168666624383 48
1738726630636 136.2450387598182 49
1738726630671 213.15984681673186 50
1738726630706 183.73250477649225 51
1738726630740 156.74042891028083 52
1738726630774 162.04939765789237 53
1738726630810 157.85015949746392 54
1738726630845 159.04858769657628 55
1738726630879 184.09574058983185 56
1738726630914 159.322352281001 57
1738726630948 169.75423190807098 58
1738726630983 161.9218353884365 59
1738726631018 169.74727674207273 60
1738726631053 192.16706702969745 61
1738726631088 186.06514405649327 62
1738726631122 163.65293237183278 63
1738726631156 176.40408889858378 64
1738726631191 183.85011938629592 65
1738726631225 134.17376055728045 66
1738726631260 159.67605524704342 67
1738726631294 161.99942014273807 68
1738726631329 186.52277220074018 69
1738726631363 167.0343742193369 70
1738726631397 125.70374572628543 71
1738726631432 161.187822924572 72
1738726631466 153.25740954799508 73
1738726631500 146.97421785202044 74
1738726631535 168.90592634939543 75
1738726631569 188.15233005799703 76
1738726631603 185.69547451902122 77
1738726631637 168.82408760333323 78
1738726631671 179.91979253974728 79
1738726631705 177.623299023097 80
1738726631740 150.80986298359625 81
1738726631774 154.1821250246958 82
1738726631808 136.55184509455538 83
1738726631842 195.45154370893266 84
1738726631876 166.4014410821383 85
1738726631911 158.24317833629277 86
1738726631945 137.2128745385982 87
1738726631979 172.07074675860707 88
1738726632013 170.66805108336465 89
1738726632047 134.1465365248757 90
1738726632081 168.6920329580331 91
1738726632115 155.19881059521427 92
1738726632149 157.39321474578978 93
1738726632183 197.06576597831008 94
1738726632217 167.54741473527312 95
1738726632251 184.76871209827797 96
1738726632285 156.6951396800256 97
1738726632319 150.7635375518036 98
1738726632360 173.896130340522 99
1738726632396 173.80960128042724 100
1738726632432 166.38769433479777 101
1738726632466 174.74906389344204 102
1738726632501 172.76111801675356 103
1738726632536 178.876207751605 104
1738726632570 177.67542120372457 105
1738726632604 162.57550312249185 106
1738726632639 146.15364903792434 107
1738726632673 128.57986568594507 108
1738726632708 179.3616536277623 109
1738726632742 132.27023845691974 110
1738726632776 206.9397942387065 111
1738726632811 201.16040412690958 112
1738726632845 160.0673348794145 113
1738726632880 167.61445764702162 114
1738726632914 161.70782299204998 115
1738726632949 157.03971148982052 116
1738726632984 173.86722244968732 117
1738726633019 158.47162728396935 118
1738726633054 146.4663330676436 119
1738726633088 169.95953085311422 120
1738726633123 162.02693712200875 121
1738726633158 174.78232647777423 122
1738726633192 216.13102074319136 123
1738726633227 173.267455194821 124
1738726633261 175.42501680199825 125
1738726633296 185.1186504160966 126
1738726633330 183.15514322397306 127
1738726633365 182.1143896068366 128
1738726633401 173.5594514272289 129
1738726633436 182.97774314135438 130
1738726633470 160.28181382555195 131
1738726633505 187.02171939985402 132
1738726633540 170.45018828372855 133
1738726633574 151.80648445419735 134
1738726633609 175.34106068737896 135
1738726633644 163.51038521638853 136
1738726633679 174.0857734235573 137
1738726633720 148.28525964993418 138
1738726633757 189.00249476888584 139
1738726633792 159.5684114247715 140
1738726633828 150.86057527966653 141
1738726633862 180.2607623018881 142
1738726633899 179.64671978758025 143
1738726633945 176.666401911277 144
1738726633980 164.8993179351285 145
1738726634014 158.01458808075085 146
1738726634048 162.98278960455872 147
1738726634083 177.24124619753889 148
1738726634117 162.00027048894393 149
1738726634154 183.61887611071805 150
1738726634189 171.04535006213072 151
1738726634223 168.52868542599347 152
1738726634257 180.7183767572563 153
1738726634292 197.53469302542703 154
1738726634327 171.91331194432868 155
1738726634365 141.6215004020141 156
1738726634403 186.1882375728149 157
1738726634440 171.477718659856 158
1738726634475 131.13455816888614 159
1738726634509 163.91976526407043 160
1738726634543 164.94321139400893 161
1738726634577 159.07472193426406 162
1738726634612 194.4136672629903 163
1738726634646 180.00112574317333 164
1738726634680 150.153542037916 165
1738726634714 185.77625253386523 166
1738726634748 144.50395551892854 167
1738726634782 195.04234618116783 168
1738726634816 149.70420711317988 169
1738726634849 142.58881171973272 170
1738726634883 177.23856832478376 171
1738726634917 158.1536300611725 172
1738726634951 165.30493552959138 173
1738726634985 198.79894382378114 174
1738726635019 195.06980997075098 175
1738726635053 167.3988389445692 176
1738726635087 168.36994327409496 177
1738726635120 206.14402039010758 178
1738726635155 191.30513904211614 179
1738726635191 170.16385515187793 180
1738726635226 221.80123154942768 181
1738726635260 164.68619494906778 182
1738726635295 160.18618635559318 183
1738726635330 175.44592708678442 184
1738726635365 146.9285845660636 185
1738726635400 155.11909279742665 186
1738726635436 179.11817374981587 187
1738726635470 173.4827948475525 188
1738726635505 163.99235715324744 189
1738726635539 169.66651074931198 190
1738726635574 183.80504860501446 191
1738726635608 150.25260825335096 192
1738726635642 152.26669977813842 193
1738726635677 164.66142877310472 194
1738726635711 156.16620994238448 195
1738726635745 164.33736886093777 196
1738726635779 173.44931230313733 197
1738726635814 167.64916900056014 198
1738726635848 167.002872130903 199
1738726635883 126.49514891474227 200
1738726635917 176.0837854445791 201
1738726635952 172.8465002709693 202
1738726635986 150.32478923999588 203
1738726636020 161.1651571393793 204
1738726636054 176.95704507747072 205
1738726636088 162.35176654575662 206
1738726636122 170.95539790991123 207
1738726636156 145.29163328429996 208
1738726636190 161.48060761626465 209
1738726636224 169.4587057672111 210
1738726636259 176.28951668458745 211
1738726636293 159.6405804859073 212
1738726636327 174.66288576296955 213
1738726636360 165.6680368509588 214
1738726636394 179.9533106520158 215
1738726636428 139.93815035914164 216
1738726636462 195.34108891723474 217
1738726636496 178.61883923473798 218
1738726636530 215.56015226089195 219
1738726636564 168.21695641560513 220
1738726636598 180.21559375796662 221
1738726636632 198.4521428320057 222
1738726636666 154.44758241660855 223
1738726636700 188.31389350115504 224
1738726636734 185.2112640041733 225
1738726636768 148.0216909634243 226
1738726636802 170.6323450416868 227
1738726636836 153.4970207389923 228
1738726636869 167.42453714631597 229
1738726636903 170.14490536262667 230
1738726636937 168.14174759726157 231
1738726636971 171.78646071356667 232
1738726637005 170.4347596910199 233
1738726637039 184.35621700116837 234
1738726637073 184.15399725250057 235
1738726637107 165.56484462762108 236
1738726637141 166.8174252457797 237
1738726637175 169.708510668366 238
1738726637208 169.63264322305469 239
1738726637243 174.67789259961222 240
1738726637278 169.73661139968576 241
1738726637313 163.11420705763626 242
1738726637348 155.7769269959224 243
1738726637382 171.64441325846516 244
1738726637416 163.0649913968246 245
1738726637451 152.80698551843406 246
1738726637485 171.15274027036224 247
1738726637519 158.31248854621765 248
1738726637554 166.08934074375776 249
1738726637588 173.75428694821284 250
1738726637622 177.53390548204075 251
1738726637656 174.62194285383245 252
1738726637691 180.54886226912663 253
1738726637725 211.5743183027917 254
1738726637759 155.2458269141621 255
1738726637793 146.02381226451917 256
1738726637828 187.66265225833314 257
1738726637862 178.9918174769281 258
1738726637896 194.91570989004737 259
1738726637931 173.04258794236537 260
1738726637965 151.84823882277396 261
1738726637999 151.06646221265547 262
1738726638033 183.5211072226141 263
1738726638068 162.89508175225993 264
1738726638102 187.48779543262353 265
1738726638136 148.9470402468446 266
1738726638170 175.29020803246036 267
1738726638204 164.20910847205496 268
1738726638238 161.58355994875564 269
1738726638272 184.8918880003942 270
1738726638306 170.13128543773263 271
1738726638340 171.2523190047975 272
1738726638376 154.25598108843383 273
1738726638412 157.2327570865094 274
1738726638447 160.14668569139286 275
1738726638482 152.29734459232066 276
1738726638518 160.5327010818029 277
1738726638553 166.178891031526 278
1738726638587 172.9840159773583 279
1738726638621 184.9841723047209 280
1738726638655 166.16794388902167 281
1738726638689 156.80308778106576 282
1738726638723 165.5677990925916 283
1738726638757 168.81305018295475 284
1738726638791 172.61146274818597 285
1738726638825 208.72864872994415 286
1738726638860 210.60291875841736 287
1738726638894 171.68321574051714 288
1738726638928 172.9832405450642 289
1738726638961 156.5483508847073 290
1738726638995 154.64040837006294 291
1738726639029 157.79002424051725 292
1738726639063 160.92874536707956 293
1738726639097 165.87811199415668 294
1738726639130 156.21611512682966 295
1738726639164 157.8681935854004 296
1738726639198 147.0463330906656 297
1738726639232 168.0446003967848 298
1738726639265 150.22982947248897 299
1738726639299 177.42828706295998 300
1738726639333 154.6815569775988 301
1738726639368 191.47824586569106 302
1738726639403 156.1285988541189 303
1738726639438 164.91179538477328 304
1738726639472 148.91523753220207 305
1738726639507 128.9769973974403 306
1738726639542 165.08444297055735 307
1738726639577 185.9924214528396 308
1738726639611 156.015426126807 309
1738726639646 162.13737023352712 310
1738726639680 157.63729641282472 311
1738726639715 139.99747040053046 312
1738726639749 168.0695392857828 313
1738726639783 173.61234267522957 314
1738726639818 169.2922104650906 315
1738726639852 178.96774212709252 316
1738726639886 168.72440582589576 317
1738726639921 127.38285514191887 318
1738726639955 136.66955343666544 319
1738726639990 173.20193765372755 320
1738726640024 167.1640138237603 321
1738726640058 175.4448475927297 322
1738726640093 155.66908697351187 323
1738726640127 177.68025588497915 324
1738726640161 172.56078924678343 325
1738726640195 193.6422681096555 326
1738726640229 171.47457979973723 327
1738726640264 171.91832021247134 328
1738726640298 146.22711067809539 329
1738726640332 184.01264766468543 330
1738726640366 167.80052278628781 331
1738726640400 172.1867948321043 332
1738726640434 175.21181127533055 333
1738726640468 160.81644489680608 334
1738726640502 178.5042546943011 335
1738726640538 152.58725167689335 336
1738726640572 173.8386121905843 337
1738726640606 168.65277093480205 338
1738726640641 172.84775841707884 339
1738726640675 174.50801679460199 340
1738726640709 168.59560378883202 341
1738726640743 204.65824125638997 342
1738726640778 183.45891356574833 343
1738726640812 184.79674325124242 344
1738726640846 175.41585238744818 345
1738726640880 171.15045748155183 346
1738726640914 166.55342786389457 347
1738726640948 161.47328033498184 348
1738726640982 170.86748772290323 349
1738726641016 162.26009404422553 350
1738726641050 166.07121461324422 351
1738726641084 173.31781287910545 352
1738726641118 157.14956280926648 353
1738726641152 168.4740885181443 354
1738726641186 171.67627846758214 355
1738726641220 124.82671995049746 356
1738726641254 137.7672553652129 357
1738726641287 154.8868728851126 358
1738726641321 165.45232458597334 359
1738726641355 172.95219927241877 360
1738726641389 175.08869919281437 361
1738726641423 142.31640653592376 362
1738726641456 177.6145004611926 363
1738726641490 165.3408289792558 364
1738726641524 131.27432219761906 365
1738726641558 185.7205549970589 366
1738726641591 159.70714962417065 367
1738726641625 190.33018997066338 368
1738726641659 161.28377799221434 369
1738726641692 186.36118340237564 370
1738726641726 164.97998835922792 371
1738726641760 143.11648168970484 372
1738726641794 150.803481377854 373
1738726641827 161.71130876725096 374
1738726641861 164.52899666460252 375
1738726641895 167.12564570050662 376
1738726641928 178.59626014568312 377
1738726641962 220.67820181743642 378
1738726641996 164.1052929560988 379
1738726642030 158.99412139972412 380
1738726642063 165.68237981583857 381
1738726642097 176.80760988883046 382
1738726642131 179.79058147082398 383
1738726642164 174.68836836854248 384
1738726642198 178.8233640391659 385
1738726642231 149.5774707098212 386
1738726642265 186.01776512984497 387
1738726642299 180.45080532631735 388
1738726642332 191.6208167140513 389
1738726642366 176.3721352384794 390
1738726642399 128.51163448300804 391
1738726642433 156.0619105848784 392
1738726642468 151.3988512886532 393
1738726642502 218.27622449463468 394
1738726642536 155.09454983235761 395
1738726642569 182.10117461687037 396
1738726642603 166.9065666978771 397
1738726642637 170.48955186644716 398
1738726642670 115.58135305465395 399
1738726642704 175.43696297761701 400
1738726642738 154.6886468581881 401
1738726642771 179.8569264038536 402
1738726642805 178.24649741979755 403
1738726642839 162.07204579554326 404
1738726642874 161.02715760912926 405
1738726642908 158.3234737398522 406
1738726642942 167.10053681237773 407
1738726642977 144.1545732581563 408
1738726643011 196.7554212169976 409
1738726643045 153.85888261675865 410
1738726643079 187.8227659334077 411
1738726643114 162.33806952846842 412
1738726643148 219.6058847490553 413
1738726643182 174.27466175181522 414
1738726643216 157.84590744932174 415
1738726643250 174.9376245856998 416
1738726643284 148.39013479154826 417
1738726643318 186.42462316819532 418
1738726643352 186.64995517417432 419
1738726643387 159.37930212845555 420
1738726643421 184.7368415150085 421
1738726643455 164.29652089394222 422
1738726643489 167.85540899433045 423
1738726643523 175.53895759447883 424
1738726643557 175.14191597989893 425
1738726643590 160.15525025178025 426
1738726643624 176.58486805599614 427
1738726643659 155.51844726882382 428
1738726643694 170.42759941530102 429
1738726643729 170.5897812470253 430
1738726643764 155.95571267888872 431
1738726643798 161.7242274873124 432
1738726643832 178.79674993322564 433
1738726643871 181.8410744727712 434
1738726643912 174.30090970814675 435
1738726643951 156.04290204891723 436
1738726643988 177.60591868892334 437
1738726644024 188.24447402822565 438
1738726644060 191.49657114373838 439
1738726644096 160.74866891029544 440
1738726644131 176.35236148296178 441
1738726644165 184.61771785609116 442
1738726644200 158.50501792309086 443
1738726644235 165.11908434684364 444
1738726644269 167.63891556687048 445
1738726644303 179.01851074643946 446
1738726644341 185.80119932264094 447
1738726644376 170.37795552095025 448
1738726644410 179.57186083869942 449
1738726644445 153.2790974136679 450
1738726644480 164.70603167757682 451
1738726644515 176.5995997597948 452
1738726644550 183.54497712051395 453
1738726644585 168.8083287421276 454
1738726644619 154.00352215526226 455
1738726644654 173.68910050126033 456
1738726644688 204.78190224537724 457
1738726644723 186.39776118753997 458
1738726644757 146.97204631716093 459
1738726644791 221.905936380282 460
1738726644829 159.95468047074792 461
1738726644869 177.6409194169927 462
1738726644907 150.17502158987375 463
1738726644943 119.10185236561956 464
1738726644978 186.18735757057414 465
1738726645013 146.55050018371693 466
1738726645049 178.51791490127755 467
1738726645083 183.44758162763202 468
1738726645118 155.89639363461671 469
1738726645153 185.81196707620774 470
1738726645189 166.45793268148023 471
1738726645224 165.14400246004965 472
1738726645260 167.59518036464547 473
1738726645295 177.10124221512072 474
1738726645330 139.03399097932146 475
1738726645364 167.44592994525846 476
1738726645399 154.07344422477283 477
1738726645433 165.84684438077122 478
1738726645468 174.91412600115427 479
1738726645502 145.5669484003647 480
1738726645536 135.6281930662152 481
1738726645571 215.0661536499599 482
1738726645606 179.86373773633466 483
1738726645641 192.16304921449392 484
1738726645676 186.21704497421666 485
1738726645711 145.78303951876038 486
1738726645745 184.52636031647103 487
1738726645780 167.21210145439468 488
1738726645814 160.06951730226623 489
1738726645848 171.37164074268787 490
1738726645882 158.9766409154209 491
1738726645917 160.62900696441008 492
1738726645951 184.0930098094272 493
1738726645985 173.67201209080332 494
1738726646020 195.7439167892591 495
1738726646054 191.17453527375685 496
1738726646090 145.2511929453992 497
1738726646124 179.02304026005172 498
1738726646159 178.51527786052614 499
