1738724444010 186.77800864814705 0
1738724444046 150.74438843089462 1
1738724444083 159.84394073109192 2
1738724444119 163.7047000293721 3
1738724444155 164.28579974783398 4
1738724444190 156.52852282935413 5
1738724444226 153.32024162136358 6
1738724444262 171.25174236449172 7
1738724444298 167.88143262365227 8
1738724444333 168.6513971795834 9
1738724444370 179.9471288064065 10
1738724444406 147.69693567406063 11
1738724444442 169.25334054991006 12
1738724444477 178.17530942041168 13
1738724444513 170.78143885593218 14
1738724444548 170.14698035455862 15
1738724444583 177.68810419186045 16
1738724444619 163.3823850949228 17
1738724444654 167.84824619291874 18
1738724444690 160.9374642223969 19
1738724444726 163.0123500160085 20
1738724444761 165.20029914080425 21
1738724444796 181.05958665785803 22
1738724444832 162.30131538103478 23
1738724444867 171.19188804316153 24
1738724444902 173.6699021925153 25
1738724444937 164.6065594189458 26
1738724444973 168.69129988809055 27
1738724445008 170.65387797553566 28
1738724445043 162.20765963241917 29
1738724445079 172.35978783122366 30
1738724445115 172.06667213735557 31
1738724445150 177.48842262426965 32
1738724445185 160.9407224784272 33
1738724445220 156.4524443168677 34
1738724445255 175.43947843638549 35
1738724445290 156.8458886728529 36
1738724445325 176.75912986385845 37
1738724445361 176.39075852760357 38
1738724445396 194.00965399839214 39
1738724445430 169.2971417614 40
1738724445465 166.55855424095085 41
1738724445500 174.2325919351387 42
1738724445535 160.000183781379 43
1738724445570 157.59134225921073 44
1738724445605 161.90536456147845 45
1738724445640 173.00134484046043 46
1738724445675 182.35228071085112 47
1738724445710 153.60444881381162 48
1738724445744 150.98088377982535 49
1738724445779 171.2271687997634 50
1738724445814 162.70178620302025 51
1738724445849 158.8590272054882 52
1738724445883 153.22645571702722 53
1738724445918 154.2546766225366 54
1738724445953 178.23996225727984 55
1738724445988 169.62908403670397 56
1738724446022 172.00640713308258 57
1738724446057 161.58349021389154 58
1738724446092 164.21225569419133 59
1738724446127 161.72178025844596 60
1738724446161 173.9870560025572 61
1738724446196 168.1909509220167 62
1738724446231 170.49418198870472 63
1738724446265 163.7198610956366 64
1738724446300 174.63884460041106 65
1738724446336 165.99825395525139 66
1738724446371 160.77968131779247 67
1738724446406 164.76388666174822 68
1738724446441 187.23387755777478 69
1738724446476 164.87365271148786 70
1738724446511 173.60347696945442 71
1738724446546 163.27460587210646 72
1738724446580 172.0353051685485 73
1738724446615 170.53224571837023 74
1738724446650 180.63393933227545 75
1738724446685 162.8330397298755 76
1738724446720 163.44777118153718 77
1738724446754 176.82735848360383 78
1738724446789 166.8812933646764 79
1738724446824 165.70697422451727 80
1738724446858 175.1802427227938 81
1738724446893 175.57555947032202 82
1738724446928 172.5789099520392 83
1738724446963 160.4419800242868 84
1738724446998 171.615862643696 85
1738724447032 168.0168123440855 86
1738724447067 155.8293707310203 87
1738724447102 177.4063472035813 88
1738724447137 163.21073039376284 89
1738724447172 167.5476928834053 90
1738724447208 167.81573223285085 91
1738724447245 168.743456933113 92
1738724447281 152.37621832929355 93
1738724447317 185.0701078891042 94
1738724447353 175.61809604650864 95
1738724447388 169.6925476741179 96
1738724447424 172.95239114498546 97
1738724447460 169.50739469387776 98
1738724447496 189.660249076539 99
1738724447531 175.39835734837217 100
1738724447567 159.29988488031304 101
1738724447603 166.05751626632028 102
1738724447638 176.1291159118433 103
1738724447674 171.08360473604841 104
1738724447710 161.3765395223873 105
1738724447745 151.07008085396936 106
1738724447781 171.2253779038179 107
1738724447816 166.30510029331072 108
1738724447852 138.55820239913436 109
1738724447887 165.9774641408783 110
1738724447923 172.52419485385417 111
1738724447958 163.46761660036736 112
1738724447993 177.69090464004435 113
1738724448029 156.4871864647031 114
