1738724001090 165.09653010177695 0
1738724001093 166.8307861545819 1
1738724001096 164.98290362465076 2
1738724001098 168.31903622835247 3
1738724001101 166.88508346613727 4
1738724001104 168.89647884192087 5
1738724001106 171.94752594845798 6
1738724001109 167.9258726880692 7
1738724001111 170.2061204966982 8
1738724001114 166.34791868378505 9
1738724001117 172.44064678705223 10
1738724001119 168.3772186655753 11
1738724001122 168.1197640938603 12
1738724001124 166.5098598248316 13
1738724001127 172.7160341496488 14
1738724001129 171.09330577331312 15
1738724001132 169.14051097676102 16
1738724001135 168.68009191896627 17
