1738722855842 170.40657561247025 0
1738722855845 169.7222339050741 1
1738722855847 169.12368676150928 2
1738722855849 169.09945103264872 3
1738722855851 167.42719854549583 4
1738722855853 168.4709252507814 5
1738722855856 167.06435347304722 6
1738722855858 168.03242930527094 7
1738722855860 166.5105368750874 8
1738722855862 171.89245574234542 9
1738722855864 168.3659374598358 10
1738722855866 170.82295884134015 11
1738722855868 169.95492179546054 12
1738722855871 171.61445494454725 13
1738722855873 166.6347890402019 14
1738722855875 169.61062185813765 15
1738722855877 168.3055847424077 16
1738722855879 169.67602160880196 17
1738722855881 169.2934245994651 18
1738722855884 169.96771415501283 19
1738722855886 169.10860341683934 20
1738722855888 167.3399855788921 21
1738722855890 167.18279422433272 22
1738722855892 166.87792104279782 23
1738722855894 167.00569628265941 24
1738722855897 169.86905174919102 25
1738722855899 169.45532562855112 26
1738722855901 169.27097046935506 27
1738722855903 170.01787673113498 28
