1738722533279 164.58772012364844 0
1738722533281 166.6454640111972 1
1738722533283 164.9598928019656 2
1738722533285 168.69314827496913 3
1738722533287 172.75684474626138 4
1738722533289 166.55850234631177 5
1738722533291 175.25948909450665 6
1738722533293 165.64602408510035 7
1738722533295 171.24147209781256 8
1738722533297 164.20608621639684 9
1738722533300 170.75701858356487 10
1738722533302 167.12178333286494 11
1738722533304 166.80353288244206 12
1738722533306 169.41162476879927 13
1738722533309 170.0918261843874 14
1738722533311 171.57817057909926 15
1738722533313 168.28426554273088 16
1738722533315 167.62211011401126 17
1738722533317 168.92723565682255 18
1738722533319 166.36524413441663 19
1738722533322 171.50752118061214 20
1738722533324 170.2736659589636 21
1738722533326 166.18743057382954 22
1738722533329 169.17262231239886 23
1738722533331 165.36776685730104 24
1738722533334 167.76105585821762 25
1738722533336 169.63674359650506 26
1738722533338 168.30127923389526 27
1738722533341 170.2560562917614 28
1738722533343 172.41357928044846 29
1738722533346 165.76988554943927 30
1738722533348 171.37680319278272 31
1738722533350 167.00782638239613 32
1738722533352 169.56639534796244 33
1738722533354 168.9669944629525 34
1738722533356 168.37187090439403 35
1738722533358 170.99624423609444 36
1738722533360 172.52603165492621 37
1738722533362 172.23807612545866 38
1738722533364 171.89560086207862 39
1738722533366 170.18913446119612 40
1738722533368 169.8162933747644 41
1738722533370 168.39014211307142 42
1738722533372 166.8068605278938 43
1738722533374 167.23999368391728 44
1738722533376 170.53920970522327 45
1738722533378 168.09475162200957 46
1738722533380 168.30898845078846 47
1738722533382 169.6476624054046 48
1738722533384 168.69829758498315 49
1738722533386 171.4995160880081 50
1738722533388 170.16265843741584 51
1738722533390 167.6618417971807 52
1738722533392 171.3988724752788 53
1738722533394 167.79908244654527 54
1738722533396 167.69452457945042 55
1738722533398 170.01730855015123 56
1738722533400 169.61586898187426 57
