1738724001430 168.7744384191336 0
1738724001433 169.89906642525258 1
1738724001435 169.5893959179129 2
1738724001438 169.54306616564764 3
1738724001440 168.95944206244363 4
1738724001443 168.1453652727536 5
1738724001445 169.08750586819065 6
1738724001448 169.23662101056766 7
1738724001451 169.2085886248439 8
1738724001453 168.35586334799086 9
1738724001455 169.10859166917623 10
1738724001458 169.4136754580888 11
1738724001461 170.07788999016282 12
1738724001463 165.7292445475671 13
1738724001466 168.76319413599893 14
1738724001468 169.37565751289446 15
