1738722855668 168.89432924988998 0
1738722855670 168.7711408092639 1
1738722855673 169.58385852022644 2
1738722855675 167.2721795235909 3
1738722855677 169.1772816350473 4
1738722855679 167.10316518556925 5
1738722855681 170.34339808229643 6
1738722855683 169.58289359576727 7
1738722855686 168.96790371932642 8
1738722855688 170.40773782518679 9
1738722855690 169.44821925346244 10
1738722855692 168.24909061136069 11
1738722855694 167.85038882155698 12
1738722855696 168.40047230482648 13
1738722855699 169.74817940044323 14
1738722855701 167.04210670282822 15
1738722855703 171.1361190761296 16
1738722855705 169.64116942222833 17
1738722855708 167.12315300697955 18
1738722855710 169.48199736246033 19
1738722855712 169.33534931288224 20
1738722855714 169.99485536420175 21
1738722855716 168.96246580810367 22
1738722855719 167.6119772079555 23
