1738724556328 169.5039733675981 0
1738724556331 168.09828989172135 1
1738724556334 168.844121731463 2
1738724556337 169.52482437511813 3
1738724556340 167.83428127863107 4
1738724556344 168.8748115928064 5
1738724556347 169.597104487404 6
1738724556350 168.66880645019697 7
1738724556353 168.76578934938826 8
1738724556356 168.18746824338317 9
1738724556359 167.41391666737337 10
1738724556362 167.27286164234806 11
1738724556365 168.46506881867435 12
1738724556368 170.64633548335675 13
1738724556372 169.3910210663974 14
1738724556375 166.95763344197906 15
1738724556378 166.22350953793404 16
1738724556381 168.62758131275848 17
1738724556384 167.1219702727498 18
1738724556387 168.8316257099857 19
1738724556391 168.84569953539318 20
1738724556394 171.3903168666165 21
1738724556397 169.24901598210664 22
1738724556400 168.55401377364507 23
