1738724144873 168.96001042499375 0
1738724144875 168.94816780465717 1
1738724144877 168.93676022476782 2
1738724144879 168.92576934532497 3
1738724144881 168.91517766171378 4
1738724144883 168.90496846505175 5
1738724144885 168.8951258044578 6
1738724144887 168.88563445115005 7
1738724144889 168.87647986428274 8
1738724144892 168.86764815843688 9
1738724144894 168.8591260726835 10
1738724144896 168.85090094114315 11
1738724144898 168.84296066496736 12
1738724144900 168.83529368567355 13
1738724144902 168.82788895976645 14
1738724144904 168.82073593458318 15
1738724144907 168.81382452530298 16
1738724144909 168.80714509306316 17
1738724144911 168.80068842412882 18
1738724144913 168.79444571006374 19
1738724144916 168.7884085288545 20
1738724144918 168.78256882694 21
1738724144920 168.77691890210394 22
1738724144922 168.77145138718674 23
1738724144925 168.76615923457766 24
1738724144927 168.76103570144903 25
1738724144929 168.7560743356964 26
1738724144931 168.75126896255014 27
1738724144933 168.74661367182605 28
1738724144935 168.74210280578393 29
1738724144938 168.7377309475641 30
1738724144940 168.73349291017456 31
1738724144942 168.72938372600134 32
1738724144944 168.72539863681712 33
1738724144946 168.72153308426374 34
1738724144948 168.71778270078565 35
1738724144951 168.71414330099267 36
1738724144953 168.71061087343082 37
1738724144955 168.70718157274214 38
1738724144957 168.7038517121939 39
1738724144959 168.70061775656006 40
1738724144961 168.6974763153376 41
1738724144963 168.6944241362817 42
1738724144966 168.69145809924393 43
1738724144968 168.6885752103 44
1738724144970 168.68577259615162 45
1738724144973 168.68304749879044 46
1738724144975 168.68039727041108 47
1738724144977 168.67781936856093 48
1738724144979 168.6753113515161 49
1738724144981 168.67287087387186 50
1738724144983 168.670495682338 51
1738724144986 168.6681836117288 52
1738724144988 168.66593258113846 53
1738724144990 168.66374059029326 54
1738724144993 168.66160571607165 55
1738724144995 168.65952610918487 56
1738724144998 168.6574999910096 57
1738724145000 168.6555256505661 58
1738724145003 168.65360144163486 59
1738724145006 168.6517257800045 60
1738724145008 168.6498971408457 61
1738724145010 168.6481140562041 62
1738724145012 168.6463751126078 63
1738724145015 168.64467894878263 64
1738724145017 168.64302425347097 65
1738724145019 168.64140976334951 66
1738724145021 168.63983426104002 67
1738724145023 168.6382965732103 68
1738724145026 168.63679556875982 69
1738724145028 168.63533015708666 70
1738724145030 168.63389928643178 71
1738724145032 168.63250194229747 72
1738724145034 168.6311371459354 73
1738724145037 168.62980395290217 74
1738724145039 168.62850145167852 75
1738724145041 168.62722876234952 76
1738724145043 168.62598503534304 77
1738724145045 168.62476945022294 78
1738724145047 168.62358121453568 79
1738724145049 168.6224195627073 80
1738724145051 168.6212837549877 81
1738724145054 168.62017307644152 82
1738724145056 168.61908683598247 83
1738724145058 168.6180243654489 84
1738724145060 168.6169850187197 85
1738724145062 168.615968170868 86
1738724145064 168.6149732173507 87
1738724145066 168.6139995732331 88
1738724145068 168.61304667244596 89
1738724145071 168.6121139670745 90
1738724145073 168.61120092667701 91
1738724145075 168.6103070376324 92
1738724145077 168.60943180251502 93
1738724145079 168.60857473949574 94
1738724145081 168.60773538176775 95
1738724145083 168.60691327699632 96
1738724145086 168.60610798679144 97
1738724145088 168.60531908620197 98
1738724145090 168.60454616323076 99
1738724145092 168.60378881836945 100
1738724145094 168.60304666415243 101
1738724145096 168.60231932472857 102
1738724145099 168.60160643545078 103
1738724145101 168.6009076424817 104
1738724145103 168.6002226024153 105
1738724145105 168.59955098191375 106
1738724145107 168.59889245735857 107
1738724145109 168.59824671451585 108
1738724145111 168.5976134482143 109
1738724145114 168.59699236203656 110
1738724145116 168.59638316802187 111
1738724145118 168.59578558638106 112
1738724145120 168.59519934522197 113
1738724145122 168.59462418028602 114
1738724145124 168.59405983469452 115
1738724145126 168.59350605870492 116
1738724145129 168.5929626094764 117
1738724145131 168.59242925084413 118
