1738722975962 163.6030225127474 0
1738722975998 175.7584857312039 1
1738722976035 166.44826116215577 2
1738722976070 164.8303826201782 3
1738722976106 138.4218765733612 4
1738722976142 175.60305954961922 5
1738722976177 147.66119220476824 6
1738722976213 150.70962781537165 7
1738722976248 162.3449886485578 8
1738722976282 149.51932237452846 9
1738722976317 179.62882728559626 10
1738722976353 179.99390065351847 11
1738722976388 183.0385117328474 12
1738722976422 167.4445816150682 13
1738722976457 185.09429785247102 14
1738722976491 174.5478212500994 15
1738722976526 158.83519981775015 16
1738722976560 155.48616502134462 17
1738722976595 171.93050400551624 18
1738722976630 180.8327656453897 19
1738722976665 161.71390661680047 20
1738722976699 160.3267573624542 21
