1738724130650 164.28660329686113 0
1738724130684 165.47323208887886 1
1738724130718 174.51574106528784 2
1738724130751 174.07039351761304 3
1738724130785 162.36107436342633 4
1738724130819 169.95076774814015 5
1738724130853 169.7343464557217 6
1738724130887 169.23821416928268 7
1738724130920 155.40484390217708 8
1738724130954 155.33358771963506 9
1738724130987 171.981556785944 10
1738724131021 168.4358037879096 11
1738724131054 166.85987074622318 12
1738724131087 176.48673290075763 13
1738724131121 191.39710549395681 14
1738724131154 168.25737913910964 15
