1738722551214 173.85030766145653 0
1738722551247 172.96931847288266 1
1738722551280 155.83806051682032 2
1738722551313 157.44502426994242 3
1738722551346 171.85574902277062 4
1738722551379 172.92444948707046 5
1738722551413 160.99763794219237 6
1738722551447 165.043733803388 7
1738722551480 163.32553371156234 8
1738722551512 168.80162696555152 9
1738722551545 176.0258237891194 10
1738722551578 176.0939706690733 11
1738722551610 197.7703448692681 12
1738722551643 171.68962911416384 13
1738722551676 169.4042474343938 14
1738722551709 173.39174157575363 15
1738722551741 158.3637447908184 16
