1738726277791 166.53220715705305 0
1738726277795 169.2080966144661 1
1738726277800 168.91807142377687 2
1738726277803 169.40932910397444 3
1738726277807 168.81756274709605 4
1738726277811 168.96381911099584 5
1738726277816 171.21907303552004 6
1738726277820 166.8799210597087 7
1738726277823 167.43269653781024 8
1738726277827 168.29862217466803 9
1738726277831 168.006743448178 10
1738726277835 168.00396069051067 11
1738726277838 171.08248588374175 12
1738726277842 168.91472777921544 13
1738726277846 167.7183520828747 14
1738726277849 170.23321462594367 15
1738726277853 168.42645822401175 16
1738726277856 172.56081049093612 17
1738726277860 169.63307060596082 18
1738726277864 169.994127002994 19
1738726277867 167.448310798072 20
