1738724572027 164.48333433008162 0
1738724572060 164.98202277416013 1
1738724572093 155.98603527069 2
1738724572125 154.76310053395832 3
1738724572158 118.16910443301514 4
1738724572191 161.9937989087448 5
1738724572223 155.0806264888601 6
1738724572255 123.86973567150893 7
1738724572287 165.01616815420095 8
1738724572320 149.33159287852328 9
1738724572353 166.03720925255334 10
1738724572385 185.28112401569788 11
1738724572417 183.61429444079198 12
1738724572449 163.13761531142285 13
1738724572481 158.75088180570543 14
1738724572513 170.10951137042966 15
1738724572545 183.4431452768455 16
1738724572577 151.61600113476925 17
1738724572609 191.4152605988927 18
1738724572641 163.7797388600732 19
1738724572673 168.07379510758446 20
1738724572705 171.4917831090301 21
1738724572737 133.9154668319803 22
1738724572768 187.09585540658566 23
1738724572800 188.69646835140992 24
1738724572832 183.38874557457407 25
1738724572864 185.49183736551353 26
1738724572896 154.09656066998878 27
1738724572927 211.3832418941716 28
1738724572959 138.28507022548035 29
1738724572991 157.4804881631646 30
1738724573023 166.4159237674466 31
1738724573054 173.53427844494988 32
1738724573086 193.1715714143346 33
1738724573117 167.67545549340608 34
1738724573149 172.58328543152274 35
1738724573181 152.2047310135454 36
1738724573212 173.37583704459587 37
1738724573244 169.512349294294 38
1738724573275 161.2125681810181 39
1738724573307 164.26451045847972 40
1738724573340 139.54712850854264 41
1738724573371 149.9336978214289 42
1738724573403 169.07635031905713 43
1738724573434 155.04372565144413 44
1738724573466 173.6845017354836 45
1738724573498 199.35640255898826 46
1738724573529 170.60379953492867 47
1738724573561 182.0575951099219 48
1738724573593 173.64847861230686 49
1738724573624 189.46515808422856 50
1738724573656 161.1203717396177 51
1738724573687 151.55596904851558 52
1738724573719 179.3139027492645 53
1738724573750 202.6840413564648 54
1738724573782 171.9784023549273 55
1738724573813 166.93123890329923 56
1738724573845 165.37252361422716 57
1738724573877 185.17233738560958 58
1738724573908 155.18533013643494 59
1738724573940 167.7173339249457 60
1738724573971 175.66135045790557 61
1738724574003 214.85984951854442 62
1738724574034 171.22726776284432 63
1738724574066 170.65609081009399 64
1738724574097 175.64329995169487 65
1738724574129 168.30286166645612 66
1738724574160 154.71804366371285 67
1738724574192 209.14255750479657 68
1738724574224 144.11237642111504 69
1738724574255 189.70130514209492 70
1738724574287 170.0981847590115 71
1738724574318 173.70538773278355 72
1738724574350 183.27059422136293 73
1738724574381 177.40618639572378 74
1738724574413 181.1331063726701 75
1738724574444 169.3347972252155 76
1738724574476 166.767448821427 77
1738724574507 144.70697186248756 78
1738724574538 139.81586588020434 79
1738724574570 153.63781374784435 80
1738724574601 178.1458948507606 81
1738724574633 165.58141360259899 82
1738724574664 182.42983925416823 83
1738724574696 174.1217747599632 84
1738724574727 192.034192344981 85
1738724574758 172.44487604171758 86
1738724574790 203.96622338988394 87
1738724574821 169.59431629465243 88
1738724574853 166.00952380989523 89
1738724574884 139.4084559541205 90
1738724574915 175.19671513698302 91
1738724574947 149.6737750793186 92
1738724574978 181.33467354176793 93
1738724575009 129.72014242505932 94
1738724575041 218.18079917557725 95
1738724575072 184.46149613403972 96
1738724575103 201.20631411922125 97
1738724575134 152.12968859006241 98
1738724575166 173.78280139226877 99
1738724575197 171.6276380921482 100
1738724575228 159.81121603631675 101
1738724575260 183.6432702288085 102
1738724575291 168.38404761213147 103
1738724575322 183.57407788474507 104
1738724575354 138.65466104037438 105
1738724575385 171.36290816699102 106
1738724575416 163.28862933062717 107
1738724575447 152.7039127205532 108
1738724575479 164.42788211744244 109
1738724575510 166.40487720665507 110
1738724575541 158.12306335026742 111
1738724575572 167.53398109225208 112
1738724575603 170.1869186699579 113
1738724575635 148.9004891769654 114
1738724575666 185.68206652072843 115
1738724575697 195.30298399724214 116
1738724575729 155.81671318960855 117
1738724575760 164.48398610190057 118
1738724575791 157.95434820045412 119
1738724575822 179.5663343476446 120
1738724575854 172.3929166665651 121
1738724575885 162.39456817263508 122
1738724575916 177.8908457228134 123
1738724575948 213.05644647274562 124
1738724575979 160.48941918004112 125
1738724576010 108.51962725931564 126
1738724576041 155.64903473092974 127
1738724576073 168.15200977392058 128
1738724576104 187.44542093294663 129
1738724576135 152.73577832959094 130
1738724576166 168.58132907459677 131
1738724576198 154.22572355745965 132
1738724576229 188.36762365965578 133
1738724576260 200.10593530316206 134
1738724576292 190.17841309242704 135
1738724576323 168.11027371204793 136
1738724576354 181.378660854641 137
1738724576386 171.79486562687956 138
1738724576417 193.69120487039024 139
1738724576448 182.8146103378182 140
1738724576479 183.6640872425623 141
1738724576510 182.68301017369643 142
1738724576542 188.28218608273397 143
1738724576573 200.81250113334087 144
1738724576604 181.06106809326934 145
1738724576635 137.48654516668475 146
1738724576666 164.47160631539685 147
1738724576698 165.10709218558756 148
1738724576731 190.4761360681144 149
1738724576764 164.16869463914927 150
1738724576796 195.85698501157862 151
1738724576829 172.13215363193345 152
1738724576861 176.19832529458623 153
1738724576894 161.6070891816202 154
1738724576926 199.7936859276287 155
1738724576959 141.34626711741294 156
1738724576991 152.39242650599138 157
1738724577024 145.86529247546835 158
1738724577056 193.9574313977746 159
1738724577089 135.02316844164432 160
1738724577121 141.71621357123382 161
1738724577153 154.31779000789362 162
1738724577186 172.13424077136557 163
1738724577218 170.2235655561125 164
1738724577250 116.2047226036266 165
1738724577283 183.2350605630355 166
1738724577315 167.01468526816942 167
