1738723691779 167.9417233448004 0
1738723691782 170.24260851033762 1
1738723691784 167.38004818319214 2
1738723691787 165.99382082248837 3
1738723691789 168.50722217698174 4
1738723691791 169.6089547637098 5
1738723691794 170.61730363982957 6
1738723691796 166.89522364247952 7
1738723691799 167.88068036083885 8
1738723691801 168.65911572219937 9
1738723691803 170.6514830824421 10
1738723691806 167.317895504155 11
1738723691808 168.32769871245318 12
1738723691811 168.52102765752815 13
1738723691813 166.78199408828374 14
1738723691815 169.91857400451732 15
1738723691818 170.71562649508465 16
1738723691820 168.51515727696327 17
1738723691823 168.20877747269267 18
1738723691825 167.59301746288696 19
1738723691828 170.4345089237825 20
1738723691830 166.89516980547359 21
1738723691833 166.57434953631298 22
1738723691835 168.57636243712273 23
1738723691837 170.17831275772133 24
1738723691840 167.4304738149234 25
1738723691842 166.49627222516185 26
1738723691845 167.0444511004002 27
1738723691847 168.32429855788038 28
1738723691849 167.2393556865018 29
1738723691852 170.22695006036977 30
1738723691854 168.16624279175355 31
1738723691857 169.72469962860214 32
1738723691859 172.51082283530314 33
1738723691861 168.93501054027817 34
1738723691864 166.00680791634082 35
1738723691866 169.43987385710355 36
1738723691869 167.7699030003681 37
1738723691871 168.3110087493785 38
1738723691873 168.58822899249736 39
1738723691876 166.89852394520594 40
1738723691878 166.40277685934905 41
1738723691881 168.03426733138818 42
1738723691883 168.348764418448 43
1738723691885 169.73131314252714 44
1738723691888 169.023069762496 45
1738723691890 166.54338672591288 46
1738723691893 169.87931469680933 47
1738723691895 168.24631835537184 48
1738723691897 169.67538722892184 49
1738723691900 169.46173597590965 50
1738723691902 169.4107066978184 51
1738723691904 170.4473188303087 52
1738723691907 166.2984653731193 53
1738723691909 171.93456529888522 54
1738723691912 167.52573686063909 55
1738723691914 170.75028453053784 56
1738723691916 168.90354875934034 57
1738723691919 170.3131694420642 58
1738723691921 168.53306764227202 59
1738723691924 167.43345789795873 60
1738723691926 168.4107855089343 61
1738723691928 169.9909264727572 62
1738723691931 169.0154008944043 63
1738723691933 169.4049595139676 64
1738723691935 168.259381793408 65
1738723691938 166.32958588890222 66
1738723691940 168.4385753215688 67
1738723691943 168.27172037626758 68
1738723691945 169.23257953597448 69
1738723691947 169.0600576859719 70
1738723691950 168.5161826717068 71
1738723691952 167.64999651561 72
1738723691955 168.91022413234884 73
1738723691957 168.22709374250314 74
1738723691959 167.24354787795093 75
1738723691962 169.31099446602929 76
1738723691964 166.78999770766882 77
1738723691967 168.77487605467388 78
1738723691969 171.1333323827168 79
1738723691972 168.86799659500093 80
1738723691974 168.4472629968169 81
1738723691976 166.70796867560284 82
1738723691979 170.62641804228758 83
1738723691981 169.4926532108511 84
1738723691984 167.80598498633563 85
1738723691987 168.49590886212803 86
1738723691989 166.30916676157517 87
1738723691991 170.43787986923766 88
1738723691994 168.7464203447446 89
1738723691996 168.17602376555365 90
1738723692004 167.60898774161907 91
1738723692007 168.33728613567385 92
1738723692011 169.5437937114604 93
1738723692020 168.16848573600961 94
1738723692025 167.41150631091696 95
1738723692029 169.775178940298 96
1738723692032 167.72372820345458 97
1738723692034 170.78673612422577 98
1738723692037 168.5292912578901 99
1738723692039 169.68831206952797 100
1738723692042 164.60655074337532 101
1738723692044 166.1061426439901 102
1738723692046 169.4810229609018 103
1738723692049 169.47025700909072 104
1738723692051 171.99815906652952 105
1738723692054 168.5577417524533 106
1738723692057 169.18837944032842 107
1738723692059 167.91220569046962 108
1738723692062 170.3687738813953 109
1738723692064 167.65697942057716 110
1738723692067 167.72311327671218 111
1738723692069 168.64406163482147 112
1738723692071 169.6800152895089 113
1738723692074 166.16851093508606 114
1738723692076 170.31462631791695 115
1738723692079 169.00538748452487 116
1738723692081 165.68065294747382 117
1738723692084 167.6837022780006 118
1738723692086 165.5563359434548 119
1738723692088 166.80948759119295 120
1738723692091 169.4312920491948 121
1738723692093 168.9471657184449 122
1738723692096 168.40048791087636 123
1738723692098 168.31783964878437 124
1738723692101 170.06665565374922 125
1738723692103 166.9586638759775 126
1738723692106 171.121737477146 127
