1738726717731 167.69799586955497 0
1738726717736 170.02880963223842 1
1738726717740 166.76933299022164 2
1738726717744 169.34106487622392 3
1738726717748 170.68020593143999 4
1738726717752 169.1594474862751 5
1738726717756 168.90618948551358 6
1738726717760 169.7738920885945 7
1738726717764 169.24543542453137 8
1738726717768 168.08818873613993 9
1738726717771 170.5570105991752 10
1738726717776 169.75351877455063 11
1738726717780 168.69645427224927 12
1738726717784 170.2312129920588 13
1738726717789 166.70535623090882 14
1738726717793 166.24278208488616 15
1738726717797 169.802557147438 16
1738726717801 171.19413475038573 17
1738726717805 167.92308016387906 18
1738726717808 166.10787847187137 19
1738726717812 167.18853914249138 20
1738726717816 169.2920354690028 21
1738726717820 169.19858267276456 22
1738726717824 166.64601762267517 23
1738726717828 167.61738346000945 24
1738726717832 167.0770278065737 25
1738726717836 170.4627719745427 26
1738726717840 169.1301505282455 27
1738726717844 171.80973900712507 28
1738726717848 169.4193989772718 29
1738726717852 170.03716416304425 30
1738726717855 168.45457084922575 31
1738726717859 167.87840526497718 32
1738726717863 169.96769888028004 33
1738726717867 167.0507091795835 34
1738726717871 167.08894739407975 35
1738726717875 168.59135856329206 36
1738726717879 169.87323698662578 37
1738726717883 168.8582839748674 38
1738726717887 168.28201915097387 39
1738726717891 169.81383310192098 40
1738726717895 171.7638079512131 41
1738726717899 169.46524012573434 42
1738726717903 167.97472187141585 43
1738726717906 170.98544224325377 44
1738726717910 169.6264954799935 45
1738726717914 167.25632031730612 46
1738726717918 171.5307422917075 47
1738726717922 167.58986948245746 48
1738726717926 169.8218025843763 49
1738726717930 167.84394992038906 50
1738726717934 167.80803244747503 51
1738726717938 167.0882263617552 52
1738726717942 165.76013576322558 53
1738726717946 168.40648381227942 54
1738726717949 169.07345236153103 55
1738726717953 169.32882211640688 56
1738726717957 171.7901434278056 57
1738726717961 167.55604102629286 58
1738726717965 169.3164455680121 59
1738726717969 168.43874824698304 60
1738726717973 169.3339084373622 61
1738726717977 169.25217721719395 62
1738726717981 167.5624914227369 63
1738726717985 169.5151292302384 64
1738726717988 170.72406101700042 65
1738726717992 167.65856653374803 66
1738726717996 169.19072648426183 67
1738726718000 169.0265974811062 68
1738726718004 168.19614587129306 69
1738726718008 167.37889275388432 70
1738726718012 169.47506220680174 71
1738726718016 169.4743942153534 72
1738726718020 169.51003013802745 73
1738726718024 166.90370238825082 74
1738726718027 169.2906491704412 75
1738726718031 168.47086857618925 76
1738726718035 171.40576490800368 77
1738726718039 169.04363396452288 78
1738726718043 167.60564999505615 79
1738726718047 168.67084433131407 80
1738726718051 167.78833255768743 81
1738726718055 169.80890670275056 82
1738726718059 172.01433028832187 83
1738726718063 168.57059237568 84
1738726718066 168.32430297358806 85
1738726718070 169.40126972904523 86
1738726718074 167.66936257608526 87
1738726718078 169.51719686569194 88
1738726718082 167.40277524704652 89
1738726718086 168.9475655492365 90
1738726718090 168.52215410080194 91
1738726718094 170.74558169683917 92
1738726718098 169.6661675342705 93
1738726718101 168.9737289076547 94
1738726718105 169.68810560395494 95
1738726718109 168.80012900503647 96
1738726718113 167.61571279810173 97
1738726718117 169.27934947161387 98
1738726718121 170.60480136022775 99
1738726718125 170.64349290299032 100
1738726718129 166.81880525768375 101
1738726718132 170.65495354373607 102
1738726718136 167.1720812857433 103
1738726718140 169.81924448871627 104
1738726718144 171.46664111206664 105
1738726718148 169.5595984229093 106
1738726718152 167.64472213954176 107
1738726718156 169.769464394168 108
1738726718160 164.74674629761887 109
1738726718164 169.12451282261657 110
1738726718167 165.90058114418065 111
