1738724145756 167.91104632540586 0
1738724145759 169.41048408812327 1
1738724145762 167.73156987630395 2
1738724145765 169.87557921495713 3
1738724145767 169.1409066521938 4
1738724145770 168.1648654424766 5
1738724145773 169.6740680517821 6
1738724145776 168.57876090905802 7
1738724145779 167.63759891921006 8
1738724145781 167.11901507016015 9
1738724145784 166.90963324560886 10
1738724145787 169.7921592816504 11
1738724145790 166.59679073317835 12
1738724145793 171.79205785917708 13
1738724145796 167.59310904431393 14
1738724145798 167.79454640027365 15
1738724145801 167.30569110370607 16
1738724145804 169.8590610041292 17
1738724145807 168.2971472372524 18
1738724145810 168.15364588474415 19
1738724145813 169.67428966973335 20
1738724145816 167.89873133449998 21
1738724145819 168.96230109527121 22
1738724145821 168.26112885297172 23
1738724145825 167.02869968734782 24
1738724145828 170.71278879611052 25
1738724145830 168.82680797124146 26
1738724145833 166.4966424578491 27
1738724145836 169.4207398041753 28
1738724145839 168.93760202298924 29
1738724145842 168.83723225820503 30
1738724145845 168.14981513081509 31
1738724145848 167.70309182711466 32
1738724145850 169.53778291183724 33
1738724145853 168.42004948311228 34
