1738724000185 169.73939911368623 0
1738724000187 169.7362262897361 1
1738724000189 169.7330644407764 2
1738724000191 169.72991352558998 3
1738724000193 169.72677350312702 4
1738724000195 169.72364433250382 5
1738724000197 169.72052597300268 6
1738724000198 169.71741838407064 7
1738724000200 169.71432152531915 8
1738724000202 169.71123535652325 9
1738724000204 169.70815983762077 10
1738724000206 169.70509492871182 11
1738724000208 169.70204059005798 12
1738724000210 169.69899678208154 13
1738724000211 169.6959634653651 14
1738724000213 169.6929406006506 15
1738724000215 169.6899281488386 16
1738724000217 169.686926070988 17
1738724000219 169.68393432831488 18
1738724000221 169.68095288219217 19
1738724000223 169.67798169414885 20
1738724000224 169.6750207258692 21
1738724000226 169.6720699391924 22
1738724000228 169.6691292961116 23
1738724000230 169.66619875877333 24
1738724000232 169.663278289477 25
1738724000234 169.66036785067405 26
1738724000236 169.6574674049674 27
1738724000237 169.65457691511082 28
1738724000239 169.6516963440082 29
1738724000241 169.64882565471308 30
1738724000243 169.64596481042767 31
1738724000245 169.64311377450275 32
1738724000247 169.64027251043655 33
1738724000248 169.63744098187425 34
1738724000250 169.63461915260757 35
1738724000252 169.63180698657396 36
1738724000254 169.62900444785592 37
1738724000256 169.62621150068054 38
1738724000257 169.62342810941874 39
1738724000259 169.62065423858482 40
1738724000261 169.61788985283576 41
1738724000263 169.61513491697056 42
1738724000265 169.6123893959297 43
1738724000267 169.60965325479458 44
1738724000269 169.60692645878692 45
1738724000270 169.6042089732679 46
1738724000272 169.60150076373802 47
1738724000274 169.59880179583615 48
1738724000276 169.59611203533908 49
1738724000278 169.593431448161 50
1738724000279 169.5907600003527 51
1738724000281 169.58809765810125 52
1738724000283 169.5854443877292 53
1738724000285 169.5828001556942 54
1738724000287 169.5801649285882 55
1738724000289 169.57753867313713 56
1738724000291 169.57492135620015 57
1738724000293 169.5723129447692 58
1738724000295 169.56971340596826 59
1738724000297 169.56712270705304 60
1738724000299 169.56454081541025 61
1738724000301 169.5619676985571 62
1738724000303 169.5594033241407 63
1738724000305 169.55684765993755 64
1738724000307 169.55430067385296 65
1738724000309 169.5517623339207 66
1738724000311 169.54923260830202 67
1738724000313 169.54671146528565 68
1738724000315 169.54419887328675 69
1738724000317 169.5416948008467 70
1738724000319 169.5391992166326 71
1738724000321 169.5367120894364 72
1738724000323 169.53423338817478 73
1738724000325 169.53176308188827 74
1738724000327 169.52930113974097 75
1738724000329 169.5268475310199 76
1738724000331 169.52440222513465 77
1738724000333 169.52196519161654 78
1738724000335 169.51953640011843 79
1738724000337 169.51711582041403 80
1738724000339 169.51470342239745 81
1738724000341 169.51229917608265 82
1738724000343 169.509903051603 83
1738724000344 169.5075150192107 84
1738724000346 169.5051350492763 85
1738724000348 169.5027631122883 86
1738724000350 169.50039917885246 87
1738724000352 169.49804321969145 88
1738724000354 169.49569520564435 89
1738724000356 169.49335510766608 90
1738724000358 169.49102289682696 91
1738724000360 169.48869854431223 92
1738724000362 169.48638202142155 93
1738724000363 169.48407329956854 94
1738724000365 169.48177235028027 95
1738724000367 169.47947914519676 96
1738724000369 169.4771936560706 97
1738724000371 169.47491585476635 98
1738724000373 169.47264571326016 99
1738724000375 169.4703832036393 100
1738724000377 169.46812829810162 101
1738724000379 169.46588096895505 102
1738724000381 169.46364118861743 103
1738724000383 169.4614089296156 104
1738724000385 169.4591841645853 105
1738724000387 169.45696686627056 106
1738724000389 169.45475700752326 107
1738724000391 169.4525545613026 108
1738724000393 169.4503595006749 109
1738724000395 169.4481717988128 110
1738724000397 169.44599142899514 111
1738724000399 169.44381836460633 112
1738724000401 169.44165257913582 113
1738724000403 169.43949404617794 114
1738724000405 169.43734273943127 115
1738724000407 169.43519863269813 116
1738724000409 169.43306169988435 117
1738724000410 169.43093191499867 118
1738724000412 169.42880925215238 119
1738724000414 169.42669368555894 120
1738724000416 169.42458518953342 121
1738724000418 169.4224837384921 122
1738724000420 169.42038930695225 123
1738724000422 169.41830186953135 124
1738724000423 169.416221400947 125
1738724000425 169.41414787601627 126
1738724000427 169.4120812696555 127
1738724000429 169.41002155687957 128
1738724000431 169.40796871280185 129
1738724000433 169.40592271263355 130
1738724000435 169.40388353168333 131
1738724000437 169.401851145357 132
1738724000438 169.399825529157 133
1738724000440 169.39780665868207 134
1738724000442 169.39579450962682 135
1738724000444 169.39378905778128 136
1738724000446 169.39179027903063 137
1738724000448 169.38979814935462 138
1738724000450 169.3878126448273 139
1738724000452 169.3858337416167 140
1738724000454 169.38386141598423 141
1738724000455 169.38189564428438 142
1738724000457 169.37993640296443 143
1738724000459 169.37798366856387 144
1738724000461 169.37603741771426 145
1738724000463 169.37409762713858 146
1738724000465 169.37216427365104 147
1738724000467 169.37023733415654 148
1738724000469 169.36831678565053 149
1738724000471 169.36640260521838 150
1738724000472 169.36449477003518 151
1738724000474 169.3625932573652 152
1738724000476 169.3606980445617 153
1738724000478 169.3588091090664 154
1738724000480 169.35692642840925 155
1738724000482 169.35504998020795 156
1738724000484 169.3531797421676 157
1738724000486 169.35131569208042 158
1738724000488 169.34945780782536 159
1738724000489 169.34760606736754 160
1738724000491 169.34576044875826 161
1738724000493 169.34392093013426 162
1738724000497 169.34208748971773 163
1738724000499 169.3402601058156 164
1738724000505 169.33843875681941 165
1738724000520 169.33662342120493 166
1738724000528 169.33481407753177 167
1738724000532 169.33301070444296 168
1738724000534 169.33121328066483 169
1738724000536 169.32942178500633 170
1738724000538 169.32763619635904 171
1738724000540 169.3258564936966 172
1738724000542 169.32408265607438 173
1738724000544 169.32231466262922 174
1738724000546 169.32055249257905 175
1738724000548 169.31879612522263 176
1738724000550 169.31704553993902 177
1738724000552 169.31530071618744 178
1738724000554 169.31356163350688 179
1738724000556 169.3118282715157 180
1738724000559 169.31010060991142 181
1738724000561 169.30837862847028 182
1738724000564 169.306662307047 183
1738724000566 169.30495162557432 184
1738724000569 169.3032465640629 185
1738724000571 169.3015471026008 186
1738724000574 169.2998532213532 187
1738724000576 169.29816490056214 188
1738724000579 169.29648212054616 189
1738724000581 169.2948048617 190
1738724000584 169.2931331044942 191
1738724000586 169.29146682947498 192
1738724000589 169.28980601726371 193
1738724000591 169.28815064855675 194
1738724000593 169.28650070412505 195
1738724000596 169.28485616481385 196
1738724000598 169.28321701154243 197
1738724000600 169.2815832253038 198
1738724000603 169.27995478716426 199
1738724000605 169.27833167826333 200
1738724000607 169.27671387981323 201
1738724000609 169.2751013730986 202
1738724000611 169.27349413947653 203
1738724000613 169.27189216037567 204
1738724000615 169.27029541729644 205
1738724000617 169.26870389181056 206
1738724000619 169.26711756556065 207
1738724000621 169.26553642026016 208
1738724000623 169.2639604376929 209
1738724000625 169.26238959971266 210
1738724000627 169.26082388824332 211
1738724000629 169.25926328527814 212
1738724000631 169.25770777287963 213
1738724000633 169.25615733317937 214
1738724000635 169.25461194837757 215
1738724000637 169.25307160074277 216
1738724000639 169.25153627261176 217
1738724000641 169.25000594638908 218
1738724000643 169.24848060454687 219
1738724000645 169.2469602296245 220
1738724000648 169.24544480422847 221
1738724000649 169.24393431103184 222
1738724000651 169.24242873277421 223
1738724000653 169.24092805226135 224
1738724000655 169.2394322523649 225
1738724000657 169.23794131602224 226
1738724000659 169.23645522623596 227
1738724000661 169.23497396607385 228
1738724000663 169.23349751866849 229
1738724000664 169.23202586721703 230
1738724000666 169.2305589949809 231
1738724000668 169.22909688528557 232
1738724000670 169.22763952152027 233
1738724000672 169.22618688713777 234
1738724000674 169.22473896565398 235
1738724000676 169.2232957406479 236
1738724000678 169.2218571957612 237
1738724000679 169.22042331469805 238
1738724000681 169.21899408122474 239
1738724000683 169.21756947916964 240
1738724000685 169.21614949242274 241
1738724000687 169.21473410493547 242
1738724000689 169.21332330072048 243
1738724000691 169.2119170638514 244
1738724000693 169.21051537846242 245
1738724000695 169.20911822874837 246
1738724000697 169.20772559896403 247
1738724000698 169.20633747342433 248
1738724000700 169.20495383650388 249
1738724000702 169.20357467263665 250
1738724000704 169.20219996631585 251
1738724000706 169.20082970209373 252
1738724000708 169.19946386458116 253
1738724000710 169.19810243844762 254
1738724000712 169.19674540842075 255
1738724000714 169.19539275928622 256
1738724000716 169.19404447588752 257
1738724000718 169.19270054312562 258
1738724000720 169.1913609459588 259
1738724000722 169.19002566940242 260
1738724000723 169.18869469852862 261
1738724000725 169.1873680184663 262
1738724000727 169.1860456144005 263
1738724000729 169.1847274715726 264
1738724000731 169.18341357527976 265
1738724000733 169.18210391087484 266
1738724000735 169.18079846376628 267
1738724000737 169.17949721941753 268
1738724000739 169.17820016334727 269
1738724000740 169.1769072811287 270
1738724000742 169.17561855838989 271
1738724000744 169.1743339808129 272
1738724000746 169.17305353413417 273
1738724000748 169.1717772041439 274
1738724000750 169.17050497668595 275
1738724000752 169.16923683765768 276
1738724000754 169.16797277300967 277
1738724000756 169.16671276874553 278
1738724000758 169.16545681092163 279
1738724000760 169.16420488564688 280
1738724000762 169.16295697908268 281
1738724000764 169.1617130774425 282
1738724000765 169.16047316699178 283
1738724000767 169.1592372340477 284
1738724000770 169.15800526497893 285
1738724000772 169.15677724620545 286
1738724000773 169.15555316419844 287
1738724000775 169.1543330054798 288
1738724000777 169.1531167566223 289
1738724000779 169.15190440424905 290
1738724000781 169.15069593503358 291
1738724000783 169.1494913356993 292
1738724000785 169.14829059301968 293
1738724000787 169.14709369381777 294
1738724000789 169.14590062496598 295
1738724000791 169.14471137338626 296
1738724000793 169.14352592604936 297
1738724000795 169.14234426997498 298
1738724000797 169.14116639223155 299
1738724000799 169.13999227993588 300
1738724000801 169.13882192025315 301
1738724000803 169.13765530039652 302
1738724000805 169.13649240762703 303
1738724000807 169.13533322925352 304
1738724000808 169.1341777526322 305
1738724000810 169.13302596516667 306
1738724000812 169.13187785430756 307
1738724000814 169.13073340755255 308
1738724000816 169.1295926124459 309
1738724000818 169.12845545657845 310
1738724000820 169.1273219275875 311
1738724000822 169.12619201315638 312
1738724000824 169.1250657010145 313
1738724000826 169.12394297893692 314
1738724000827 169.1228238347445 315
1738724000829 169.1217082563034 316
1738724000831 169.12059623152498 317
1738724000833 169.11948774836586 318
1738724000835 169.11838279482726 319
1738724000837 169.1172813589553 320
1738724000839 169.11618342884046 321
1738724000841 169.11508899261776 322
1738724000843 169.11399803846615 323
1738724000845 169.11291055460867 324
1738724000846 169.11182652931217 325
1738724000848 169.1107459508871 326
1738724000850 169.10966880768729 327
1738724000852 169.10859508810998 328
1738724000854 169.10752478059536 329
1738724000856 169.10645787362668 330
1738724000858 169.1053943557298 331
1738724000860 169.10433421547324 332
1738724000862 169.10327744146795 333
1738724000864 169.10222402236712 334
1738724000865 169.10117394686586 335
1738724000867 169.10012720370133 336
1738724000869 169.0990837816524 337
1738724000871 169.0980436695394 338
1738724000873 169.0970068562242 339
1738724000875 169.09597333060978 340
1738724000877 169.09494308164022 341
1738724000879 169.0939160983005 342
1738724000881 169.0928923696163 343
1738724000883 169.09187188465395 344
1738724000884 169.09085463252012 345
1738724000886 169.08984060236168 346
1738724000888 169.08882978336567 347
1738724000890 169.08782216475902 348
1738724000892 169.0868177358084 349
