1738721995840 170.01620340574704 0
1738721995842 169.9521168331746 1
1738721995843 169.94717689674897 2
1738721995844 169.94110748859381 3
1738721995845 169.93508806425888 4
1738721995846 169.92909463002485 5
1738721995847 169.92312755755987 6
1738721995848 169.91718671990043 7
1738721995849 169.91127200089872 8
1738721995850 169.90538328471408 9
1738721995851 169.8995204560283 10
1738721995852 169.89368340003887 11
1738721995853 169.88787200245648 12
1738721995854 169.8820861495029 13
1738721995855 169.8763257279087 14
1738721995856 169.8705906249109 15
1738721995857 169.86488072825063 16
1738721995858 169.85919592617105 17
1738721995859 169.8535361074149 18
1738721995860 169.84790116122235 19
1738721995861 169.84229097732882 20
1738721995862 169.8367054459626 21
1738721995863 169.83114445784273 22
1738721995864 169.82560790417688 23
1738721995865 169.82009567665895 24
1738721995866 169.81460766746704 25
1738721995867 169.80914376926128 26
1738721995868 169.80370387518155 27
1738721995869 169.7982878788454 28
1738721995870 169.7928956743459 29
1738721995871 169.78752715624955 30
1738721995872 169.78218221959398 31
1738721995873 169.77686075988606 32
