1738724980622 161.5786433233643 0
1738724980626 168.47366338417643 1
1738724980629 171.86829493030567 2
1738724980633 174.17853107580396 3
1738724980636 162.36174870314053 4
1738724980640 165.16253695322195 5
1738724980644 171.99186730339946 6
1738724980648 173.0738795383444 7
1738724980651 178.12157446398356 8
1738724980655 167.39005101132148 9
1738724980659 163.73359285059763 10
1738724980662 166.44984582974925 11
1738724980666 168.45555568195357 12
1738724980670 158.01410528163896 13
1738724980694 174.2331746914772 14
1738724980704 165.76150563793846 15
1738724980714 164.77981535043563 16
1738724980717 174.6801129237906 17
1738724980721 162.59807858746277 18
1738724980724 178.4684141766451 19
1738724980728 171.54230398539644 20
1738724980731 168.2416432799973 21
1738724980734 159.05542180586755 22
1738724980738 158.19109106539204 23
1738724980741 171.70537412141596 24
1738724980745 168.85331724407288 25
1738724980748 177.23150538440586 26
1738724980751 165.86336709061243 27
1738724980755 172.1042658985515 28
1738724980758 170.62697959741138 29
1738724980762 161.26050502363688 30
1738724980765 168.35339997682914 31
1738724980768 174.96972349926318 32
1738724980772 169.66854527851908 33
1738724980775 179.26644395731745 34
1738724980778 168.7232102707537 35
1738724980782 167.6238820315146 36
1738724980785 173.79672371980567 37
1738724980789 179.4687722723558 38
1738724980792 167.85418847824954 39
1738724980795 163.19604381899006 40
1738724980799 164.80883319472952 41
1738724980802 168.05153043427566 42
1738724980806 172.91461324419208 43
1738724980809 177.78481076955515 44
1738724980812 180.7890508981143 45
1738724980816 168.7384493841441 46
1738724980819 173.4864607634592 47
1738724980823 176.2893350998516 48
1738724980826 178.68600031479227 49
1738724980829 162.4437079347872 50
1738724980833 171.08855370197375 51
1738724980836 172.4471350876475 52
1738724980840 176.614581192248 53
1738724980843 172.083602377862 54
1738724980846 174.4930347261692 55
1738724980850 175.6395016085564 56
1738724980853 175.42435254622313 57
1738724980856 174.1302724386942 58
1738724980860 171.62494681443113 59
1738724980863 184.36343666078707 60
1738724980866 166.28144438557635 61
