1738724985408 157.1292619547877 0
1738724985441 156.31203179032246 1
1738724985473 163.87976917552248 2
1738724985506 146.26126558575712 3
1738724985538 178.6460043742668 4
1738724985572 178.37300950088556 5
1738724985606 173.40203168689914 6
1738724985639 156.81836119289994 7
1738724985672 149.86911400849135 8
1738724985705 165.89215059642567 9
1738724985738 172.5989879100654 10
1738724985771 157.86518012115857 11
1738724985803 167.0255595258961 12
1738724985836 147.82212010186348 13
1738724985869 154.82897440487486 14
1738724985902 180.48571350954785 15
1738724985935 180.75494282600113 16
1738724985967 180.75467608429454 17
1738724986000 157.64655141907494 18
1738724986033 168.82097625691762 19
1738724986066 185.1264323400129 20
1738724986099 171.0886415604734 21
1738724986131 165.31689711929 22
1738724986164 150.87705446273176 23
1738724986196 173.26459901902166 24
1738724986228 195.92528779313693 25
1738724986261 155.23534985731237 26
1738724986293 160.67107398293624 27
1738724986325 170.73312611839785 28
