1738722397695 158.15482355925568 0
1738722397732 155.53905642672424 1
1738722397769 172.13955978013144 2
1738722397806 174.0999789005114 3
1738722397843 162.8436446434277 4
1738722397880 172.55580198735356 5
1738722397917 198.7503621292232 6
1738722397953 162.13755791646457 7
1738722397989 185.3824173750499 8
1738722398025 168.3135443538587 9
1738722398061 167.6633994710889 10
1738722398097 173.23633308363787 11
1738722398133 162.13731227450756 12
1738722398169 173.88318936052846 13
1738722398205 162.83966637586119 14
1738722398241 182.30506184126202 15
1738722398277 175.6658164590655 16
1738722398313 163.6744858327642 17
1738722398349 142.63538762645518 18
1738722398385 173.91023659381983 19
1738722398422 154.11119508223612 20
1738722398459 168.56068688857064 21
1738722398496 178.98371114766528 22
1738722398532 174.38639542049532 23
1738722398569 169.57633158356026 24
1738722398606 171.74454984685718 25
1738722398645 160.98022652274705 26
1738722398682 170.83724202868362 27
1738722398720 154.82423177866568 28
1738722398757 180.2964881828644 29
1738722398795 165.85062056613035 30
1738722398835 150.0773930270641 31
1738722398871 189.14128277352845 32
1738722398909 170.65956906518295 33
1738722398950 161.44871717428578 34
1738722398987 183.36238100803078 35
1738722399024 169.93550823757334 36
1738722399061 138.91667773810485 37
1738722399097 186.75577884231714 38
1738722399134 167.18967977145599 39
1738722399170 183.5807276657278 40
1738722399207 161.41402120023835 41
1738722399243 167.77117840359577 42
1738722399280 171.03663954243865 43
1738722399316 175.24393917355056 44
1738722399352 164.79837609831714 45
1738722399388 177.89214632145882 46
1738722399424 155.67495073173947 47
1738722399461 170.3497926604458 48
1738722399497 173.71694945530996 49
1738722399533 130.58238336850275 50
1738722399569 173.54500401881361 51
1738722399605 180.82584760829297 52
1738722399640 170.79948039460817 53
1738722399676 161.02450903618185 54
1738722399712 173.0762668142205 55
1738722399748 173.83201943927745 56
1738722399784 171.9689376135239 57
1738722399820 171.20398121653642 58
1738722399856 174.9683137347482 59
1738722399892 162.56632090109105 60
1738722399928 171.29836826072514 61
1738722399964 161.92268999104235 62
1738722400001 169.29844955594626 63
1738722400037 171.3273120672976 64
1738722400073 168.59653942292783 65
1738722400109 165.08351839467818 66
1738722400145 160.7833481515926 67
1738722400180 166.17407289774292 68
1738722400216 165.79448744909917 69
1738722400252 167.47582935367328 70
1738722400288 166.7641046643755 71
1738722400324 183.9302822071667 72
1738722400359 181.00562871338084 73
1738722400395 182.08498554046693 74
1738722400430 172.3494780950172 75
1738722400467 154.40019739830527 76
1738722400503 160.2199978280744 77
1738722400539 158.7706615390967 78
1738722400575 172.10998340626156 79
1738722400611 139.49860835088057 80
1738722400647 169.95827665360622 81
1738722400683 182.36241067455097 82
1738722400719 166.58122543452114 83
1738722400755 174.13528412218946 84
1738722400790 160.79420648686963 85
1738722400826 175.7413768462543 86
1738722400862 170.5607120100519 87
1738722400898 180.95265863383858 88
1738722400934 159.16724410000492 89
1738722400970 192.9699987518046 90
1738722401006 173.03593781333385 91
1738722401041 159.64096156634525 92
1738722401077 167.21495873557987 93
1738722401112 166.24776874174051 94
1738722401148 158.99963452265882 95
1738722401184 170.2501765764308 96
1738722401219 166.25354867988804 97
1738722401255 170.58444682245855 98
1738722401290 188.12351236321715 99
1738722401326 162.16717158269665 100
1738722401362 171.6876618054688 101
1738722401397 166.69040250596206 102
1738722401432 159.4430740823554 103
1738722401468 181.50799358317303 104
1738722401504 177.27177708358403 105
1738722401540 187.15350211401815 106
1738722401577 151.41261289437688 107
1738722401612 173.10529114165993 108
1738722401648 175.84561221397217 109
1738722401685 170.70107540678114 110
1738722401722 174.5999264217659 111
1738722401758 179.63009536149193 112
1738722401794 170.66730335801006 113
1738722401831 175.57415646555057 114
1738722401868 175.0622619520762 115
1738722401905 174.12247183826273 116
1738722401942 160.59255477862365 117
1738722401979 173.57531410730948 118
1738722402015 170.18731097887323 119
1738722402052 172.1498623638204 120
1738722402088 155.4900375801893 121
1738722402125 165.206539886231 122
1738722402161 169.7937405986744 123
1738722402197 172.06234014232444 124
1738722402233 161.594778892333 125
1738722402270 150.95198953765393 126
1738722402307 171.56735025087613 127
1738722402363 163.39401752665896 128
1738722402400 147.7130261513912 129
1738722402436 160.91831150329517 130
1738722402472 156.2908310428798 131
1738722402508 152.02175145930428 132
1738722402544 193.51984169635696 133
1738722402580 170.67425776758958 134
1738722402615 174.96923243545947 135
1738722402652 173.41297247096585 136
1738722402687 165.1333837827761 137
