1738722535823 171.77503510233498 0
1738722535861 190.79433453108123 1
1738722535898 171.15404897677962 2
1738722535935 168.74401303868618 3
1738722535972 151.91940069839242 4
1738722536009 147.74249938903023 5
1738722536046 174.7372236632062 6
1738722536083 162.37531278077222 7
1738722536121 191.1228096763481 8
1738722536158 178.97683406073648 9
1738722536195 168.7548259571771 10
1738722536232 164.54483597870353 11
1738722536269 162.9318832216886 12
1738722536306 139.5036155214109 13
1738722536342 190.40275164834537 14
1738722536379 188.72279016286595 15
1738722536415 174.70765846091874 16
1738722536451 201.97024474218082 17
1738722536488 169.26540135961463 18
1738722536524 163.41695450736233 19
1738722536560 159.29709925801686 20
1738722536597 179.26655443114535 21
1738722536634 178.96091128561469 22
1738722536671 156.5931736796803 23
