1738722691977 170.17176639902732 0
1738722692009 154.93083322400216 1
1738722692041 344.75766142333936 2
1738722692072 162.1238326011769 3
1738722692104 174.74628666647325 4
1738722692136 139.82025602318268 5
1738722692169 163.94023042796823 6
1738722692201 132.19501266507663 7
1738722692233 160.166754481338 8
1738722692265 180.31455294000637 9
1738722692297 226.86641181501736 10
1738722692329 174.06694864634352 11
1738722692361 249.00306130236646 12
1738722692393 210.69378499297733 13
1738722692425 141.7949048471902 14
1738722692456 121.60261848724086 15
1738722692488 192.47468358734048 16
1738722692520 96.02781604241648 17
1738722692551 101.64857448735371 18
1738722692583 181.1254229965463 19
1738722692614 127.17053719899509 20
1738722692646 134.58276610292944 21
1738722692677 186.99955445704504 22
1738722692708 128.66830423043555 23
1738722692740 194.1935854145381 24
1738722692772 115.48103123596269 25
1738722692808 158.3405421845069 26
1738722692842 181.10204331770203 27
1738722692880 160.11515847561486 28
1738722692913 120.9979557057297 29
1738722692947 166.56493330808442 30
1738722692980 161.165948250293 31
1738722693014 137.14962064234638 32
1738722693047 102.19800329467935 33
1738722693080 146.61641608235556 34
1738722693113 198.33297652528626 35
1738722693146 163.75333943502648 36
1738722693179 152.23749048335952 37
1738722693212 199.8760542168589 38
1738722693244 247.2817028572956 39
1738722693277 131.87579007912984 40
1738722693310 167.4827397220038 41
1738722693343 177.06761385166305 42
1738722693375 18.036734981538338 43
1738722693407 133.28610416874818 44
1738722693439 188.39889182693605 45
1738722693470 151.89145469433976 46
1738722693502 174.17650679658027 47
1738722693534 235.5020171399717 48
1738722693565 179.2866434456394 49
1738722693597 260.3022800315176 50
1738722693629 159.11473281151953 51
1738722693660 210.37666941663073 52
1738722693692 130.8221589839731 53
1738722693724 187.31162706457016 54
1738722693755 218.86322994681316 55
1738722693787 209.10540353382206 56
1738722693818 193.42895411283234 57
1738722693850 142.15150160787658 58
1738722693882 133.14866703323716 59
1738722693914 169.14000407856616 60
1738722693946 153.96534408728093 61
1738722693977 142.36321870676662 62
1738722694009 321.8909031251422 63
1738722694040 121.2277098776399 64
1738722694072 150.69858656829484 65
1738722694103 147.56586632404208 66
1738722694134 127.67826282721191 67
1738722694166 112.90878904918134 68
1738722694197 167.96393818892258 69
1738722694229 122.23626127588864 70
1738722694260 138.606955289877 71
1738722694291 187.94236207830323 72
1738722694323 192.63708658263562 73
1738722694354 215.58414396296632 74
1738722694385 176.8347376884196 75
1738722694416 142.42822396729363 76
1738722694448 165.50357196151685 77
1738722694479 179.14172025192156 78
1738722694510 96.97509757992293 79
1738722694541 193.44871304878797 80
1738722694573 222.85968493345982 81
1738722694604 230.20557431018102 82
1738722694635 109.22702182405837 83
1738722694667 202.2172768845948 84
1738722694698 190.822083389689 85
1738722694729 181.278451474419 86
1738722694760 178.420338504417 87
1738722694791 67.33504950206785 88
1738722694822 183.07056228980107 89
1738722694853 145.04534723826995 90
1738722694884 183.67346366354403 91
1738722694916 138.86952147726728 92
1738722694947 201.95438272010355 93
1738722694978 158.47354244097482 94
1738722695009 126.43447613630747 95
1738722695040 129.74530027184764 96
1738722695071 257.82726994596993 97
1738722695102 185.2694523561263 98
1738722695133 295.4560443406158 99
1738722695164 177.34211023524927 100
1738722695195 188.8069673114465 101
1738722695226 159.05561968573676 102
1738722695257 152.95112910175897 103
1738722695289 184.03354853158822 104
1738722695320 136.67739688325406 105
1738722695351 210.84229825493813 106
1738722695382 150.85902130414055 107
1738722695413 54.40144169188676 108
1738722695444 124.63817602808997 109
1738722695475 264.0412878907498 110
1738722695506 196.7294039677521 111
1738722695537 162.7804400784816 112
1738722695568 154.94265529755324 113
1738722695599 147.07842797118568 114
1738722695630 151.46388806626717 115
1738722695661 264.19359038792896 116
1738722695692 119.0280395892556 117
1738722695723 77.36813506796307 118
1738722695754 152.78659373771916 119
1738722695785 136.4113923405551 120
1738722695816 189.57332032307394 121
1738722695847 219.6309519029492 122
1738722695878 177.94798613656016 123
1738722695909 139.0908349393021 124
1738722695940 369.1164006428726 125
1738722695971 134.80804713969712 126
1738722696003 115.37222864820723 127
1738722696035 145.91274784587745 128
1738722696068 186.78101056289006 129
1738722696100 98.10143299365039 130
1738722696133 183.39053258122422 131
1738722696165 144.1709338553237 132
1738722696198 127.9186644427095 133
1738722696230 55.29784815863398 134
1738722696262 60.3362037505465 135
1738722696296 101.15476718488013 136
1738722696328 270.2978096757901 137
1738722696360 175.5662197805653 138
1738722696392 143.32063869577337 139
1738722696424 220.13971839307334 140
1738722696455 82.40610781675745 141
1738722696487 122.10401114941342 142
1738722696519 177.6989165096097 143
1738722696551 177.61798331255557 144
1738722696583 108.88270797625366 145
1738722696614 115.719837190003 146
1738722696646 264.49385879551454 147
1738722696677 228.81828065175068 148
1738722696709 153.0980142778988 149
1738722696740 172.06969162373775 150
1738722696772 166.22426184298243 151
1738722696804 208.37885668482667 152
1738722696835 139.3110772108305 153
1738722696866 164.30263137141682 154
1738722696898 171.4141770236806 155
1738722696929 109.18449496916831 156
1738722696960 199.53506797374587 157
1738722696991 124.09791129341424 158
1738722697022 183.45232101882837 159
1738722697054 190.9516428357865 160
1738722697085 361.23738892497056 161
1738722697116 152.98925730018138 162
1738722697147 137.0730864533395 163
1738722697178 171.8514103657609 164
1738722697209 189.73407828395602 165
1738722697241 183.07648352185333 166
1738722697272 186.96200468934853 167
1738722697303 195.95148247256247 168
1738722697334 162.51967941024213 169
1738722697366 186.9534634108968 170
1738722697398 219.9484872133999 171
1738722697430 76.18399117518075 172
1738722697462 205.62217719082622 173
1738722697494 218.09115606743597 174
1738722697528 259.01517553479573 175
1738722697563 159.61900375418472 176
1738722697597 161.91623013881278 177
1738722697631 169.16741636381843 178
1738722697664 182.31418081084368 179
1738722697697 146.8219053871162 180
1738722697729 145.35734025504522 181
1738722697762 244.03080601903926 182
1738722697795 152.90124228899361 183
1738722697828 173.87751335088274 184
1738722697861 245.2126101881437 185
1738722697893 140.00351482168472 186
1738722697925 136.45935702487554 187
1738722697957 268.3487473134369 188
1738722697990 229.0057044815476 189
1738722698021 160.27375683743693 190
1738722698053 262.3999925551482 191
1738722698085 144.8211289878907 192
1738722698117 112.23303072992672 193
1738722698148 210.9256725323456 194
1738722698180 154.4271445044351 195
1738722698211 162.47087768915335 196
1738722698244 251.67697380716993 197
1738722698277 211.73897311724596 198
1738722698310 163.6530936232323 199
1738722698344 123.03016445723784 200
1738722698378 182.4761089274423 201
1738722698411 259.1847398030291 202
1738722698444 187.23615086682395 203
1738722698477 196.90262702936948 204
1738722698510 397.5897963942131 205
1738722698543 126.00328518556599 206
1738722698575 355.3314826281308 207
1738722698608 150.15376183323696 208
1738722698641 239.39888146659231 209
1738722698674 289.3923052789558 210
1738722698706 145.5818293250927 211
1738722698739 215.6935296454228 212
1738722698771 166.94720416848702 213
1738722698803 170.6275673216919 214
1738722698835 174.13412676276232 215
1738722698867 140.6910405834767 216
1738722698899 210.01798978468224 217
1738722698931 142.44523019063212 218
1738722698963 193.40060415426228 219
1738722698995 151.78913228787908 220
1738722699026 164.03596303317607 221
1738722699058 79.3319768599565 222
1738722699090 155.1673309868432 223
1738722699122 193.28581110319618 224
1738722699153 131.27474487041977 225
1738722699185 187.8703087736349 226
1738722699217 131.76861895247285 227
1738722699249 129.0372459003823 228
1738722699280 228.77060781315686 229
1738722699312 173.96448390804284 230
1738722699344 167.45999875525152 231
1738722699375 113.24191829377155 232
1738722699407 215.6351981945058 233
1738722699439 231.27687872472646 234
1738722699470 56.628678015170365 235
1738722699502 178.70066465038155 236
1738722699533 151.50094877708784 237
1738722699565 108.51999818016374 238
1738722699596 101.95154510565729 239
1738722699628 168.75486380483946 240
1738722699659 170.85300957812893 241
1738722699691 184.12503575132382 242
1738722699722 181.61374652604638 243
1738722699754 142.54196060545146 244
1738722699785 224.0271756259354 245
1738722699816 133.56339206780146 246
1738722699847 155.32791799701567 247
1738722699879 199.8013562818175 248
1738722699910 174.69261013551082 249
1738722699941 111.1396981612423 250
1738722699972 181.76255158972637 251
1738722700004 178.4667960543011 252
1738722700038 142.5254178196636 253
1738722700069 108.58523299675961 254
1738722700100 99.1495533382752 255
1738722700131 167.87103873558078 256
1738722700163 216.11395247656662 257
1738722700194 125.9222623209125 258
1738722700225 313.1982199642345 259
1738722700256 177.52065471003797 260
1738722700287 176.24506816141002 261
1738722700318 226.98855176224114 262
1738722700350 158.65514468080866 263
1738722700381 60.6943741055483 264
1738722700412 191.44848442088545 265
1738722700443 164.7504538215639 266
1738722700474 144.84354178549194 267
1738722700506 165.48110917287437 268
1738722700537 140.7519124265859 269
1738722700568 187.24974230018023 270
1738722700599 175.57764269799057 271
1738722700630 151.9266267964777 272
1738722700662 149.27846868295435 273
1738722700693 226.71176901196222 274
1738722700724 236.16388690357434 275
1738722700755 183.02961450926347 276
1738722700786 241.84442514942575 277
1738722700817 127.93869169112368 278
1738722700848 213.78852764368935 279
1738722700880 175.93470680558775 280
1738722700911 145.52527826398338 281
1738722700943 152.80769421692486 282
1738722700974 205.9904266266231 283
1738722701006 222.64550466065808 284
1738722701039 65.7967913234624 285
1738722701071 157.22819128633623 286
1738722701103 125.96600050872136 287
1738722701135 276.9695401629397 288
1738722701167 190.96763659969548 289
1738722701200 103.54904706821945 290
1738722701232 189.84225282621756 291
1738722701264 119.57780383340103 292
1738722701295 107.98662094833631 293
1738722701327 251.57979589902618 294
1738722701359 241.23777962140582 295
1738722701391 213.24889874965666 296
1738722701422 157.00847850412177 297
1738722701454 183.85987631485077 298
1738722701485 155.70556306867581 299
1738722701516 179.81814628520593 300
1738722701548 171.75360419821897 301
1738722701579 207.43939052435633 302
1738722701611 195.56799188215652 303
1738722701642 93.83236530466564 304
1738722701673 219.9018192706376 305
1738722701705 149.92920236631613 306
1738722701736 176.16425960483426 307
1738722701768 187.49818300123079 308
1738722701800 202.71434153549657 309
1738722701831 147.23319229160816 310
1738722701863 221.23320599555424 311
1738722701894 137.0277140462799 312
1738722701926 202.8398696551864 313
1738722701958 155.139227795583 314
1738722701989 171.77442564362428 315
1738722702020 99.13780412914443 316
1738722702051 90.28537244821779 317
1738722702083 138.24814313506084 318
1738722702114 165.2515906408166 319
1738722702146 122.70249001175739 320
1738722702177 197.6142427931934 321
1738722702209 361.6997276123208 322
1738722702240 246.91121295379585 323
1738722702272 217.80436156574535 324
1738722702303 157.31574915176273 325
1738722702335 173.2477927257348 326
1738722702367 139.2253565692224 327
1738722702399 113.99608464318857 328
1738722702430 144.98571254113105 329
1738722702462 134.41361937963705 330
1738722702493 79.93409897497342 331
1738722702525 218.98384108713074 332
1738722702557 186.23122648730453 333
1738722702588 141.1022934073748 334
1738722702619 149.96745634113546 335
1738722702651 90.5471801052282 336
1738722702683 214.39709094963726 337
1738722702714 199.27937336054967 338
1738722702746 273.9072128560185 339
1738722702780 177.43993828337102 340
1738722702811 110.16454397336177 341
1738722702842 123.31232976031096 342
1738722702874 106.51213313275895 343
1738722702905 142.7255003989078 344
1738722702937 142.60187736928216 345
1738722702968 205.76353969067165 346
1738722702999 119.96472334998803 347
1738722703030 53.43246816197355 348
1738722703062 205.52641965534232 349
1738722703093 199.25534816314172 350
1738722703124 125.818055383147 351
1738722703156 178.0047633409525 352
1738722703189 137.8104023408237 353
1738722703221 72.08283137568424 354
1738722703253 179.11278123015487 355
1738722703285 75.6707901412755 356
1738722703317 193.43159791632573 357
1738722703350 187.30483263221174 358
1738722703382 213.30579638141947 359
1738722703413 223.83287412070908 360
1738722703445 136.6914369108637 361
1738722703476 175.37480647414384 362
1738722703508 150.9857724718157 363
1738722703539 116.67273561353248 364
1738722703572 173.41457166697776 365
1738722703624 122.80595023995515 366
1738722703659 150.93658745058835 367
1738722703691 97.78515119023778 368
1738722703723 71.71391455579236 369
1738722703754 230.17505203471399 370
1738722703786 113.71151945897796 371
1738722703817 185.83565814208464 372
1738722703849 154.8907786101904 373
1738722703880 218.2475573075073 374
1738722703912 85.39207904911527 375
1738722703943 158.56117936726557 376
1738722703975 169.11772491266024 377
1738722704006 211.38337093145904 378
1738722704038 132.09399032104957 379
1738722704069 171.46853897231867 380
1738722704101 235.05620094485178 381
1738722704133 194.55533836056836 382
1738722704164 200.85043176228712 383
1738722704195 177.1758569086455 384
1738722704226 168.97603888703446 385
1738722704258 149.46088925212706 386
1738722704289 209.0879206226074 387
1738722704320 158.8645891286489 388
1738722704352 60.50804802585311 389
1738722704383 83.7843873326693 390
1738722704414 110.6444753906893 391
1738722704445 246.43028342583108 392
1738722704477 159.0071206561704 393
1738722704508 103.81255434370175 394
1738722704539 175.5620579262245 395
1738722704584 61.33396457342237 396
1738722704625 181.4362831663395 397
1738722704670 250.63694866811062 398
1738722704712 195.1579876250005 399
1738722704756 146.80097941379586 400
1738722704790 233.36991604887254 401
1738722704823 151.73744259163027 402
1738722704856 221.27156932830863 403
1738722704888 141.98850727536302 404
1738722704920 165.35460705777456 405
1738722704952 358.3084170012322 406
1738722704985 121.26696082987105 407
1738722705018 114.47320011283016 408
1738722705051 189.88783046887016 409
1738722705083 223.15717406415328 410
1738722705116 181.2973840239324 411
1738722705148 182.94435390995073 412
1738722705180 216.95311601809692 413
1738722705211 272.78760164479354 414
1738722705243 88.82186182520049 415
1738722705275 169.57490287753978 416
1738722705307 111.73136104220337 417
1738722705339 198.7041374192141 418
1738722705371 139.98761183695777 419
1738722705403 217.1732429078859 420
1738722705434 133.42346194335565 421
1738722705465 184.60494842060567 422
1738722705497 175.13470943371365 423
1738722705534 150.40823720606244 424
1738722705583 115.03560031411804 425
1738722705617 89.71741033639488 426
1738722705651 68.17336272182632 427
1738722705684 144.0893903651665 428
1738722705718 218.48079283165163 429
1738722705751 218.86086028531147 430
1738722705784 204.65266104063872 431
1738722705817 212.0102394224702 432
1738722705849 271.7048750835883 433
1738722705881 129.42265682843475 434
1738722705914 141.35812967199362 435
1738722705946 89.8801572926683 436
1738722705977 256.1793733082225 437
1738722706009 144.01917556055184 438
1738722706041 217.49703858890285 439
1738722706073 150.09765334578276 440
1738722706105 166.07831672456106 441
1738722706136 158.42311688720505 442
1738722706168 147.17994264689725 443
1738722706200 13.696077294827512 444
1738722706231 26.846282954468073 445
1738722706263 124.5838544443029 446
1738722706296 267.56973388783604 447
1738722706329 199.5806870431767 448
1738722706362 225.24912233424004 449
1738722706395 23.73648956678869 450
1738722706429 199.7950117349841 451
1738722706462 108.93309390982805 452
1738722706495 174.18251312238172 453
1738722706529 125.07457483868203 454
1738722706562 107.66050305489367 455
1738722706596 248.56804400172592 456
1738722706630 117.03566960639924 457
1738722706664 150.42671937603424 458
1738722706699 187.8117580641006 459
1738722706733 209.3917236407981 460
1738722706766 249.1870401932882 461
1738722706801 204.7553839726881 462
1738722706835 141.57998489441357 463
1738722706871 149.06220047077392 464
1738722706906 227.4884648889948 465
1738722706940 173.67660235992219 466
1738722706974 113.86663891458619 467
1738722707007 152.75025556434463 468
1738722707040 251.18303389967585 469
1738722707072 182.2097294307986 470
1738722707106 180.9354671436639 471
1738722707168 119.36020059821887 472
1738722707200 140.93105872078758 473
1738722707232 145.81938833621302 474
1738722707265 125.52943201644115 475
1738722707297 205.71061850056824 476
1738722707330 150.21415845985013 477
1738722707361 170.66683643368282 478
1738722707393 241.6305342140227 479
1738722707425 124.80623615213509 480
1738722707457 117.40907257706338 481
1738722707490 123.98654633119094 482
1738722707523 166.41424608253752 483
1738722707555 149.3309780542373 484
1738722707586 168.88915655617492 485
1738722707618 158.15327873736388 486
1738722707650 191.06076109842468 487
1738722707681 218.2815312065229 488
1738722707713 193.18640932455935 489
1738722707745 104.4824362539105 490
1738722707778 202.16467490471098 491
1738722707811 139.38222132429397 492
1738722707844 180.38193522740414 493
1738722707878 246.29892917949803 494
1738722707912 167.18056876474228 495
1738722707947 104.66909412551105 496
1738722707981 178.82923190694407 497
1738722708015 156.07004218990932 498
1738722708048 134.64988619179596 499
