1738724782099 171.63824338363804 0
1738724782131 167.77591069634784 1
1738724782163 175.52906587105403 2
1738724782195 172.58943457462252 3
1738724782226 155.00756597955635 4
1738724782258 175.7002401809141 5
1738724782291 180.68319418041943 6
1738724782331 172.84294501201404 7
1738724782366 172.58139013111992 8
1738724782402 172.6695766528725 9
1738724782435 170.33897497697808 10
1738724782468 171.37491661968087 11
1738724782501 167.71718091239427 12
1738724782534 171.56829378832083 13
1738724782567 156.23875442738537 14
1738724782600 167.08022122863753 15
1738724782633 170.87265767361959 16
1738724782666 162.70474646154787 17
1738724782698 148.87864553430182 18
1738724782731 177.12712698700543 19
1738724782763 172.51833549348214 20
1738724782796 180.92916652224486 21
1738724782828 154.1500478003458 22
1738724782861 170.79019840003073 23
1738724782893 174.9685447312658 24
1738724782925 161.93289692121994 25
1738724782958 173.28615135098957 26
1738724782990 169.54735536237504 27
1738724783023 173.28637960266002 28
1738724783056 169.31502787838733 29
1738724783088 165.5802026341728 30
1738724783121 162.5909777615168 31
1738724783153 161.7962748558476 32
1738724783185 159.50507723424994 33
1738724783217 156.3178017056188 34
1738724783249 167.7649679837274 35
1738724783281 155.54385810894934 36
1738724783313 186.80476469506365 37
1738724783345 180.49748808152745 38
1738724783378 158.26975997770887 39
1738724783410 154.9122340248063 40
1738724783442 169.8423475740725 41
1738724783474 156.5871868718423 42
1738724783506 173.47342459973092 43
1738724783538 177.338900074118 44
1738724783570 159.22458546253733 45
1738724783602 163.9688299333267 46
1738724783634 177.1642643626533 47
1738724783666 174.11431721689723 48
1738724783701 175.0853231972591 49
1738724783734 174.61147537140764 50
1738724783766 161.96272332109692 51
1738724783798 167.755012532868 52
1738724783831 160.19682150383522 53
1738724783863 160.57658243261767 54
1738724783895 185.54495564772574 55
1738724783927 147.40583481190708 56
1738724783959 168.44154900071615 57
1738724783992 157.84830929456555 58
1738724784024 169.31752886252303 59
1738724784056 182.35123754335746 60
1738724784088 170.966865053898 61
1738724784120 167.451416606142 62
1738724784152 176.80106945909864 63
1738724784184 162.24226844099078 64
1738724784216 183.09253960889586 65
1738724784248 173.04404573857343 66
1738724784280 178.38171952510822 67
1738724784312 171.12777536349742 68
1738724784344 173.5895214742907 69
1738724784376 154.05007436995064 70
1738724784408 183.4387611346769 71
1738724784440 175.6023492363127 72
1738724784472 165.253950984753 73
1738724784504 181.77269790947855 74
