1738726559079 109.81328606243258 0
1738726559114 199.77405125071354 1
1738726559149 196.96720781360955 2
1738726559184 93.54752026174215 3
1738726559219 194.1576584592491 4
1738726559259 141.12801881062092 5
1738726559294 270.98211229514817 6
1738726559330 211.6549001543159 7
1738726559365 38.732484921780525 8
1738726559401 69.45298584728508 9
1738726559436 107.7018942392766 10
1738726559471 229.3679303171166 11
1738726559506 147.11074858449186 12
1738726559541 104.99991251750566 13
1738726559576 92.87883208497098 14
1738726559611 244.0308307977666 15
1738726559646 778.9834133678689 16
1738726559680 98.27244836918271 17
1738726559715 137.99090102734584 18
1738726559750 162.9341462620745 19
1738726559784 91.65222741037965 20
1738726559819 141.19604289885677 21
1738726559854 125.60518905897189 22
1738726559888 193.6422706769461 23
1738726559923 118.3057477967625 24
1738726559957 146.4762273625857 25
1738726559992 148.39160338054117 26
1738726560027 195.2893783315466 27
1738726560061 202.01065981745504 28
1738726560096 183.76749208084843 29
1738726560131 121.23751251071901 30
1738726560165 237.02679627339066 31
1738726560199 197.54651039702358 32
1738726560234 182.88816641725106 33
1738726560268 131.41498442904708 34
1738726560303 207.63832087617016 35
1738726560337 193.0727614221971 36
1738726560371 175.35683463938014 37
1738726560406 225.17154013769607 38
1738726560441 264.6675775172506 39
1738726560475 185.62235713304364 40
1738726560509 176.59429567273781 41
1738726560544 145.84158899775477 42
1738726560578 189.0904686865485 43
1738726560612 122.6085608943316 44
1738726560647 149.2991121735581 45
1738726560681 164.1913145808633 46
1738726560715 212.17160714548513 47
1738726560749 113.11693914236696 48
1738726560784 151.53514940561416 49
1738726560818 217.22552668999282 50
1738726560852 188.00812819505495 51
1738726560887 182.0848173890547 52
1738726560921 165.46145848808916 53
1738726560955 143.4225096470139 54
1738726560989 201.2069647265024 55
1738726561024 196.0323959335193 56
1738726561058 114.12061520524409 57
1738726561092 107.25268455008238 58
1738726561126 226.1578678435026 59
1738726561160 187.38519932296794 60
1738726561194 183.01546520097037 61
1738726561228 233.83277663440347 62
1738726561262 242.6532162773103 63
1738726561297 146.62762588035537 64
1738726561331 142.01921792894706 65
1738726561365 147.23968014520173 66
1738726561399 139.56700075664213 67
1738726561433 218.63433113644749 68
1738726561467 316.4319175090831 69
1738726561501 103.82556387394342 70
1738726561535 169.11711201494523 71
1738726561569 267.6022511295463 72
1738726561603 170.27332617445506 73
1738726561637 99.52215773968628 74
1738726561671 174.6338270876771 75
1738726561705 119.10615208926119 76
1738726561739 174.598011332698 77
1738726561773 133.3024485433191 78
1738726561807 172.5815491131001 79
1738726561840 124.21832705899394 80
1738726561874 161.12491932584138 81
1738726561908 316.7668415550445 82
1738726561942 116.0209719331074 83
1738726561976 199.13049953227804 84
1738726562009 247.56567004620487 85
1738726562043 109.35019431792509 86
1738726562077 621.3004056618875 87
1738726562111 191.76656586262752 88
1738726562147 208.74147758405925 89
1738726562182 109.66200209741385 90
1738726562216 78.29579595987657 91
1738726562251 220.78301580199005 92
1738726562285 401.7344923075494 93
1738726562320 125.45640225322015 94
1738726562354 193.19616284759593 95
1738726562389 188.9332957342941 96
1738726562423 100.99234788998497 97
1738726562457 207.38340902839545 98
1738726562492 220.58010505694304 99
1738726562526 218.56859781781276 100
1738726562560 149.23713117687507 101
1738726562594 66.4414211831757 102
1738726562629 192.49478813706347 103
1738726562663 188.57661265101882 104
1738726562697 199.36840616930343 105
1738726562732 174.35909199979025 106
1738726562766 267.95432883121293 107
1738726562801 194.90350253326076 108
1738726562835 172.90803372675214 109
1738726562869 111.63662648408224 110
1738726562903 227.18883666525392 111
1738726562937 212.3249610380778 112
1738726562972 201.42261478601844 113
1738726563006 155.47828691531723 114
1738726563040 193.34724966843362 115
1738726563075 234.77626942259963 116
1738726563109 167.80479889720036 117
1738726563143 113.14337690221171 118
1738726563177 137.9793966344582 119
1738726563211 186.749842188207 120
1738726563245 190.94667821035378 121
1738726563279 181.55480335815375 122
1738726563314 137.94360247042133 123
1738726563348 85.72845496852692 124
1738726563382 213.0011999292337 125
1738726563416 155.27046228245993 126
1738726563453 190.84568703835114 127
1738726563487 161.65861735620763 128
1738726563521 111.50032953605154 129
1738726563555 289.6285714989875 130
1738726563589 142.76072321250186 131
1738726563623 173.98286175114404 132
1738726563657 192.91755111275322 133
1738726563691 190.19152388607216 134
1738726563725 75.55102124293064 135
1738726563759 136.18793638908775 136
1738726563793 152.0741132945031 137
1738726563827 175.06201896616037 138
1738726563861 217.4338656485728 139
1738726563895 205.25088606471505 140
1738726563929 146.62845624497572 141
1738726563962 134.72402555446186 142
1738726563996 212.64367997161276 143
1738726564030 255.03559861229388 144
1738726564064 143.06238707753826 145
1738726564098 151.52666051106067 146
1738726564132 164.2598783264363 147
1738726564167 127.61305042861932 148
1738726564202 131.66240326037826 149
1738726564236 165.56992110556857 150
1738726564269 162.00385476622228 151
1738726564303 215.00248335225578 152
1738726564337 125.4105746568921 153
1738726564371 170.56243378084542 154
1738726564404 168.43762275297735 155
1738726564438 146.0269731642646 156
1738726564472 103.65910583897575 157
1738726564506 99.65398928364974 158
1738726564540 166.0420871109966 159
1738726564573 225.22234278226549 160
1738726564607 147.71868283480433 161
1738726564640 139.48902431981432 162
1738726564674 203.81011542568166 163
1738726564708 159.08518484251306 164
1738726564741 188.4733719719103 165
1738726564775 154.8281510241888 166
1738726564811 159.03409702830248 167
1738726564846 217.9107047480267 168
1738726564880 254.97295702413857 169
1738726564914 204.07557249033061 170
1738726564948 133.9499723719083 171
1738726564982 137.16330453730947 172
1738726565017 171.96215934246416 173
1738726565051 147.63515459400872 174
1738726565085 168.4895044978498 175
1738726565119 127.02071994909235 176
1738726565153 324.5741087230261 177
1738726565187 252.23716845368088 178
1738726565222 146.12722737238525 179
1738726565257 191.61831681249282 180
1738726565292 152.0850259533872 181
1738726565327 148.32001078825664 182
1738726565361 130.95385313091614 183
1738726565396 226.63797199084934 184
1738726565431 198.8683241530781 185
1738726565466 227.54513743412897 186
1738726565500 265.7229220249687 187
1738726565535 149.74485593818255 188
1738726565569 191.04375964845417 189
1738726565604 225.9038791489812 190
1738726565638 104.33773393070396 191
1738726565672 124.97595188999111 192
1738726565707 201.04542528625672 193
1738726565741 187.36116622759377 194
1738726565776 156.8136959540092 195
1738726565810 208.38591194833398 196
1738726565844 174.27146562269374 197
1738726565879 249.91689693359194 198
1738726565913 197.83784679507227 199
1738726565947 160.9970920189345 200
1738726565981 151.6407045609359 201
1738726566015 114.53899734324187 202
1738726566049 116.52703352353029 203
1738726566083 143.33465036986829 204
1738726566117 119.4065579454712 205
1738726566151 565.6604160373171 206
1738726566185 189.9823494631959 207
1738726566219 166.75369351123166 208
1738726566254 64.45991855453491 209
1738726566288 103.37176190233103 210
1738726566322 176.00831082697096 211
1738726566356 192.76763038034284 212
1738726566390 201.1649328255394 213
1738726566424 168.47806433954486 214
1738726566458 199.68732324493666 215
1738726566492 163.4012009758036 216
1738726566525 169.7814789598584 217
1738726566559 207.6045655509958 218
1738726566593 112.80754877716774 219
1738726566627 145.57011930486797 220
1738726566661 63.1403758195666 221
1738726566695 182.04316304924595 222
1738726566728 76.57406590073694 223
1738726566762 81.89783161919603 224
1738726566796 193.041594705386 225
1738726566830 225.7446306981387 226
1738726566864 161.97743474132199 227
1738726566898 146.59680964003712 228
1738726566932 224.95706286185816 229
1738726566966 271.42539373040745 230
1738726567000 179.00255639076957 231
1738726567034 127.78389216821758 232
1738726567068 285.45264190477087 233
1738726567102 196.18518082991008 234
1738726567136 145.15211645857067 235
1738726567169 127.74613587251862 236
1738726567203 220.8270120251135 237
1738726567237 137.11462681461103 238
1738726567271 153.94384258082775 239
1738726567305 141.85629516029474 240
1738726567339 161.7707978899161 241
1738726567372 139.37343025478106 242
1738726567407 221.2231054332925 243
1738726567441 142.93308929319048 244
1738726567475 386.3171282055204 245
1738726567509 172.97625419462528 246
1738726567543 157.1354564402219 247
1738726567577 132.68735602483633 248
1738726567611 194.74795577823406 249
1738726567645 135.36202101607248 250
1738726567679 148.90183883031352 251
1738726567713 229.26328481282357 252
1738726567747 212.35555321569805 253
1738726567781 160.96103846836854 254
1738726567815 147.89147088468616 255
1738726567849 156.93126974792943 256
1738726567882 132.00475799357065 257
1738726567916 141.63377775046678 258
1738726567950 148.1489461841561 259
1738726567984 161.7796015206074 260
1738726568018 205.20974603772117 261
1738726568052 198.95197936979574 262
1738726568086 88.11842081102736 263
1738726568120 175.78531652196708 264
1738726568154 96.9738086373634 265
1738726568188 267.6540954155495 266
1738726568221 123.67391374053253 267
1738726568255 189.42923868746854 268
1738726568290 191.8806279154676 269
1738726568324 107.50600181874836 270
1738726568358 166.76187137686594 271
1738726568392 312.1656693598736 272
1738726568428 185.07434672476973 273
1738726568464 107.52171149749287 274
1738726568498 204.3994213902703 275
1738726568533 78.49659616851974 276
1738726568567 178.4418206146347 277
1738726568601 216.09851683239353 278
1738726568635 176.7584790074703 279
1738726568669 6.377862353888921e-05 280
1738726568703 226.51917262499123 281
1738726568737 156.9809784988849 282
1738726568771 177.04557883452188 283
1738726568805 140.53816239622327 284
1738726568838 160.83417312642166 285
1738726568872 170.42461992943015 286
1738726568906 110.00543807179139 287
1738726568940 83.813881249207 288
1738726568974 259.411991645478 289
1738726569007 255.3623377468611 290
1738726569041 202.043879924214 291
1738726569075 213.20501252320508 292
1738726569109 151.857737560111 293
1738726569142 164.70511363080038 294
1738726569176 260.6260214399642 295
1738726569210 181.06311663179582 296
1738726569244 187.0487251401888 297
1738726569277 120.63821667251963 298
1738726569311 199.4923293461282 299
1738726569345 305.1970203835695 300
1738726569379 214.71089718639152 301
1738726569412 149.63720698980083 302
1738726569446 199.72472918364733 303
1738726569480 201.04250127235565 304
1738726569513 195.51081988560549 305
1738726569547 218.1159432527572 306
1738726569581 197.9488066942717 307
1738726569614 244.21211421584314 308
1738726569648 208.79541527790678 309
1738726569681 206.45382060045995 310
1738726569715 196.38789652398094 311
1738726569749 161.24778917747778 312
1738726569783 150.5356620510842 313
1738726569816 253.6910626612416 314
1738726569850 271.64920466643525 315
1738726569883 162.7300357053113 316
1738726569917 138.14025206693998 317
1738726569951 361.3211240985173 318
1738726569984 221.73292135779056 319
1738726570018 170.48159419940268 320
1738726570051 144.7179620576951 321
1738726570085 253.1612550496574 322
1738726570118 149.26061140155883 323
1738726570152 148.26017129876092 324
1738726570186 154.91256255532502 325
1738726570219 168.56198202003674 326
1738726570253 212.8483976323708 327
1738726570286 149.13231153268035 328
1738726570320 159.48697765487498 329
1738726570354 138.42381814374914 330
1738726570388 205.97652796952815 331
1738726570421 257.2696485910844 332
1738726570454 282.8939493860767 333
1738726570488 135.37718057319728 334
1738726570522 152.54641134187366 335
1738726570555 157.00491316122762 336
1738726570589 136.19145042274377 337
1738726570622 144.6706396619772 338
1738726570656 196.0766770859706 339
1738726570690 164.1618434485487 340
1738726570723 147.99603476446148 341
1738726570757 142.47858262962745 342
1738726570793 139.92173047336254 343
1738726570827 175.25111418187447 344
1738726570862 223.2179782720551 345
1738726570896 244.65434055193623 346
1738726570930 107.837224389851 347
1738726570965 183.6288820513196 348
1738726570999 254.7540340394724 349
1738726571033 161.1687196438674 350
1738726571068 258.80167977283634 351
1738726571102 121.64247835347686 352
1738726571136 194.73069591076586 353
1738726571170 114.44397300667225 354
1738726571204 241.29472641496255 355
1738726571238 109.71891502289768 356
1738726571272 111.36519529426361 357
1738726571306 168.58775997995102 358
1738726571340 164.09004176923946 359
1738726571374 107.48271485636351 360
1738726571408 166.58895113050892 361
1738726571442 184.0983850883144 362
1738726571476 181.16309283171557 363
1738726571510 172.69968588218268 364
1738726571544 323.93017951011825 365
1738726571578 134.3422701126026 366
1738726571612 175.74265678655985 367
1738726571646 183.66169810586663 368
1738726571680 164.4240471557939 369
1738726571713 67.3733209081158 370
1738726571747 119.60662968985321 371
1738726571781 167.53337555982185 372
1738726571815 126.29563155124843 373
1738726571849 172.5145013736027 374
1738726571882 194.61573788331523 375
1738726571916 272.64210010699526 376
1738726571950 150.34935184312332 377
1738726571984 219.76278629801155 378
1738726572018 202.2429560260177 379
1738726572052 218.42386215178473 380
1738726572085 162.04177650976916 381
1738726572119 166.86571638623192 382
1738726572153 212.9890809557179 383
1738726572187 134.0576224131669 384
1738726572220 153.8568193841773 385
1738726572254 159.50948481950712 386
1738726572288 234.52988607928333 387
1738726572322 46.84381943746186 388
1738726572359 97.12713545023739 389
1738726572395 172.4672389383183 390
1738726572431 212.14253934634726 391
1738726572466 174.71470482300214 392
1738726572500 202.3841661674555 393
1738726572535 232.95467452753573 394
1738726572569 527.7172430319056 395
1738726572603 244.01004872677368 396
1738726572638 145.25859073645302 397
1738726572672 216.13370412119679 398
1738726572707 258.6144361122759 399
1738726572741 162.19182746419034 400
1738726572775 200.60396756290135 401
1738726572810 200.46891217380028 402
1738726572844 175.54005515847558 403
1738726572878 181.36500179687334 404
1738726572912 89.04905566062918 405
1738726572947 123.67478790672209 406
1738726572981 170.39267189119283 407
1738726573015 138.5162075080344 408
1738726573049 157.27840182451942 409
1738726573084 167.4010556848388 410
1738726573118 103.43852005511832 411
1738726573152 113.58013240863734 412
1738726573186 132.09649468381878 413
1738726573220 251.12120871895027 414
1738726573254 187.05811549285025 415
1738726573289 76.40359076446288 416
1738726573324 159.46561405289762 417
1738726573359 440.2059651733744 418
1738726573394 164.73953264263426 419
1738726573428 135.37893107975563 420
1738726573463 141.5139194567676 421
1738726573497 158.04186971639044 422
1738726573532 188.0500771712152 423
1738726573566 146.36495639048073 424
1738726573601 141.67864069967138 425
1738726573635 123.23674434455461 426
1738726573670 162.38195994857884 427
1738726573704 174.78283789215723 428
1738726573738 65.35789012821941 429
1738726573772 233.8627255003163 430
1738726573806 224.76414806162722 431
1738726573840 362.7616863076918 432
1738726573875 77.7280158818495 433
1738726573909 74.63077174846606 434
1738726573943 241.0281761505865 435
1738726573977 268.92855618139725 436
1738726574011 182.8326617807575 437
1738726574045 60.23136287037664 438
1738726574079 252.9204905991183 439
1738726574113 92.27644192046652 440
1738726574147 184.19609943827462 441
1738726574181 140.2286288841589 442
1738726574215 188.3217973819067 443
1738726574249 177.42927068235642 444
1738726574283 193.98648858719315 445
1738726574318 143.32087113023218 446
1738726574352 152.11911009935864 447
1738726574387 126.71962354391785 448
1738726574423 84.07528752315744 449
1738726574458 150.2631397470324 450
1738726574494 198.24302333609478 451
1738726574529 260.55447179091954 452
1738726574564 156.59040367006972 453
1738726574599 311.95744571660407 454
1738726574634 122.38945327228194 455
1738726574669 239.0654029622298 456
1738726574704 242.61448315183813 457
1738726574738 169.5777575697279 458
1738726574773 192.465391130549 459
1738726574808 447.22561752332183 460
1738726574843 146.19759215274266 461
1738726574877 155.29279189231391 462
1738726574911 155.55968183358942 463
1738726574946 172.08664649772456 464
1738726574980 87.53129756951748 465
1738726575014 117.18949286102468 466
1738726575049 180.1346110759385 467
1738726575083 85.05537513215658 468
1738726575117 147.71419207449824 469
1738726575151 214.08911494296763 470
1738726575185 118.17490104734829 471
1738726575219 158.54896141418465 472
1738726575254 206.94573653395173 473
1738726575289 243.51356375016564 474
1738726575323 117.34362052868222 475
1738726575357 151.24937645910396 476
1738726575392 138.82743390828077 477
1738726575426 95.35811802810377 478
1738726575460 193.9418721282397 479
1738726575494 106.58618238007664 480
1738726575529 145.78225855978673 481
1738726575563 249.1911854474016 482
1738726575597 166.41510069298425 483
1738726575631 170.78858517819464 484
1738726575665 158.03353473850083 485
1738726575699 87.55152544264494 486
1738726575734 184.00836444266685 487
1738726575768 138.0632442465245 488
1738726575802 205.16326618253444 489
1738726575836 177.54267998675172 490
1738726575870 38.225467764619644 491
1738726575904 108.50621694461356 492
1738726575938 287.77625128870574 493
1738726575972 155.1808122963745 494
1738726576006 162.68493923668322 495
1738726576040 179.57922940878154 496
1738726576074 199.75597719820496 497
1738726576108 229.88526625316706 498
1738726576142 260.70543350842854 499
