1738724124181 140.4844600978794 0
1738724124218 147.83311984389422 1
1738724124255 193.4797369077363 2
1738724124291 172.6652277707632 3
1738724124329 169.2213649713512 4
1738724124366 161.83589896554258 5
1738724124403 186.0164134287898 6
1738724124440 187.6390964361954 7
1738724124477 169.86643147027146 8
1738724124514 189.9346924373626 9
1738724124551 174.97388628854355 10
1738724124588 180.93648241368905 11
1738724124625 177.27974576527896 12
1738724124661 173.59953952186024 13
1738724124698 186.8385642724999 14
1738724124735 171.45996493642872 15
1738724124771 177.7399201394488 16
1738724124808 156.5284727936714 17
1738724124844 186.8326897336679 18
1738724124881 165.78364041253747 19
1738724124918 165.36425972902248 20
1738724124954 166.02116741127017 21
