1738722505567 193.2401187118296 0
1738722505601 175.36713816478405 1
1738722505634 222.23186637359865 2
1738722505667 174.08582085255676 3
1738722505700 175.67423574831727 4
1738722505733 166.1788707999025 5
1738722505767 218.94930798244917 6
1738722505800 175.9783714203982 7
1738722505834 176.28542491781954 8
1738722505867 162.51866589904444 9
1738722505900 180.9100264629939 10
1738722505932 185.60101378615926 11
1738722505965 184.14879368189693 12
1738722505998 182.43425296366956 13
1738722506031 175.46455033477508 14
1738722506063 184.76129500337532 15
1738722506096 154.2749555467071 16
1738722506129 167.78430830021892 17
1738722506162 165.15120179991064 18
1738722506195 158.5157074875034 19
1738722506227 178.3042421349644 20
1738722506261 161.040677543063 21
1738722506294 139.11343902798103 22
1738722506326 163.5422662826163 23
1738722506359 115.58302726454079 24
1738722506392 181.00694615013555 25
1738722506424 157.08346181976154 26
1738722506457 185.62517732902535 27
1738722506489 162.03284744715745 28
1738722506522 177.80112898665757 29
1738722506554 166.5050575478052 30
1738722506588 167.9123003282582 31
1738722506621 216.8155759145963 32
1738722506654 137.67126872565188 33
1738722506687 120.79006041177774 34
1738722506721 176.96400620085433 35
1738722506756 167.39492314447907 36
1738722506812 186.83167205182482 37
1738722506846 162.08154969321177 38
1738722506878 142.62497155946093 39
1738722506911 176.83421113786878 40
1738722506944 176.26013284294018 41
1738722506977 171.12207733453718 42
1738722507011 182.5117139782247 43
1738722507044 179.74706865093106 44
1738722507077 168.4165977275552 45
1738722507111 165.8138210668765 46
1738722507145 183.85703773002345 47
1738722507179 162.83693826164162 48
1738722507213 170.7005472631602 49
1738722507246 192.90511628480365 50
1738722507280 177.96363651985405 51
1738722507314 184.9600903957384 52
1738722507347 168.0325014740851 53
1738722507381 182.74504854888247 54
1738722507414 175.6745925648122 55
1738722507448 181.65427629336696 56
1738722507482 171.09477351412713 57
1738722507514 157.91831113261074 58
1738722507547 187.60021208887895 59
1738722507579 155.54211472140608 60
1738722507612 191.31400062376915 61
1738722507644 168.69328683582273 62
1738722507676 172.5833721688672 63
1738722507709 158.72731280857715 64
1738722507741 168.1667716909974 65
1738722507773 179.4332414221713 66
1738722507806 180.4629483792529 67
1738722507838 182.16082968346402 68
1738722507870 174.51700529744426 69
1738722507902 152.99864974849783 70
1738722507934 173.50077348588215 71
1738722507966 187.27787300276574 72
1738722507998 165.2350716908969 73
1738722508030 169.70017644520624 74
1738722508062 169.32616971132083 75
1738722508094 174.3728259717293 76
1738722508127 170.15641956880066 77
1738722508159 180.24074692456966 78
1738722508191 160.81937159478372 79
1738722508223 166.89149455388835 80
1738722508255 164.38073804434796 81
1738722508287 179.84183875268164 82
1738722508321 176.80495996037078 83
1738722508355 173.04034763247572 84
1738722508387 173.01529416137933 85
1738722508420 150.62518500060523 86
1738722508452 190.03885397501597 87
1738722508484 193.4988045083845 88
1738722508516 151.50717724945568 89
1738722508548 156.36589593276042 90
1738722508580 162.4836644441435 91
1738722508613 161.49698452281837 92
1738722508646 169.63550814774155 93
1738722508680 146.83345827275562 94
1738722508713 160.9353271796328 95
1738722508747 177.63727085389786 96
1738722508780 176.13924316806802 97
1738722508813 163.14021758043546 98
1738722508846 172.0968802691318 99
1738722508879 169.79388262181115 100
1738722508912 169.21598709344602 101
1738722508944 157.0778022615382 102
1738722508977 174.67767303957348 103
1738722509010 175.82595073390473 104
1738722509042 172.54167695840837 105
1738722509075 181.79994204296912 106
1738722509108 133.2506981163652 107
1738722509141 159.68772003622135 108
1738722509173 184.55311664838177 109
1738722509206 194.65366686809023 110
1738722509239 153.0222819039386 111
1738722509272 178.777880248409 112
1738722509305 156.8014458099836 113
1738722509339 185.6110206066651 114
1738722509373 161.37111629637806 115
1738722509406 175.38294425201158 116
1738722509440 168.94152053521339 117
1738722509473 159.2899984982703 118
1738722509507 158.62136532887834 119
1738722509541 142.7065458185941 120
1738722509574 156.2953087244091 121
1738722509607 164.1859937875098 122
1738722509639 174.87468396529601 123
1738722509672 174.92812038562644 124
1738722509705 168.3114836831687 125
1738722509737 182.9557754573066 126
1738722509770 172.55881305943154 127
1738722509803 175.82804359190612 128
1738722509835 163.38458809914778 129
1738722509867 178.8043773587036 130
1738722509900 169.95150199467673 131
1738722509933 167.03015031194667 132
1738722509965 175.2017237554753 133
1738722509997 144.133082000912 134
1738722510030 184.00089157658934 135
1738722510062 161.97583277962667 136
1738722510095 172.41162703846024 137
1738722510127 170.98289058186668 138
1738722510160 184.64101783267526 139
1738722510192 162.01878753920695 140
1738722510224 213.0585975548453 141
1738722510257 166.64037929048058 142
1738722510289 158.0020942787927 143
1738722510323 172.18170705548988 144
1738722510357 162.63674345148604 145
1738722510390 199.12239083055792 146
1738722510424 174.25336764106217 147
1738722510457 148.83261542028242 148
1738722510490 145.83291233817485 149
1738722510523 162.08603318006732 150
1738722510557 193.7347472599915 151
1738722510590 177.6903617458035 152
1738722510623 153.36917116978273 153
1738722510657 154.32684774072985 154
1738722510690 161.76391114793904 155
1738722510723 151.5884472620687 156
1738722510756 181.43576217619358 157
1738722510790 132.14598708789703 158
1738722510823 188.7458208627949 159
1738722510856 174.0235287540376 160
1738722510889 207.56537371783165 161
1738722510922 156.0166659679704 162
1738722510955 163.0185453165156 163
1738722510988 178.44666415754472 164
1738722511021 153.23151885628155 165
1738722511054 168.68208752948064 166
1738722511087 174.6927072741686 167
1738722511120 179.3948302060989 168
1738722511153 171.42942703031986 169
1738722511209 128.60573801217717 170
1738722511243 173.28094473577792 171
1738722511276 182.13901637206612 172
1738722511309 163.64359059249497 173
1738722511343 202.2732000851004 174
1738722511376 171.85605907119228 175
1738722511409 171.29935590697136 176
1738722511443 192.0865678184878 177
1738722511477 179.25389574212386 178
1738722511510 175.56396618562175 179
1738722511544 146.69003110473255 180
1738722511577 155.11910947207974 181
1738722511610 174.27139365183055 182
1738722511643 168.93062548685268 183
1738722511676 184.50586535380987 184
1738722511709 190.63428431407814 185
1738722511742 196.3176625204189 186
1738722511774 203.4264099228899 187
1738722511807 177.1527756324371 188
1738722511840 160.96287861209214 189
1738722511872 191.3609058852209 190
1738722511905 166.7159911438938 191
1738722511937 199.2811327397994 192
1738722511970 187.6451143401558 193
1738722512003 161.39686507926945 194
1738722512035 171.56664776730784 195
1738722512068 192.5769104967049 196
1738722512100 164.90958110805 197
1738722512133 154.93030617414072 198
1738722512166 217.3936999544621 199
1738722512198 159.69100263982563 200
1738722512231 144.2475685035867 201
1738722512264 166.88072566463188 202
1738722512296 152.5946760559879 203
1738722512329 158.93950117381672 204
1738722512362 164.06098920032434 205
1738722512394 158.81567153828794 206
1738722512427 131.35561719040155 207
1738722512460 241.2454917205421 208
1738722512492 154.23024489895434 209
1738722512525 168.3669144248511 210
1738722512558 165.58743056889003 211
1738722512591 174.25475794546054 212
1738722512624 169.77188846690052 213
1738722512657 170.7002288059099 214
1738722512690 157.45721889730348 215
1738722512723 148.3455943349141 216
1738722512755 153.07939007885994 217
1738722512788 169.7851011100719 218
1738722512820 167.3634897877431 219
1738722512853 172.33637090262278 220
1738722512886 164.766669325005 221
1738722512918 177.18985675962657 222
1738722512951 127.95902174460882 223
1738722512984 154.88732406095588 224
1738722513016 176.3411576986258 225
1738722513049 184.02979188863006 226
1738722513082 149.00103360722918 227
1738722513115 166.7729110532165 228
1738722513147 185.74048059465096 229
1738722513180 159.00498289637906 230
1738722513213 211.23899351636987 231
1738722513246 176.0505843571111 232
1738722513279 170.05146803851568 233
1738722513312 218.31791825373168 234
1738722513345 172.02938627750754 235
1738722513379 170.34221996352167 236
1738722513412 166.88280909990573 237
1738722513445 169.80009099446173 238
1738722513479 148.84515362837132 239
1738722513512 177.09150836470386 240
1738722513545 132.39607092814728 241
1738722513579 158.32174887884128 242
1738722513613 145.3859347655994 243
1738722513650 174.659202472137 244
1738722513686 150.26151660486352 245
1738722513724 164.10452662507942 246
1738722513760 183.73758870414648 247
1738722513794 163.3922551588707 248
1738722513828 195.51262109097036 249
1738722513861 158.89430027225416 250
1738722513895 159.60924250807386 251
1738722513929 174.9251910419472 252
1738722513963 198.1187587676603 253
1738722513996 152.25204485043412 254
1738722514029 181.69677180715738 255
1738722514063 164.6480786027689 256
1738722514096 184.92990044120646 257
1738722514130 160.19583255334015 258
1738722514164 200.24013746813426 259
1738722514197 167.42731488338745 260
1738722514231 159.4915318972186 261
1738722514264 170.7224657018796 262
1738722514297 187.5196501604578 263
1738722514331 158.70181874905126 264
1738722514364 135.9243200928863 265
1738722514398 123.48303009295134 266
1738722514431 160.72036453137304 267
1738722514464 172.19544032976535 268
1738722514497 171.4108041921864 269
1738722514530 173.5370804218248 270
1738722514563 184.85916565625212 271
1738722514598 165.89548775829581 272
1738722514631 143.4587561849551 273
1738722514665 158.4369610039937 274
1738722514698 142.55562493896895 275
1738722514732 177.8634028076961 276
1738722514765 192.62857991036518 277
1738722514798 170.58344904222488 278
1738722514832 153.88463064690492 279
1738722514866 151.07687220796154 280
1738722514899 179.39516614986664 281
1738722514932 186.09610856080718 282
1738722514965 179.13593011808558 283
1738722514999 187.51924706404557 284
1738722515032 165.21151571184308 285
1738722515066 178.13168101171414 286
1738722515099 157.389906327688 287
1738722515134 191.5538691077933 288
1738722515168 148.925035682358 289
1738722515200 153.20191602720908 290
1738722515233 153.05346475419293 291
1738722515266 139.28452119080796 292
1738722515298 154.75374210333118 293
1738722515331 168.41379793710854 294
1738722515365 171.59973087421398 295
1738722515399 175.81961695974724 296
1738722515433 176.8269033585445 297
1738722515467 128.69860745081883 298
1738722515502 157.49777639661625 299
1738722515537 113.52423882124837 300
1738722515572 161.7806269236569 301
1738722515608 169.20556972561772 302
1738722515643 169.56033776262242 303
1738722515678 141.8914914527896 304
1738722515713 157.53592205238613 305
1738722515748 168.10999271340395 306
1738722515783 173.19411709167974 307
1738722515817 180.16976599020518 308
1738722515851 168.9281706501427 309
1738722515885 148.65523820838405 310
1738722515920 134.3541886782512 311
1738722515953 167.1451392526727 312
1738722515987 159.7579919140043 313
1738722516021 203.3198511646857 314
1738722516054 216.94931057699296 315
1738722516090 173.89063956064518 316
1738722516144 150.17651615389352 317
1738722516197 176.90710334265975 318
1738722516234 151.6392088711675 319
1738722516270 173.3055414062918 320
1738722516307 145.38478997909834 321
1738722516342 202.73581232088557 322
1738722516379 157.10082437793193 323
1738722516414 166.32377947505296 324
1738722516449 134.28012678665434 325
1738722516484 189.3010427169141 326
1738722516518 163.51458839511972 327
1738722516552 179.9598767491271 328
1738722516587 163.1013753636576 329
1738722516622 164.12758954738874 330
1738722516656 170.57458312984565 331
1738722516691 175.04176017490676 332
1738722516726 190.0359042182701 333
1738722516763 162.78761246186312 334
1738722516820 170.3677459970094 335
1738722516854 160.52522917806067 336
1738722516887 171.21335378633762 337
1738722516920 162.44021090728188 338
1738722516954 163.82311011672198 339
1738722516989 179.70080361426847 340
1738722517023 177.7469346266426 341
1738722517058 178.15736780752678 342
1738722517092 158.5123162301074 343
1738722517125 153.99651535582976 344
1738722517160 199.16510322794355 345
1738722517193 143.092428359125 346
1738722517227 181.69299875473908 347
1738722517262 205.90099828064726 348
1738722517296 181.17328203343294 349
1738722517330 176.04748250200433 350
1738722517365 156.73659405320777 351
1738722517399 158.54983498500417 352
1738722517434 187.68521706766532 353
1738722517469 193.15971628678074 354
1738722517504 151.7899472396398 355
1738722517539 178.0894291382576 356
1738722517575 177.46603685349376 357
1738722517610 168.91571358682248 358
1738722517646 172.9640893174647 359
1738722517682 173.2407772126006 360
1738722517716 225.36122360402206 361
1738722517749 173.73902461254136 362
1738722517782 192.64141027089485 363
1738722517815 182.22374652417255 364
1738722517848 179.26409320217985 365
1738722517881 153.31095453042664 366
1738722517914 188.70582358304347 367
1738722517946 152.77267650594354 368
1738722517979 181.27010250431584 369
1738722518011 127.48925755198987 370
1738722518044 159.04304273589534 371
1738722518077 129.9774756618032 372
1738722518110 137.3993134129115 373
1738722518143 166.31891452983498 374
1738722518177 169.36052595654243 375
1738722518210 152.17580157207152 376
1738722518243 167.32333556939395 377
1738722518276 156.60214120852973 378
1738722518311 176.97253880165744 379
1738722518346 154.2862088683411 380
1738722518380 161.3298215103365 381
1738722518415 191.22143594905012 382
