1738724583487 180.7045618708324 0
1738724583520 158.30680274290236 1
1738724583552 156.66159042924966 2
1738724583584 132.22624802315838 3
1738724583616 186.8067678326873 4
1738724583649 166.73912750693802 5
1738724583681 169.50468096640554 6
1738724583713 191.8450327388161 7
1738724583744 174.0647708198986 8
1738724583775 295.3850692299234 9
1738724583807 174.45529883810434 10
1738724583838 148.4209343464953 11
1738724583870 173.84828125714697 12
1738724583901 237.08668730129088 13
1738724583932 167.74327428609354 14
1738724583964 201.61719397859332 15
1738724583995 165.15198646341537 16
1738724584026 180.79876400441543 17
1738724584058 180.05634281515538 18
1738724584089 157.63500018214404 19
1738724584120 168.61817229298333 20
1738724584151 184.12776170262367 21
1738724584183 184.51679897654222 22
1738724584214 187.60522606701005 23
1738724584245 176.71385535027082 24
1738724584276 146.1843175987406 25
1738724584307 156.8752897130902 26
1738724584339 176.49550324206368 27
1738724584372 170.8477690947895 28
1738724584404 231.29013669746521 29
1738724584436 162.59591055072792 30
1738724584468 112.88737186510531 31
1738724584500 155.87991503357057 32
1738724584531 167.84006475723098 33
1738724584563 187.11588563046584 34
1738724584594 168.69978876192584 35
1738724584626 179.3556478549264 36
1738724584657 182.8110682429028 37
1738724584689 194.0558887332473 38
1738724584720 179.2650478187916 39
1738724584752 160.8898078811243 40
1738724584783 177.43902195462974 41
1738724584815 162.8309345653149 42
1738724584846 173.74896596020022 43
1738724584878 163.57586741235406 44
1738724584909 167.78908419714077 45
1738724584940 144.20053150262163 46
1738724584972 186.52982252247358 47
1738724585003 210.80415212460883 48
1738724585034 169.1331647156001 49
1738724585066 186.69317685715131 50
1738724585097 148.10299262532382 51
1738724585129 166.5224471641153 52
1738724585160 180.02900315610054 53
1738724585191 132.35060091603 54
1738724585223 175.19159293529447 55
1738724585254 151.15624287870938 56
1738724585285 163.57136721783235 57
1738724585317 172.2593655650268 58
1738724585349 141.8224597352285 59
1738724585380 182.70810175679716 60
1738724585411 214.8886367684925 61
1738724585442 178.40569406922387 62
1738724585474 177.31367860962476 63
1738724585505 181.17527512066027 64
1738724585536 179.8628666789624 65
1738724585568 164.59664313508796 66
1738724585599 181.00725797324006 67
1738724585630 176.49309243634409 68
1738724585661 197.18804358520967 69
1738724585693 161.4306482886596 70
1738724585724 181.21161895169135 71
1738724585755 178.19245604717796 72
1738724585787 186.99469370957337 73
1738724585818 165.2433025433531 74
1738724585849 161.35977527026765 75
1738724585880 151.2039948347673 76
1738724585912 157.78087465090323 77
1738724585943 189.16547013894362 78
1738724585974 158.04241896604876 79
1738724586005 164.21386792740105 80
1738724586036 184.63339388418623 81
1738724586068 156.9417800790277 82
1738724586099 182.8460225903354 83
1738724586130 156.06827857314173 84
1738724586161 201.67767264641938 85
1738724586192 212.23533452990765 86
1738724586223 178.16295378644708 87
1738724586254 156.16586712662408 88
1738724586286 204.66062107588476 89
1738724586317 177.2148798507756 90
1738724586348 166.41480295299414 91
1738724586379 216.1250651177988 92
1738724586410 194.98102050591106 93
1738724586441 145.75729011418545 94
1738724586473 165.3972616968446 95
1738724586504 145.47334663521264 96
1738724586535 178.34767606940014 97
1738724586566 170.16637459420858 98
